code,volume_turnover_ratio
600689.XSHG,-0.0004470013644911812
300831.XSHE,0.001181136640461441
688359.XSHG,-0.00047891598555517545
605378.XSHG,-0.0004349689112147617
600865.XSHG,-0.0001483229217640916
300958.XSHE,-0.00040006709650390436
601666.XSHG,0.007997001060330154
002843.XSHE,0.00027968925269585
600476.XSHG,-0.00020470000069772024
688216.XSHG,-0.0004225925743118838
300259.XSHE,-6.381313037997084e-05
000831.XSHE,0.002319778888793009
600008.XSHG,0.008441940950835964
688087.XSHG,-0.00018057133905392467
300534.XSHE,-8.772806557682026e-05
600720.XSHG,0.00015509613770676507
000707.XSHE,0.0007163166609556754
300741.XSHE,0.004892911738366978
000603.XSHE,0.0008782668454907227
600691.XSHG,0.001573114055898273
300305.XSHE,-8.033264344193148e-05
000688.XSHE,0.001939841175244118
688557.XSHG,-0.0007379924084790718
002441.XSHE,0.00016207479001039305
300184.XSHE,0.0005766071687155244
600064.XSHG,0.00025773795532744905
002841.XSHE,0.002757178338043156
600462.XSHG,0.00017712709697270592
300370.XSHE,-0.00036705321903178663
600310.XSHG,0.00032663825964174373
600551.XSHG,0.0006103142766811019
300711.XSHE,0.0005843028257592251
002890.XSHE,-0.0005526143457735481
601858.XSHG,0.006761078770114162
002695.XSHE,0.000524770597136056
603327.XSHG,0.0003917438135167784
603600.XSHG,0.00021539567556800145
003028.XSHE,-0.0004257993812140362
300181.XSHE,9.010199098345392e-06
002467.XSHE,0.00038075718832874454
600083.XSHG,0.001209679331799334
600737.XSHG,0.0014752536799541196
300742.XSHE,-0.00045141155614241996
603305.XSHG,0.004030991665474717
000488.XSHE,0.0015226931900350624
000632.XSHE,-0.0003999078159018346
600339.XSHG,0.013123709756211382
600118.XSHG,0.0005853934700022151
002968.XSHE,-0.0003355036913753609
688667.XSHG,-0.0005071368532324565
603185.XSHG,0.0006734677154421416
603899.XSHG,0.004354992545146007
600331.XSHG,0.0018026447497647632
300297.XSHE,0.0004533486544288487
000420.XSHE,0.002754900354089183
002159.XSHE,-3.457523328973303e-05
002724.XSHE,0.0014833663291426752
300007.XSHE,5.503252583797472e-05
300429.XSHE,-3.7477130191048216e-06
600523.XSHG,0.0013411257665071493
601633.XSHG,0.01641648400592023
603711.XSHG,0.003281691355775749
688092.XSHG,-0.0008058092593345566
002333.XSHE,0.0003731918998590956
002940.XSHE,-0.0003632170838546318
300384.XSHE,-0.00017203396541763243
301002.XSHE,-0.0003921810525118536
603021.XSHG,0.00017948454767371122
605069.XSHG,-0.0003954911357801529
000159.XSHE,0.0006993065952170449
300135.XSHE,-0.0003265514238070293
600051.XSHG,-0.00028706762619817026
605588.XSHG,-0.0006360334116930517
688269.XSHG,-0.00023611644718397832
300507.XSHE,-0.00031074442200091187
000301.XSHE,0.007938927692029356
002540.XSHE,0.0005059869524403535
601727.XSHG,0.11074537564254372
688091.XSHG,-0.0004883879859415333
688777.XSHG,0.00041166023853335046
000012.XSHE,0.0004855079463721804
300968.XSHE,0.00023866647385362323
688681.XSHG,-0.0007464417511216343
603636.XSHG,0.0005679039695781411
002237.XSHE,0.0007348041010821601
002122.XSHE,0.0006655237912318458
000993.XSHE,0.001740750553131365
300809.XSHE,-0.00010927715796131234
688028.XSHG,-0.00040282962111246463
300978.XSHE,-0.00018561432514156164
002635.XSHE,0.00021928250027059405
688312.XSHG,-0.00011318307326086405
300770.XSHE,0.00033340646769071245
002665.XSHE,0.0012809860182863165
601698.XSHG,0.004142445478420257
002542.XSHE,0.00012644079030710677
603329.XSHG,0.0003516579166204587
600151.XSHG,0.0026670466870578145
300644.XSHE,-0.00037179059915337534
300567.XSHE,0.00020721472343143026
002514.XSHE,-0.00028260608578401414
600641.XSHG,0.00019521824798625267
300877.XSHE,-0.0002949058987595241
300525.XSHE,6.544629568938751e-05
300752.XSHE,-0.00048310436965064927
300205.XSHE,0.00012630971138219383
300572.XSHE,-0.00022379528206243867
688682.XSHG,-0.000634626897833381
600354.XSHG,0.0009890058730079754
688636.XSHG,-0.0004217305870033741
603387.XSHG,0.0006905111107153353
000609.XSHE,-0.0005618129990796904
002024.XSHE,0.0008579604662756011
601966.XSHG,0.012552910812977469
002616.XSHE,0.00032975532939582826
002826.XSHE,0.00031136712060013177
002992.XSHE,-0.00031386094796954076
300414.XSHE,-2.4983388124158153e-06
300535.XSHE,-0.0004883451498633407
601518.XSHG,0.010994678325707408
000888.XSHE,5.257849475572799e-05
300134.XSHE,0.0010801007558327138
600444.XSHG,-0.0002556807832342818
002252.XSHE,0.0020447001910155137
000716.XSHE,0.0008712997646085529
600111.XSHG,0.00215684101932713
002790.XSHE,1.1482256666086005e-05
002384.XSHE,0.001808248090191896
605369.XSHG,-0.0002331876266983751
603982.XSHG,6.987345294826692e-05
002607.XSHE,0.0021118444341488587
600082.XSHG,8.5931545354472e-05
688456.XSHG,-0.0005457301885398712
600393.XSHG,0.00033029196250894963
688586.XSHG,0.0012933900140606105
000818.XSHE,0.003001740579151753
300715.XSHE,0.00023821336565972595
600823.XSHG,0.00029508712173151026
601900.XSHG,0.007252448841848511
002715.XSHE,-4.967112627709896e-05
300243.XSHE,-0.00032274383540946086
603986.XSHG,0.001319663391622332
601618.XSHG,0.13201156797971503
300221.XSHE,0.0003473894483013273
600200.XSHG,-2.4959802768302424e-05
300474.XSHE,0.0007178103372772878
002366.XSHE,0.001887955464919336
300647.XSHE,0.0005289960268667252
601611.XSHG,0.02512632589338796
603788.XSHG,0.00045225588769745736
603003.XSHG,0.0031388037126199343
002747.XSHE,0.0009411177845154434
600190.XSHG,0.0059428140716520405
603032.XSHG,0.0006640820540223508
601918.XSHG,0.016556428647951763
300324.XSHE,-9.819629175042476e-05
603803.XSHG,0.0030982944599001086
600259.XSHG,0.002583540583097996
603013.XSHG,0.0040622803120606305
603069.XSHG,0.0024416825933851164
600225.XSHG,0.003479785875904041
601279.XSHG,0.0010585253490996275
688513.XSHG,-5.014318923194218e-05
600613.XSHG,-0.0006553289768903899
688315.XSHG,4.721378464226831e-05
002957.XSHE,0.0010265447490240178
603912.XSHG,0.0006934986915684427
600917.XSHG,0.013963093892438045
002694.XSHE,0.00037215130409957444
300979.XSHE,0.0009868392278538929
301050.XSHE,-4.8541281939359156e-05
600975.XSHG,0.00015613021099841946
002782.XSHE,0.0011451109988038827
688168.XSHG,-0.000581504760418529
300883.XSHE,0.0015706434748885554
300488.XSHE,-0.00010942915175030641
601838.XSHG,0.031070107932348132
300985.XSHE,-0.0004074508805182083
002154.XSHE,0.00032679021287773983
300545.XSHE,-0.0003501568153214182
300806.XSHE,0.00023225978139720114
605090.XSHG,0.00047505962760442736
605300.XSHG,-0.0001740908677258308
600219.XSHG,0.01666196627851821
000812.XSHE,0.00023795628624979535
000608.XSHE,-0.0002504425544019765
002047.XSHE,0.003373760959060219
300935.XSHE,-0.00064537130997259
600178.XSHG,0.0014073036212534792
688078.XSHG,-0.0003535437828797185
002316.XSHE,-0.00012962365599651377
603053.XSHG,0.004926082893290623
688768.XSHG,-0.0004735229567054102
603579.XSHG,-0.00010000524277227224
300909.XSHE,-0.00045091869479892084
000552.XSHE,0.0027175481921286088
600777.XSHG,0.0017446502493627576
603089.XSHG,8.383206033165606e-05
688180.XSHG,0.0042901152827146734
603879.XSHG,0.0005378909586388357
600616.XSHG,-0.0006676713825547224
688188.XSHG,0.00023362891893386492
301035.XSHE,0.0002713396835293229
300103.XSHE,-0.00032216375967752383
300513.XSHE,0.00010485092911240894
600856.XSHG,0.0014070382538365076
002323.XSHE,-5.266812480221464e-05
000759.XSHE,0.00014378855507635538
300439.XSHE,0.00018574006963166057
002193.XSHE,0.00022181157711148353
002186.XSHE,0.00046755374496967894
002699.XSHE,0.00038157680903961157
000985.XSHE,-0.00022703220114767214
002250.XSHE,0.0012543047029662637
300428.XSHE,7.126042342320293e-05
600085.XSHG,0.0011512079783544762
300077.XSHE,0.0007604340683655531
000155.XSHE,0.008065932686819289
002073.XSHE,0.00037412420618943736
603042.XSHG,0.0003968985664129592
000810.XSHE,0.0013821154245417008
300109.XSHE,0.00010744405222690026
000666.XSHE,0.0009161440322718251
002344.XSHE,0.002248392447274452
300908.XSHE,-0.0004122379264528102
300933.XSHE,0.0002973287394767278
002897.XSHE,0.00035851436721725627
600143.XSHG,0.0012461697435554471
601566.XSHG,0.0029778557783196134
300464.XSHE,0.0003890472577285975
688033.XSHG,0.002573507668683586
600864.XSHG,0.0015947391838195377
300710.XSHE,-0.00030547241625701014
002278.XSHE,0.0006286451353573645
000526.XSHE,-0.00043396474260207587
002168.XSHE,-0.0002930527199752664
603106.XSHG,0.0019049897993484864
300569.XSHE,0.00010731147279625876
603565.XSHG,0.0005507551886200859
688056.XSHG,-0.0005818776094069418
000755.XSHE,0.0010591749495246386
300047.XSHE,0.00034080690627249566
601881.XSHG,0.060337289768531976
002061.XSHE,0.005475417853368899
688185.XSHG,0.000831518783476228
603259.XSHG,0.011016741118331829
000848.XSHE,-5.265221350943012e-06
300721.XSHE,0.00011024057176605253
300964.XSHE,-0.0005922265647310858
600626.XSHG,2.0794318845401773e-05
688106.XSHG,0.0021142234706953734
002055.XSHE,7.192272433324918e-05
300126.XSHE,-0.00037038338219356993
600732.XSHG,0.001157698238494439
605088.XSHG,-0.00018468236078259816
600715.XSHG,0.004131797646903865
002440.XSHE,0.0014157048226899481
002550.XSHE,0.0003119047778001474
688020.XSHG,-0.00021062822637211585
300385.XSHE,-0.000107964428559543
000680.XSHE,0.001409888126066611
601328.XSHG,0.1320846922902647
605198.XSHG,0.00022423856075651867
000899.XSHE,0.0018915808369105377
002632.XSHE,0.00034750049021894805
601233.XSHG,0.007381309215280748
002095.XSHE,-0.00022857827847711572
300140.XSHE,0.00015487562921657106
300939.XSHE,-0.0005294723680780612
688678.XSHG,-0.0003776839160041589
002472.XSHE,0.0009713461074697745
300615.XSHE,-0.00047292301675227387
600419.XSHG,3.473125370214423e-05
300401.XSHE,0.000503657135288974
603388.XSHG,3.823779321271165e-05
300310.XSHE,0.00019359154959074456
300612.XSHE,-0.0002102979449845119
300755.XSHE,0.0002561147214762646
300108.XSHE,-0.00015763578595395062
600100.XSHG,0.0011377493271668186
002698.XSHE,0.002499137852059518
300500.XSHE,-0.00015536091742771442
002337.XSHE,0.00017720219265457697
300368.XSHE,-5.147771712146602e-06
300923.XSHE,-0.0006994453082222984
002378.XSHE,0.003891017327199536
002150.XSHE,-0.00033189645268037586
002576.XSHE,0.000343022978501715
000099.XSHE,0.0009638308004025291
603030.XSHG,0.000814513426204258
002052.XSHE,9.032585345978791e-05
300160.XSHE,0.00011950869839041456
603931.XSHG,-0.00011176526385968985
600956.XSHG,0.001435873803745206
002301.XSHE,0.0008729417789291485
002239.XSHE,0.00315320528060628
300541.XSHE,0.0002520758175652971
603111.XSHG,0.00259806586986913
603286.XSHG,-0.0001883741157832628
300314.XSHE,-0.00022549737919651258
002265.XSHE,0.0021537120524282275
600093.XSHG,0.001143123111167683
002006.XSHE,8.009152171711061e-05
603076.XSHG,0.00012318256411998033
600195.XSHG,0.0011788007356144622
688390.XSHG,0.00041898136907057447
688569.XSHG,-0.0002499162394767226
300457.XSHE,0.0004962963022090558
000567.XSHE,0.0008640401439232358
300577.XSHE,-0.000301216095859579
603101.XSHG,0.001507634561640429
300610.XSHE,-2.009978144641711e-05
600061.XSHG,0.0070484601954072315
002043.XSHE,0.0003784869554525164
000421.XSHE,-0.0002669400950431122
002163.XSHE,0.0012912560948433976
300654.XSHE,-0.00018596050490932191
000798.XSHE,0.0004944634743385009
603987.XSHG,0.001488908313185803
002104.XSHE,0.0001651059593570875
003003.XSHE,2.6319155083365763e-05
600697.XSHG,-0.0004672797023788434
300433.XSHE,0.008972214210048648
000088.XSHE,0.0023986002821709796
301038.XSHE,-0.0005508751004011243
601028.XSHG,0.0029065124702513712
300188.XSHE,8.087829169961677e-05
300531.XSHE,0.00020869974229798113
600863.XSHG,0.0027942583997558434
601766.XSHG,0.1320846922902647
603687.XSHG,0.0006516883492128409
600229.XSHG,0.0038283095240636
002543.XSHE,0.000654698632666971
002089.XSHE,-4.224263202476689e-05
601229.XSHG,0.04844288343488814
002860.XSHE,-0.00020905098786781371
002901.XSHE,0.003016140264802751
300248.XSHE,-0.00033443868192850585
002185.XSHE,0.0025209989496868595
002781.XSHE,0.001192777749846024
002321.XSHE,0.0015676032111079177
002363.XSHE,0.000651803009433905
002569.XSHE,-0.0002073220979980999
600936.XSHG,0.015587159537155974
603195.XSHG,0.0009347775810501697
000416.XSHE,-0.00040920872253788043
000570.XSHE,3.1631257241035828e-06
301013.XSHE,-0.00043494939686036717
000560.XSHE,0.0037309667414512798
600391.XSHG,0.0008216623194375741
000423.XSHE,0.00039928611377398356
002861.XSHE,-0.00017425868564375873
300593.XSHE,0.0005679077861318238
688222.XSHG,0.002342020745974953
600180.XSHG,0.0029355893229692544
002756.XSHE,0.0012172146507305804
300661.XSHE,0.0006957344992888942
002331.XSHE,-2.9875479116188517e-05
688069.XSHG,-0.0005048328218482592
603133.XSHG,0.0011198694926950966
002511.XSHE,0.001366883149740253
300234.XSHE,-0.00016857851426577174
300283.XSHE,-0.00034254165673512236
600881.XSHG,0.00015862861257761544
603098.XSHG,0.00403024883860219
300642.XSHE,-0.00014171730060218125
600682.XSHG,0.00048211416707288923
688529.XSHG,-0.0004895451713051798
300364.XSHE,0.0005381757732282525
002558.XSHE,0.004555845257222235
688007.XSHG,0.002439785700340733
600983.XSHG,0.0024992754320496188
002133.XSHE,0.0016185410236484034
002038.XSHE,-5.7201438798004114e-05
600713.XSHG,1.6178034497017486e-05
601012.XSHG,0.004266204612192101
003017.XSHE,-0.0007475231305880516
601500.XSHG,0.007573332690923265
605005.XSHG,-0.0001674422306719804
300461.XSHE,-0.00044476718209244826
002908.XSHE,0.00014336908084564145
002930.XSHE,0.0017037725832966789
600212.XSHG,0.0009318469535378881
600575.XSHG,0.0016492596264766194
605368.XSHG,7.963562796376225e-05
600511.XSHG,0.0007438825757601348
300417.XSHE,-0.0007210707350676209
603950.XSHG,0.00014880875877343628
000878.XSHE,0.005370723605626455
301015.XSHE,8.163745840698069e-05
600837.XSHG,0.003911828547265189
600110.XSHG,0.000810988684256249
603883.XSHG,0.0025014706141242957
000581.XSHE,0.0012542608071968026
688021.XSHG,-0.00032735796241847067
002932.XSHE,-0.00021432072350989858
002033.XSHE,0.00017216973220343104
600736.XSHG,-0.0002575617115843523
688630.XSHG,-0.0003145461608199012
300948.XSHE,-0.0005494327144501866
301051.XSHE,-0.0002999639803918281
000546.XSHE,0.002876529586529881
300409.XSHE,0.0004633813668035183
300824.XSHE,0.00022829753680603802
601811.XSHG,0.006396442962796336
002734.XSHE,0.00028838734858209806
600855.XSHG,0.0014667690729041807
300775.XSHE,0.0023893753688210913
002751.XSHE,-0.00022563455475801888
603331.XSHG,0.00026463645571448953
300142.XSHE,0.0012846154652462855
601717.XSHG,0.005916822656826866
688111.XSHG,0.0024144040129863895
002868.XSHE,0.00012616976302654102
601699.XSHG,0.004867914785308991
002442.XSHE,0.0011779671739705084
300299.XSHE,9.689971315404418e-06
600695.XSHG,0.0007728961488909893
002833.XSHE,0.00031786076155564526
002062.XSHE,0.0002961151147718447
002996.XSHE,0.0007212304220792888
601686.XSHG,0.0010185232419180515
688622.XSHG,-0.0005083927238459556
600426.XSHG,0.0019265977397607144
000965.XSHE,0.003044502500741116
002087.XSHE,0.0026196038516031585
002271.XSHE,0.0007517989106413894
002857.XSHE,-0.0003850502883399105
300131.XSHE,-4.404205949829366e-05
000815.XSHE,0.00126067421625475
300967.XSHE,-0.0002972834441890322
600664.XSHG,0.0018559882111002363
002415.XSHE,0.004130688945250694
300419.XSHE,-0.00036750715920834225
301049.XSHE,-0.0005483442785920822
688286.XSHG,-0.0003426816317844489
300564.XSHE,-0.0005876857837358526
600629.XSHG,0.00012940203763411396
603977.XSHG,0.0014405490904820736
600328.XSHG,0.00157034068539294
000007.XSHE,-0.0008277979486703631
605377.XSHG,-0.00016978180725454243
601515.XSHG,0.003587398186524853
688016.XSHG,0.00011306428219681568
002686.XSHE,2.6923672724803367e-05
300082.XSHE,0.0005324479647455332
603767.XSHG,0.0010417815047570858
300907.XSHE,-0.0006294000390828899
002108.XSHE,0.000387438969913542
300200.XSHE,0.00035817116067251296
600456.XSHG,0.001544437340134452
600506.XSHG,9.039900097835944e-05
600621.XSHG,-0.0003029271597011032
002855.XSHE,0.0014944557111251778
002217.XSHE,0.005000040885068358
002549.XSHE,0.00024705983745349847
002458.XSHE,0.0003607895490674251
002181.XSHE,0.004396991987554395
002049.XSHE,0.001656969149726758
300291.XSHE,0.00023019970340982794
300745.XSHE,0.00016240794497942332
603638.XSHG,0.0015669502558413202
600361.XSHG,0.00046312126766984315
000695.XSHE,-0.00011312320643511956
000966.XSHE,0.0025899787263658214
002972.XSHE,-0.0002290208039266603
603363.XSHG,0.004152777694867547
301022.XSHE,-0.0007378384696607723
603386.XSHG,0.001423790955025767
688578.XSHG,0.00035325983080746387
300303.XSHE,0.00022844067997614852
300523.XSHE,0.00018807147007181702
000585.XSHE,0.0037657298576225066
300374.XSHE,7.004965932958342e-05
002196.XSHE,0.0009888633577016302
000096.XSHE,0.001228861614216898
600221.XSHG,0.05106124947427605
600705.XSHG,0.000796899206078396
600843.XSHG,0.00038851746904268946
000611.XSHE,-0.00038804421464385243
300762.XSHE,0.00022678757999992715
600686.XSHG,-0.00019926303298979924
000667.XSHE,0.00024272898759447603
603983.XSHG,0.00041154531027108425
002761.XSHE,0.00028053752213000576
601890.XSHG,0.0028771978901750064
300406.XSHE,0.0003120235377572344
605158.XSHG,0.0003735252526566235
300148.XSHE,0.00048097121087849475
301062.XSHE,-0.00013862452529932352
300373.XSHE,0.0007561326255863814
688058.XSHG,-0.0005764614091449607
300911.XSHE,-0.0003281516862002412
603168.XSHG,-0.00012974718028063725
000813.XSHE,0.0048111098147280455
688393.XSHG,-0.0002538584638236474
300797.XSHE,1.5468621455223363e-05
300597.XSHE,0.0012689308180388842
600578.XSHG,0.011425175939766972
002719.XSHE,3.051462987447868e-06
300307.XSHE,0.002887182111865087
000816.XSHE,0.0011176307707557675
600297.XSHG,0.012192247784702818
603707.XSHG,0.0040982699171075105
603996.XSHG,0.0007762630189932403
002492.XSHE,0.00033859214395569673
300084.XSHE,-0.00014620235850501247
300033.XSHE,0.0004205996315454451
300278.XSHE,0.000265515829208054
601886.XSHG,0.004078174422448703
000557.XSHE,0.0011393380219488162
000997.XSHE,0.0006056085952022058
000078.XSHE,0.000784972825611933
688357.XSHG,-0.00028600846326305474
300657.XSHE,0.0005396694670300573
000712.XSHE,0.0002431117210549773
000885.XSHE,0.0025475373582365467
000510.XSHE,-0.00019001491332867903
300300.XSHE,0.00023961593689930043
300863.XSHE,-0.0006128991309711144
300996.XSHE,-0.00046574472830995995
688395.XSHG,-0.0007099462695302506
688526.XSHG,0.0007933498411966469
688707.XSHG,0.00041076073477459385
688551.XSHG,-0.0004788633502007297
603161.XSHG,0.00031130245961718476
002520.XSHE,0.00010175029462360693
600251.XSHG,0.0003810587351098432
600526.XSHG,0.0006401059093855203
600652.XSHG,-0.0009574625228208464
000534.XSHE,0.0006157048709019362
603115.XSHG,-0.00022821942006893156
300555.XSHE,-0.00029379082123745764
000036.XSHE,0.0010172971163836674
002134.XSHE,0.0010256213260101232
000868.XSHE,0.0006102297941804666
600976.XSHG,-7.582015148075696e-05
002310.XSHE,3.8806792398890814e-05
000959.XSHE,0.022436636633049067
000733.XSHE,0.002313834873167836
603606.XSHG,0.0013704017871715053
605168.XSHG,-0.0002247442271525557
688519.XSHG,0.00039571412461814157
601985.XSHG,0.13207919410855634
688607.XSHG,-0.000531789688567227
300917.XSHE,-0.0005847342623341503
002722.XSHE,0.0007680735087523216
000927.XSHE,0.012095046228189578
300230.XSHE,2.2485107508647315e-05
601139.XSHG,0.011833114531640725
603313.XSHG,0.0021011262509807887
600117.XSHG,0.003125077715358371
002713.XSHE,0.0002330330999603975
000014.XSHE,-0.0008113917392261859
002353.XSHE,0.0007473089740599897
002913.XSHE,0.0008573668257213667
688509.XSHG,0.000870241419140876
605056.XSHG,-0.0001483160026909081
002138.XSHE,0.0008868632600370543
000551.XSHE,-0.00017916522483344256
600792.XSHG,0.0008051622470443521
300712.XSHE,0.0008917557715963005
603998.XSHG,0.00016939157733961
002329.XSHE,0.00015927886396049028
600845.XSHG,0.0016640398944236592
603985.XSHG,0.0002914512239814693
600527.XSHG,-5.088775592834119e-05
300828.XSHE,-0.0002861217188638332
002900.XSHE,0.0004508470090160596
000950.XSHE,0.006816017874654583
300427.XSHE,0.00029702590348222623
600503.XSHG,0.004640177877909885
300961.XSHE,-0.000289822931473757
002658.XSHE,9.196268776226544e-05
603266.XSHG,7.451187458410618e-05
000792.XSHE,0.007211657600234691
600011.XSHG,0.02225718553731687
002906.XSHE,0.004281424860998335
600336.XSHG,0.0017913121004138534
600998.XSHG,0.0173434454339699
300284.XSHE,0.001172622623961541
600642.XSHG,0.0034222799224307887
000656.XSHE,0.006875383267869929
600265.XSHG,-5.390027704988321e-05
600549.XSHG,0.0009784060053188834
002400.XSHE,0.0003683774389487821
003033.XSHE,-0.0007077644219397691
002277.XSHE,0.0015013960949906329
600396.XSHG,0.0014969085194006832
002911.XSHE,0.004623208903693721
600025.XSHG,0.1320846922902647
300403.XSHE,2.7836171664822164e-06
600831.XSHG,0.0003618490485216136
300843.XSHE,-0.00022968785264969478
000408.XSHE,0.000862550478621908
600172.XSHG,0.000970704848233345
300189.XSHE,0.000812948443772503
600301.XSHG,0.0005432350982914366
002923.XSHE,0.00011012056285753663
300130.XSHE,-0.0001978912843872959
688256.XSHG,0.002288117910620109
603589.XSHG,0.005245189402441199
002592.XSHE,7.155527658623162e-05
002625.XSHE,0.0022432557641186824
002067.XSHE,0.0031071275251405707
600307.XSHG,0.014549305795723843
603108.XSHG,0.0004249221484706287
300884.XSHE,-0.00044876431632092387
002946.XSHE,0.001039407177021551
002731.XSHE,0.0003749618904321211
603022.XSHG,-7.615299671064448e-05
000935.XSHE,0.0027020986032262268
002931.XSHE,-6.731633044520927e-05
603158.XSHG,0.0003214045851215487
603198.XSHG,0.006604909584874228
002750.XSHE,-0.00018562523016360164
002160.XSHE,0.002738426396109442
300659.XSHE,0.00010776318909991897
688126.XSHG,0.011111378217096748
000633.XSHE,-0.0003597630611807621
603800.XSHG,0.0010889024376813342
688665.XSHG,-0.0003488338346298918
300404.XSHE,-0.00037691022479431835
600502.XSHG,0.0007147613141763423
603320.XSHG,-5.6555983904171044e-06
600436.XSHG,0.0012329273885821313
600155.XSHG,0.0056829113541068225
002443.XSHE,0.0005292325710703185
603324.XSHG,-0.00024320553144804
600429.XSHG,0.009833106326290888
002011.XSHE,0.0008979055515819548
605020.XSHG,0.0002305302680257477
002929.XSHE,0.001005527585331538
002430.XSHE,0.004194713956864485
603659.XSHG,0.0051202551873567185
300633.XSHE,0.0036198877999382238
600766.XSHG,-0.0006090765607617914
600220.XSHG,0.0013657769063521478
300859.XSHE,0.00011617631452160641
600203.XSHG,0.001956857615713732
600986.XSHG,0.0016546954397585374
603699.XSHG,0.005642838120269332
600735.XSHG,-0.00019587151545764697
002124.XSHE,0.00048086420896491027
600098.XSHG,0.004598825656725769
600719.XSHG,-0.0002773650620923984
688019.XSHG,-8.033831850380954e-05
002157.XSHE,0.001247055790762696
300376.XSHE,0.0007860892730135687
000402.XSHE,0.0005175271359870487
600365.XSHG,0.0004902752608897862
002484.XSHE,0.0013088466901310064
600624.XSHG,-0.00033397074824747337
603906.XSHG,0.002092873054683936
603717.XSHG,0.0009358485211711384
300177.XSHE,-7.05244030264767e-05
688597.XSHG,-0.00054683099039863
002165.XSHE,0.00020670260913631107
600596.XSHG,0.000751499282358085
002338.XSHE,3.419698212646209e-05
600295.XSHG,0.002012715863421833
002880.XSHE,0.00047765679556744593
000599.XSHE,0.0005363334034123905
603527.XSHG,0.00029206405051577264
600811.XSHG,0.001959759255384653
300906.XSHE,-0.0006626720939039776
002320.XSHE,0.0013318511509237926
603893.XSHG,0.0018871407035298854
688278.XSHG,0.0017649817032828151
601628.XSHG,0.1320846922902647
002504.XSHE,0.0002512803191994994
600674.XSHG,0.0022091245172542466
603000.XSHG,0.002264531048878544
603698.XSHG,0.0035147434444779716
688589.XSHG,-0.0002165468575433476
688788.XSHG,-0.0002713721842064032
300367.XSHE,-0.00024917559269051236
600636.XSHG,-0.0003409827135677397
300891.XSHE,0.001750966473045496
600006.XSHG,0.005055473431144612
600797.XSHG,0.0002282485735645535
300041.XSHE,9.270799600434175e-06
002014.XSHE,-0.00019647919787533043
002774.XSHE,0.0019460617037195113
002169.XSHE,0.0004957362065211905
002284.XSHE,0.00042622658313584813
600477.XSHG,0.00014794762730203752
300536.XSHE,0.0001372530918225082
002922.XSHE,0.000844836378821808
000651.XSHE,0.0006307509333308033
000668.XSHE,-0.0005510609867154874
601860.XSHG,0.016033700102674717
002527.XSHE,0.0011143879775614984
002768.XSHE,5.085974616474598e-06
000780.XSHE,0.00150509889527647
300399.XSHE,-0.0001559854643680325
600862.XSHG,0.0018095859354718318
300215.XSHE,-0.00020823414726340233
600531.XSHG,0.0004528613624887965
300963.XSHE,-0.00048114727951335806
600268.XSHG,0.00036917155732153
603888.XSHG,0.0014746752842522569
600815.XSHG,0.0021405225095756436
002318.XSHE,0.001317226276217042
301020.XSHE,-0.00037254038529326353
605218.XSHG,-0.00031611421010225725
603309.XSHG,0.00011800833277139048
301033.XSHE,-0.0005853997037441588
300246.XSHE,-0.0005888264085875093
600518.XSHG,0.0007047823765685884
600958.XSHG,0.05154794870846876
603583.XSHG,0.0009486847274754994
000912.XSHE,0.00640946212361511
600546.XSHG,0.0022341379667908607
600571.XSHG,-0.0003345505274472068
300901.XSHE,-0.00020453539998732282
003020.XSHE,-0.0005135961378894549
000061.XSHE,0.00030346687587985526
300094.XSHE,0.00279237097892502
000910.XSHE,0.0016189796087533557
000972.XSHE,0.0013688745908185355
002120.XSHE,0.0045201939965982185
300100.XSHE,0.00037887139768725663
600585.XSHG,0.008330425621733275
002631.XSHE,0.0008965985222903796
603018.XSHG,0.00032090672669915954
002199.XSHE,-3.6909691623081406e-05
300876.XSHE,-0.0005444949496100985
002289.XSHE,0.0008473700639446718
002700.XSHE,-0.0004287839788717952
600062.XSHG,0.0008884694507101673
603697.XSHG,0.00019969303673898786
300817.XSHE,-0.0005758195133759792
603317.XSHG,0.0007273035632977868
002105.XSHE,0.0014622200245280384
300984.XSHE,-0.0008354281339028526
002615.XSHE,-0.00047438898040911594
002231.XSHE,-1.5843623340252872e-05
300486.XSHE,0.0009372273101883836
688303.XSHG,0.002293874448526816
002788.XSHE,0.0004652709323012211
600009.XSHG,0.0037153924343144916
300452.XSHE,-0.0005337086883312916
000779.XSHE,-8.751014605898149e-05
301025.XSHE,-0.00023308722876467174
603116.XSHG,0.002823967086125495
000967.XSHE,0.0036402036035522657
600896.XSHG,0.0011892535581896234
002309.XSHE,0.0012337890385256834
002385.XSHE,0.002940207883875344
300921.XSHE,-0.0006709446675520075
301048.XSHE,0.00035553042933461317
002973.XSHE,0.00046940142018639516
600962.XSHG,0.000439975781007571
300441.XSHE,0.0003781154756547539
688668.XSHG,-0.0005789052509578485
002480.XSHE,0.0008088574992604621
600926.XSHG,0.022843072260413624
003043.XSHE,-0.000547035316191019
603283.XSHG,0.000953205156976197
603690.XSHG,0.002696686948177314
688689.XSHG,-0.0004232708031241261
601228.XSHG,0.05910644349723332
600525.XSHG,0.0005336200678027
300091.XSHE,0.00031666960334504027
603157.XSHG,0.0020751038244543507
002456.XSHE,0.0011369389486190447
300124.XSHE,0.0011657177793762475
603637.XSHG,3.035487663210351e-06
688118.XSHG,-0.0002420112121738527
688178.XSHG,-0.0005443861497393605
000883.XSHE,0.011684528916234168
002115.XSHE,0.0001676294264939905
002573.XSHE,0.0008822762621108442
002696.XSHE,-4.1873941431453624e-05
605268.XSHG,-5.039091328015114e-06
688789.XSHG,-0.00010429028590414126
002809.XSHE,-0.00037366024084795513
300199.XSHE,6.210427518731835e-05
300397.XSHE,0.0006663791423117621
002287.XSHE,0.0031386408686131404
603836.XSHG,-0.00022923110132640624
000710.XSHE,0.00032179503283589
003004.XSHE,-0.0007357341816083888
000722.XSHE,0.0002665740887264342
603368.XSHG,0.0006614176097824025
603863.XSHG,7.386965050371302e-05
603598.XSHG,0.00042911349713750744
000502.XSHE,-0.0005896579780468925
600410.XSHG,0.00032264479625197416
002736.XSHE,0.07824022050873772
600198.XSHG,0.00429757215243476
002283.XSHE,0.0019044349106518
600389.XSHG,0.0005681018225594683
000049.XSHE,-9.923866981804839e-05
688533.XSHG,-0.0005090883160940522
000971.XSHE,0.0012277927311195947
600458.XSHG,0.0005023509849360362
300268.XSHE,-0.00015500470846788986
300304.XSHE,0.00038848384786705316
002238.XSHE,0.001798400619923627
002045.XSHE,0.00017970662851557863
688090.XSHG,-0.0004605131025690141
688169.XSHG,0.0004485904404074837
603117.XSHG,0.0033771802371523945
300641.XSHE,0.002058216998865353
603408.XSHG,0.0003345046432395492
688308.XSHG,-0.0003036072521634234
002560.XSHE,6.483118201170237e-05
300517.XSHE,-0.0002845078085223641
600423.XSHG,0.0014108543321994043
300640.XSHE,-0.0005185020045922317
603708.XSHG,0.002782395705322547
601991.XSHG,0.04542944661057509
600146.XSHG,0.0023743128820155803
002107.XSHE,-6.027392677085213e-06
002548.XSHE,0.00034026062318903423
300687.XSHE,9.524192152471757e-05
300665.XSHE,-0.00040240148114781054
300075.XSHE,-6.834505039912274e-05
603019.XSHG,0.0035761329524401186
300197.XSHE,5.314427790372746e-05
000056.XSHE,0.0011435373935842967
688330.XSHG,-0.00027014027203115475
000796.XSHE,0.0013701417788599957
688616.XSHG,-0.0005663672863748148
688767.XSHG,-0.0003693866619081797
600012.XSHG,0.004340251941295008
300756.XSHE,-0.0007569186907774852
603605.XSHG,0.0018551463346973814
002312.XSHE,0.0005829643891459773
600031.XSHG,0.0020310028568335534
000659.XSHE,0.00013414216288780466
603848.XSHG,0.003109597474345265
002382.XSHE,0.0012311976166129845
688198.XSHG,5.4112445636157654e-05
688559.XSHG,0.0008576306567346262
600814.XSHG,0.00044004529259945803
603129.XSHG,0.0009609974732547536
300629.XSHE,-0.00016967159466354414
002612.XSHE,0.0006507147376405461
000698.XSHE,0.0019134758095151454
002303.XSHE,0.0003568303689397426
600648.XSHG,0.0010036120797580594
603358.XSHG,0.0008794672179326933
600318.XSHG,0.000824057167749253
002748.XSHE,0.00025854093041447715
300088.XSHE,0.0011378682177685504
603217.XSHG,-0.0003371761311224112
688321.XSHG,0.002197506511176956
603712.XSHG,0.007502177814730264
605188.XSHG,-0.00015293194880275026
603223.XSHG,0.0009402542054696456
002624.XSHE,0.005674581559888521
000537.XSHE,0.0023986594613459727
300498.XSHE,0.023865211921295516
603868.XSHG,0.0034209264265058067
002563.XSHE,0.0031836583029069133
600385.XSHG,-0.0005864968503095601
603085.XSHG,0.0005310583146806851
002106.XSHE,0.0013890204254030144
003031.XSHE,-0.00022679972357289872
002703.XSHE,0.0014465992641812385
000400.XSHE,0.0010461432116858076
300469.XSHE,-0.00029259381529828533
000430.XSHE,-0.00017951354470316535
605338.XSHG,8.38338591496084e-05
601038.XSHG,0.0053554825598625495
002273.XSHE,0.0005636371974890118
300344.XSHE,-7.089706466473027e-05
600299.XSHG,0.008725071371517753
000523.XSHE,7.005464687859133e-05
000062.XSHE,0.001066677567936201
002110.XSHE,0.011032493524756989
002889.XSHE,9.610868963776185e-05
300021.XSHE,-0.00011557674810955558
600769.XSHG,-0.0002345690197023382
000612.XSHE,0.0007937241473654471
600833.XSHG,-0.0007208318811445992
688560.XSHG,-0.00031578072419977376
600758.XSHG,0.004123031095738836
001896.XSHE,0.007882055797948888
002152.XSHE,0.0012546394193737043
300666.XSHE,0.0010480323484913744
603099.XSHG,0.0017779521186487737
000558.XSHE,0.0013032957985557687
300176.XSHE,-4.515012376125969e-05
002608.XSHE,0.013882700577780828
000987.XSHE,0.006161582671214953
300222.XSHE,0.00039080626913205323
300267.XSHE,0.0008618620308180478
600421.XSHG,1.7335164526308643e-05
600589.XSHG,0.0006280536877385418
603818.XSHG,0.0022131894740203533
300532.XSHE,-0.0003487316052585798
002288.XSHE,0.0006021734319803631
300825.XSHE,0.00197520925482133
600029.XSHG,0.05745373642506661
300725.XSHE,0.0005780288887952004
300868.XSHE,-0.0003035172929081874
603466.XSHG,0.0008238092550714856
603949.XSHG,-0.00038164103183027025
300732.XSHE,-7.992726262951886e-05
000623.XSHE,0.0002774164214225733
000869.XSHE,0.0007215515832606728
600558.XSHG,0.0004811821946240632
002669.XSHE,0.0003655742062883251
002263.XSHE,0.0035658325338728774
002915.XSHE,0.00032396450960410234
300623.XSHE,0.0006781118966341514
300618.XSHE,0.000778522430100287
605286.XSHG,-0.00040612742317958637
300345.XSHE,0.00012693451904468873
600707.XSHG,0.010726521797790125
688060.XSHG,-0.0005337039925991442
000066.XSHE,0.002486323252084686
300214.XSHE,0.00036470363916668645
605033.XSHG,-0.0005043057462883985
300514.XSHE,-0.0001887999098414986
000795.XSHE,0.0019736440529814873
002876.XSHE,0.00028347465691933244
600248.XSHG,0.001483346874038851
002074.XSHE,0.0026993198214200174
300424.XSHE,0.0003577546048004536
300402.XSHE,0.0013754266415423617
002096.XSHE,-5.81686599975071e-05
603138.XSHG,1.1411753089278888e-05
600536.XSHG,0.0007281285511116078
600039.XSHG,0.004383784429524635
000409.XSHE,0.0009743123554528822
002351.XSHE,0.00022657254450508086
002988.XSHE,0.00013470601103099129
300138.XSHE,0.0002887418315761235
002481.XSHE,0.00019343148023241475
002727.XSHE,0.0015400612080421108
002836.XSHE,-0.00033147565471096504
300947.XSHE,-0.0007395863929897314
002609.XSHE,0.00019787640344051888
000799.XSHE,0.0017112335526024043
002179.XSHE,0.0015625528086090754
002636.XSHE,0.0023180847290142277
300598.XSHE,0.0003528411979314214
002829.XSHE,-0.00020486833923059097
688309.XSHG,-0.00051715938675316
600728.XSHG,0.000981669374024774
300839.XSHE,-0.00037876289543554227
603766.XSHG,0.006180971168812656
601908.XSHG,0.005445447997465362
000918.XSHE,0.006691595730286672
300244.XSHE,0.0002145749126605227
300282.XSHE,-0.00018804357014206078
300096.XSHE,-3.693270761228847e-05
601208.XSHG,0.0023634161578351977
603031.XSHG,6.982267297519986e-05
688536.XSHG,0.0003978579002333804
002984.XSHE,0.002905492599341433
603688.XSHG,0.001864914936497084
601857.XSHG,0.1320846922902647
300329.XSHE,-0.00011336242224171521
300386.XSHE,-9.348460513942199e-05
688670.XSHG,-0.0003716883012294524
300749.XSHE,-0.0004932301257954139
000525.XSHE,-4.6317435260593014e-05
603393.XSHG,0.0010410505976500108
000156.XSHE,0.006872442679487374
000566.XSHE,0.000547673626311103
600569.XSHG,0.008541860850175146
688161.XSHG,0.00018275816970204537
601658.XSHG,0.10394696248847256
605099.XSHG,-3.1949537838504394e-06
605196.XSHG,9.950195925303106e-05
600592.XSHG,0.00045140862700534775
300849.XSHE,-0.0003525410966221678
603056.XSHG,0.008823195324363198
603928.XSHG,0.0009824639253408793
300779.XSHE,-0.00025617500618269203
603989.XSHG,0.0013984220318932676
000836.XSHE,0.0005459256400710769
300782.XSHE,0.0008662226378249996
300275.XSHE,-0.00039745349465561744
300678.XSHE,0.00018437227711943257
002939.XSHE,0.016107677893295327
002805.XSHE,-4.6544914181418534e-05
603041.XSHG,-1.8708650234176274e-05
688350.XSHG,-0.0005836016175849279
300686.XSHE,0.0004780068810212052
600169.XSHG,0.002097865935371554
300867.XSHE,0.0010391700546448575
603336.XSHG,0.0004966433702463214
002367.XSHE,4.998989638088625e-05
300830.XSHE,0.0012549775169141627
301066.XSHE,-0.000555477716282842
000089.XSHE,0.0024701701798295755
002035.XSHE,-0.00014745931782044
600138.XSHG,0.0007906187753310473
605060.XSHG,-0.0001761229645157507
300256.XSHE,0.001244816810461881
300746.XSHE,0.0012809669567721404
603536.XSHG,0.00015818262063145767
002850.XSHE,0.0008259096745280547
300240.XSHE,0.00017304882107380484
600885.XSHG,0.0018570628111421632
600153.XSHG,0.001421894048800284
002395.XSHE,-2.1240297261690367e-05
300274.XSHE,0.0019260284439865292
002140.XSHE,4.146946848349357e-05
002873.XSHE,-0.0002947203318808038
000050.XSHE,0.0026316423640724
300706.XSHE,-0.00030106832177129395
603486.XSHG,0.004118759023311188
600567.XSHG,0.011168264182653825
000830.XSHE,0.001985979101044257
002381.XSHE,-0.00024702007284301496
002825.XSHE,-6.524377308854531e-05
603569.XSHG,0.002843854268445878
300707.XSHE,-0.00032314627757592715
600123.XSHG,0.0010856582585488227
605287.XSHG,-0.0005802678858810449
000975.XSHE,0.002218943551943408
003027.XSHE,-0.000574719277448329
300238.XSHE,-4.427966214331461e-05
300962.XSHE,-3.4409559750809724e-05
002513.XSHE,6.644752328100389e-05
002387.XSHE,0.00343653264810995
600649.XSHG,0.0007076173808890325
300014.XSHE,0.0013436060589737064
300331.XSHE,6.726860759402424e-06
600235.XSHG,0.000645767165672281
600505.XSHG,0.0002517838219119122
605155.XSHG,-0.0007145217628070169
601952.XSHG,0.009378110156700897
300348.XSHE,7.546816280892956e-05
600552.XSHG,0.00038539982083748807
002892.XSHE,-0.00016072780985617582
300432.XSHE,0.0012677061474905282
300231.XSHE,-0.00039206062551336177
600602.XSHG,-0.0005070480964838223
603787.XSHG,0.0011737326954194523
300102.XSHE,0.0006737412446374679
000509.XSHE,-3.5873405415593525e-06
600157.XSHG,0.004348911811096351
000807.XSHE,0.004160644333988083
003013.XSHE,-0.00016255814398815455
300753.XSHE,-0.000516188498422796
002544.XSHE,0.0005614170590487117
600422.XSHG,0.00016450037747275513
605277.XSHG,-0.0004450854355906999
603773.XSHG,1.1035932907363182e-05
300183.XSHE,0.00012006646561651897
000989.XSHE,0.0007437585118835107
600206.XSHG,0.001599412970158847
000926.XSHE,0.0019805779757165144
605358.XSHG,0.002821844624535288
000333.XSHE,0.014702689331195591
600721.XSHG,0.001515546662654742
600603.XSHG,-0.0006019358743311796
002468.XSHE,0.006235680187630904
002773.XSHE,0.003134821046930595
600370.XSHG,0.0009959764938070556
601369.XSHG,0.007554891033203119
300473.XSHE,0.00022422192622535708
600676.XSHG,-8.090998657720198e-06
688166.XSHG,0.001396151236971919
300072.XSHE,0.0008349875668537587
300057.XSHE,0.0012685330718469191
002501.XSHE,0.004064990989159215
601616.XSHG,0.003719049623853103
300390.XSHE,0.0007001014669931805
605123.XSHG,-7.271126335817819e-05
601066.XSHG,0.036738965675604626
000833.XSHE,0.0016426479922599614
688229.XSHG,-0.0006753199597019698
600139.XSHG,-0.0002191685470626977
000029.XSHE,0.0032442148524430433
605016.XSHG,-0.0004060278600528648
000953.XSHE,0.00026270541933316803
002955.XSHE,-0.00017051463760644385
002267.XSHE,0.0038320218932882634
002675.XSHE,0.0010294243343771665
301030.XSHE,-0.0004573373515515918
603001.XSHG,0.0021764790840170705
000626.XSHE,-1.4241641864309114e-05
002785.XSHE,0.0008763195534394801
603039.XSHG,0.00037102781197911026
000877.XSHE,0.0009032941687935858
603389.XSHG,0.0011136390648601299
300773.XSHE,0.0015508053784006727
002390.XSHE,0.0011994692690535961
002335.XSHE,0.00032646924034164624
600210.XSHG,0.0014924480735263785
603586.XSHG,0.0008976880995694999
002281.XSHE,0.0016931535146454844
300287.XSHE,0.00038508797803271384
002738.XSHE,0.0017835401766979272
300313.XSHE,0.00012925194879690567
000550.XSHE,0.0011848598801480412
600981.XSHG,0.003909975277570942
002512.XSHE,0.0005207871417844724
300489.XSHE,-0.000326992521276172
300950.XSHE,-0.0004934237060515128
002688.XSHE,0.00035758897244971206
688718.XSHG,-0.0003243299870210336
601333.XSHG,0.04174391550908089
688568.XSHG,0.00025682516891568013
300955.XSHE,-0.000569870912338552
300611.XSHE,-0.0003904476332389893
002042.XSHE,0.0016180866655939124
000006.XSHE,-0.0003342908337275177
002343.XSHE,0.0005771518542107602
605500.XSHG,-0.0002674823410659242
000826.XSHE,0.0011666300233546948
600821.XSHG,0.0016596508102451272
600428.XSHG,0.003074111828489896
601116.XSHG,0.00390887979536678
002155.XSHE,0.0041360336602339134
603496.XSHG,0.00023225461380922447
600820.XSHG,0.0007757098312297362
603359.XSHG,0.001489522510983327
603969.XSHG,0.001093660724622866
600857.XSHG,-0.0005458429975237903
600094.XSHG,0.005691779688905604
688159.XSHG,-0.00031212649068441674
600892.XSHG,-6.131329871954965e-05
002518.XSHE,0.0006604754463475071
601801.XSHG,0.007714829363139471
300731.XSHE,7.64928141147119e-05
300415.XSHE,0.0005317376175144501
600516.XSHG,0.002834444969719793
300458.XSHE,0.0010265161932811898
002697.XSHE,0.0008634228357147816
000518.XSHE,0.0004420575575205366
603396.XSHG,0.0003798529208003414
688363.XSHG,0.0010939776146985602
300896.XSHE,0.0005463732497533271
002776.XSHE,9.165766290755131e-05
300123.XSHE,0.0011620273051395004
002496.XSHE,8.006067273821135e-06
002575.XSHE,0.0004959047609982605
000528.XSHE,0.0006212723207503712
605589.XSHG,0.0006295477092837304
300435.XSHE,0.00038060442729515953
002402.XSHE,0.0003970827004363911
300894.XSHE,0.00010136167356401051
002475.XSHE,0.0023885584171759178
003002.XSHE,-0.0001397884016854237
600113.XSHG,-7.985245578213214e-06
300667.XSHE,-6.687566080310536e-05
603068.XSHG,0.0005383343128445174
003022.XSHE,0.0016295156214204119
600787.XSHG,0.00038450796748861784
300991.XSHE,-0.0006106007943942057
600988.XSHG,0.002623780753980108
002292.XSHE,0.0005288338517736059
603139.XSHG,-1.474962444978278e-05
300073.XSHE,0.000995372985015606
600126.XSHG,0.005858749235724894
603626.XSHG,0.0017900449439603664
300210.XSHE,-0.00027819420570780544
003005.XSHE,-0.0005239899021952
603398.XSHG,0.00016955118743046274
002590.XSHE,0.00021274511112572122
600066.XSHG,0.0002850243224284344
300865.XSHE,-0.0005798743469583546
600970.XSHG,0.0010548455638800902
688079.XSHG,0.00012860637405101626
002706.XSHE,0.00030463108450654085
300436.XSHE,-0.00011830514616332252
300902.XSHE,-0.0005013894829709428
002657.XSHE,2.053414742201156e-05
300919.XSHE,0.0006955489318037979
300006.XSHE,0.0005754426863865047
301003.XSHE,-0.0006714366281251208
600135.XSHG,0.0007650523552772582
688488.XSHG,0.0015441854697243779
688699.XSHG,-7.730359667755619e-05
300576.XSHE,-8.674759568558053e-05
002466.XSHE,0.0022098055292858227
603656.XSHG,-0.00020235393681203458
300061.XSHE,0.00029154832972918567
002258.XSHE,0.0011062435456583347
600077.XSHG,0.0007942306131138959
300280.XSHE,0.0008742154890839049
300204.XSHE,-3.732648445302822e-05
300347.XSHE,0.0007648380496817235
600478.XSHG,0.0011694619131114416
002214.XSHE,0.000587494528979567
600112.XSHG,0.0003433420051657044
600323.XSHG,0.001952303847468564
000601.XSHE,0.00030992969650828954
002581.XSHE,0.0009074209826298087
300827.XSHE,-9.109862845150336e-05
600724.XSHG,0.000240928884957824
002004.XSHE,0.0005760904164244728
688313.XSHG,0.00255675640553712
603530.XSHG,-0.0001428304016656035
300860.XSHE,-0.000421354255348363
688183.XSHG,0.0006958807927468848
600119.XSHG,0.00021189890169059315
600487.XSHG,0.0020247228119712724
002374.XSHE,0.0007019398013474636
600794.XSHG,-0.00015155382069872167
002371.XSHE,0.001281524751620329
600353.XSHG,-9.397174009380697e-05
002902.XSHE,3.1438113447517175e-05
300992.XSHE,-0.0006581604060024497
002156.XSHE,0.004545634827298615
603110.XSHG,0.00035291963367201746
601222.XSHG,0.0038029445502940702
600869.XSHG,0.001716325812788528
300869.XSHE,0.001787310602928655
605398.XSHG,-0.0007649346754808098
600828.XSHG,0.000934483201097861
603790.XSHG,0.0004909205275120318
605266.XSHG,-0.0005454687642942387
600089.XSHG,0.0011444676391647482
300838.XSHE,-0.00039610857858688895
600466.XSHG,0.003488582492353058
600775.XSHG,0.003967041101880905
603214.XSHG,0.0001797168428570898
603123.XSHG,0.0042886452027368896
603701.XSHG,-0.0001610305813985885
605599.XSHG,0.00031688469740376025
300318.XSHE,0.0006609430625428263
002541.XSHE,0.0009829221944719969
300668.XSHE,-0.0007980718899557284
002967.XSHE,0.0008787535293593876
002417.XSHE,-9.564358510638529e-05
300159.XSHE,0.00022400342163718108
603017.XSHG,-0.0002714459755735522
000715.XSHE,-0.00013977582052867145
002373.XSHE,0.002780431390102103
002600.XSHE,0.016419793843178786
003007.XSHE,-0.0007880251645510884
300260.XSHE,-7.448591020457496e-05
600992.XSHG,0.0006091516861972063
300031.XSHE,-4.6213322326307436e-05
000828.XSHE,0.0023241358343672473
600784.XSHG,-2.148051060483385e-05
002507.XSHE,0.001204736858954332
601166.XSHG,0.04395351956598236
600184.XSHG,0.0009249000491777789
002963.XSHE,-0.000172755764141893
000591.XSHE,0.0013349985315871317
000906.XSHE,0.0008645523845351593
601988.XSHG,0.1320846922902647
002230.XSHE,0.001799282829649404
688013.XSHG,-0.0007730284404007852
603686.XSHG,0.0007573789884402953
000776.XSHE,0.010409490600257589
605169.XSHG,-0.00031515600208348836
600754.XSHG,0.0028266460217718056
688613.XSHG,-0.0002179029800582259
601368.XSHG,0.00715158348071957
000679.XSHE,-0.00043805680736819556
600460.XSHG,0.0010451043190261044
300800.XSHE,-0.00015892716987769162
600830.XSHG,-0.0005029646863549037
603966.XSHG,0.0006908223317355618
001208.XSHE,0.0008204782243307289
002990.XSHE,-0.0002571960752626045
603315.XSHG,0.0005115946916564544
002280.XSHE,0.0009345295702309353
002611.XSHE,0.001040007591419504
002465.XSHE,0.0031257183150652005
000561.XSHE,0.0016547698266827057
002149.XSHE,0.0010538320482254386
000150.XSHE,0.0011947339649647976
300594.XSHE,-0.0003297584809681568
301028.XSHE,0.0002960206573415908
301019.XSHE,-0.0005350735451440281
000524.XSHE,0.0006508661303499375
002926.XSHE,0.025295883108833336
300273.XSHE,0.0003594321775441038
300465.XSHE,0.000679488830942566
300758.XSHE,7.162574418912988e-05
603009.XSHG,0.0004195147626154281
600350.XSHG,0.01906938730511369
600390.XSHG,0.007360443507408304
688680.XSHG,-8.277842719272763e-05
002775.XSHE,1.3906020197570015e-05
300209.XSHE,0.0003292163451569459
000690.XSHE,8.05123109749605e-05
688408.XSHG,0.00048201861867729545
300487.XSHE,0.00019113295085531853
603730.XSHG,0.0032967164823877247
688071.XSHG,-0.0007382669930050447
603779.XSHG,0.001207956521802556
300987.XSHE,-0.0004582835241725964
600070.XSHG,-0.00024504908823225506
601127.XSHG,0.009572653158159408
688277.XSHG,0.00251957206798631
000923.XSHE,0.0033704393005527253
600507.XSHG,0.000702005849741024
600243.XSHG,0.0018410237705288454
003019.XSHE,-0.0004886775366583287
300750.XSHE,0.0205628460537322
688333.XSHG,0.00012032468481923127
002204.XSHE,0.003482850542050293
600835.XSHG,0.0010508993187535395
300496.XSHE,0.0008133156994208426
600036.XSHG,0.04012724763823651
002031.XSHE,0.000560235199050045
000063.XSHE,0.002570890978794549
002870.XSHE,-0.0002644338981338955
002667.XSHE,7.977851585152477e-05
300206.XSHE,-5.681608000516092e-05
603648.XSHG,0.002642778069709495
603290.XSHG,0.0008577453588094117
601077.XSHG,0.053134095080199666
002983.XSHE,-0.00036035786082007555
301024.XSHE,-0.0008357769608418337
002839.XSHE,0.013300089345070971
002180.XSHE,0.002045415106416054
603909.XSHG,0.0002053093488256294
300743.XSHE,-0.0005679432154899579
300560.XSHE,-0.00014270536659067592
002679.XSHE,0.0005407204077107059
688233.XSHG,0.0003760023769283802
300251.XSHE,0.0009217758678371389
002858.XSHE,-0.0004261587091505413
300182.XSHE,0.0002687061683821629
300606.XSHE,-0.00043826182460879163
688778.XSHG,0.00038550915219058503
600822.XSHG,0.0007366346738727033
600207.XSHG,0.004958303111105287
600768.XSHG,-0.00070133181219729
600879.XSHG,0.0005051375198308042
603113.XSHG,0.006457005710068169
688468.XSHG,-0.00022442460288940304
603955.XSHG,2.6693149088821092e-05
688697.XSHG,5.907856671403774e-05
002708.XSHE,0.00042462208379608806
002103.XSHE,0.0008814265466148902
300941.XSHE,-0.0003022904901920503
002820.XSHE,0.00023919209456066013
002521.XSHE,0.0004112758787616561
600561.XSHG,-0.00019149283231036953
600654.XSHG,-0.0008799408426533431
002733.XSHE,0.0009645098508526034
600234.XSHG,2.33562825648413e-05
300343.XSHE,0.0005457575028127759
300698.XSHE,0.0001701373195573154
000925.XSHE,0.0008388808251428149
000793.XSHE,0.0008358960952510538
002942.XSHE,-0.000457429313294213
002551.XSHE,-2.2296546042163516e-05
600201.XSHG,0.0004029624907491608
002393.XSHE,0.0007866967871964659
300485.XSHE,-2.202479245064291e-06
600095.XSHG,0.0026860579188942263
002864.XSHE,-0.0004009539159182011
600106.XSHG,0.0008708135276491346
688617.XSHG,-5.480507783983289e-05
002406.XSHE,0.000518711059450364
600657.XSHG,0.0007751519021466859
600193.XSHG,-0.00015234870033575734
002907.XSHE,0.0021301709315793534
002971.XSHE,0.00021651445060681
300522.XSHE,-0.0002698967992838911
603226.XSHG,-0.00010226339576000908
688186.XSHG,0.0005778575247809189
601528.XSHG,0.0011665938078751833
600876.XSHG,0.0015861366842391976
688314.XSHG,-0.0006072576541695408
601399.XSHG,0.02362560194727233
002728.XSHE,-0.0003007761319065547
600053.XSHG,0.0013613905219797928
600939.XSHG,0.016570330899706973
002123.XSHE,0.0005421332480453429
688528.XSHG,-0.0004060912532797559
300172.XSHE,-1.741849567413905e-05
300202.XSHE,-0.0002150916879631573
603517.XSHG,0.004061167660473636
300983.XSHE,-0.00037899465351211103
600557.XSHG,5.1600904567429486e-05
000017.XSHE,-8.499340022141005e-06
688609.XSHG,0.00026611426659310146
600030.XSHG,0.017640224707541303
600277.XSHG,0.006083135182089891
002488.XSHE,0.000847681614340785
300584.XSHE,-0.0005307527136523529
688639.XSHG,-0.00035183171004913227
002190.XSHE,0.0008792964858260283
002596.XSHE,0.0014058577738207544
002664.XSHE,0.0007092519017403887
002485.XSHE,0.0009935122625415666
000751.XSHE,0.003507376706190033
300371.XSHE,-0.0006157399813085411
300810.XSHE,-0.00031808810853432574
300582.XSHE,0.0003376775155507196
603587.XSHG,0.0006557785026298814
002933.XSHE,0.00032488747294762046
002171.XSHE,0.0020859812775082262
300881.XSHE,-0.0005651856534099372
002357.XSHE,-0.00025343174818149444
600250.XSHG,-4.0490989866932576e-05
300730.XSHE,-0.00021774698244132946
605009.XSHG,-0.00014840603643632538
002556.XSHE,0.0010612561011551077
300237.XSHE,0.00010240755610937675
600637.XSHG,0.006359083224943315
688628.XSHG,-0.0005639682427176934
603968.XSHG,0.000147799485211379
600287.XSHG,-0.00010854470609377473
000963.XSHE,0.001404994825085473
603658.XSHG,0.00411211246012564
688386.XSHG,-0.0005393175249580354
600398.XSHG,0.004867713682467396
603233.XSHG,0.003935343177317967
002838.XSHE,9.381200767222297e-05
300054.XSHE,0.0002832830144352748
300279.XSHE,-6.36223189166851e-05
600692.XSHG,-0.0007408517826833487
601128.XSHG,0.022771336973746843
600230.XSHG,0.0013976581143292453
000005.XSHE,0.0001461242754355721
002877.XSHE,-0.00018032309743487161
600496.XSHG,0.0014996417000304
600463.XSHG,7.539262952018031e-05
603501.XSHG,0.008121309702958308
601236.XSHG,0.022588037855169295
300358.XSHE,0.00043789923316074516
300643.XSHE,0.0011035397516754738
688606.XSHG,-0.0004915527350515508
002447.XSHE,-8.70841328945108e-05
300879.XSHE,-0.0002691561154733094
603881.XSHG,0.0018826359931692859
300482.XSHE,0.00037501620412672295
600078.XSHG,0.0003137044230965242
002247.XSHE,2.1137660888042925e-05
603797.XSHG,0.0015006313862597365
000425.XSHE,0.001822445636475155
601939.XSHG,0.04906233584194045
300628.XSHE,0.0004941977641258991
600108.XSHG,0.0014182574478228162
002026.XSHE,0.0005264332683992992
600530.XSHG,0.0003620764029663244
600415.XSHG,0.0011479094312045457
301023.XSHE,-0.0007719382826202824
002487.XSHE,0.0007707511122082796
002574.XSHE,0.00144316162333437
000158.XSHE,0.004939651405016887
300561.XSHE,-0.0004922898762269471
600817.XSHG,-0.00012281170337096598
300684.XSHE,-9.465864371468839e-05
300020.XSHE,0.0002726078496150259
603819.XSHG,0.000208555945783197
002712.XSHE,0.0002325124037151937
603650.XSHG,0.005580172032488128
605255.XSHG,-0.0006049939785587825
300058.XSHE,0.0008983356236142632
002340.XSHE,0.002055981552736581
605018.XSHG,-0.00020563928560854433
600556.XSHG,0.0009301051286597856
002098.XSHE,0.0006233376631524318
300596.XSHE,0.0007039775378051261
002445.XSHE,0.0026007970422854162
300662.XSHE,0.0012992161096617863
600604.XSHG,-0.00019481300724159784
605178.XSHG,-0.000493661071034837
600933.XSHG,0.007423426856726026
688011.XSHG,-0.0003339861385479816
600188.XSHG,0.00871761637209041
601877.XSHG,0.011882968229196154
000030.XSHE,0.004480357280163816
002197.XSHE,0.0003059097253829084
688611.XSHG,-0.0007100340568897295
689009.XSHG,0.0006373698196426356
300697.XSHE,0.0003121622396370197
002401.XSHE,-0.00026416541351567853
600678.XSHG,-5.244330246809083e-05
603559.XSHG,-2.9916286958332587e-05
600276.XSHG,0.0013035881452130803
002629.XSHE,-0.0002261223360174716
002268.XSHE,0.0008954373768988288
000598.XSHE,0.0007439692254429093
688009.XSHG,0.018894485085834495
600643.XSHG,0.0014532786741188403
600760.XSHG,0.0031402752521704886
000620.XSHE,0.005065746204044533
600763.XSHG,0.0015092978447081879
600781.XSHG,0.0008233668113927568
600399.XSHG,0.005705049200068596
300981.XSHE,5.5301873321361304e-05
002315.XSHE,-0.0001110854809976263
603156.XSHG,0.0043615695098842945
600590.XSHG,0.0013358722492941867
000829.XSHE,0.0003615788800358698
301040.XSHE,-0.0005048030838430463
603980.XSHG,0.0036971904911882094
002025.XSHE,0.0005021221421685684
600750.XSHG,-0.000149670888314135
000961.XSHE,0.005753620174144198
300787.XSHE,-0.0004785148109784317
001213.XSHE,0.004287904720652466
688335.XSHG,-0.000424909951570459
300366.XSHE,3.620046900450278e-05
002003.XSHE,-0.00019827789806351652
605098.XSHG,-0.0005630196719370617
603758.XSHG,0.003519777031245159
600598.XSHG,0.006713445086254594
600493.XSHG,-2.3344571131094036e-06
688323.XSHG,-0.0002744334894525417
688027.XSHG,8.837282235895196e-05
002845.XSHE,0.0002206917412281436
300472.XSHE,0.00012021020266638079
600671.XSHG,-0.0007335727054887538
000615.XSHE,0.0003469042630619365
002681.XSHE,0.0004812500114763545
603318.XSHG,0.0004225101779390479
300856.XSHE,-0.0003085271710640557
688369.XSHG,-0.00011184623446178937
688037.XSHG,0.0001868030116272786
300759.XSHE,0.003142324610177002
603890.XSHG,0.0006847585954828055
600615.XSHG,-0.001035035035471783
000901.XSHE,0.0006528599222364332
688585.XSHG,-0.0002977387701926292
300019.XSHE,-7.615063929590249e-05
002818.XSHE,0.0010484345108097318
002249.XSHE,0.001120038788929821
600734.XSHG,0.00027691219463994135
002771.XSHE,-0.00014695530517011893
603421.XSHG,0.0037820630289433417
300878.XSHE,-0.0005573763527338678
600004.XSHG,0.007693489257193653
603611.XSHG,0.00019539783795249454
300352.XSHE,0.0001554320924085726
300378.XSHE,0.0005628157862380466
300789.XSHE,-0.0007337371856436123
603518.XSHG,0.0012274231035384754
002998.XSHE,7.506145029985423e-06
601179.XSHG,0.0451185760695902
002546.XSHE,-1.0675581170586403e-06
000563.XSHE,0.001886959210074508
300814.XSHE,-0.00030481118595612023
300063.XSHE,-2.1830714311252644e-05
002111.XSHE,0.00039671423929608734
605305.XSHG,-0.00022479649801030046
002069.XSHE,0.00011583403008794558
300308.XSHE,0.001256176839779651
002079.XSHE,0.0010805732209842299
002170.XSHE,0.00024267084963985538
002740.XSHE,-0.00015721941560879814
300253.XSHE,0.0003686800205089364
002916.XSHE,0.0027872968319442248
002606.XSHE,0.0003166877252705531
002528.XSHE,0.0008968111392907125
002691.XSHE,0.0009554537938006136
600850.XSHG,0.00019637906885311337
688121.XSHG,-0.0001212403012118879
600563.XSHG,0.0007303588655108923
300617.XSHE,-0.00013680177287036046
603590.XSHG,0.0008956709201675806
002119.XSHE,0.00035112430468372266
300553.XSHE,-0.0007110155146985272
688662.XSHG,-0.0006149527269359091
601098.XSHG,0.012712436225980669
000909.XSHE,0.0010027233174276558
300265.XSHE,0.0007111695158242335
300483.XSHE,0.0006214175055871484
300690.XSHE,-0.0002602041209782981
002878.XSHE,-0.00016635289690997742
600185.XSHG,0.002358397567681697
300440.XSHE,0.00029112241679665003
601992.XSHG,0.03590470971468677
002993.XSHE,-6.191719909545977e-05
002595.XSHE,0.0008881402780620065
600653.XSHG,-0.000732621164230679
300556.XSHE,-1.0179468548188013e-05
603528.XSHG,0.0012956513873308008
002451.XSHE,0.000627378088506355
300837.XSHE,-0.00038755118697114097
002296.XSHE,-0.00018120475363438333
300097.XSHE,-0.0001425756551195705
300512.XSHE,0.0002828812739853342
002753.XSHE,-1.2124684359984773e-05
600803.XSHG,0.0022233254210539772
300118.XSHE,0.0023390387932283145
300557.XSHE,-0.000487344680908566
688619.XSHG,-0.00027396590843834076
000501.XSHE,0.00044606791355500646
000919.XSHE,0.0005672794063831318
002118.XSHE,0.0002505828843452324
002300.XSHE,0.0002706239236352117
688200.XSHG,0.0002334027324721278
301041.XSHE,-0.0005542605852313785
000720.XSHE,0.0011727564603905656
300258.XSHE,0.0003803483952072021
300580.XSHE,0.0010330666092109963
002952.XSHE,-0.0006266875308738897
002276.XSHE,0.002196990598612895
600379.XSHG,0.0005135767514717477
601137.XSHG,0.002768322568773727
301039.XSHE,0.0015226644558245699
603825.XSHG,0.0007624909145503575
601921.XSHG,0.0019795871311490514
603608.XSHG,0.0018112080304393359
000629.XSHE,0.010934587942640241
300042.XSHE,-0.0003122744723463716
002030.XSHE,0.0004011914658266224
601718.XSHG,0.039004123313070654
300656.XSHE,-0.00030492778565290865
600901.XSHG,0.02531329435969063
002063.XSHE,0.0005238830387370821
603337.XSHG,0.0014779389415065665
300888.XSHE,0.001244143051819417
002739.XSHE,0.006957265569314564
300379.XSHE,0.00028841587405217627
600335.XSHG,0.00134240419511126
300078.XSHE,3.632031921011359e-05
002799.XSHE,0.00018253430125464768
605598.XSHG,-0.00035891247756100346
300115.XSHE,0.0006935121585330634
002328.XSHE,0.0011852157159490085
000027.XSHE,0.002078547118505019
688260.XSHG,-0.0006488658474746954
300720.XSHE,-0.0005340420260625953
002325.XSHE,0.0002932765524840224
003021.XSHE,-0.00017016425692878607
000519.XSHE,0.0015674516226515034
000584.XSHE,0.0008029229730571716
300937.XSHE,-0.00048763929657636557
000565.XSHE,-0.00025552770833672323
600131.XSHG,0.0007496583421564825
000587.XSHE,6.9083566710652095e-06
603050.XSHG,0.0004439308005410406
300518.XSHE,0.00017474262825917047
300247.XSHE,0.00044273086347250206
002474.XSHE,3.414845020087269e-05
600400.XSHG,0.0012062676226034744
603011.XSHG,0.001263523179490536
300476.XSHE,0.0013364052570050589
603316.XSHG,0.0009262287186980825
000037.XSHE,-8.893046978577168e-05
300003.XSHE,0.003503959865074065
000338.XSHE,0.002429919802070367
000709.XSHE,0.00971719467386895
300306.XSHE,-0.0004768921128824997
300748.XSHE,0.004118247240717203
001215.XSHE,-0.0004380212302243046
688600.XSHG,-0.00023791588320480085
603838.XSHG,0.0005399350412191298
605366.XSHG,0.0008793591155991893
300394.XSHE,0.00027179311489588886
600696.XSHG,0.0005481542707101734
600091.XSHG,0.0006017536852775008
300034.XSHE,0.0008987719903095745
603588.XSHG,0.001654452229022081
002051.XSHE,0.00157736426183455
002772.XSHE,0.0004981968410665789
600367.XSHG,6.44380659570805e-05
002583.XSHE,0.0014339257660344494
002617.XSHE,0.0014412437269925422
600327.XSHG,-9.448861949220763e-05
603682.XSHG,0.000826588120209558
605089.XSHG,-0.000336055887086072
600968.XSHG,0.017972528831074967
601225.XSHG,0.07560723157720625
601828.XSHG,0.0268716439146366
000725.XSHE,0.06807741514009663
300718.XSHE,-0.00012824448769832532
300841.XSHE,7.834797095657582e-05
603948.XSHG,0.00010437802680484482
688776.XSHG,-0.00022108922889221713
603377.XSHG,0.0034889629790985765
000025.XSHE,0.000825768862284752
300960.XSHE,-0.0006329352224733993
605577.XSHG,-0.00020682041180158104
603508.XSHG,0.0009347602522387737
300893.XSHE,-0.0005627971368081462
002493.XSHE,0.006633170082822143
300434.XSHE,0.00011644073765391906
002515.XSHE,0.00013407429293756773
000821.XSHE,0.0014402769029855475
002097.XSHE,0.0015569543839045908
603079.XSHG,2.4548064300657676e-05
002822.XSHE,0.0023636353364327434
300520.XSHE,0.0002819511497987796
601928.XSHG,0.019266898188635213
600577.XSHG,0.0004779405510946023
000917.XSHE,0.0013012262141802447
600795.XSHG,0.0007372829235892901
300563.XSHE,-0.0002450993779536197
300491.XSHE,-0.000141072941856121
603166.XSHG,0.0036740152299387847
002969.XSHE,0.0037737778522783766
002453.XSHE,0.001046208758142743
002075.XSHE,0.007373190267273611
600097.XSHG,0.0007504089814102939
600764.XSHG,0.00033434504057339653
000039.XSHE,0.0006062694123367251
300677.XSHE,0.0006885253501053447
002882.XSHE,0.003281464280923059
002029.XSHE,2.6184595586541733e-05
002365.XSHE,-0.0001142074600665625
300494.XSHE,8.890450899011536e-05
002455.XSHE,0.00027001806808949424
300631.XSHE,-5.3853301796798246e-05
300585.XSHE,-0.0001363805837253819
300320.XSHE,-8.7916764763562e-05
603126.XSHG,0.0032279486204887806
601360.XSHG,0.03539316997482302
301052.XSHE,-0.0007539630061282295
600376.XSHG,0.0021629806319859324
300269.XSHE,-5.0678799767124236e-05
300346.XSHE,0.0002685379380833428
002796.XSHE,5.465909173566527e-05
688329.XSHG,-0.0006772522620255471
600990.XSHG,-4.312820098924936e-05
600499.XSHG,0.00045070875715304027
601200.XSHG,0.008087281078691229
688006.XSHG,0.0010158394361841148
600177.XSHG,0.0009619794304043864
603200.XSHG,-0.00013721587713720943
003036.XSHE,-0.00032163968981409796
601138.XSHG,0.029333149500414497
688138.XSHG,5.7748348264892446e-05
300571.XSHE,-0.00036962719510976274
000635.XSHE,3.2391147748936236e-06
000573.XSHE,-0.00012405052140068175
300011.XSHE,-4.7060209746631007e-05
600228.XSHG,0.0004818475069488082
688683.XSHG,-0.000491823206507358
300236.XSHE,0.0007662050443259618
600084.XSHG,0.0008361304468869533
688618.XSHG,-0.000841788805916473
600982.XSHG,0.0011149437219737431
300861.XSHE,0.0016197828700279025
600594.XSHG,-0.00022273365786520168
300783.XSHE,0.0018903251622407826
601607.XSHG,0.015783773230830515
688109.XSHG,-0.0006959123238924776
002564.XSHE,0.001963453673886645
000595.XSHE,0.0013955557689555918
002646.XSHE,0.0036458468606552913
605303.XSHG,-0.0004768755996421262
300271.XSHE,0.00035795963976014214
688571.XSHG,-8.840644708961714e-05
603333.XSHG,0.002607195412964609
002254.XSHE,0.0003594285391208359
000791.XSHE,0.0030700542229978416
002461.XSHE,0.010147993256332097
600490.XSHG,0.0011186185884034601
605001.XSHG,0.0010142925088942726
600963.XSHG,0.0035992067522669082
600508.XSHG,0.0016122281546867353
300201.XSHE,0.00015791601679375413
002396.XSHE,0.0014323587417981658
300380.XSHE,-0.0002928258897517169
002489.XSHE,0.0010235936213794945
603786.XSHG,0.00018030350920458915
300922.XSHE,-0.00042906522551218083
300454.XSHE,0.002853280700438519
688059.XSHG,-0.0004915475409402007
600587.XSHG,0.0002999390549191694
600073.XSHG,0.002373540911089622
000011.XSHE,0.0007483934890759286
002212.XSHE,0.003248380492352195
300675.XSHE,0.0005480238691489784
002058.XSHE,-0.0004969161974844621
600712.XSHG,-8.754585811233842e-05
002203.XSHE,0.0047181794832153795
002189.XSHE,0.00144826802106177
300716.XSHE,6.071284365482014e-05
600586.XSHG,0.0007623496014600227
000898.XSHE,0.025761365519218527
600745.XSHG,0.004212264148382494
688521.XSHG,0.0019581705249637074
603063.XSHG,0.0037838613941775555
605003.XSHG,-0.0006576909804390208
301037.XSHE,-0.0006648788992829426
300997.XSHE,0.000288998077601641
002314.XSHE,0.005170465817532434
300226.XSHE,-6.663032554451894e-05
600133.XSHG,0.0011899626751914463
603778.XSHG,0.000166545226325086
603808.XSHG,0.0008678740161765554
601099.XSHG,0.023667072444388145
002732.XSHE,0.000728988858266652
002673.XSHE,0.01613289536504287
000034.XSHE,0.0011618853242489552
301011.XSHE,-0.0004753166830231217
002482.XSHE,0.001077740591017824
002849.XSHE,-0.00033941449789294585
600673.XSHG,0.00206950438689007
600710.XSHG,0.0014019651465070424
002137.XSHE,0.00038502966425983415
600448.XSHG,0.0019466493372066848
601117.XSHG,0.04140568267983806
002622.XSHE,0.0007436713210807373
688067.XSHG,-0.0008182980611930393
002036.XSHE,0.0011635891987962887
600961.XSHG,0.0028720356256377944
603025.XSHG,0.0038633099789049203
003018.XSHE,-0.00021255110235344186
600302.XSHG,0.00013097310131742748
603367.XSHG,0.003595825339300208
601512.XSHG,0.007253292555409369
688690.XSHG,0.0003282996666156554
603681.XSHG,0.00025108778054215987
300281.XSHE,-0.00020301703435263445
600824.XSHG,-0.0004243243108585153
600756.XSHG,-0.00010527390859132156
002846.XSHE,-4.8606028046419654e-05
603187.XSHG,0.0001879468504933786
603335.XSHG,0.001548449031195576
002462.XSHE,0.0007035136395944716
002308.XSHE,0.0013138453042675644
002571.XSHE,-0.00010331681145255922
300887.XSHE,-0.0003045136052455188
603380.XSHG,0.0008366862620746922
002076.XSHE,0.00026870599033276214
002297.XSHE,0.0009525009342592228
002879.XSHE,0.00018160957553335438
300566.XSHE,-3.830247668657513e-05
600489.XSHG,0.0035819895422645647
603218.XSHG,0.0049445130385860035
603321.XSHG,0.0020544225941586643
002009.XSHE,6.385327595505048e-05
002012.XSHE,9.900488753631514e-05
003011.XSHE,-0.0006385067104773889
300973.XSHE,0.0001423669155860577
600238.XSHG,0.000525941177373993
603088.XSHG,-0.00014580322208998205
002523.XSHE,0.001105581264943897
300528.XSHE,0.0021634079510342444
603269.XSHG,-8.196334744498544e-05
300316.XSHE,0.0014823978080398077
600469.XSHG,0.0013098513736674146
600362.XSHG,0.013026425812722666
000628.XSHE,-0.0002244156194793483
002662.XSHE,0.0025072098909684187
601188.XSHG,0.010083514149294957
000045.XSHE,0.0008693099944725789
688365.XSHG,0.0010560178282318644
688057.XSHG,0.00013716497554256367
600714.XSHG,0.00033837935994201877
603015.XSHG,0.0010734293980471802
300220.XSHE,-0.0006007880571375405
600272.XSHG,0.0002617452007815384
688659.XSHG,-0.0005509375397980708
002867.XSHE,0.00405525263581132
688383.XSHG,-0.00015299961782851718
002131.XSHE,0.001032978578783626
600601.XSHG,-0.000601382273630065
000068.XSHE,0.0036149977780087173
000908.XSHE,0.0019075940530963909
600191.XSHG,0.0009094966559117742
000852.XSHE,0.0007675811925811657
002716.XSHE,0.0047407933927398685
601339.XSHG,0.005595471126320046
600479.XSHG,-0.0004625740487852997
002195.XSHE,0.0014857551138491474
002737.XSHE,0.0006748885547048217
002092.XSHE,0.006300439898960434
600743.XSHG,1.68052751327053e-05
601888.XSHG,0.00923836217767677
601975.XSHG,0.034503531041221905
000517.XSHE,0.0016695188813174106
601162.XSHG,0.033831070806611845
002173.XSHE,0.00038523239332151956
002718.XSHE,-0.0007418428824351247
688520.XSHG,0.0004864489454974167
000797.XSHE,0.0014851421019740209
300695.XSHE,-0.00016705553131119528
600513.XSHG,-0.00043556725793598343
605066.XSHG,0.0015929532050041732
600383.XSHG,0.002589105507559119
000553.XSHE,0.004936275556521423
002117.XSHE,0.00020017040238217711
002432.XSHE,0.0007558228725215014
002757.XSHE,0.00042516646017106113
000023.XSHE,-0.000452848715724728
300565.XSHE,0.00035697230494524657
600529.XSHG,0.0004502518865431684
688228.XSHG,-0.0006083198030212214
002007.XSHE,0.0003897696814865595
688096.XSHG,-0.00026887113204185765
300161.XSHE,0.0004294379620265765
002497.XSHE,0.0015287763717944233
600395.XSHG,0.00262630517177272
002884.XSHE,1.867140122576523e-05
600579.XSHG,0.0015286710987236457
002729.XSHE,-0.00016060193376637283
000732.XSHE,0.00633216004556847
300264.XSHE,-7.913326231804695e-05
605108.XSHG,-6.991390703993134e-05
600405.XSHG,5.698071428871659e-06
601211.XSHG,0.06416749160880132
688299.XSHG,0.001674244474581069
605222.XSHG,0.0005068839137264684
300717.XSHE,-0.0003649397559419255
600122.XSHG,0.0009892894190906653
688051.XSHG,-0.0005151796857836044
002383.XSHE,0.0005859387788978288
300223.XSHE,0.0012949882990642468
603189.XSHG,0.001514344967999505
600609.XSHG,-0.0001516541892765792
002578.XSHE,0.0009479773784706163
300277.XSHE,-0.00017972770527892258
002044.XSHE,0.0038398289462351553
002568.XSHE,0.0008106576870043689
603585.XSHG,8.67188919982313e-05
600227.XSHG,0.0016426049051370432
600540.XSHG,0.0004978761873706575
603066.XSHG,0.00010981895437389927
300872.XSHE,0.0008323223710054598
000616.XSHE,-0.0003659201231523271
002714.XSHE,0.0022351684100410138
300365.XSHE,-0.00021512411622765713
603615.XSHG,0.001204363210355615
000520.XSHE,0.0006706937582854413
688345.XSHG,-0.00035672568752641716
300425.XSHE,5.2108386476837874e-05
300322.XSHE,0.0003549828855927774
301060.XSHE,-0.00010901956291490086
002535.XSHE,0.0005721702462470795
601995.XSHG,0.0035114011902548786
002161.XSHE,-0.00010857046701384827
603489.XSHG,0.0005476627831822054
000723.XSHE,0.005806047390884043
002339.XSHE,0.00010538440497291429
001965.XSHE,0.017158343351554868
600388.XSHG,0.0007685026150439294
002937.XSHE,-0.00017446292203405112
300693.XSHE,2.4035592883993578e-05
603197.XSHG,0.0004838886447873763
300526.XSHE,0.00016279393754474957
000766.XSHE,0.0013715680443048257
600292.XSHG,0.0012462089837661705
002656.XSHE,0.0001262753430142571
002434.XSHE,0.0015008173525483358
600905.XSHG,0.06980593046576751
300410.XSHE,3.060788714694075e-05
688505.XSHG,0.002284904874753345
300492.XSHE,4.6220732559282686e-05
600010.XSHG,0.03808367401162053
300930.XSHE,-0.0005702731161386664
600262.XSHG,0.00022924368900962557
688030.XSHG,0.00023094744729994666
002536.XSHE,0.0002035921483054396
000930.XSHE,0.001409116763736188
603936.XSHG,0.0019395163438523477
300173.XSHE,0.0005858044595607136
603696.XSHG,0.00011547213345388112
300480.XSHE,6.584277236201005e-05
600638.XSHG,-0.0004439642306926994
603159.XSHG,6.210405464060931e-05
000726.XSHE,2.9450091823700103e-05
301009.XSHE,9.016745650465227e-05
603043.XSHG,0.003432741189409579
600883.XSHG,-0.00045549458312243996
600870.XSHG,-0.00029660317500600306
605389.XSHG,-0.00044244600805533004
603199.XSHG,0.000156517002868394
688158.XSHG,0.0028327341446156445
000428.XSHE,-7.070863015099568e-08
688355.XSHG,-0.0005546309449934444
002304.XSHE,0.0032187221045176283
300763.XSHE,0.0003598060140229874
002019.XSHE,0.0003116301903970483
000059.XSHE,0.008852154267564093
000976.XSHE,0.003802088772511987
300144.XSHE,0.001428672278568791
002830.XSHE,-0.0007305486996147804
600141.XSHG,0.00294439839577765
600215.XSHG,0.0013357237378680627
688055.XSHG,0.017622482078560858
300689.XSHE,-0.0003053608191524801
603706.XSHG,0.0006429709251567412
603511.XSHG,-5.498925024396875e-05
002028.XSHE,0.00016800632400311227
300004.XSHE,0.00041627448046059666
300286.XSHE,-0.00047450943723253123
300149.XSHE,0.00016724842814019284
600819.XSHG,0.001570622637070288
000782.XSHE,0.0007245524361979586
601005.XSHG,0.0795566964591755
300356.XSHE,-1.5078898421851854e-05
300009.XSHE,0.0003807290225085781
600104.XSHG,0.011957226048370894
688367.XSHG,-0.0007645469408584533
000820.XSHE,0.0006190235242453529
600800.XSHG,2.1359756062044118e-05
002989.XSHE,-5.613151473615719e-05
300648.XSHE,-6.120385625404788e-05
688063.XSHG,0.00024340193445509715
000026.XSHE,-0.0002732925015938613
605006.XSHG,0.0018157014844904637
002349.XSHE,0.0003923511805752354
002759.XSHE,0.001299073171745683
601619.XSHG,0.02168714635397805
603339.XSHG,0.0012191176299949712
603131.XSHG,0.00044183093233390056
300479.XSHE,-3.382786859669094e-05
600517.XSHG,0.0008646744243205826
000920.XSHE,0.0006704267802635033
300194.XSHE,0.0008097614763352604
300377.XSHE,4.723711241491125e-05
600023.XSHG,0.07475064147520305
603607.XSHG,3.3970786198981055e-05
000417.XSHE,-0.0003679487174329379
002332.XSHE,0.0032824707836013618
300499.XSHE,-0.00017460587528366617
603898.XSHG,0.00019852213956758516
300542.XSHE,-5.218470730738089e-05
600785.XSHG,-0.00038706911344611625
002394.XSHE,-0.0001743657139438112
002853.XSHE,-0.00039964258087550207
300785.XSHE,-0.00037649194687058006
000596.XSHE,0.0013562797011216076
002483.XSHE,0.002124113438012782
002976.XSHE,-0.0006002690336011176
600088.XSHG,0.0003621309654024815
300056.XSHE,-0.00024339831752796554
000678.XSHE,0.00012190719985925619
603112.XSHG,0.0008532807191500082
300354.XSHE,-0.00043570474698212793
603599.XSHG,0.0018964823631136306
600315.XSHG,0.0010689334863962516
300701.XSHE,-5.637655089641303e-05
600275.XSHG,0.0008044569572956694
605580.XSHG,-0.00030386499771280467
300017.XSHE,0.0006190483567629283
688566.XSHG,6.186574070983139e-05
603499.XSHG,-3.372034376158549e-05
688026.XSHG,-0.00010461642093158915
002921.XSHE,-0.0003884369013483806
603277.XSHG,0.003267738092589265
603628.XSHG,0.001933312798949908
002478.XSHE,0.001572141150717785
300682.XSHE,0.004503848426356083
002471.XSHE,0.0011049920431383102
601218.XSHG,0.0035143954972762965
688099.XSHG,0.002086530447082631
688218.XSHG,-0.00016977268110944977
600482.XSHG,0.006940918658051116
002010.XSHE,0.0032659020881753015
601390.XSHG,0.1320846922902647
600057.XSHG,0.0017470383428357917
605086.XSHG,-0.0004917415484507819
600079.XSHG,0.00088189691991976
000691.XSHE,3.705954665513336e-05
002177.XSHE,0.00014472988575667028
002920.XSHE,0.005341899484823649
300340.XSHE,-0.00025096301613747416
600665.XSHG,0.000762669325129663
300213.XSHE,0.00011243719825769201
002726.XSHE,0.0016827323907462907
300848.XSHE,-0.0005096958157883644
300438.XSHE,0.0002667112310479201
601798.XSHG,0.002363894186595464
688595.XSHG,-0.0002696710331793549
688068.XSHG,-0.0001378058126526611
600483.XSHG,0.006242784343856956
688199.XSHG,0.00016291162057041674
600761.XSHG,-5.077707337338783e-05
603086.XSHG,-0.00013361394888167623
002655.XSHE,0.0004279048144811156
002132.XSHE,0.001557030172941411
002438.XSHE,0.0005569859980555673
300198.XSHE,0.00013399567681820004
688793.XSHG,-0.0005235992878433971
002305.XSHE,0.004367209385180255
601108.XSHG,0.03399046518089619
000407.XSHE,8.075376306769673e-06
002294.XSHE,0.0008055928185180582
600731.XSHG,-0.00019198287186920752
300113.XSHE,-8.64131130729454e-05
603353.XSHG,-0.00026065519078352173
300107.XSHE,-0.0003775028253110613
002950.XSHE,0.0009188679646375444
002821.XSHE,0.0013682138510461663
603529.XSHG,0.0003170493222527692
000969.XSHE,0.0009907092028481504
300443.XSHE,9.038469309285968e-05
300609.XSHE,-0.0001009411367865451
603301.XSHG,0.0005109458713367964
600291.XSHG,0.0026964298577895024
002056.XSHE,0.0015811681053289756
603895.XSHG,-0.00020723939735039013
000729.XSHE,0.002739007448417816
002961.XSHE,0.0006445184616743239
300136.XSHE,0.0004102475629421164
300630.XSHE,0.0006523894359879854
000962.XSHE,0.0006861089151739313
600054.XSHG,0.0005712991703262253
688189.XSHG,0.00024657004600019486
000622.XSHE,-0.00048725658971361934
600330.XSHG,0.0015861579410859671
600727.XSHG,0.0002628894706981532
001201.XSHE,-0.0002844953700365625
600519.XSHG,0.002078552149749661
003041.XSHE,-0.000653523702417834
688733.XSHG,2.1581674084818572e-05
300972.XSHE,-0.0005567407440277411
603916.XSHG,0.0027680787436220235
000757.XSHE,0.00016815128980984296
600894.XSHG,0.0016755233630501255
000982.XSHE,0.0020975365261567598
300621.XSHE,0.00035040959057988316
603813.XSHG,-0.000226001172298142
603136.XSHG,3.5798807850831666e-05
603093.XSHG,0.0005697300614537765
002863.XSHE,0.0020274868396305593
002840.XSHE,0.001094568676443475
300196.XSHE,0.00016500168699114704
300484.XSHE,-0.0004426611163430046
600150.XSHG,0.007685725843849365
301059.XSHE,-0.0005567908853441055
300546.XSHE,-0.0005866609839553334
300625.XSHE,0.0005073275016286332
600753.XSHG,-4.75920506585938e-05
002987.XSHE,4.268476978202336e-05
600343.XSHG,0.0014896396626385739
301045.XSHE,-0.0005638369087642059
002255.XSHE,0.0008736058324598299
002023.XSHE,0.00022976266589980042
601677.XSHG,0.0059466051339317205
000886.XSHE,0.0024616120581072544
301001.XSHE,-0.0006774250936408393
300179.XSHE,-0.00019712709305132257
601825.XSHG,0.009761449138229315
002356.XSHE,0.0001452724899443159
600163.XSHG,0.004508232025082612
600509.XSHG,0.0013434634649059649
300171.XSHE,0.0003220635193256029
002005.XSHE,0.0008883792493228665
002248.XSHE,0.0006637379032608816
601009.XSHG,0.015305140590753826
603037.XSHG,-0.0002897096521975954
002002.XSHE,0.002493524694852932
600767.XSHG,-2.280086418946989e-06
600683.XSHG,0.0005306570890369289
601998.XSHG,0.1320846922902647
003001.XSHE,-0.0006121516458214649
300342.XSHE,0.00034489000348857004
600791.XSHG,-0.00037044944205613184
000426.XSHE,0.0005370610919215928
603016.XSHG,0.0005426146616048782
600468.XSHG,0.00026887613735011395
605058.XSHG,-0.00044379089957617224
605008.XSHG,0.0009523542453776367
000731.XSHE,-4.274969738430744e-05
603232.XSHG,-0.00013861582935879488
002949.XSHE,6.292004707329941e-05
300822.XSHE,-0.00046323546007530077
002207.XSHE,0.0001494039261038249
600161.XSHG,0.000934437132533933
002566.XSHE,-8.983644534010576e-05
688129.XSHG,-0.0006360916687878875
600635.XSHG,-0.0002592813105770572
603515.XSHG,0.0050845145917650025
300294.XSHE,0.0005719651453370809
603167.XSHG,0.002937620224571184
300037.XSHE,0.0008968863405369081
601997.XSHG,0.018832921326774305
300038.XSHE,0.001761647236029793
002594.XSHE,0.011637107585777573
000713.XSHE,0.00023455083358046142
600360.XSHG,0.0007045274619901438
002368.XSHE,0.0007176815306411503
300589.XSHE,-0.0002445760168540336
603238.XSHG,0.00024790193970605973
605259.XSHG,-0.0006426739435320841
603090.XSHG,-2.6385436815745005e-05
002350.XSHE,0.00036797242039991165
002650.XSHE,0.0007994518802107573
688656.XSHG,-0.0006627059438660509
300573.XSHE,0.00012672315475072555
002262.XSHE,0.0006585499850718629
002449.XSHE,0.0013880967556951593
603568.XSHG,0.004395938321715716
300613.XSHE,0.00018194741492336987
300976.XSHE,-0.00041934570768397517
600282.XSHG,0.006477016647427411
000531.XSHE,-0.0001004589036064118
688625.XSHG,-0.0002710866166247765
300027.XSHE,0.0010157203295958729
603878.XSHG,0.0008947060686547307
603956.XSHG,0.0003012536056110109
688378.XSHG,-0.00024965271289478455
605162.XSHG,0.0001066193843364938
002798.XSHE,8.8367018584457e-05
300634.XSHE,0.003164065446707663
605299.XSHG,-4.263676132311618e-05
000008.XSHE,0.00041290515526297064
600015.XSHG,0.02675580503443735
603260.XSHG,0.006765361856041114
002597.XSHE,0.0009130391139179549
600597.XSHG,0.004586026654674078
000681.XSHE,0.0006981147402185589
600793.XSHG,-0.0001443189692058955
688550.XSHG,-0.00011644105897222826
300444.XSHE,0.0005803955770712131
002386.XSHE,0.003963555283740592
002470.XSHE,0.006541754656211397
603869.XSHG,0.0026777093799012974
603121.XSHG,-3.79970657308368e-05
603843.XSHG,0.0031167864335509797
300953.XSHE,-0.0003277041923722445
300141.XSHE,-0.00041579673278872674
600237.XSHG,0.0005481733370832226
601016.XSHG,0.020685768922837418
300926.XSHE,-0.0004763070030600685
603978.XSHG,7.025455455436929e-05
601238.XSHG,0.0421619387851286
300696.XSHE,-2.2432943128268318e-05
603077.XSHG,0.006277103191970602
002153.XSHE,0.0002635627373836809
603118.XSHG,0.0026186798956282665
600581.XSHG,0.0019471545472130925
600052.XSHG,0.001391716581335712
600211.XSHG,0.000663825300400161
603926.XSHG,0.00022921034228000066
603903.XSHG,0.00010196512313617896
603616.XSHG,0.0005837666882093069
688328.XSHG,-0.0006713276213552825
300422.XSHE,1.1972095035251871e-06
601212.XSHG,0.07347875035272404
300477.XSHE,0.0005261793029839053
600446.XSHG,0.00011961895510880264
300471.XSHE,0.00012598375480190552
600063.XSHG,0.0010561851244134085
600308.XSHG,0.0011071562988889654
300840.XSHE,0.0006962080921643914
600373.XSHG,0.0025656418837718734
601366.XSHG,0.007009436379295137
603029.XSHG,-0.00016997890713140612
688310.XSHG,-0.00042085170648167907
600187.XSHG,0.0029310928481517543
600640.XSHG,0.0002832557303514145
600072.XSHG,0.0012944465433555052
002358.XSHE,0.0002071786355839438
300059.XSHE,0.0018387656090936197
000685.XSHE,0.000461575304089259
300798.XSHE,0.0014213796726923267
002352.XSHE,0.013213496693735092
300903.XSHE,-0.00022518003803615534
002577.XSHE,0.0003893150065918961
688018.XSHG,0.00011946772649787428
300066.XSHE,-0.00019073581901914036
002707.XSHE,-0.0001899840101519648
002532.XSHE,0.001708326408781259
300916.XSHE,-0.0006404429977539451
002910.XSHE,0.0007882805753984116
600520.XSHG,-0.00039320451903768845
603799.XSHG,0.006849632903504976
300854.XSHE,-0.0005526862090349642
600841.XSHG,0.0015394001677238903
688288.XSHG,-0.0002842585524001623
688579.XSHG,0.002085991475886465
000544.XSHE,0.002017314199363818
301007.XSHE,-0.0004860161541582195
600257.XSHG,-5.941759363235484e-05
000639.XSHE,0.0003408916811179333
600818.XSHG,0.00025855187772880304
002986.XSHE,0.00014448087628535938
300680.XSHE,-0.00011893241140508728
000819.XSHE,-0.0005539479497701534
002810.XSHE,0.000552422714988592
300807.XSHE,-0.0007184275752683677
002778.XSHE,-5.0487765863831764e-05
300155.XSHE,-0.0004184053765920041
000516.XSHE,0.00022256628158816787
688360.XSHG,-0.00041642157880494694
000903.XSHE,0.0010868770959246393
002444.XSHE,0.002317350273521758
000768.XSHE,0.0034589406560451815
603679.XSHG,7.024313167314548e-05
600148.XSHG,-0.00048642030432603594
603385.XSHG,0.001811169624280077
000576.XSHE,5.804304383344222e-05
605183.XSHG,-8.134979213098752e-05
300627.XSHE,0.0006038380795120094
000547.XSHE,0.0008660501049065546
688239.XSHG,-0.0002788030956317336
300005.XSHE,8.637925509759976e-05
001211.XSHE,-0.0007413428210376027
002812.XSHE,0.0027715629631396227
603500.XSHG,0.000279884901383247
002206.XSHE,0.0004165864628930806
000571.XSHE,-0.00028743829283852046
300957.XSHE,0.0007304468913526948
600789.XSHG,0.002524864311250663
600548.XSHG,0.00540983317476906
002059.XSHE,0.002760865382040711
603729.XSHG,-0.0004647534124493335
002162.XSHE,0.0031500258031670835
603328.XSHG,0.0030012762043099507
002582.XSHE,4.169540846816935e-05
002429.XSHE,0.004788083989249677
600909.XSHG,0.03987637537914202
300506.XSHE,0.00031470138065844565
601799.XSHG,0.0022534650531934536
002188.XSHE,7.074830913336065e-05
600919.XSHG,0.11559865463186517
600993.XSHG,-4.6875146219107556e-05
300413.XSHE,0.005547243385056168
002454.XSHE,0.0015021307660355817
601919.XSHG,0.08386085532170232
600329.XSHG,0.0015174314636933865
002562.XSHE,0.0003194152312158028
000806.XSHE,-6.674044062153581e-05
600867.XSHG,0.00035005997118286796
300250.XSHE,-0.000517853354995668
300327.XSHE,0.0008508936686968092
600380.XSHG,0.0014638354542008598
603667.XSHG,0.0012295403464116863
300777.XSHE,0.0023600717042756257
600667.XSHG,0.003553219366626016
003010.XSHE,-0.0005689579315973824
688155.XSHG,-0.0002039061533512705
601000.XSHG,0.010536713724771055
600861.XSHG,0.0007239009089707003
002072.XSHE,0.0003721138780905823
603087.XSHG,0.002012143519072234
600528.XSHG,0.004582374611052911
002995.XSHE,-0.0006175234058986416
300971.XSHE,-0.0006028946278151968
000736.XSHE,0.0008043946660551328
600759.XSHG,0.00454091856213246
300116.XSHE,0.004006062780902633
002088.XSHE,0.000373830890495711
002346.XSHE,0.001249527295605581
300110.XSHE,0.0015189179413137473
002175.XSHE,0.00021940668902401125
300519.XSHE,-0.0003437380684679621
301006.XSHE,-0.00043032658793262535
605177.XSHG,-0.0005200298084689732
300143.XSHE,0.0007758442118629668
300620.XSHE,0.00038543073691525904
001203.XSHE,0.002017040237909007
688660.XSHG,0.0033303726908091805
688396.XSHG,0.0034792393563848143
603179.XSHG,0.0014778143370710152
601968.XSHG,0.007660825924775515
300359.XSHE,-3.455215407207669e-05
300459.XSHE,0.0016982077406087288
002219.XSHE,0.0005383575955619342
002912.XSHE,-0.00017381663925953325
300703.XSHE,-0.00021893538722240363
603109.XSHG,-0.00027693832839692116
300568.XSHE,0.0013602546981440653
000800.XSHE,0.0030459488918696954
600114.XSHG,0.00029857119001624164
300819.XSHE,-0.000596902747262684
300855.XSHE,0.0006390427573882669
003032.XSHE,-0.00010406074445467412
300128.XSHE,0.0003600885557293365
000538.XSHE,0.0005873667607126055
600886.XSHG,0.001559245217272376
300936.XSHE,-0.0006091371312744558
600425.XSHG,0.0017104889454105496
300846.XSHE,0.0019755752174500808
300527.XSHE,0.004321098662092368
000001.XSHE,0.0019058792806387072
000761.XSHE,0.017892173706040793
688179.XSHG,-0.0002949815733425165
601882.XSHG,0.0046537789913149155
600120.XSHG,-2.1758302068481425e-05
603929.XSHG,0.0011279072351729155
002223.XSHE,0.0009100540876724226
300664.XSHE,0.003987489383957817
000728.XSHE,0.015519336925245151
300521.XSHE,-0.00010415920747654879
600655.XSHG,3.8012620001647205e-06
002151.XSHE,0.0004574776347510371
002251.XSHE,0.0011459542897960511
601696.XSHG,0.01436803277515596
300608.XSHE,-0.00030726731996907593
300252.XSHE,0.00021457351038828504
002416.XSHE,0.0038120945076714147
603657.XSHG,4.080705001508302e-05
600486.XSHG,0.0007086692536283075
688038.XSHG,-0.0006680098940719654
002241.XSHE,0.001599378024617105
300796.XSHE,-0.00031024980615427643
000762.XSHE,0.0008183309479156767
601330.XSHG,0.008271112330963608
603020.XSHG,0.0007738144531358322
003816.XSHE,0.09263102371179109
002437.XSHE,0.0007578161244922995
300885.XSHE,-0.0005531186521634897
688050.XSHG,0.0005120616091747269
603755.XSHG,-0.0004224074238141725
688097.XSHG,0.00013557879558759978
000790.XSHE,-0.0003210761114931742
300645.XSHE,-0.0002046616775337309
603856.XSHG,0.001004458438422634
603356.XSHG,0.000318929040177093
688148.XSHG,0.0003232112325945516
300069.XSHE,-0.00026918176589297313
688135.XSHG,-0.0003584251153154547
603609.XSHG,0.0050832403014256814
000151.XSHE,0.00011874054944033036
000700.XSHE,-0.0001561088285626411
300550.XSHE,0.00014207387518639996
600171.XSHG,0.002289569445018589
603887.XSHG,0.0007182155749827783
300470.XSHE,-6.753800010306341e-06
600480.XSHG,0.001956767587230346
300788.XSHE,-0.00011814190093812184
688575.XSHG,-8.64168939698669e-05
002054.XSHE,0.0003994680090794577
300862.XSHE,0.00014238032320803206
002094.XSHE,0.0004652418718988585
002888.XSHE,-0.0005744450195704401
300266.XSHE,0.00020055949193823787
603028.XSHG,0.0012744199312345298
002341.XSHE,0.0005249443790268468
600028.XSHG,0.1320846922902647
002765.XSHE,0.0012360860911312648
600152.XSHG,0.0005905670588773824
600858.XSHG,-0.00010086931326194412
600889.XSHG,-6.960003472309306e-05
002962.XSHE,0.0003715821325662896
601007.XSHG,0.0017670913758159388
600300.XSHG,0.001635522860538039
603726.XSHG,-2.0867830504649252e-05
002589.XSHE,0.00058524146369896
601878.XSHG,0.03501189213936082
300769.XSHE,0.0002755898519085424
688556.XSHG,0.0005473537278957515
300980.XSHE,-0.0006658357014793386
688661.XSHG,-0.00040172663649645714
300895.XSHE,-0.0004632450498358536
300285.XSHE,0.0005948368163787285
601999.XSHG,0.004214869454230458
601231.XSHG,0.009635668700688835
603901.XSHG,0.0006005040551414695
002001.XSHE,0.0008608013733040752
002279.XSHE,-0.00015609931231816323
688117.XSHG,-0.0006636930029412002
301065.XSHE,-0.000574707035010313
600199.XSHG,0.0008412141319261905
603709.XSHG,-0.00029332727086972034
000900.XSHE,0.0005437290791297113
600416.XSHG,0.0015277247497521116
001202.XSHE,-0.0006013901077177462
601088.XSHG,0.08256467473414443
600267.XSHG,0.001062368519508539
300023.XSHE,-7.640698573160734e-05
000505.XSHE,0.001239409268992418
300605.XSHE,-0.00042305517515613415
002875.XSHE,-0.0005521890550665878
000627.XSHE,0.0012568052840880397
600533.XSHG,0.00033914041899138156
300301.XSHE,0.0005504778141900163
000540.XSHE,0.0005883516725069206
300481.XSHE,0.000204674116094364
300450.XSHE,0.0009764837124449556
300811.XSHE,-0.0002542299922325778
002244.XSHE,0.003931330244060465
002503.XSHE,-2.8919434038009173e-06
601872.XSHG,0.04386084816870675
688139.XSHG,0.0016956727485827594
002109.XSHE,0.0022658234215176343
600698.XSHG,0.0004658287411043443
300927.XSHE,-0.000580852690479821
605080.XSHG,-0.00036892286840531087
002285.XSHE,0.000835071730460588
002672.XSHE,0.000514512099925111
000040.XSHE,0.001677652783472164
300065.XSHE,-2.3528692598256398e-05
600281.XSHG,0.0018922057672914106
600231.XSHG,0.002772292101103636
603566.XSHG,0.0008704883394944175
300451.XSHE,0.0003221902249451295
002539.XSHE,0.0008170387790572373
601015.XSHG,0.00820173779618237
300074.XSHE,-0.0005367230773688681
000835.XSHE,-0.0008160612038587034
002060.XSHE,0.0024595192542656063
600706.XSHG,-0.0003179859808842973
601869.XSHG,0.003679716239718988
300449.XSHE,-0.00022921722016079453
300700.XSHE,-0.00045187970155224954
603059.XSHG,-0.00015016943035837818
300925.XSHE,-0.00032107131271919345
600663.XSHG,0.0021990412651487993
002519.XSHE,0.00017380648260643136
002593.XSHE,0.0006292272534154459
600774.XSHG,-0.0003378969851515573
601011.XSHG,0.005606868035384958
601156.XSHG,0.0014939693726861928
000929.XSHE,-0.00028941062288876903
600661.XSHG,-0.0003012906141033173
605077.XSHG,-0.00028844924666852385
300261.XSHE,0.0004039741001110734
300319.XSHE,0.0004330238436176642
300858.XSHE,-0.00045184866784534253
002693.XSHE,0.0001918910872449113
605199.XSHG,0.0003065078765233588
300079.XSHE,0.0006308864452257441
300071.XSHE,-0.00047968809754597144
300511.XSHE,0.00023257283611352077
603918.XSHG,2.341802741910148e-05
600156.XSHG,0.0011213166784179332
601008.XSHG,0.00540755920667127
603045.XSHG,1.589791228528807e-05
003016.XSHE,0.0003824795308442155
600928.XSHG,0.010263808714123619
300551.XSHE,-9.284925265866297e-05
603351.XSHG,-0.00043840780834816985
300739.XSHE,0.0005278265933035492
300713.XSHE,-0.0005290509761995113
000004.XSHE,-0.0006626715398680184
002266.XSHE,0.0024974937293237545
603026.XSHG,0.0019849525796683583
688338.XSHG,-0.0004808330747757149
002801.XSHE,-0.00046722640100271704
002817.XSHE,-0.0004309794973974343
300195.XSHE,0.00011335985112201135
600545.XSHG,0.003812858330686674
601990.XSHG,0.029305114882778323
600739.XSHG,0.00040733332756769645
002537.XSHE,0.0011107353206343054
300847.XSHE,0.000310524286787669
603095.XSHG,-0.0004355804647633804
002016.XSHE,0.00032701332094180007
002567.XSHE,0.0016796578697499261
002721.XSHE,0.0015748392963846104
002862.XSHE,-0.00040704148763531106
600467.XSHG,0.0008556159527110801
002164.XSHE,0.0006462591918925826
603716.XSHG,-0.0003459263022879107
603970.XSHG,-0.00012485617185810371
688663.XSHG,-0.00047429052721288824
000657.XSHE,0.001836627045443827
688608.XSHG,9.927342972092227e-05
600675.XSHG,3.93584235621094e-05
600562.XSHG,0.0006255251988337225
002448.XSHE,0.00013237443517937202
002409.XSHE,0.0008699941957154561
603221.XSHG,-0.0003227984035855427
000638.XSHE,-0.0003309945983418001
002792.XSHE,0.00011394796739835108
002977.XSHE,-0.0003388572670948344
603861.XSHG,0.003290790908480794
688128.XSHG,0.0005218605877266224
600576.XSHG,0.001148907677972675
601901.XSHG,0.07933333594250713
605068.XSHG,-0.0002913397877437945
605337.XSHG,-0.00014681187193574247
002200.XSHE,-1.174277303337681e-06
300013.XSHE,1.2059334301379033e-05
002433.XSHE,0.0011254829820105563
688633.XSHG,-0.0004936632246907237
600162.XSHG,0.003711982444771924
300455.XSHE,0.000947008430194415
603859.XSHG,0.0006843043911941541
300768.XSHE,0.0010667006237002306
600702.XSHG,0.0010535547281413816
605136.XSHG,-8.814418662184142e-05
688711.XSHG,-0.0002815260362189964
688156.XSHG,-0.0003087977760913098
300951.XSHE,-0.000402315300616796
688101.XSHG,0.0011668631502815344
300501.XSHE,-0.0005259935341604953
300813.XSHE,-0.0005700010198112062
002446.XSHE,0.001008368618090516
000032.XSHE,0.0007167347100895097
300101.XSHE,0.0003259082077007776
300321.XSHE,-0.0005735072959288833
603703.XSHG,0.00042083067069127766
688311.XSHG,0.0001055062159115058
000767.XSHE,0.002258825682526417
000035.XSHE,0.004936429553846882
300600.XSHE,-5.39564475079765e-05
300772.XSHE,0.0016063912134733804
601186.XSHG,0.08973058325821669
000701.XSHE,0.0015127768513922713
688558.XSHG,-0.00020012205589818225
600685.XSHG,0.00389344427380696
600617.XSHG,-0.0003256216193043219
300870.XSHE,-0.00017846351569721064
601155.XSHG,0.0144077995652941
603379.XSHG,0.0011126421147470865
000009.XSHE,0.0025832308639817466
300671.XSHE,0.0009003554553665414
605133.XSHG,-0.00044356080083936657
000100.XSHE,0.04038923972944624
300537.XSHE,2.983831122264349e-06
600979.XSHG,0.0015159573192812966
605298.XSHG,-0.0006464248810966325
002141.XSHE,0.0008555000041245097
688098.XSHG,0.0018936077258812035
002893.XSHE,0.00022349997589419406
688555.XSHG,-0.0004888066941794738
300389.XSHE,-0.00045234897837978006
605365.XSHG,2.47185667450391e-05
600128.XSHG,-0.0001714273738328948
002034.XSHE,0.0007011308303034166
000753.XSHE,5.576673996309054e-05
600256.XSHG,0.0016177862725581995
000892.XSHE,0.001309448716364989
002516.XSHE,0.0005635600212032311
002490.XSHE,0.0019121506622902656
600757.XSHG,0.001094250998690254
600711.XSHG,0.0023935534724930175
688201.XSHG,-0.00048783099101070966
600959.XSHG,0.03256203364631291
301061.XSHE,-0.0004492997015338326
688319.XSHG,-2.809997920755978e-05
603319.XSHG,2.4068784240963647e-05
603601.XSHG,0.00025670742455357275
000858.XSHE,0.002430181680924761
002800.XSHE,-0.0003495233271455688
300632.XSHE,0.000242866455136437
300447.XSHE,-0.0001150270531447711
300918.XSHE,0.00012085170365016022
002172.XSHE,0.0017540991312349243
300001.XSHE,0.0012045447323668656
301067.XSHE,-0.0006533031364452755
600170.XSHG,0.005299709738479434
002377.XSHE,0.0013241880376305892
002872.XSHE,0.00040424631059659383
002286.XSHE,0.0003692118214144003
600096.XSHG,0.007274489399327209
002909.XSHE,0.00029854458150500277
000590.XSHE,-0.00047795840677270217
000889.XSHE,0.0008422705136579847
002572.XSHE,-1.522935442508722e-06
300812.XSHE,-0.0005015134337912077
600321.XSHG,0.0011281756769038634
600846.XSHG,-0.00036399184274942686
603855.XSHG,0.0023112113518966816
688588.XSHG,0.00188362921066253
002943.XSHE,-0.00042044474554707304
605399.XSHG,6.697215414791838e-05
002941.XSHE,0.0013740310044307912
000401.XSHE,0.0019069288016687635
688305.XSHG,-0.0002982567026253089
002835.XSHE,-0.0003102775265780821
002139.XSHE,0.0002719929111478635
002302.XSHE,0.002583064780590275
000928.XSHE,0.005327287789104695
000988.XSHE,0.0008313412734100006
600213.XSHG,0.0004002049873037684
300235.XSHE,-0.0006988748065680676
002709.XSHE,0.0012572217340957924
000802.XSHE,0.0012673154008054643
601002.XSHG,0.007094227717705576
603035.XSHG,0.002510371314939691
600241.XSHG,0.00025012927451718684
002040.XSHE,0.0007775687650427498
688377.XSHG,0.0002512498010322624
003030.XSHE,-0.0005246295330212257
002218.XSHE,0.0017093820803423944
000625.XSHE,0.005568807301872312
000739.XSHE,0.000914779756992337
002648.XSHE,0.0029235822111208887
603332.XSHG,-0.0006818775402400474
002068.XSHE,0.0006611134859224027
300158.XSHE,0.0017033811261772218
301004.XSHE,-0.0007085172330372224
601006.XSHG,0.07230153539906325
300180.XSHE,0.0014717539015366996
002605.XSHE,0.0001332503145599033
002135.XSHE,0.002633213033691098
000863.XSHE,0.0009623765802801126
002670.XSHE,0.00666994542889812
002682.XSHE,0.0012239928406027976
300416.XSHE,3.222414732615569e-05
002643.XSHE,0.0012781659292032846
002808.XSHE,-0.00017703050321765158
300315.XSHE,0.0017087894930915143
300391.XSHE,0.0003580551936074038
688655.XSHG,-0.0005680600171699105
300052.XSHE,0.00023398795929052902
002619.XSHE,0.0015685982486092415
000876.XSHE,0.0024472005358407898
600290.XSHG,0.0006679053840008576
300548.XSHE,1.5190775756821298e-05
603663.XSHG,0.0006498648692134078
002531.XSHE,0.0020612359222232203
603811.XSHG,3.7827310741602197e-06
603833.XSHG,0.0043554960484718805
300166.XSHE,7.666902233450091e-06
002392.XSHE,0.000432839238796394
002091.XSHE,0.0018955050683584602
300349.XSHE,-3.6492608480015345e-05
002336.XSHE,0.0021788402063440196
002647.XSHE,0.0009484637808107527
300208.XSHE,0.0001984675836749233
000922.XSHE,0.0015257166039613261
300591.XSHE,0.0007837183921449709
300146.XSHE,0.00028776535373256553
603181.XSHG,0.0013861775745318012
600418.XSHG,0.0028103737892537866
688567.XSHG,0.007892595889413778
000504.XSHE,0.0002896997914263132
603828.XSHG,0.00038929191022110253
300350.XSHE,0.00023344815903485715
002082.XSHE,0.00020491041963004164
300912.XSHE,-0.000543074360878345
002847.XSHE,0.0005063557528084737
600532.XSHG,0.0017270304237106356
300898.XSHE,-0.0004487575283838464
300241.XSHE,0.000435627202701521
600022.XSHG,0.0190461843445533
688093.XSHG,-0.00018847295147033912
300105.XSHE,0.0001143608025345786
000738.XSHE,0.006138412713116303
600619.XSHG,-0.00038630971400461535
300024.XSHE,0.00031396699968991136
603012.XSHG,0.0022972552208628035
600273.XSHG,0.008214767451975894
603739.XSHG,2.0896044716036386e-05
600895.XSHG,0.0005765686802544825
600866.XSHG,-0.0003247209930018469
002534.XSHE,0.002931974047678473
002742.XSHE,4.267595017469841e-05
605028.XSHG,-0.00034661617125061216
688418.XSHG,0.000458525580262467
603027.XSHG,0.001261298500668897
002127.XSHE,0.0015991873403997546
600403.XSHG,0.004052996817666031
000631.XSHE,0.0007160558568929396
300254.XSHE,0.000389303634606965
600019.XSHG,0.08204950914604657
300516.XSHE,0.0005486001156987845
600356.XSHG,0.0005279510283420371
000069.XSHE,0.0015353667779504855
000572.XSHE,0.003110388705714312
300145.XSHE,0.0003279180158527453
002021.XSHE,-0.0003007228560583387
000419.XSHE,-0.0005423508650268192
603806.XSHG,0.0042014443127383954
002420.XSHE,0.0029594968803662155
605228.XSHG,3.462601521624054e-05
300602.XSHE,0.00016002035847170195
300224.XSHE,0.0012367560550856009
600555.XSHG,0.001349306148479799
688301.XSHG,0.00023905093269020866
300549.XSHE,-0.0004219478945629094
300462.XSHE,-0.00020575674672702253
300583.XSHE,0.00015678334154010291
600080.XSHG,-0.0003029897091144715
600853.XSHG,0.0023217641535472552
301016.XSHE,-0.0005048173106659834
600582.XSHG,0.0008259114269599696
600748.XSHG,0.0022623157049820037
600397.XSHG,0.0016799733878841991
002741.XSHE,0.0005756288152050808
002743.XSHE,0.0012114353635699938
300679.XSHE,0.0005538286707825143
002147.XSHE,0.001016658602853643
600535.XSHG,0.0010084231162125808
601609.XSHG,0.005473453231239975
002603.XSHE,0.003317455576844002
688276.XSHG,0.00024514205219219155
002807.XSHE,0.015530333599139396
300504.XSHE,0.001314976182095677
300931.XSHE,-0.00021741851214726919
688687.XSHG,-0.00032447570926009744
002208.XSHE,0.0005612527532393904
300085.XSHE,3.347630316801153e-05
300975.XSHE,-0.0001353969278537194
002945.XSHE,0.007333753517537504
000983.XSHE,0.004700521865391836
001212.XSHE,-0.0006031212405185627
600771.XSHG,0.00028163061032837036
600908.XSHG,0.014993676754953306
603519.XSHG,-8.506428780937609e-05
300015.XSHE,0.0014993852223281613
002758.XSHE,-0.00018823507875178182
300915.XSHE,-0.0005691440731312952
605179.XSHG,-2.8417388634253667e-05
688191.XSHG,-0.00045954500327092824
002802.XSHE,5.079879849643359e-05
603612.XSHG,0.0025343193383218303
300408.XSHE,0.004198046969849291
000529.XSHE,0.0009203095957632752
688336.XSHG,0.0002945830827631146
600620.XSHG,-0.000563663843201074
300959.XSHE,-0.0005460065139524016
002211.XSHE,0.0016621941140373326
002505.XSHE,0.0032565615453341644
600515.XSHG,0.007322091333054856
603220.XSHG,0.001135850327621557
002813.XSHE,-0.0003014394948170463
688005.XSHG,0.0027594230135615226
688029.XSHG,0.0002718892749927728
002464.XSHE,0.00039304752100989375
300638.XSHE,0.00024472525604011223
300815.XSHE,0.00013985100904688664
600666.XSHG,-0.0003029638635541846
000758.XSHE,0.0007524043334203253
000861.XSHE,0.00039750482246999935
300733.XSHE,0.000376111095238969
300442.XSHE,0.00024213927704494595
301070.XSHE,-0.0006663587317100916
002423.XSHE,0.011431771262654543
300515.XSHE,-6.348260511200956e-05
002637.XSHE,0.0003808735948738715
301027.XSHE,-0.0005094344544256115
300089.XSHE,-0.00026508833677520085
688025.XSHG,-0.00014223021533132365
002898.XSHE,-0.00010184514445991542
300845.XSHE,-0.00036531934711808863
300995.XSHE,-0.000647438100478616
601168.XSHG,0.020772724545527487
688208.XSHG,0.002581902900799322
300192.XSHE,-0.00023934866222488963
002360.XSHE,-0.00032897094449644345
003035.XSHE,0.007460915997875283
002666.XSHE,0.0002353680561637927
600783.XSHG,0.0007391568535399511
600182.XSHG,0.0007535079421828155
600358.XSHG,0.0005272971653155022
002960.XSHE,0.0007326034585278789
603577.XSHG,0.0002923328985673661
600827.XSHG,0.001655867462549918
000897.XSHE,0.0019023190724251062
002587.XSHE,-0.00018993946641679405
002588.XSHE,0.0003037189031976161
300993.XSHE,-0.000516936097628322
300446.XSHE,-0.00040232188468395345
600017.XSHG,0.008724281467323214
688086.XSHG,0.00036259534512389036
600875.XSHG,0.006447084163786134
600326.XSHG,0.0005334330822707629
603908.XSHG,-0.0002696410124356472
603222.XSHG,0.000896422902613581
603877.XSHG,0.003808434135013381
002538.XSHE,0.0013702756391021417
000860.XSHE,0.0022595412695463786
000536.XSHE,0.0052058453798208915
300760.XSHE,0.005216474121588389
600449.XSHG,0.000563497655317064
688696.XSHG,-0.00011562159621128082
000895.XSHE,0.0008467521850281694
002234.XSHE,0.0002991405903627893
300211.XSHE,-0.0003208419494988138
603595.XSHG,0.00019616162886140884
002426.XSHE,0.005271239035199478
300233.XSHE,0.0012412110959290298
600623.XSHG,0.0005025465483532922
002895.XSHE,0.0043349049265510985
002981.XSHE,-0.0006910811618409316
603727.XSHG,0.001712962329179873
000600.XSHE,0.0010238749406532633
002299.XSHE,0.004769842204573218
002422.XSHE,0.0014487242232441332
300050.XSHE,-0.00025339521982623795
603920.XSHG,0.003027363713421322
002313.XSHE,0.0006768242521766486
002322.XSHE,2.7081263541228967e-05
603267.XSHG,0.0010005818069368025
002816.XSHE,2.3592334280477228e-05
000697.XSHE,0.0008938230357815322
002903.XSHE,-0.00027087852233093534
603662.XSHG,-0.00011229929371989742
688116.XSHG,0.001654303251745836
600906.XSHG,0.004938132770596849
600027.XSHG,0.041733286269217296
000960.XSHE,0.004827287261306086
300655.XSHE,0.0005671298667673608
002685.XSHE,0.0021124871847444967
600311.XSHG,0.00040512650922941624
301012.XSHE,-0.000626611026700131
600165.XSHG,0.0008670855703496424
000708.XSHE,0.003578732007766528
000882.XSHE,0.00856240106157336
002020.XSHE,4.96767961003559e-05
300554.XSHE,-0.0007260894435374761
600159.XSHG,0.0006967746565969151
300592.XSHE,0.00031243607247166303
300070.XSHE,0.0011597229184533578
688677.XSHG,-0.0003319902469573993
300012.XSHE,0.0007401821203090866
600810.XSHG,0.0009650548722866725
600755.XSHG,0.0005271210477767704
601086.XSHG,0.005188844032920438
603665.XSHG,9.989744502039038e-05
300866.XSHE,0.001446971192973843
603038.XSHG,-0.0002829342901285425
300998.XSHE,-0.0006235811404837444
300468.XSHE,0.0003287893370303714
300325.XSHE,0.00010908837115560584
600560.XSHG,-0.00044226638250144536
600125.XSHG,0.00018885667396206416
002435.XSHE,0.002189763759253614
002980.XSHE,-0.00036761526677849796
600109.XSHG,0.0033664940274663975
688131.XSHG,-6.490948233211515e-07
002369.XSHE,0.0005972116938707584
600888.XSHG,0.0006287252764993226
300381.XSHE,8.983276927430309e-05
002935.XSHE,0.00033009909750239953
300453.XSHE,-0.00013447958496421385
603160.XSHG,0.0044585014889412305
688425.XSHG,0.010351555943054577
002354.XSHE,0.0044301953961578934
002224.XSHE,2.4453284054339313e-05
688187.XSHG,0.0016962023731341412
601375.XSHG,0.03296540135340433
300570.XSHE,0.00026562804312885884
300761.XSHE,0.0006866139465993954
603938.XSHG,0.0010312509496069404
300309.XSHE,0.00031836298736653184
603239.XSHG,2.019169909141499e-05
301032.XSHE,-0.0002722722166949213
600971.XSHG,0.0007806325037066041
000921.XSHE,0.006161074792717814
000825.XSHE,0.007702109596436512
300766.XSHE,0.00242324325871172
603822.XSHG,-3.556780563176759e-05
603058.XSHG,0.0032357195306722286
600874.XSHG,0.005819943696706073
300530.XSHE,-0.00013001364493063744
600189.XSHG,0.0018877232726458848
002999.XSHE,0.0007000564924303953
300826.XSHE,-0.0005752368134926826
002746.XSHE,0.0010669678762834614
002413.XSHE,0.0019220564336909797
600584.XSHG,0.0033912023787475137
300493.XSHE,0.0004645120003034973
300190.XSHE,2.7752084493943554e-05
300312.XSHE,-0.00037836976234322005
002683.XSHE,0.002131355296413359
300940.XSHE,-0.0004047184630877213
000541.XSHE,-0.00017458094903114758
002958.XSHE,0.02451374341486587
002499.XSHE,-0.00041190612084456013
001872.XSHE,0.001233391364122894
300163.XSHE,-0.00020259926565742914
600633.XSHG,0.0011579807419231072
000607.XSHE,0.0015833906156489989
600929.XSHG,0.00839958839176557
603477.XSHG,0.00370579771608157
300360.XSHE,-3.677393163639231e-05
002290.XSHE,-0.00012317564749291052
688036.XSHG,0.004089029377005137
300112.XSHE,-0.0002916550462018682
603311.XSHG,0.0010423031757853056
002524.XSHE,0.0004428411688437295
000533.XSHE,0.0021419731254672548
000970.XSHE,0.0002610869713166652
603596.XSHG,0.003744370957621003
300875.XSHE,-0.00031020281218180985
300456.XSHE,0.00037884056628162286
601567.XSHG,0.0024714699692585025
603676.XSHG,0.003378887283849818
688077.XSHG,-0.0003167067953556446
002376.XSHE,0.0007288737974677379
300977.XSHE,-0.0006462383686430798
601800.XSHG,0.08972379524019235
300503.XSHE,0.00010764944575221566
603036.XSHG,0.0009671177019924036
300505.XSHE,7.601249857913607e-05
002584.XSHE,0.0007595742645987042
300952.XSHE,-0.0004144215943048662
600565.XSHG,0.0014262671442578344
600312.XSHG,0.0016610512104433392
000046.XSHE,0.0010835668984734562
002274.XSHE,0.0024882801848281908
002991.XSHE,-0.00032384824752425685
000655.XSHE,0.0004271230204179686
600805.XSHG,-8.557139931183522e-05
600650.XSHG,0.00022623540010059358
000042.XSHE,-0.0001651285199700133
603228.XSHG,0.0038161437913085054
600481.XSHG,0.0013939679405939737
000532.XSHE,5.583080595638755e-06
688083.XSHG,-6.072603930818327e-05
000756.XSHE,0.0014505786696577096
300174.XSHE,0.00013761021059027214
300692.XSHE,0.0005506611137778901
000809.XSHE,0.0019328430204395212
000568.XSHE,0.0007497863904641153
603298.XSHG,0.005210634316353948
600765.XSHG,0.0008500150277652441
002264.XSHE,0.0005781370933054175
600605.XSHG,-0.0009569440170734957
300599.XSHE,0.0007199573216750255
002460.XSHE,0.0012062159496870574
000949.XSHE,0.0021947202642458798
600704.XSHG,0.0022562886199565483
603829.XSHG,0.0005660600128845519
601288.XSHG,0.1320846922902647
002886.XSHE,1.9143807021749126e-05
603866.XSHG,0.004240715432985705
002379.XSHE,0.0003763152551946416
002508.XSHE,0.001241325575735645
601688.XSHG,0.05985369156949329
301053.XSHE,-0.0006736242268006055
603655.XSHG,0.00025215659679840975
605388.XSHG,0.0008174176283816489
688339.XSHG,0.0001918176327569401
601377.XSHG,0.027472171849166827
600127.XSHG,0.0006154048284069328
605050.XSHG,4.90513283424519e-05
600218.XSHG,0.0011496889788787815
600872.XSHG,0.0004587497979464839
300293.XSHE,-0.000193866047764215
603227.XSHG,0.0024876829664811787
002298.XSHE,0.001125998178416733
600461.XSHG,0.0014267141684399973
300873.XSHE,5.616634853980321e-05
300747.XSHE,0.000915929031434627
002166.XSHE,-4.299743235647172e-05
000859.XSHE,0.001621879889877794
601608.XSHG,0.027295290934853184
600611.XSHG,-0.0005076623465368266
300890.XSHE,0.00013330525356494076
002388.XSHE,0.0004017757517969226
002613.XSHE,0.0007698157769927593
601665.XSHG,0.004279183417640645
002391.XSHE,0.0001296667769097095
002048.XSHE,0.0004639986107046997
002130.XSHE,0.0001861541315389509
688133.XSHG,-0.00015255929946055713
300045.XSHE,-8.283059204825839e-05
600844.XSHG,0.0004863579006281555
300229.XSHE,0.0007676967789696294
300133.XSHE,0.00013756423962182657
300351.XSHE,-0.0001992344444981314
688798.XSHG,0.00025826417535107916
601336.XSHG,0.018632655813965806
603399.XSHG,0.0027726875240547157
603429.XSHG,0.00019628964191459309
000719.XSHE,0.0011476678395075113
300290.XSHE,0.00017820551447288993
002522.XSHE,0.00046810130659654433
688065.XSHG,0.0017359736602365087
002510.XSHE,0.001401663700412388
600955.XSHG,0.0012444440393625483
600375.XSHG,0.0008478671537163307
603896.XSHG,0.0008500038237677914
300900.XSHE,-1.2667187782965453e-05
002086.XSHE,0.00046495528956645195
600966.XSHG,0.0016006685759278917
002848.XSHE,0.0005637059518018856
688701.XSHG,-0.0006835755623467306
300882.XSHE,-0.00020813922304199225
600599.XSHG,-0.00029928503702933136
000090.XSHE,0.0019045605703930657
000838.XSHE,-0.00014986432796774236
002865.XSHE,0.0004796464015387064
600725.XSHG,0.000821215863259033
000065.XSHE,-0.00014823214699065916
600020.XSHG,0.004829937222850941
688389.XSHG,0.0010099732554462845
603871.XSHG,4.710307713629556e-05
301043.XSHE,-0.0007586177440255071
601963.XSHG,0.00321352484695698
601588.XSHG,0.020378070551485522
600332.XSHG,0.009118476528688552
002275.XSHE,0.0025773311834248274
300871.XSHE,-0.00013370385857514283
605376.XSHG,0.00038703275463873306
600547.XSHG,0.0017874731756616408
603378.XSHG,0.0012860583816018372
000506.XSHE,0.002279759020069643
002476.XSHE,0.00034291936233737247
603535.XSHG,0.0008300391446518188
000554.XSHE,-0.0002835913587142645
000851.XSHE,0.0030808547354833167
601827.XSHG,0.0075661787051923635
603196.XSHG,0.0012764604871306475
603538.XSHG,0.0005544436727140528
688196.XSHG,-0.0003426211487699046
600284.XSHG,0.0021658679881342534
000999.XSHE,0.004556754377418367
002022.XSHE,-0.00015509714936016463
601728.XSHG,0.05817267166003883
605117.XSHG,0.00031680240795640524
603725.XSHG,0.0004359413281980378
300652.XSHE,-0.0001945242199244949
002226.XSHE,0.0006538996851686294
603040.XSHG,-0.00024543040556613974
000727.XSHE,0.005465946314810177
300799.XSHE,-0.000450785209272102
603369.XSHG,0.0046521843173237066
300663.XSHE,0.000549428425601799
688008.XSHG,0.004291076810809968
600884.XSHG,0.0005691993216064165
002256.XSHE,0.00041257646184664036
002627.XSHE,0.0009021876174519249
002610.XSHE,0.0032648405841724307
300022.XSHE,-0.00010420149786413788
688379.XSHG,-0.0005068450112029139
300562.XSHE,-0.0004218292421214038
002064.XSHE,0.001807389779445629
002347.XSHE,-0.00011900970974591427
002561.XSHE,0.0020962774523986235
000503.XSHE,0.00031136843975638573
600847.XSHG,-0.00023619539627356184
300053.XSHE,0.0006642488273373087
600658.XSHG,0.0008896058651323695
002585.XSHE,0.0021750661290637946
000539.XSHE,0.0011608843775782153
002927.XSHE,2.724874372313094e-05
300757.XSHE,-0.00030498004616308263
603885.XSHG,0.005905150933533344
688508.XSHG,0.00030375021022165463
605007.XSHG,-0.00014286199464471667
000559.XSHE,0.0004931037410722155
002227.XSHE,0.0002836122037940242
002887.XSHE,-0.00041068832399916873
600021.XSHG,0.011565298818748971
300035.XSHE,0.0003989492490773154
600351.XSHG,0.00041980735266392694
000564.XSHE,0.004945211296423407
002500.XSHE,0.03031513112263058
300776.XSHE,-5.661114693593459e-05
300162.XSHE,-0.00029388398713172477
300043.XSHE,-0.0002986844208933338
605208.XSHG,-0.00026307946592419825
000777.XSHE,-0.00012031006573190635
300538.XSHE,-0.00045479919630358556
600121.XSHG,0.0018937339059268386
300658.XSHE,-0.0003182175497844588
600232.XSHG,0.00027638389292372004
600903.XSHG,0.0076241555210723585
600537.XSHG,0.0020328972140812055
600101.XSHG,-0.000255184975032179
603939.XSHG,0.0017708584912407106
000610.XSHE,-0.00020810212285122599
000850.XSHE,0.00029655134538320623
300203.XSHE,0.0038026981608175136
300636.XSHE,-0.0001355728231167742
002307.XSHE,0.0005103131257590071
002947.XSHE,-0.00019424057334584257
002634.XSHE,-0.00035900287290016673
002529.XSHE,0.0013814662950986639
300257.XSHE,0.000963287648218089
300332.XSHE,0.0035096649409238193
300719.XSHE,0.0003689990779648805
002436.XSHE,0.000673174335075939
300046.XSHE,-0.00014857591863078295
600167.XSHG,0.005674270454793675
000902.XSHE,0.0030908317049741
000630.XSHE,0.003575046327434814
688511.XSHG,-0.000504258331496218
002037.XSHE,1.902919973447337e-05
300683.XSHE,0.0002125194218478805
600435.XSHG,0.0007333217979828858
600168.XSHG,0.0024340817069697547
000498.XSHE,0.0013567765307652081
002269.XSHE,0.004970455164406201
603630.XSHG,0.0009535088104830827
600132.XSHG,0.0009523077451805274
603203.XSHG,0.000270869572205423
600266.XSHG,0.003122356210634773
600868.XSHG,-9.229017872380754e-05
600825.XSHG,0.00011863986320857073
300558.XSHE,0.004013226871824408
600796.XSHG,-0.0005944381703925258
688317.XSHG,-6.322362945367782e-05
600316.XSHG,0.0011866918739946027
688366.XSHG,0.00041985751202146303
300673.XSHE,-0.0001220507892962904
000592.XSHE,0.0023070045656628973
300139.XSHE,-0.0004136317575504924
000514.XSHE,0.000767282150013548
300055.XSHE,0.0006912491389194323
300111.XSHE,0.004189360692147285
300905.XSHE,-0.0005321889109680073
603365.XSHG,0.0016029136427758584
300651.XSHE,-0.0003395451321147394
600305.XSHG,0.0006542099786141611
002077.XSHE,0.003008616408089349
300533.XSHE,-0.00025039943690067243
688085.XSHG,0.00020870407541444984
600566.XSHG,0.0036841197768537506
600459.XSHG,0.0007086082394303805
603801.XSHG,0.0008597458083884403
600699.XSHG,0.0030434464878085913
003012.XSHE,0.0010715267520905116
002032.XSHE,0.0006286419972373684
600751.XSHG,0.003639145023301345
300087.XSHE,0.00013477791553704986
002938.XSHE,0.02112339911454884
002618.XSHE,0.0007964463595260564
688070.XSHG,-0.0006437765954707029
300965.XSHE,-0.0005784404240618779
601107.XSHG,0.015895330794018277
002851.XSHE,0.0014239369877838564
000507.XSHE,0.0009411428101650948
002121.XSHE,0.00011985123494257096
002953.XSHE,-0.00026085450533874625
600703.XSHG,0.002240525221396332
688601.XSHG,-0.0003546278932735189
000801.XSHE,0.000149854845867223
002414.XSHE,0.0023458131286845196
003006.XSHE,0.0016095696240112564
603326.XSHG,0.0007064086873975287
603988.XSHG,-2.8163637937495792e-05
603858.XSHG,0.005317710497899173
600744.XSHG,0.001627620546094316
300622.XSHE,-0.00025941749321036617
002779.XSHE,-0.00022777189012861533
605055.XSHG,1.769179492394418e-05
600829.XSHG,-0.00016661674920396207
601069.XSHG,0.005736280134971792
603886.XSHG,0.0012818875089692337
688799.XSHG,-0.0005728042364057144
600322.XSHG,0.0025815177109164912
000822.XSHE,0.0032784151315387354
002411.XSHE,0.003490069093788101
601101.XSHG,0.0033579318822166055
603826.XSHG,0.003254326315213848
002015.XSHE,0.0003576011678986487
601100.XSHG,0.004088503809410056
688217.XSHG,-0.0006731748052489818
002408.XSHE,0.0030372330847192497
300121.XSHE,-9.738652337021856e-05
300164.XSHE,-0.0001597912556545744
003008.XSHE,-0.0005000026666105813
688658.XSHG,0.0003980172071463721
688181.XSHG,5.804524363026966e-05
002129.XSHE,0.0074768924189008
601689.XSHG,0.007035542938425926
300726.XSHE,0.0016405707832801535
002917.XSHE,-0.0001426643537845914
603366.XSHG,0.0025090963520814757
600105.XSHG,0.0005323982362490688
002389.XSHE,0.0012008617741894442
603002.XSHG,0.0031546817521275364
300106.XSHE,0.0005027298824378795
002506.XSHE,0.005806437326538197
600081.XSHG,-0.00028019552472350457
000673.XSHE,-0.0003946048150536136
601989.XSHG,0.13125416074238622
002479.XSHE,0.0015433705348736927
300392.XSHE,-0.000366369925360021
002559.XSHE,-2.4501386428024685e-05
600346.XSHG,0.0071947384357357435
603338.XSHG,0.0005306183461067988
688800.XSHG,-0.0002964763367021325
002222.XSHE,0.0010088193183392605
300639.XSHE,0.00045040361496101136
605151.XSHG,-0.0005802331473394508
688316.XSHG,-0.0007276220178494808
603990.XSHG,8.539341385784785e-05
300853.XSHE,-0.00013242209800900097
300587.XSHE,0.0005254359856540908
300852.XSHE,-0.0004884564001054627
301021.XSHE,-0.0002823985531109022
600289.XSHG,-0.00016114109017719151
603958.XSHG,0.0010797133828047171
002469.XSHE,-0.00010243145730429572
300334.XSHE,0.0005705283408899921
000735.XSHE,0.0013698530014072787
600149.XSHG,0.00035515722959545044
300154.XSHE,-0.00019973811962743272
002113.XSHE,-1.5994795360829033e-05
600871.XSHG,0.05467261955221503
300735.XSHE,0.0034304954128319565
600491.XSHG,0.0009166335405213974
601866.XSHG,0.07500622141854953
002041.XSHE,0.00038318581577635036
605081.XSHG,-0.0006483293602229053
300335.XSHE,0.00021108783817288634
600160.XSHG,0.002500709862137223
600543.XSHG,0.00039071720536667327
601615.XSHG,0.01450908214538521
002101.XSHE,0.0005721902709175378
688500.XSHG,-0.00047283036502795457
002112.XSHE,-0.0002315613367966209
603722.XSHG,0.00011273323192555348
600216.XSHG,0.0012610537464934552
002791.XSHE,0.0009972071715376666
300691.XSHE,-4.810172790078039e-05
600381.XSHG,0.005062033547065723
601898.XSHG,0.07442618946315192
601158.XSHG,0.030399675901881338
300547.XSHE,-0.00045661106549859325
002965.XSHE,-2.0808856625154906e-05
603507.XSHG,0.000534170680581859
000002.XSHE,0.0009539605573350869
601106.XSHG,0.06794957711699183
688113.XSHG,-0.0006345734926637446
000880.XSHE,-0.0004366637212703094
300780.XSHE,-0.00023012495349927276
603516.XSHG,0.00011454188978026305
600333.XSHG,0.0015316882683979807
002626.XSHE,0.0005119026532256687
002372.XSHE,0.0015461892062130834
603963.XSHG,-3.518678757969784e-05
002554.XSHE,0.0005031437559134153
300242.XSHE,0.0003236516790859252
605189.XSHG,-0.0005280967992953415
688385.XSHG,0.0006666246811728757
002777.XSHE,0.00021641657291888267
002891.XSHE,0.0006372644257103969
002183.XSHE,0.0011434962212661464
300751.XSHE,0.0003560187990022406
002649.XSHE,0.0003178186895711954
002780.XSHE,-0.00032013581182948963
300653.XSHE,0.00016778481809540103
002630.XSHE,0.0008413906379026035
600260.XSHG,0.0007435799342506477
600306.XSHG,0.00012919319094343098
002194.XSHE,0.0011982675738041663
600738.XSHG,0.0003151177920340196
603186.XSHG,0.0007048768030575776
600622.XSHG,-0.0006673818873439201
300552.XSHE,-5.83547378383509e-05
300670.XSHE,-4.25850729351843e-05
300792.XSHE,-6.802368142147709e-05
600550.XSHG,0.0019459486182087343
600600.XSHG,0.004292536924760679
002242.XSHE,0.0012269470644065295
300369.XSHE,0.0005274597018085716
600681.XSHG,0.0011736275898425262
601326.XSHG,0.04255489131726183
688510.XSHG,-3.74418105276227e-05
688599.XSHG,0.012191793660228814
300823.XSHE,-0.0005396541512175314
300463.XSHE,0.0009597229944753366
002017.XSHE,-3.2978717852210314e-06
000981.XSHE,0.006967891693890573
300270.XSHE,-0.0006590267527133063
002080.XSHE,0.0035164523790509974
000031.XSHE,0.0006464202192581183
002176.XSHE,0.0013073144203432157
002676.XSHE,0.0007438066115696192
603669.XSHG,0.0016294585704756618
600285.XSHG,0.00014148105732930628
300982.XSHE,-0.00012913533203000945
300395.XSHE,0.0003557983914833577
301005.XSHE,-0.0006284103579501884
002027.XSHE,0.011401358137590132
002425.XSHE,0.001584945623775842
600651.XSHG,-0.0005190431697153293
688100.XSHG,0.00120159051653386
603155.XSHG,-7.341196611590733e-05
601702.XSHG,0.0023765107621390755
688561.XSHG,0.0045907757011729305
002205.XSHE,-0.00015541027541172113
601058.XSHG,0.004809855112805125
002085.XSHE,0.002370712361261381
002766.XSHE,0.0005162174584094148
300540.XSHE,-0.0002108231305168203
603721.XSHG,-2.0500828055417105e-05
300127.XSHE,0.0003180427028606444
600521.XSHG,0.0006104868346083739
300165.XSHE,-0.00041933392706942517
603060.XSHG,0.0016914709044994138
603700.XSHG,1.551515116424119e-05
601568.XSHG,0.0034268798506343944
002342.XSHE,0.0028275431390970885
688015.XSHG,0.0002880596030870456
300339.XSHE,0.0010005079199054184
688501.XSHG,-0.0007817132739796652
603556.XSHG,0.002716974507281476
002215.XSHE,0.0002792853457045908
600345.XSHG,0.00019921920098894678
001207.XSHE,-0.0002757851162483859
600778.XSHG,-0.0003016414070200885
601001.XSHG,0.007570954826631547
601398.XSHG,0.1320846922902647
603677.XSHG,-0.00017739432294780022
002948.XSHE,0.005201932373515544
600488.XSHG,0.0008528395647825119
002749.XSHE,-0.00029352439697070005
300737.XSHE,0.004328552911926607
603768.XSHG,0.001179153782035754
300099.XSHE,-0.00029154763074612473
603759.XSHG,0.0001306354833785847
300430.XSHE,-0.00018206712785480926
002928.XSHE,0.003952953428154245
300864.XSHE,-0.0005589772428628047
600223.XSHG,0.004957950852239978
300994.XSHE,-0.00015659163743004698
603081.XSHG,0.0031726120068922203
688368.XSHG,-5.603672471339848e-05
000948.XSHE,0.0006475337792823814
300272.XSHE,2.349538894011688e-05
000605.XSHE,-7.186960308676283e-07
605318.XSHG,-0.0006618656013217006
600997.XSHG,0.003484201494844104
600717.XSHG,0.0005171619287368033
605166.XSHG,0.0011028674287006796
002380.XSHE,-0.00035806634167933574
603225.XSHG,0.007280529112845491
600510.XSHG,0.0011849590194627862
000893.XSHE,0.0016157310555758196
603900.XSHG,0.0012139930101598994
002066.XSHE,-0.00016892553458908903
002246.XSHE,0.0026969225966110943
600338.XSHG,0.004726233739251136
300407.XSHE,-0.00035160959691435466
000422.XSHE,0.00041463380323822894
002985.XSHE,0.0005966828721014885
002167.XSHE,0.00021154802726780129
301031.XSHE,-0.00036696825027653546
688258.XSHG,-0.00039325228917051763
603303.XSHG,0.0016359444706834877
002144.XSHE,0.00024846210315184576
002701.XSHE,0.0022617626500700287
603444.XSHG,0.0004750324456482637
300920.XSHE,-0.0005372420208942506
600898.XSHG,-0.00011749603986983554
603306.XSHG,0.0009893173942388703
300398.XSHE,0.0004174494350600818
301056.XSHE,-0.00017302334401955494
000672.XSHE,0.0009656992333553397
002081.XSHE,0.0005673410850871327
600679.XSHG,0.0002789181917650216
000711.XSHE,1.1268012368640659e-05
600452.XSHG,0.0006037743381041729
605116.XSHG,0.00011543279630245643
600261.XSHG,5.955179684572376e-05
300705.XSHE,0.00010774622155792308
000686.XSHE,0.0014699836200487313
002797.XSHE,0.025189679038163684
300363.XSHE,0.0011987622723348772
601258.XSHG,0.019535321620436648
002136.XSHE,0.0003675172797677419
600037.XSHG,0.002092780520896448
000737.XSHE,0.0007558287788242498
603188.XSHG,0.0018851796079375456
688108.XSHG,0.0020894023303082952
002689.XSHE,0.0019719809265053086
000652.XSHE,-7.647163440039641e-05
002348.XSHE,0.00031705514607834723
603557.XSHG,0.003763663778745343
000048.XSHE,9.213050705136048e-05
300029.XSHE,0.0008904767717143863
688266.XSHG,0.0010055418895307544
600570.XSHG,0.0005709843662134066
300193.XSHE,0.0010059547029277296
600420.XSHG,0.0006505104052858482
600708.XSHG,0.0010994219894175598
300836.XSHE,-0.0006751795146533919
300016.XSHE,-0.00014002073394500745
300326.XSHE,0.0001021716824008694
601598.XSHG,0.012367595974678024
600258.XSHG,0.0037472151710854105
300117.XSHE,0.0002492849535793071
601177.XSHG,0.0031633108083318467
300249.XSHE,-0.00020366207279413342
001979.XSHE,0.06431775636050995
603520.XSHG,0.0007690302641954266
300833.XSHE,-0.0004731298265047301
603299.XSHG,0.004795419152060542
300889.XSHE,-2.8834065078872455e-05
003000.XSHE,0.0015756106270124262
600278.XSHG,0.0025605918724701505
002806.XSHE,0.0001552015582921163
601555.XSHG,0.03196165101931798
601456.XSHG,0.005175017969424267
002598.XSHE,0.0003570004934843682
002735.XSHE,-0.00022248611066702083
002769.XSHE,-0.00037626006153360135
600129.XSHG,0.0012947100932759789
300771.XSHE,-0.00037091225014493487
300187.XSHE,5.0881666563476306e-05
300946.XSHE,-0.000492255345376109
600808.XSHG,0.026279079598022215
300614.XSHE,-0.00018264556911303285
002586.XSHE,0.0006067292407882131
001914.XSHE,0.0003310699786713557
688787.XSHG,-0.0006806872143344719
300132.XSHE,0.0002385343768058851
605186.XSHG,-0.0003390802529166298
000038.XSHE,6.599705451912081e-05
603533.XSHG,0.0038160579382041063
003023.XSHE,-0.0007222515203336429
605488.XSHG,-0.0005123472924979697
601958.XSHG,0.021789224415475556
002459.XSHE,0.004985435144193487
600776.XSHG,0.001589045669568821
603505.XSHG,0.0019370087829260574
002936.XSHE,0.04569215171158809
603558.XSHG,0.00023412751538330384
000513.XSHE,0.0005929930318579732
003042.XSHE,-0.0005396037155051079
300025.XSHE,-0.00045320935590405264
300466.XSHE,-4.898421222387982e-05
002793.XSHE,0.0007047317379789166
601929.XSHG,0.013570866252627028
300586.XSHE,-5.842268046223943e-05
600226.XSHG,0.0005223157290751743
600916.XSHG,0.0015806404570908963
688157.XSHG,-0.00021735960824041683
002184.XSHE,0.00010548131323019562
002191.XSHE,0.0019197619183391613
688003.XSHG,0.00016585770723853135
002326.XSHE,0.0012129336212273565
002327.XSHE,-0.00011734265628891567
002412.XSHE,-0.00015437728635994414
002142.XSHE,0.02826132492003305
002229.XSHE,0.0001713292895724291
002730.XSHE,0.0005595997406325312
600851.XSHG,-2.09471650395866e-05
300185.XSHE,0.0032216484310408195
300219.XSHE,0.0006715363129478181
603995.XSHG,0.0006058633245495293
300255.XSHE,0.00029914248116871486
688004.XSHG,-0.000549221094935612
002677.XSHE,0.0005443776248876305
002158.XSHE,0.0009177965876702959
002979.XSHE,0.000518233363431544
600773.XSHG,0.0011096567602485571
002614.XSHE,0.0003967383750894123
000010.XSHE,-0.00042888025798259376
000020.XSHE,-0.00012316245224282588
000990.XSHE,0.003769829905311114
002674.XSHE,0.001541585837815908
300509.XSHE,-0.0005127381840017006
600497.XSHG,0.0021764453782927976
603345.XSHG,0.002278914491987817
605180.XSHG,-0.000507971684760553
600639.XSHG,0.0008661955556069486
600995.XSHG,-0.00022067645226570508
300212.XSHE,0.00047554267549529107
601789.XSHG,0.003421616750489596
002083.XSHE,0.002889200778448419
002182.XSHE,0.0013732105519305461
000676.XSHE,0.0004892507662825742
002233.XSHE,0.0038056296689673195
600647.XSHG,-0.000908127412091663
002570.XSHE,0.003297500095843157
688076.XSHG,-1.014352733484555e-05
003039.XSHE,0.0003656842223905313
601126.XSHG,0.002683180667278112
600965.XSHG,0.0031825993352496496
002628.XSHE,0.0010790512800071205
002856.XSHE,-0.00022181657789173512
000593.XSHE,-0.00033221615562132364
000973.XSHE,0.0018281891424826995
003025.XSHE,-0.0005882427408465745
002652.XSHE,-7.184809039388965e-05
000403.XSHE,0.0003927020974733852
600007.XSHG,0.005102781795801262
603728.XSHG,0.002610189351594761
603733.XSHG,0.006431017501006292
688300.XSHG,-0.00010511173926121351
600016.XSHG,0.01267396962251211
603993.XSHG,0.05193773572549608
603882.XSHG,0.004547542439926292
000788.XSHE,0.0008477995583744412
000521.XSHE,0.0007123272897183159
000887.XSHE,0.00026626652948389014
688165.XSHG,0.0023516391681130677
600801.XSHG,0.0013580567504471945
002580.XSHE,4.76651053335931e-06
600233.XSHG,0.006119511027110186
000931.XSHE,0.0030574369323720907
300076.XSHE,-0.00045251655962567005
601198.XSHG,0.02548362265906156
300039.XSHE,0.00012271253515235762
600790.XSHG,0.0005547555922810557
300722.XSHE,0.00021662272770705008
300295.XSHE,-0.0005188188249622977
601068.XSHG,0.025120705855930507
605011.XSHG,-0.00010966221395671303
603680.XSHG,0.003527396642534755
000619.XSHE,-0.0005749058093993727
603208.XSHG,0.00015890157951038036
002956.XSHE,-0.0004264535234572829
300986.XSHE,-0.00039134518183075236
002345.XSHE,0.0005923891788901305
002555.XSHE,0.0012746901424796836
002745.XSHE,0.004340823663080247
300475.XSHE,0.0013930969092794073
601111.XSHG,0.08736511253228135
603355.XSHG,0.003111933306614389
300588.XSHE,-0.00025399902537571984
002651.XSHE,0.0014399188254768786
300068.XSHE,0.002736593110547843
603817.XSHG,0.003511221500384239
300637.XSHE,0.00022938159853885516
000856.XSHE,0.0001697476188082447
603279.XSHG,0.0013876160753029888
600252.XSHG,0.0004874909983128945
600593.XSHG,-0.00036976980524742683
002457.XSHE,0.00041768755825374437
600572.XSHG,0.001329782616582631
002899.XSHE,0.00019825724315135525
300426.XSHE,-6.800025777368665e-05
600392.XSHG,0.0017425789041884156
000932.XSHE,0.02593917833981603
301036.XSHE,-0.00047514995049953955
002253.XSHE,-0.0002554411011540808
000028.XSHE,0.0005530871834622151
601319.XSHG,0.05357824842485596
002717.XSHE,0.00017161272217128666
688388.XSHG,0.0015213760771522194
002324.XSHE,0.00034884786654475024
300808.XSHE,-0.0004106008327795982
002116.XSHE,9.454876936503497e-05
300338.XSHE,-0.0002851656517686744
688398.XSHG,-0.00042572795852603576
002832.XSHE,0.00034036315101045105
688577.XSHG,-0.0006491511553801847
002905.XSHE,0.0006408632986360219
000785.XSHE,0.001070627379431219
000617.XSHE,0.01743229446710115
600996.XSHG,0.009341869991836992
603617.XSHG,2.2196391054548595e-05
300232.XSHE,0.0002630262122208964
000637.XSHE,-0.0006662894702164742
300559.XSHE,-0.00026503816665796444
600618.XSHG,7.03667057923902e-05
600900.XSHG,0.06975192462406253
300388.XSHE,0.0005885663468236616
601668.XSHG,0.1320846922902647
300956.XSHE,-0.0005322024016577097
002306.XSHE,0.0010197395411689128
002398.XSHE,0.00020000505224762252
600309.XSHG,0.0006817142928106718
600366.XSHG,0.00039823632920769236
600730.XSHG,0.00028136297517437675
603992.XSHG,-0.00012461157951719926
301042.XSHE,-0.0006538759810562727
300676.XSHE,0.002514584130640932
002671.XSHE,0.00020796659602834947
601965.XSHG,0.0051323033376747575
600882.XSHG,0.0014516082627667347
600196.XSHG,0.0017422576298105506
688598.XSHG,0.0004792717700153496
600812.XSHG,0.003436051509639084
000665.XSHE,0.0008793739911234757
688298.XSHG,0.00032034663663217216
300311.XSHE,6.0503560323107086e-05
000936.XSHE,0.0007541358067413598
600107.XSHG,0.00045220917317218543
600280.XSHG,0.000231321478732284
600816.XSHG,0.0014125518705912672
002620.XSHE,-0.0001053482122731961
603100.XSHG,0.0030282297147999895
603229.XSHG,0.0011075268272229726
002815.XSHE,0.0015241076851128753
600693.XSHG,-3.526093070339029e-05
300694.XSHE,0.0003801830447030675
605333.XSHG,-3.717199223623839e-05
600985.XSHG,0.002382469733961716
603876.XSHG,0.004517976788731576
002770.XSHE,0.0006329683456949145
300125.XSHE,-0.0002013257686189581
300355.XSHE,0.0007633333226006059
300820.XSHE,-0.0004077974655240279
002084.XSHE,0.0011836178751223531
300323.XSHE,0.00227891529437768
002661.XSHE,0.0001676045913703968
603685.XSHG,-1.149436338542106e-06
000811.XSHE,-4.436988635624778e-05
601969.XSHG,0.019320149912048206
688089.XSHG,5.210626590245913e-05
600060.XSHG,0.0018232420592991876
603810.XSHG,-0.00011409725666540634
600176.XSHG,0.002459039099805547
000070.XSHE,0.0016863215126031754
688700.XSHG,-0.00017371649420432262
600067.XSHG,8.535851072576453e-05
600340.XSHG,0.001255366711221236
600136.XSHG,0.0011633415871236032
002918.XSHE,0.00030897022928614453
002235.XSHE,0.00036512446209591013
002795.XSHE,-0.00022123927389101124
600368.XSHG,0.0024975349961477425
601318.XSHG,0.043297974691061385
603603.XSHG,0.001651768093998965
688518.XSHG,0.001968499330502293
000721.XSHE,-1.9856546125851093e-05
301058.XSHE,0.0003478382865955286
002684.XSHE,-8.601771334108572e-05
603738.XSHG,0.00019743130691873
600726.XSHG,0.003606765786056455
603967.XSHG,7.50504880704789e-05
300590.XSHE,-2.4118885969527616e-06
603897.XSHG,0.001215395763783913
300816.XSHE,-0.0003509291221920764
603959.XSHG,0.0019706628759505736
300152.XSHE,0.00022196042594007542
603629.XSHG,-0.0006543906803868676
600363.XSHG,0.0009979721569182524
603278.XSHG,0.0011611392847394788
688010.XSHG,0.00022687054440750486
002997.XSHE,0.0002753130306199416
603999.XSHG,0.0014936035223660727
002210.XSHE,0.001960972190146306
600684.XSHG,-0.00023337850500050107
002966.XSHE,0.015161525707113507
002533.XSHE,0.0006150832920450034
600999.XSHG,0.03775504047560088
601010.XSHG,0.0032470334712552383
600179.XSHG,0.014533051712273757
688358.XSHG,-0.0005908539645652285
002198.XSHE,0.00023061255739942473
600501.XSHG,0.00016157563365078187
603915.XSHG,0.0009945725286729982
000803.XSHE,-0.00024409798886778071
300497.XSHE,0.0003193474537190223
688127.XSHG,0.001147922509402483
300949.XSHE,-0.0007040575271663261
002202.XSHE,0.004384855258041142
002311.XSHE,0.0025846679962889876
002209.XSHE,-7.351113265783313e-05
300829.XSHE,0.00011616744205652856
300850.XSHE,0.0005212194544076335
002644.XSHE,0.00014093288741648055
300092.XSHE,-0.00018424723681272927
601678.XSHG,0.004441677868028888
002663.XSHE,0.0008485565051797014
300765.XSHE,-7.64816072823005e-05
603007.XSHG,0.00016375582431804895
300396.XSHE,-0.000163269138267538
688123.XSHG,0.00014632974548410853
300036.XSHE,0.00034212455567256245
601187.XSHG,0.002333761510062899
600246.XSHG,0.0014421022842121553
603823.XSHG,0.001496773034801504
000955.XSHE,0.001304478649892577
600470.XSHG,0.0014817070962206947
300910.XSHE,-5.332121650981019e-05
600406.XSHG,0.00196573037611267
600987.XSHG,0.0008429627352406253
600137.XSHG,-0.0004279235717366991
300298.XSHE,0.00035797314407834646
688177.XSHG,0.0005641988749027162
002623.XSHE,0.0010298277402508082
603991.XSHG,-6.948762145189713e-05
688621.XSHG,-0.00025021547145140117
300607.XSHE,-1.9447976620694815e-05
300030.XSHE,-0.00019817752356028574
002530.XSHE,0.001288555938821045
002114.XSHE,0.0009415672800740355
002174.XSHE,0.0021388763902004462
300495.XSHE,-0.00028419115057973655
300723.XSHE,0.0001742563324945804
002837.XSHE,0.0002227815410556364
603618.XSHG,0.0015016677154336142
300774.XSHE,-0.0002008297414339145
001205.XSHE,-0.0005482651227037791
603083.XSHG,0.0003454459757116702
300578.XSHE,0.0002114397629758342
300157.XSHE,0.0003796347763206186
300821.XSHE,0.003877746932307827
600355.XSHG,-0.0001835701452585246
688779.XSHG,0.0034817579271332216
600387.XSHG,0.0005159435506612961
300382.XSHE,0.00017720888943880873
301010.XSHE,-0.0006144169955732178
600255.XSHG,0.000596355337889602
600690.XSHG,0.001786273960318589
603693.XSHG,0.005524573848519245
603010.XSHG,0.0007028397325758689
003029.XSHE,-0.00028302074916391426
002787.XSHE,-0.00013663258240456048
300225.XSHE,1.1283760925229029e-05
600475.XSHG,0.0015306346006619357
603180.XSHG,6.534544596672543e-06
688698.XSHG,-0.00036037758748208717
002216.XSHE,0.0002767159561945111
600075.XSHG,0.0009015102206973518
301018.XSHE,-0.0001478477029835313
002317.XSHE,0.00012907647027563104
603308.XSHG,0.004374715753757269
603919.XSHG,0.0024283058625663785
601996.XSHG,0.001781225891696017
002404.XSHE,0.00012450720567270157
300418.XSHE,0.0023199526358948044
003009.XSHE,-0.00010278869637854362
000998.XSHE,0.0008122428415733541
600145.XSHG,0.0007146235507364227
600780.XSHG,0.0003335085107257086
688399.XSHG,-0.00026061492727814836
603619.XSHG,0.0033156319829599767
000613.XSHE,0.0007937406148648607
300702.XSHE,0.0004968813920067951
300044.XSHE,-5.886683125849409e-05
300581.XSHE,-1.002898505235222e-07
600500.XSHG,0.0030481559258514037
600409.XSHG,0.0028153520339906156
601003.XSHG,0.004511287048134737
002424.XSHE,0.00037375775591873966
002640.XSHE,0.0002476762352467567
000823.XSHE,0.0011672745737403675
600644.XSHG,-0.000308635030282657
000938.XSHE,0.004177839857959031
002486.XSHE,0.0010747694012837713
600186.XSHG,0.0019387846168035358
600606.XSHG,0.0009090565585893018
603933.XSHG,0.00014117848072642714
300262.XSHE,-0.0002974095693495972
002557.XSHE,0.0013118467111706302
002951.XSHE,-7.386889709236832e-05
300999.XSHE,0.004262688917275809
002270.XSHE,0.002913845462841481
600980.XSHG,3.63006002395606e-05
601113.XSHG,0.003528749848164114
300170.XSHE,0.0006168285479409041
300724.XSHE,0.0029902733415692467
601880.XSHG,0.06544268913964672
603776.XSHG,0.0001875271170352611
600116.XSHG,0.0019242097550997046
603839.XSHG,0.0016654345719824839
300669.XSHE,-0.00019299934398089326
600660.XSHG,0.0004972833909437328
600293.XSHG,0.0027850547383505503
600103.XSHG,0.0037417343758068627
002602.XSHE,0.0050714719082163694
300928.XSHE,-0.0006061033669869029
000837.XSHE,0.0012617640612187174
688023.XSHG,0.0003053015936192061
688590.XSHG,-0.00040905161287936944
001209.XSHE,-0.0006358314036324123
002240.XSHE,0.004353663275446834
601579.XSHG,0.00410770075401066
603488.XSHG,0.0009610705082832003
300805.XSHE,0.0005887260116170423
603005.XSHG,0.0020780770674669853
600877.XSHG,0.0010817753715241804
000980.XSHE,0.005616437891296695
300002.XSHE,0.000646307557861342
000702.XSHE,-9.527048668255184e-05
002553.XSHE,-0.00025473804260370443
600209.XSHG,0.00031087278678090303
601311.XSHG,0.003651513297583674
688022.XSHG,-0.00015029034995609207
300989.XSHE,-0.0007177500697246152
300080.XSHE,0.0037987832805488394
600716.XSHG,0.001205802562473011
688516.XSHG,0.00023037447167726933
600798.XSHG,0.0006525286672146265
600718.XSHG,0.0002939605949305487
601519.XSHG,0.006506009761398987
002334.XSHE,-0.00012936178281032604
000410.XSHE,0.005292150787366073
000692.XSHE,-0.0005037125336130276
002692.XSHE,0.0007101165608595539
688017.XSHG,0.0003612950493823821
002762.XSHE,-0.00044434625553993907
603103.XSHG,0.0038818332830050303
603323.XSHG,0.008561457871822421
300292.XSHE,0.000444623137272009
002431.XSHE,0.0007759519682313113
300341.XSHE,0.0005534076973059704
300421.XSHE,0.00026850153154986335
600612.XSHG,-0.00018612279915485025
001206.XSHE,-0.0004649245414515699
002405.XSHE,0.005450591862754541
688686.XSHG,4.470480206338688e-05
002293.XSHE,0.0006601033854610093
603360.XSHG,0.00039975419860993524
603096.XSHG,0.0005540135687870938
601595.XSHG,0.0028727650196628436
688981.XSHG,0.019022125383925826
600960.XSHG,0.001392972200606861
688088.XSHG,0.0023436779709934425
000705.XSHE,-0.00035836929801267496
603258.XSHG,0.0016803180420818676
601933.XSHG,0.010295737819626973
300317.XSHE,0.0021057456951484046
688685.XSHG,-0.0005892874365635253
300886.XSHE,-0.000583999747404736
688066.XSHG,0.000464086200173388
603660.XSHG,0.0016742197763856587
600359.XSHG,0.0015651086287132845
300844.XSHE,-0.0007736554353278038
603889.XSHG,0.0003702733275424314
300529.XSHE,0.0025633222096872444
000952.XSHE,0.0003769477338983406
601788.XSHG,0.03202150891305345
301000.XSHE,-0.0006453175290554703
688296.XSHG,-0.000433087531901434
003040.XSHE,0.0003459289844358377
601600.XSHG,0.1284071324414132
300736.XSHE,-0.0006034341004203528
000750.XSHE,0.003965409620560661
300263.XSHE,0.00045119953896909586
600893.XSHG,0.006095908229804872
300336.XSHE,0.00015777129665420794
300412.XSHE,-0.0003941015265447804
300423.XSHE,0.000338152881893619
603416.XSHG,5.402096460713202e-05
603439.XSHG,0.0009440619262721931
002125.XSHE,0.000919795731506007
688565.XSHG,-0.0006980017882726042
600733.XSHG,0.002724483880505123
300129.XSHE,0.0003939544584509254
600610.XSHG,-0.0001678347931211167
688596.XSHG,0.001043216467841992
000530.XSHE,-0.000233182484633919
000687.XSHE,0.001280834251434778
603212.XSHG,0.002154929624069304
603633.XSHG,0.0004235916085874972
603392.XSHG,0.0013650847756005832
002225.XSHE,0.003654909109092795
002755.XSHE,0.0015700175753968005
002786.XSHE,0.0004596977815817713
000913.XSHE,0.0010583992880993185
002866.XSHE,0.00022832127078921578
600166.XSHG,0.0023242265266364796
603666.XSHG,0.0002556585275522571
600352.XSHG,0.001732456994187908
600628.XSHG,-0.0005247996391538857
603067.XSHG,0.0014795238494568277
603997.XSHG,0.004598545987680859
000582.XSHE,0.00214645730367308
600539.XSHG,0.0008861640694591486
600158.XSHG,0.0006231922482805049
600802.XSHG,0.00038210235116465925
000606.XSHE,-1.1982753252718454e-05
300685.XSHE,0.00047197968804429035
002421.XSHE,0.000405960386751254
002823.XSHE,-6.472462492977725e-05
688580.XSHG,-0.00036563987550109747
300791.XSHE,-0.000324887868769951
603578.XSHG,-6.750011827231443e-05
600779.XSHG,0.0007788291386680057
300674.XSHE,0.0023457351351350657
301029.XSHE,0.00023863637127188384
600887.XSHG,0.0009956228146010197
000589.XSHE,0.000674993167847991
000789.XSHE,0.0009041438421146439
600694.XSHG,-6.242922931838527e-05
600740.XSHG,0.0017130887041225226
688001.XSHG,0.0001547160043358275
002687.XSHE,-0.00023698434118590568
002828.XSHE,-9.885906458483723e-05
000786.XSHE,0.001517232231920941
300913.XSHE,-0.00050327628349056
300245.XSHE,-9.551187420754398e-05
600192.XSHG,0.0015561568798310836
600369.XSHG,0.011481319633870992
688136.XSHG,-0.00019160168774106517
002638.XSHE,0.0011410069367012244
002517.XSHE,0.002170409164199436
300738.XSHE,0.00011561702598256716
300383.XSHE,0.0005000286671876418
000429.XSHE,0.002897729734233816
601199.XSHG,0.0012754922765074615
688669.XSHG,-0.0006041931893374355
300969.XSHE,-0.0004233916738819437
603268.XSHG,-9.444681959934183e-05
600249.XSHG,0.0003888395821168701
300688.XSHE,-0.0001352086201976201
600967.XSHG,0.0029079309049813177
603348.XSHG,0.0019575048442765095
002099.XSHE,0.0018567212596589705
300575.XSHE,-0.00023965659963419043
688626.XSHG,-0.00015354706776963617
300191.XSHE,-6.770114857604728e-05
002919.XSHE,-0.00019654784553323364
600688.XSHG,0.01850562848136833
002463.XSHE,0.0059095026553184675
300008.XSHE,0.0006445264550537298
300093.XSHE,0.0003502701670968679
300778.XSHE,-0.000492230217103334
600573.XSHG,0.0009521691716815267
300448.XSHE,-0.00010432044169355161
000937.XSHE,0.0033004493804905666
301017.XSHE,-0.00022286241073306306
600455.XSHG,-0.000532336195353713
600838.XSHG,-0.0005990652481106297
605339.XSHG,0.00024963739129259407
002565.XSHE,0.0005855786435558747
603683.XSHG,0.0003268647606193566
000019.XSHE,0.0001928754772545396
601020.XSHG,0.004840332012482465
300048.XSHE,0.0006968593656639557
002547.XSHE,0.0006417495725313018
300842.XSHE,0.00018295868263093192
002579.XSHE,0.0006165920073393016
300405.XSHE,-0.0003623720685922854
002725.XSHE,-0.00026612195034603084
600319.XSHG,0.0011796147299649772
600313.XSHG,0.001786087233870312
300938.XSHE,-0.000662649261113623
000717.XSHE,0.00442801102998674
605111.XSHG,-4.797923001958451e-05
002452.XSHE,3.486036335064574e-05
000677.XSHE,-0.00036991390643873725
300708.XSHE,0.0014397226828979863
605100.XSHG,-0.0004097624396427699
688202.XSHG,0.0002533200664734982
600984.XSHG,0.0040455941980194424
603678.XSHG,0.0016620776693629395
000548.XSHE,0.00040843582513369603
300899.XSHE,-0.0007294827648517599
300120.XSHE,0.00038377942286770635
002046.XSHE,0.00048642570801894585
688215.XSHG,-0.0008734046468001956
002236.XSHE,0.0005694686819412821
600000.XSHG,0.021155212145148785
000153.XSHE,-0.0002143426402041248
601636.XSHG,0.007979101686425134
300337.XSHE,0.0008849784473455784
600048.XSHG,0.005511974223522566
300543.XSHE,-0.0003226433754574684
605118.XSHG,-0.00023681126724053793
300801.XSHE,-0.00027941667724008486
600279.XSHG,0.002845829797801762
000415.XSHE,0.0012668636343452645
000968.XSHE,0.00468696770315198
601949.XSHG,0.016423648080860376
002545.XSHE,0.0016493832072751525
688219.XSHG,-0.00014418905734104833
000663.XSHE,-2.8642751117438918e-05
002418.XSHE,0.0015490984703917076
300478.XSHE,-0.0004579743609855288
600807.XSHG,0.000341700753649578
002245.XSHE,0.0004569876598662577
300699.XSHE,0.0034287143140233674
301047.XSHE,1.1505544230090497e-06
600377.XSHG,0.012369960665765784
002410.XSHE,0.0009045452681921251
300932.XSHE,-0.00040608319621306496
600269.XSHG,0.001360560674881788
002842.XSHE,4.6455545980296714e-06
603023.XSHG,-0.00010706062711847463
000411.XSHE,-1.9944425859173376e-05
603816.XSHG,0.004061408727134491
300175.XSHE,0.0001282855106430204
000905.XSHE,0.0014140505021052719
000933.XSHE,0.0016688741056473918
600836.XSHG,-0.0003115033892486276
600099.XSHG,-0.000215796183884713
688095.XSHG,-0.0002477259563509109
000890.XSHE,9.060594547234723e-05
300122.XSHE,0.0024911981263073904
600512.XSHG,0.0018436463882382011
600729.XSHG,0.0006743842136828343
601777.XSHG,0.019119758366834515
000718.XSHE,0.0023505945648034095
300603.XSHE,0.000135470747233982
603689.XSHG,0.002400954176240389
688002.XSHG,0.002243437667273326
300781.XSHE,-0.0006356218404434592
600580.XSHG,0.0015494810246569671
002621.XSHE,0.00018680890337838393
300095.XSHE,3.433189531603265e-05
688195.XSHG,-0.0005515971300251688
002767.XSHE,-0.00012075858443951772
002639.XSHE,0.0011351409440040735
002192.XSHE,0.0008058950406253321
301046.XSHE,-0.00019773175682146014
002824.XSHE,9.384022593910053e-05
603456.XSHG,0.0021215815097314033
603080.XSHG,0.0005005489840943591
301055.XSHE,-0.00041111122166396315
300990.XSHE,-0.0005935108811517423
002641.XSHE,0.0012281781808686947
300832.XSHE,0.0013054927164995215
603979.XSHG,0.0032786890462339134
300411.XSHE,-0.0003328558670249155
300945.XSHE,-0.0002787758472333333
601816.XSHG,0.1320846922902647
003038.XSHE,-0.0003985984936310661
300026.XSHE,0.00018326292033438868
601601.XSHG,0.04950943102436054
300067.XSHE,0.0001376453278138925
605319.XSHG,-0.0003317517923988021
300445.XSHE,-0.0005415189935261719
601226.XSHG,0.0068499012984110695
300467.XSHE,-0.0004811688025163945
300393.XSHE,0.0011505679694216
600848.XSHG,0.005176256451351137
000683.XSHE,0.004299288652315811
002201.XSHE,0.0004246514244272123
603506.XSHG,-9.872113521244006e-05
002407.XSHE,0.0010597779688723372
300400.XSHE,-0.00011185030536662005
688080.XSHG,-0.0005159575047826805
300660.XSHE,-0.00013124421642205896
600989.XSHG,0.01876005830056271
601956.XSHG,0.0012610402194585236
000951.XSHE,0.0022192833845012506
600032.XSHG,0.0019698055191487247
603357.XSHG,0.0022659167621571913
000545.XSHE,0.0013309994552525458
603860.XSHG,-0.0004061392844214817
600026.XSHG,0.01608519086595168
300040.XSHE,8.842396352315809e-05
600860.XSHG,0.0011122474197580766
603105.XSHG,0.004357131696150288
603976.XSHG,0.00035547283115897846
002148.XSHE,-0.0004152392477136098
300681.XSHE,-0.00018372775435222772
603661.XSHG,0.00021897998178377624
600130.XSHG,0.00044418071764736554
002090.XSHE,-5.814898955818241e-05
301057.XSHE,-0.0006438297980218203
002178.XSHE,0.00021943922863327668
002885.XSHE,-0.0003773020169260295
300616.XSHE,0.00021357207769819215
002491.XSHE,0.0021635253840398376
600018.XSHG,0.1320846922902647
600746.XSHG,0.00019888346287635003
600320.XSHG,0.0022376700196549966
300167.XSHE,-0.0005748605012844815
002811.XSHE,0.0005464985740505219
300119.XSHE,-2.6280763365373408e-05
300793.XSHE,-6.17402799683416e-05
002419.XSHE,0.0023692183017104077
300276.XSHE,-4.245779620511126e-05
603567.XSHG,0.003629674738308917
002660.XSHE,-0.0001390651937230329
000957.XSHE,0.00033809079805301656
300010.XSHE,0.0006468817434822086
002053.XSHE,0.002032166751897652
605128.XSHG,-0.0004280899466636714
300169.XSHE,6.41834475194708e-05
603555.XSHG,0.013593955785011989
000404.XSHE,0.0009198667085220965
600183.XSHG,0.0018882983552733685
603737.XSHG,0.0009186514912938885
002601.XSHE,0.0017306745388671041
300767.XSHE,0.00020082487326215004
600056.XSHG,0.0006918839292735089
600115.XSHG,0.07085070209160746
002364.XSHE,0.00014395135218214284
300289.XSHE,0.0008740614819416686
603330.XSHG,-7.666574194090418e-05
002473.XSHE,-0.00041788826217704206
603719.XSHG,0.001832908479186113
300727.XSHE,0.00010143164732296793
603008.XSHG,0.0019551103629032993
000783.XSHE,0.009115472497892326
688318.XSHG,-0.00026172819277210625
601778.XSHG,0.017158644072215002
600076.XSHG,0.002538163083911423
002498.XSHE,0.0038215435528099655
688356.XSHG,-2.9990949525000215e-05
300328.XSHE,0.0005966038059898204
002654.XSHE,0.0004315709219593531
300168.XSHE,0.0011037180862013892
600662.XSHG,-0.00017309540337239946
002789.XSHE,-0.0004622875976063941
002633.XSHE,-0.00012778725687326038
300929.XSHE,-0.00068787021137036
601669.XSHG,0.09110906220276148
603960.XSHG,0.00030997116042070507
603383.XSHG,0.00014048996837533786
002102.XSHE,0.0016046139211456675
600809.XSHG,0.0020495034567947425
300218.XSHE,0.00022535025394390727
601021.XSHG,0.004462640604861061
600495.XSHG,0.0009024425369354626
002975.XSHE,-0.00035100470722461056
300539.XSHE,-0.0004840636493536611
003026.XSHE,-0.0003197797702943913
300880.XSHE,-0.0001462506506075494
000911.XSHE,0.0009603633507218393
605288.XSHG,-0.0006241959247124513
300049.XSHE,-0.00013771781140115404
600173.XSHG,0.0022319777225522103
600498.XSHG,0.0028153640922841837
600804.XSHG,0.0012869684118865497
603809.XSHG,0.0003136758540602611
300624.XSHE,6.937792617373137e-05
600439.XSHG,-7.451730712444184e-05
300064.XSHE,0.0007652860714844198
600303.XSHG,0.00014971974408619856
600202.XSHG,-0.00018793350525204348
605296.XSHG,5.4269035356979136e-05
002495.XSHE,-0.00015422376962503286
600372.XSHG,0.0062613052109542116
300892.XSHE,-0.0005527599270229039
600595.XSHG,0.0019852772565353066
000995.XSHE,0.0003714331029942659
600288.XSHG,0.0003135180172724975
600222.XSHG,0.0007403388559173956
688160.XSHG,-0.0006397734020504967
603610.XSHG,0.0002701146062429238
000636.XSHE,0.00029562721006242245
688289.XSHG,0.0021199243539499067
300207.XSHE,0.002148167437854153
600826.XSHG,-1.4790303162563615e-05
300420.XSHE,0.0004115230873531848
600239.XSHG,5.12353515605675e-05
300635.XSHE,-0.00032779257320874396
600059.XSHG,0.0004996120958125911
002428.XSHE,0.0007143823160648622
688268.XSHG,-0.00012147385139864536
600538.XSHG,0.0007853317512459741
600433.XSHG,0.0018216074562530755
603639.XSHG,0.0005981412526428531
300672.XSHE,0.000834658750108177
002362.XSHE,0.0002981443562423855
600033.XSHG,0.0031201200126930975
000543.XSHE,0.0026577437039892174
300353.XSHE,-8.415045081992269e-05
600371.XSHG,-6.524274450085655e-05
603165.XSHG,0.00043122209467077945
003037.XSHE,7.797989081562726e-05
002925.XSHE,0.0038076585604186605
605289.XSHG,-0.0007083211003490458
688103.XSHG,-0.0004062189326471756
002645.XSHE,0.0004259497610052984
688226.XSHG,-0.0005647221094210863
002039.XSHE,0.0006663873445114224
688081.XSHG,-0.0006395401765935904
300709.XSHE,-2.9750964502726213e-05
603551.XSHG,0.0005560331510511659
300296.XSHE,0.0008373491901646669
603256.XSHG,0.000823350800054755
000413.XSHE,0.010226367359533391
000839.XSHE,0.0011296489877343024
300649.XSHE,-0.0004236997047712374
002705.XSHE,0.0038097639494050328
300333.XSHE,0.000131356859778609
600382.XSHG,0.0006503254678226427
601018.XSHG,0.1054098830824074
603798.XSHG,3.367001235836148e-05
002723.XSHE,8.987415087347147e-05
000978.XSHE,0.00020918673099965
002228.XSHE,0.000544592069420334
688499.XSHG,-4.08265371375589e-05
603757.XSHG,-7.475894224630059e-05
002678.XSHE,0.004447432049286191
002831.XSHE,0.00209239316899029
300098.XSHE,0.0004200283038309036
600749.XSHG,-0.00015572986068448913
605258.XSHG,-0.000646928104603545
002319.XSHE,0.00012347864267719466
600408.XSHG,0.00168503576327812
002221.XSHE,0.003360400790190589
002763.XSHE,0.00013021235382567036
002439.XSHE,0.0006975110251261623
000058.XSHE,0.0005994150272364033
002232.XSHE,0.0005862180326538127
002827.XSHE,0.000857766697839378
300018.XSHE,-0.00013296563507171383
002361.XSHE,4.348191131779754e-05
300150.XSHE,0.0002164471241001037
600283.XSHG,0.0014023704266916512
603055.XSHG,0.004903546507236256
603815.XSHG,0.0009724413815565021
002145.XSHE,0.005118181533668144
600298.XSHG,0.0009113682767555242
600208.XSHG,0.012209264975259024
603192.XSHG,0.0001653910526211908
000671.XSHE,0.0008187561938863273
688676.XSHG,-0.00012487716934608557
002078.XSHE,0.0029520812275257956
688538.XSHG,0.021807915586967225
002752.XSHE,0.004241559187780154
300729.XSHE,6.700697837383463e-05
688122.XSHG,0.002971383823052663
601818.XSHG,0.1320846922902647
002871.XSHE,-0.0006683595151731679
688819.XSHG,0.0010099205724370128
600630.XSHG,0.0004823952700925352
300626.XSHE,-0.00022274463066728053
000016.XSHE,0.00034651339447545914
002599.XSHE,0.00041116116398668735
603178.XSHG,0.001008274356386578
605167.XSHG,0.0004013162230121053
000661.XSHE,0.0006793677002659749
000650.XSHE,0.00014294309371668716
300988.XSHE,-0.0006994616367591793
605499.XSHG,0.0005179283558015709
002291.XSHE,0.0032602435940502026
301008.XSHE,-0.0006763766202346365
600608.XSHG,-0.0009378917281992124
002093.XSHE,0.000191516701019411
601577.XSHG,0.008872760785760861
600583.XSHG,0.0019486248912728447
300227.XSHE,3.222497950513658e-05
600890.XSHG,-4.8214743231665106e-05
300795.XSHE,-0.000606598315645994
300857.XSHE,0.000737912052940608
300897.XSHE,-0.0007409855413150227
002128.XSHE,0.00591732860709502
603322.XSHG,-0.0001545138966054224
600897.XSHG,-0.00010799171475258545
002859.XSHE,0.0005554185567923437
300460.XSHE,0.0010227614239896174
300601.XSHE,0.003660844270217549
688766.XSHG,-0.00032359547134404787
002427.XSHE,0.001232598431461087
600969.XSHG,0.0009469481536409595
000977.XSHE,0.002162031064376284
603078.XSHG,-5.233339411100577e-05
300970.XSHE,-0.0006701339562320132
300137.XSHE,0.00035337721575888666
300151.XSHE,8.945164833638116e-06
300835.XSHE,-0.0003977899139951448
300288.XSHE,-0.00033498280145480974
300579.XSHE,0.00020160828968754613
603171.XSHG,4.513527896721827e-05
600722.XSHG,0.0005042087508029711
300786.XSHE,-0.00046775858503756476
000703.XSHE,0.003537332269814426
300943.XSHE,-0.0005168420592886956
600090.XSHG,0.0019141392746632303
002970.XSHE,-0.0001355941964386325
002213.XSHE,0.00014367272503991934
002819.XSHE,0.0004585427639504949
600668.XSHG,-0.00029020974541497615
300508.XSHE,-0.0004268642896852294
600197.XSHG,0.0008122861513217942
603789.XSHG,0.0011656827090516684
601899.XSHG,0.10327001082287328
600839.XSHG,0.0010540853348764468
002690.XSHE,0.0006830828744745958
600742.XSHG,-0.00025876037494933706
000778.XSHE,0.002324809202563087
601298.XSHG,0.01654177755632643
000021.XSHE,0.0007023555564995973
600058.XSHG,0.001848283662334676
002783.XSHE,2.0517736562115614e-05
603006.XSHG,-1.5248093880370641e-05
603613.XSHG,0.0009768019268970353
603183.XSHG,0.00010559750032691534
002370.XSHE,0.0004253210354836041
002008.XSHE,0.0007291728276142727
600880.XSHG,-0.0004281544867792412
000060.XSHE,0.0006697750477865515
300740.XSHE,0.0008948110522404538
300114.XSHE,0.0005227962196779215
002013.XSHE,0.0013484359189080278
300062.XSHE,-0.00032521022074928093
300302.XSHE,-0.00016297157203161937
002243.XSHE,0.002768639349871569
600035.XSHG,0.004493315742269762
600386.XSHG,0.0005680480835659777
002295.XSHE,0.0006188179474063103
002375.XSHE,0.0016875036225098008
300502.XSHE,0.00041174889856165664
601216.XSHG,0.00566065082160606
603288.XSHG,0.007113119598902146
002642.XSHE,0.00046458393082475773
603718.XSHG,0.0022630144097347984
300178.XSHE,0.0002701651448463228
300490.XSHE,0.0006961471441890013
000669.XSHE,0.0008608523334342766
300619.XSHE,-0.00017981020781088208
002355.XSHE,0.002193980004745696
002881.XSHE,-8.018247348749415e-05
000055.XSHE,1.3231153011266468e-05
300147.XSHE,0.0005487921987673676
002403.XSHE,0.0012744982034990147
300239.XSHE,0.0001935316219914882
600325.XSHG,0.0017724808315003795
300942.XSHE,-2.71112534979883e-05
688012.XSHG,0.00269915691650693
002397.XSHE,-0.00044398645801821407
300595.XSHE,0.0005915514103019111
603177.XSHG,0.0012111329362138698
603937.XSHG,0.0010611906850041188
600055.XSHG,-7.936501763200737e-05
002803.XSHE,0.00035468399333738767
002760.XSHE,-9.519367901948434e-05
002050.XSHE,0.0025762755896098035
002852.XSHE,-3.817248293701606e-05
002494.XSHE,8.133513820485759e-05
300153.XSHE,-1.1038776673325478e-05
002126.XSHE,0.0008491423732849786
300086.XSHE,-8.99609777686326e-06
000752.XSHE,-0.0005382362473954641
300217.XSHE,6.06930562792122e-05
600977.XSHG,0.017112944392703198
601019.XSHG,0.017233873244608875
300966.XSHE,-0.0004147760867992214
688466.XSHG,-0.0005810476283499451
000881.XSHE,0.001057426385647299
001210.XSHE,-0.0005787482718102278
300228.XSHE,-2.7048409589482776e-06
300802.XSHE,-5.712165393388462e-05
300604.XSHE,0.0004569734826093938
603458.XSHG,0.0003505589181376491
601169.XSHG,0.05498196776138907
603390.XSHG,0.00045068587751211347
603169.XSHG,0.00590152198311932
600588.XSHG,0.0008165069339399426
603927.XSHG,0.0028250221890988416
000996.XSHE,3.6171902409120726e-05
003015.XSHE,-5.7075733619170476e-05
603867.XSHG,0.00014518207682932512
603300.XSHG,0.002578708999213782
000682.XSHE,0.000241626388991349
605507.XSHG,0.0005177413016961988
000958.XSHE,0.002300691036908683
603602.XSHG,-0.00015160860595585094
603297.XSHG,0.0002439829261102394
603236.XSHG,0.0003589643001597963
300081.XSHE,5.7073273628204446e-05
603127.XSHG,0.0009010995692368978
000915.XSHE,0.00012342068033708708
600834.XSHG,0.00024583315283492504
600236.XSHG,0.010828027161212105
605122.XSHG,-0.00043807312223072584
300357.XSHE,0.0007192997002272613
000555.XSHE,0.002676597263144442
601388.XSHG,0.0034516324724473946
002702.XSHE,-0.0003254407805512627
605336.XSHG,-0.0003981589136392778
600559.XSHG,0.001013716525255197
600973.XSHG,0.0008249035633556581
600918.XSHG,0.02591571013360458
002659.XSHE,0.0019700070795763956
603917.XSHG,8.434087715818812e-05
002591.XSHE,-0.00035820648080259275
002057.XSHE,0.0004128980830072215
002982.XSHE,-0.00029659873537912605
002065.XSHE,0.0006947222987643615
300803.XSHE,0.0018552562562986292
600271.XSHG,0.0007223412433039903
601865.XSHG,0.0054956634322122526
603580.XSHG,-0.0004028093146910131
300375.XSHE,0.00014930961918468533
002330.XSHE,0.0015893429720024261
002978.XSHE,0.0006870032929528273
600038.XSHG,0.0018120697924507818
300851.XSHE,-0.0004245625811286288
603777.XSHG,0.001615308884016662
002668.XSHE,0.001346637234581452
300790.XSHE,4.959199552303497e-05
002526.XSHE,0.0022225758192856307
600337.XSHG,0.0005139239106152941
002399.XSHE,0.003080033581359049
001696.XSHE,-0.0001868577601035481
002653.XSHE,0.001184248961887927
600770.XSHG,0.00010570995932177572
002282.XSHE,0.0012136617880771318
603128.XSHG,0.004324098948238651
603880.XSHG,3.173339587241009e-06
600378.XSHG,0.0008126463893997331
002959.XSHE,7.528585559076514e-06
002100.XSHE,0.00041359323673834564
603033.XSHG,0.0006166122535897105
603713.XSHG,0.0012780637496691207
688679.XSHG,-0.000667685494121318
600050.XSHG,0.13206103000480024
601700.XSHG,0.0011959289638359023
002187.XSHE,0.000727220614323659
601808.XSHG,0.02547317464485845
300650.XSHE,-0.0005346800471648333
688786.XSHG,-0.0005126387946824146
600741.XSHG,0.0007637119320122385
603289.XSHG,0.001053425860470587
002146.XSHE,0.002978005900965534
601163.XSHG,0.006788329742051157
688728.XSHG,0.0017817013166874962
601916.XSHG,0.06412207661454174
002883.XSHE,-0.0006999720760692428
600217.XSHG,0.002555594348404289
300387.XSHE,-0.00021878379821690182
688517.XSHG,-0.0006162120649878571
002869.XSHE,8.087563664200452e-05
601606.XSHG,0.006641154139396955
600782.XSHG,0.0024807584847604818
688039.XSHG,-0.00017728537813307597
000166.XSHE,0.1320846922902647
603668.XSHG,0.0015886719840785342
600242.XSHG,0.003036078871402208
600854.XSHG,-0.00012884707042136868
601599.XSHG,0.001970931264250843
002502.XSHE,0.0006664309316839359
002272.XSHE,0.00018828801677615067
600522.XSHG,0.0034118446195844318
002261.XSHE,0.00045938558824776233
301026.XSHE,-0.0002767745578672926
600438.XSHG,0.004402865088618572
600568.XSHG,0.00045962149567072583
300330.XSHE,-0.00021766432679890652
000862.XSHE,0.0011820298213802535
300032.XSHE,0.0012561325984769393
300510.XSHE,0.000740540643449374
300818.XSHE,-0.0005834857411628352
600348.XSHG,0.002398274827341188
600873.XSHG,0.003708395752015956
600645.XSHG,-0.0002284574603788453
002896.XSHE,-0.0001388755796224979
688221.XSHG,0.0002862575620132498
000157.XSHE,0.0010578726938594266
601118.XSHG,0.04105404723882793
