date,code,open,close,low,high,volume,money,turnover_ratio
2021-03-23,000001.XSHE,2605.0,2563.94,2531.33,2614.66,565460.0,1448043613.41,0.3519
2021-03-23,000002.XSHE,4521.36,4494.18,4454.13,4528.51,295493.0,1324354573.94,0.4351
2021-03-23,000004.XSHE,131.94,130.98,130.38,133.58,210650.0,27769191.0,1.3624
2021-03-23,000005.XSHE,24.74,23.82,23.72,24.94,1224513.0,29597151.64,1.1833
2021-03-23,000006.XSHE,254.74,250.48,250.0,254.74,199768.0,50275528.34,0.7029
2021-03-23,000007.XSHE,51.23,49.91,49.79,51.72,2612721.0,131747503.5,10.1947
2021-03-23,000008.XSHE,63.71,62.9,62.64,63.98,428362.0,27025406.71,0.4321
2021-03-23,000009.XSHE,89.61,90.11,88.4,90.81,3474206.0,311317646.93,1.3661
2021-03-23,000010.XSHE,54.63,55.3,53.7,57.82,2752660.0,152332592.79,7.0075
2021-03-23,000011.XSHE,59.6,54.63,54.63,60.42,8751128.0,493219955.31,6.5006
2021-03-23,000012.XSHE,204.06,200.84,199.87,205.35,540858.0,109156148.17,0.8909
2021-03-23,000014.XSHE,75.17,76.18,74.07,76.18,301938.0,22668813.0,1.3689
2021-03-23,000016.XSHE,146.09,147.04,146.09,148.46,666944.0,98027136.93,0.9923
2021-03-23,000017.XSHE,10.09,10.05,9.73,10.32,4887758.0,49300650.97,5.2494
2021-03-23,000019.XSHE,41.18,42.52,40.74,43.85,6430146.0,275973451.61,8.5983
2021-03-23,000020.XSHE,21.27,21.87,21.22,22.59,1445984.0,31766803.81,1.918
2021-03-23,000021.XSHE,308.8,307.85,304.84,311.97,637231.0,196173739.75,0.6873
2021-03-23,000023.XSHE,43.11,43.52,43.11,44.32,77533.0,3385821.72,0.1496
2021-03-23,000025.XSHE,43.68,43.9,43.68,45.62,2983854.0,132667103.31,2.0803
2021-03-23,000026.XSHE,140.37,140.37,136.24,141.42,852447.0,118540549.3,2.0965
2021-03-23,000027.XSHE,208.0,221.57,201.43,221.57,14265521.0,3064139428.55,6.5653
2021-03-23,000028.XSHE,165.05,165.69,163.77,166.48,576268.0,95144943.02,0.6244
2021-03-23,000029.XSHE,17.85,17.48,17.43,18.06,3763710.0,66733335.94,0.9784
2021-03-23,000030.XSHE,26.11,25.4,25.33,26.32,2246128.0,57819088.18,0.4357
2021-03-23,000031.XSHE,77.71,76.95,76.37,77.71,245877.0,18850113.99,0.2489
2021-03-23,000032.XSHE,91.3,90.21,90.05,92.84,377027.0,34373692.8,0.382
2021-03-23,000034.XSHE,51.86,52.54,51.74,53.02,2108769.0,110494161.46,1.2936
2021-03-23,000035.XSHE,22.61,22.43,22.2,22.8,5427658.0,121794304.54,1.021
2021-03-23,000036.XSHE,36.37,36.11,35.93,36.37,398910.0,14406049.66,0.238
2021-03-23,000037.XSHE,60.86,62.51,59.74,67.03,5929362.0,384075218.02,10.288
2021-03-23,000038.XSHE,32.76,33.01,32.23,33.04,1079599.0,35272392.8,1.4237
2021-03-23,000039.XSHE,453.85,449.52,442.11,456.93,408761.0,182889872.18,0.8225
2021-03-23,000040.XSHE,13.47,12.96,12.92,13.52,8778141.0,115436245.12,3.8327
2021-03-23,000042.XSHE,119.43,119.03,117.72,119.95,96336.0,11460574.6,0.1913
2021-03-23,000045.XSHE,25.61,25.52,25.23,26.87,4228428.0,109672544.02,2.7081
2021-03-23,000046.XSHE,100.06,100.06,99.37,100.4,238405.0,23790466.2,0.1562
2021-03-23,000048.XSHE,176.52,181.43,175.8,184.41,346814.0,63058652.52,0.5579
2021-03-23,000049.XSHE,422.06,410.66,405.72,427.11,886897.0,368356665.06,2.3692
2021-03-23,000050.XSHE,119.45,118.45,117.77,120.96,2125623.0,253076087.2,0.8543
2021-03-23,000055.XSHE,47.21,45.34,45.24,47.21,1415545.0,65013840.5,2.0596
2021-03-23,000056.XSHE,12.82,12.58,12.54,12.96,1177846.0,14910234.0,0.6143
2021-03-23,000058.XSHE,29.68,28.98,28.7,29.68,2083819.0,60427102.54,1.8007
2021-03-23,000059.XSHE,10.62,9.97,9.95,10.64,18892430.0,192593448.88,2.0266
2021-03-23,000060.XSHE,178.85,172.03,170.89,179.6,1380278.0,239988178.76,1.4656
2021-03-23,000061.XSHE,133.3,134.4,132.42,137.04,450442.0,60683909.35,0.5854
2021-03-23,000062.XSHE,90.6,91.33,89.59,91.62,488756.0,44243860.99,0.3394
2021-03-23,000063.XSHE,509.34,507.8,506.77,517.54,2207247.0,1129289024.53,0.978
2021-03-23,000065.XSHE,111.41,110.63,110.32,112.03,196092.0,21733862.5,0.4533
2021-03-23,000066.XSHE,172.62,175.6,172.62,177.78,2774438.0,486922960.57,1.0869
2021-03-23,000068.XSHE,6.32,6.2,6.18,6.34,2716971.0,16937171.0,0.6154
2021-03-23,000069.XSHE,420.35,431.3,419.43,436.78,2359550.0,1013622276.37,1.5261
2021-03-23,000070.XSHE,24.78,24.43,24.33,24.95,1763406.0,43237044.52,0.7635
2021-03-23,000078.XSHE,67.41,66.59,65.97,67.82,557819.0,37223056.05,0.436
2021-03-23,000088.XSHE,48.08,46.79,46.63,48.16,1501790.0,70742501.36,0.535
2021-03-23,000089.XSHE,64.11,63.89,63.31,64.76,1600799.0,102301053.57,0.5693
2021-03-23,000090.XSHE,46.26,45.73,45.44,46.63,1686913.0,77461980.39,0.6748
2021-03-23,000096.XSHE,25.68,25.52,25.26,25.71,283273.0,7210213.78,0.1477
2021-03-23,000099.XSHE,26.25,25.64,25.52,26.25,1318156.0,34160236.24,0.8298
2021-03-23,000100.XSHE,32.3,31.44,30.9,32.71,238654069.0,7563978064.46,5.859
2021-03-23,000150.XSHE,11.44,12.07,10.88,12.82,16365279.0,193497729.24,8.0067
2021-03-23,000151.XSHE,20.45,20.65,20.26,21.09,652177.0,13533385.27,0.6772
2021-03-23,000153.XSHE,40.39,39.83,39.66,40.62,619970.0,24783425.0,1.1226
2021-03-23,000155.XSHE,19.02,18.05,17.78,19.02,48011119.0,880883780.23,5.9428
2021-03-23,000156.XSHE,14.49,14.51,14.35,14.56,2792203.0,40346153.29,0.3771
2021-03-23,000157.XSHE,949.98,921.54,910.61,952.16,1104775.0,1020296378.68,1.2309
2021-03-23,000158.XSHE,15.08,14.94,14.67,15.14,6050973.0,89789509.93,1.1352
2021-03-23,000159.XSHE,16.98,16.76,16.66,17.01,2147020.0,35997972.81,1.4365
2021-03-23,000166.XSHE,6.76,6.8,6.74,6.84,33990405.0,230724286.75,0.2187
2021-03-23,000301.XSHE,31.66,28.52,28.32,31.72,18081437.0,529582354.72,2.3558
2021-03-23,000333.XSHE,387.56,378.68,376.82,387.84,7953699.0,3027477688.67,0.5377
2021-03-23,000338.XSHE,402.79,387.36,379.84,404.37,3540269.0,1376689695.26,1.6502
2021-03-23,000400.XSHE,125.95,122.96,120.84,125.95,4070816.0,501397540.25,3.1762
2021-03-23,000402.XSHE,243.54,238.96,237.19,244.24,1050191.0,252234380.15,1.2389
2021-03-23,000403.XSHE,302.13,296.79,293.84,302.13,182922.0,54233090.94,0.2996
2021-03-23,000404.XSHE,17.44,17.25,17.06,17.48,2394859.0,41318233.75,1.3279
2021-03-23,000407.XSHE,48.65,48.89,47.8,49.74,709456.0,34704968.0,0.9828
2021-03-23,000408.XSHE,54.36,54.9,54.36,56.15,634255.0,34933779.98,0.795
2021-03-23,000409.XSHE,9.6,9.65,9.54,9.78,1924119.0,18546466.69,1.0425
2021-03-23,000410.XSHE,11.61,11.75,11.55,12.1,3594191.0,42467873.42,0.619
2021-03-23,000411.XSHE,34.23,33.44,33.21,34.29,1168952.0,39405998.25,1.4513
2021-03-23,000413.XSHE,9.73,9.59,9.55,9.78,6493983.0,62498583.6,0.6127
2021-03-23,000415.XSHE,51.63,50.96,50.73,51.86,677651.0,34545215.55,0.4307
2021-03-23,000416.XSHE,46.92,48.8,46.82,51.27,1886792.0,92660741.85,3.5129
2021-03-23,000417.XSHE,86.03,85.11,84.36,86.03,238006.0,20311204.0,0.5665
2021-03-23,000419.XSHE,67.87,67.11,66.66,67.87,131699.0,8835383.86,0.3672
2021-03-23,000420.XSHE,17.09,17.64,16.62,18.25,8979770.0,155904804.22,3.1047
2021-03-23,000421.XSHE,60.11,62.02,58.7,65.24,2658208.0,164457247.31,4.666
2021-03-23,000422.XSHE,53.79,51.48,51.48,54.06,1296630.0,67580151.2,1.9566
2021-03-23,000423.XSHE,386.45,385.74,384.93,395.71,942604.0,367671171.58,1.4661
2021-03-23,000425.XSHE,334.76,332.17,327.42,338.64,5425960.0,1805619267.13,3.3462
2021-03-23,000426.XSHE,123.08,120.53,119.85,123.25,795524.0,96171480.21,0.9154
2021-03-23,000428.XSHE,44.45,42.61,42.48,44.59,2027990.0,87640841.61,2.6257
2021-03-23,000429.XSHE,27.69,27.77,27.38,27.81,791258.0,21846690.32,0.2349
2021-03-23,000430.XSHE,27.09,25.94,25.52,27.14,2235639.0,58667208.67,3.1101
2021-03-23,000488.XSHE,98.55,89.4,89.12,98.55,13134200.0,1203438731.9,7.5442
2021-03-23,000498.XSHE,17.52,17.1,16.99,17.63,3346565.0,57706722.0,0.8375
2021-03-23,000501.XSHE,96.1,100.12,94.44,101.86,3483887.0,343309572.52,3.5799
2021-03-23,000502.XSHE,24.56,24.77,23.35,26.22,2163134.0,52932756.79,4.075
2021-03-23,000503.XSHE,67.09,66.89,66.31,68.26,730828.0,48996602.03,0.7906
2021-03-23,000504.XSHE,43.97,42.83,42.66,43.97,279152.0,12026312.0,0.3116
2021-03-23,000505.XSHE,25.19,26.39,25.09,27.5,9399627.0,247360317.08,6.7194
2021-03-23,000506.XSHE,6.75,6.57,6.54,6.75,2798668.0,18564321.0,0.9047
2021-03-23,000507.XSHE,29.71,29.34,29.28,29.77,702765.0,20687789.51,0.4513
2021-03-23,000509.XSHE,27.2,26.87,26.65,27.2,300492.0,8078376.0,0.3993
2021-03-23,000510.XSHE,52.77,51.52,50.72,53.11,902330.0,46527070.0,1.8675
2021-03-23,000513.XSHE,352.41,356.91,350.24,362.71,1318671.0,468832876.05,1.9043
2021-03-23,000514.XSHE,18.39,18.08,18.03,18.44,477459.0,8678303.2,0.2915
2021-03-23,000516.XSHE,541.14,521.18,519.41,565.09,1316577.0,713671795.6,3.0275
2021-03-23,000517.XSHE,35.02,33.9,33.9,35.47,3182843.0,109092073.83,1.4446
2021-03-23,000518.XSHE,34.41,34.41,34.16,34.58,928908.0,31853604.0,0.7572
2021-03-23,000519.XSHE,73.53,72.47,72.06,73.61,2043445.0,148659771.76,1.1957
2021-03-23,000520.XSHE,22.6,22.74,22.45,22.96,695666.0,15819504.24,0.4962
2021-03-23,000521.XSHE,21.67,21.44,21.2,22.02,5311415.0,113911266.26,3.5459
2021-03-23,000523.XSHE,19.2,18.4,18.4,19.33,3245032.0,61008258.18,3.4502
2021-03-23,000524.XSHE,41.86,40.62,40.18,41.91,902712.0,36791507.23,0.6681
2021-03-23,000525.XSHE,46.74,45.03,44.95,46.89,973401.0,44438465.21,1.3176
2021-03-23,000526.XSHE,98.77,100.5,98.54,102.69,251884.0,25453011.93,0.647
2021-03-23,000528.XSHE,131.57,129.21,127.82,131.85,2267476.0,292899519.36,2.1515
2021-03-23,000529.XSHE,20.15,20.22,20.05,20.28,786832.0,15887320.64,0.4479999999999999
2021-03-23,000530.XSHE,44.1,44.52,42.61,45.59,2128110.0,93654710.97,3.7778
2021-03-23,000531.XSHE,127.16,123.47,123.09,127.42,1422328.0,177758609.26,2.6401
2021-03-23,000532.XSHE,50.79,50.84,50.12,51.27,518028.0,26248279.78,0.7239
2021-03-23,000533.XSHE,6.86,6.75,6.73,6.89,6117582.0,41449819.0,2.0169
2021-03-23,000534.XSHE,52.62,50.62,49.86,52.83,499234.0,25537867.66,0.4235
2021-03-23,000536.XSHE,14.82,14.34,14.15,14.87,4902883.0,71002887.8,0.8482
2021-03-23,000537.XSHE,38.35,37.84,37.64,38.35,530065.0,20057395.0,0.1969999999999999
2021-03-23,000538.XSHE,2334.93,2320.04,2306.28,2358.86,185246.0,430988222.27,0.5797
2021-03-23,000539.XSHE,78.19,75.07,74.15,78.19,1746616.0,132520909.55,1.2553
2021-03-23,000540.XSHE,241.96,238.72,235.47,242.78,750416.0,178837427.43,0.8745
2021-03-23,000541.XSHE,194.27,194.87,192.75,195.78,168208.0,32670975.38,0.4754
2021-03-23,000543.XSHE,26.12,24.95,24.84,26.18,19721276.0,500632714.19,6.1752
2021-03-23,000544.XSHE,25.06,24.67,24.63,25.35,2226830.0,55525339.77,0.8239
2021-03-23,000545.XSHE,15.25,14.65,14.5,15.44,9197950.0,136664499.11,4.7764
2021-03-23,000546.XSHE,15.23,14.92,14.88,15.62,4971012.0,75996102.05,1.4661
2021-03-23,000547.XSHE,225.22,219.03,218.0,226.37,3286237.0,725032642.81,3.1248
2021-03-23,000548.XSHE,14.45,14.23,14.19,14.56,984056.0,14103677.55,0.7211
2021-03-23,000550.XSHE,73.33,71.04,70.3,74.78,2741938.0,196798600.13,1.5582
2021-03-23,000551.XSHE,69.77,68.46,67.53,70.16,714170.0,48908152.97,1.3793
2021-03-23,000552.XSHE,20.23,19.27,19.07,20.3,5998791.0,117302054.74,1.8016
2021-03-23,000553.XSHE,37.17,37.13,36.83,37.3,468379.0,17343769.0,0.091
2021-03-23,000554.XSHE,27.3,26.82,26.64,27.3,645605.0,17375806.0,1.0633
2021-03-23,000555.XSHE,41.72,42.92,41.35,43.77,4691709.0,200255462.31,1.5268
2021-03-23,000557.XSHE,32.38,31.15,30.99,32.47,1811263.0,57237073.34,1.0211
2021-03-23,000558.XSHE,20.68,20.68,20.17,21.13,4557848.0,93878346.43,2.2442
2021-03-23,000559.XSHE,177.75,175.26,174.54,178.46,240304.0,42242947.82,0.3109
2021-03-23,000560.XSHE,19.46,19.88,19.36,20.14,3660699.0,72320110.94,0.8528
2021-03-23,000561.XSHE,16.86,16.78,16.7,16.91,854461.0,14331849.61,0.3652
2021-03-23,000563.XSHE,58.81,58.81,58.12,59.16,838066.0,49126105.78,0.3657
2021-03-23,000564.XSHE,10.99,10.99,10.83,10.99,3277932.0,35977109.41,0.6299
2021-03-23,000565.XSHE,42.77,41.25,40.25,43.23,2991583.0,123580090.51,5.2699
2021-03-23,000566.XSHE,61.22,59.92,59.42,61.22,1027566.0,61689193.43,0.8523
2021-03-23,000567.XSHE,41.33,40.81,40.71,41.52,648254.0,26547586.31,1.4039
2021-03-23,000568.XSHE,7108.71,7260.93,6976.97,7262.58,289915.0,2076480009.33,0.6537
2021-03-23,000570.XSHE,33.2,31.16,31.11,33.31,2802142.0,90096116.39,3.9603
2021-03-23,000571.XSHE,26.45,26.45,26.45,26.45,279053.0,7381854.0,0.4068
2021-03-23,000572.XSHE,13.91,14.56,13.49,14.56,5324533.0,75694427.43,1.5087
2021-03-23,000573.XSHE,21.11,21.03,20.88,21.5,728756.0,15407866.77,0.8917
2021-03-23,000576.XSHE,77.25,78.62,76.76,79.92,2449006.0,191684162.35,3.5535
2021-03-23,000581.XSHE,119.93,120.54,118.08,120.8,1640095.0,196077865.45,1.0285
2021-03-23,000582.XSHE,51.75,50.87,50.33,53.37,2911253.0,150602734.56,1.1272
2021-03-23,000584.XSHE,35.12,34.49,34.2,35.27,2661630.0,91973220.87,1.7659
2021-03-23,000585.XSHE,2.24,2.23,2.2,2.29,8144568.0,18329489.93,1.7093
2021-03-23,000586.XSHE,28.0,27.5,27.38,28.0,379223.0,10467985.06,0.7614
2021-03-23,000587.XSHE,24.03,24.33,23.88,24.48,490550.0,11899100.26,0.5999
2021-03-23,000589.XSHE,42.9,41.93,41.58,42.96,2737060.0,114858265.28,2.0244
2021-03-23,000590.XSHE,41.85,41.8,41.03,42.11,442846.0,18358970.6,0.9535
2021-03-23,000591.XSHE,111.01,104.36,104.22,111.57,19776425.0,2117767723.84,13.4548
2021-03-23,000592.XSHE,20.22,20.61,19.3,21.34,28285341.0,573964036.87,9.7026
2021-03-23,000593.XSHE,30.68,31.51,30.68,32.59,2908580.0,92520434.76,5.1577
2021-03-23,000595.XSHE,10.36,10.31,10.26,10.46,523977.0,5408943.0,0.2372
2021-03-23,000596.XSHE,647.73,653.91,645.17,668.27,471561.0,309180100.73,0.4194
2021-03-23,000597.XSHE,22.85,22.66,22.52,23.04,673607.0,15327664.67,0.2524
2021-03-23,000598.XSHE,148.62,147.22,146.38,148.62,580267.0,85599243.94,0.5449
2021-03-23,000599.XSHE,25.34,24.92,24.73,25.34,750180.0,18722285.1,0.5582
2021-03-23,000600.XSHE,42.77,41.44,40.67,43.06,10631739.0,443378512.52,6.8394
2021-03-23,000601.XSHE,73.39,71.58,70.89,73.62,1118363.0,80514135.28,1.1748
2021-03-23,000603.XSHE,58.37,57.65,56.41,58.63,2151108.0,123227537.71,1.5881
2021-03-23,000605.XSHE,19.71,19.46,19.28,19.71,760755.0,14831401.8,0.8063
2021-03-23,000606.XSHE,19.91,22.03,19.91,22.03,7542790.0,161625367.78,7.5556
2021-03-23,000607.XSHE,14.71,15.01,14.59,15.39,1988284.0,29841347.76,0.8473
2021-03-23,000608.XSHE,38.0,38.11,37.07,38.23,552730.0,20833049.89,0.8514
2021-03-23,000609.XSHE,23.75,23.14,22.9,23.75,505598.0,11720786.0,1.0517
2021-03-23,000610.XSHE,33.82,31.61,31.49,33.82,6553476.0,212402872.06,8.8993
2021-03-23,000611.XSHE,13.77,13.63,13.58,13.77,174195.0,2383912.75,0.26
2021-03-23,000612.XSHE,101.39,92.79,92.79,102.56,15433789.0,1465355100.09,12.6608
2021-03-23,000613.XSHE,7.11,6.94,6.78,7.15,16515315.0,114441419.0,8.8493
2021-03-23,000615.XSHE,110.18,101.0,101.0,111.6,3291517.0,340940040.0,4.0265
2021-03-23,000616.XSHE,71.39,70.8,70.21,71.69,330961.0,23385007.34,0.6827
2021-03-23,000617.XSHE,44.29,44.08,43.87,44.29,539093.0,23757565.0,0.0301
2021-03-23,000619.XSHE,54.54,53.06,52.51,54.82,765927.0,40903226.52,1.9668
2021-03-23,000620.XSHE,7.71,7.35,7.32,7.74,4955257.0,36997990.0,0.8536
2021-03-23,000622.XSHE,28.42,27.87,27.56,28.5,771741.0,21451292.67,1.4249
2021-03-23,000623.XSHE,342.54,341.03,338.22,342.54,271158.0,92275106.34,0.5048
2021-03-23,000625.XSHE,118.92,115.24,114.45,119.08,7356173.0,854799125.39,1.4774
2021-03-23,000626.XSHE,162.72,164.21,162.72,166.78,198035.0,32654512.41,0.4563
2021-03-23,000627.XSHE,120.96,120.67,119.22,121.54,271523.0,32650002.0,0.1765
2021-03-23,000628.XSHE,28.68,29.05,28.55,29.8,1918022.0,56042518.0,3.1196
2021-03-23,000629.XSHE,17.97,17.42,17.27,17.97,9838733.0,172387310.67,1.0298
2021-03-23,000630.XSHE,83.61,80.71,80.42,84.19,6070152.0,495586272.44,1.6741
2021-03-23,000631.XSHE,62.24,60.25,59.85,62.24,292757.0,17787271.1,0.2393
2021-03-23,000632.XSHE,27.15,26.69,26.61,27.15,292873.0,7865913.53,0.4811
2021-03-23,000633.XSHE,48.56,53.2,48.26,53.8,4706134.0,246172615.38,9.1433
2021-03-23,000635.XSHE,41.57,39.6,39.15,41.88,1517687.0,60946040.92,2.2455
2021-03-23,000636.XSHE,511.0,527.05,510.46,540.07,1841259.0,966689065.44,3.6684
2021-03-23,000637.XSHE,66.23,65.72,65.03,66.57,150314.0,9857785.1,0.7001
2021-03-23,000638.XSHE,22.5,21.3,21.22,22.59,1649525.0,35722577.0,2.3565
2021-03-23,000639.XSHE,57.14,56.81,56.37,57.25,559143.0,31772435.6,0.5670000000000001
2021-03-23,000650.XSHE,171.48,168.33,166.88,174.62,1580504.0,267387747.57,3.2384
2021-03-23,000651.XSHE,10691.86,10790.25,10591.7,10893.92,219006.0,2362594458.85,0.6446
2021-03-23,000652.XSHE,119.51,116.75,116.48,120.34,741229.0,87398130.31,1.3877
2021-03-23,000655.XSHE,45.22,43.76,43.29,45.87,3365149.0,148787607.57,3.3112
2021-03-23,000656.XSHE,48.1,47.35,47.21,48.24,4272106.0,203204619.0,0.5537
2021-03-23,000657.XSHE,35.17,33.81,33.17,35.81,6502901.0,222200053.46,2.9218
2021-03-23,000659.XSHE,69.65,70.5,68.64,70.83,1994407.0,139157219.83,2.6161
2021-03-23,000661.XSHE,2997.91,3060.08,2972.28,3141.88,512633.0,1568952804.93,1.107
2021-03-23,000662.XSHE,1.33,1.33,1.33,1.39,2690654.0,3615960.78,1.4869
2021-03-23,000663.XSHE,20.66,21.36,20.0,21.36,3607121.0,75227613.93,5.1258
2021-03-23,000665.XSHE,23.3,23.06,23.0,23.3,439587.0,10158971.0,0.2675
2021-03-23,000666.XSHE,14.97,15.12,14.97,15.42,3777762.0,57304563.87,2.4422
2021-03-23,000667.XSHE,48.87,47.59,47.33,49.12,4995487.0,239752651.38,5.2222
2021-03-23,000668.XSHE,51.42,51.08,50.63,51.65,219919.0,11219139.0,0.5707
2021-03-23,000669.XSHE,8.32,8.21,8.21,8.58,4027152.0,33699993.77,2.1609
2021-03-23,000671.XSHE,211.72,211.72,208.69,214.42,881734.0,185852291.13,0.7331
2021-03-23,000672.XSHE,134.18,135.89,133.41,141.41,4047742.0,555141886.5,3.1561
2021-03-23,000673.XSHE,30.51,31.09,30.05,31.55,4218536.0,131293158.2,6.1527
2021-03-23,000676.XSHE,62.52,68.56,61.36,69.49,7154801.0,481811968.02,8.1262
2021-03-23,000677.XSHE,50.41,49.13,48.94,50.78,196712.0,9779250.75,0.4174
2021-03-23,000678.XSHE,22.26,22.22,21.9,22.35,833491.0,18427062.0,0.8074
2021-03-23,000679.XSHE,23.01,22.07,22.02,23.07,491679.0,11012013.06,0.8101
2021-03-23,000680.XSHE,22.26,21.89,21.57,22.37,5368723.0,117730445.62,2.699
2021-03-23,000681.XSHE,77.03,76.48,75.36,77.64,1686989.0,128874873.97,1.289
2021-03-23,000682.XSHE,73.88,74.99,73.41,77.98,1199034.0,90232410.06,1.9313
2021-03-23,000683.XSHE,21.26,20.19,20.04,21.26,11774848.0,241239196.3,2.6378
2021-03-23,000685.XSHE,123.99,124.57,123.4,125.45,687886.0,85563186.94,0.8054
2021-03-23,000686.XSHE,116.73,117.54,115.79,118.08,1698759.0,198462821.81,0.9784
2021-03-23,000687.XSHE,5.97,6.31,5.93,6.31,4353586.0,27008422.84,1.9829
2021-03-23,000688.XSHE,51.52,48.57,47.67,51.62,4040526.0,199780084.6,1.7789
2021-03-23,000690.XSHE,348.64,332.77,329.4,350.56,1466072.0,492669342.57,3.3828
2021-03-23,000691.XSHE,16.88,16.57,16.29,17.04,6026667.0,99936651.24,6.4502
2021-03-23,000692.XSHE,38.26,39.51,37.51,40.14,1229146.0,47893532.42,2.8939
2021-03-23,000695.XSHE,15.49,16.37,15.41,16.37,1656818.0,26454233.0,2.0056
2021-03-23,000697.XSHE,31.02,30.98,30.49,31.21,1131901.0,34804632.81,0.7423
2021-03-23,000698.XSHE,22.29,20.53,20.53,22.48,19437685.0,410973556.02,7.6395
2021-03-23,000700.XSHE,81.12,80.63,80.3,81.29,363983.0,29376089.24,0.7466
2021-03-23,000701.XSHE,8.42,8.27,8.25,8.49,1046819.0,8711581.0,0.4444
2021-03-23,000702.XSHE,14.0,13.79,13.68,14.0,1495777.0,20678215.12,1.5018
2021-03-23,000703.XSHE,148.44,141.19,137.94,148.9,5097604.0,725795461.41,1.4016
2021-03-23,000705.XSHE,37.56,38.33,37.4,38.83,641189.0,24389042.76,1.2523
2021-03-23,000707.XSHE,7.8,7.51,7.44,7.8,1233946.0,9341534.0,0.8529
2021-03-23,000708.XSHE,98.94,97.36,92.89,99.61,2338703.0,223101966.52,0.6852
2021-03-23,000709.XSHE,25.09,24.47,24.37,25.3,7895305.0,194733840.08,0.7709999999999999
2021-03-23,000710.XSHE,118.58,115.96,115.43,119.6,532409.0,62292266.37,0.526
2021-03-23,000711.XSHE,24.97,24.16,24.06,25.17,1182868.0,28845833.0,1.4551
2021-03-23,000712.XSHE,209.79,210.97,207.42,213.87,933210.0,196640458.03,1.6098
2021-03-23,000713.XSHE,66.87,66.32,64.79,68.25,6608868.0,438145149.79,7.6391
2021-03-23,000715.XSHE,22.24,22.13,22.03,22.44,381645.0,8475867.48,0.4689
2021-03-23,000716.XSHE,12.6,12.48,12.36,12.68,2010340.0,25129058.35,1.1907
2021-03-23,000717.XSHE,24.02,23.14,23.05,24.36,9996312.0,235932009.08,2.013
2021-03-23,000718.XSHE,36.71,34.85,34.85,36.88,5781199.0,205301920.81,2.131
2021-03-23,000719.XSHE,27.37,27.41,27.07,27.56,1275412.0,34780593.6,0.7090000000000001
2021-03-23,000720.XSHE,28.95,28.14,28.07,29.09,802763.0,22867320.0,0.6796
2021-03-23,000721.XSHE,21.34,20.5,20.4,21.34,3183817.0,65848322.0,3.4252
2021-03-23,000722.XSHE,30.54,30.11,29.09,30.63,3694494.0,109859604.8,3.4982
2021-03-23,000723.XSHE,53.83,51.02,50.26,54.03,20164792.0,1041140452.54,3.6588
2021-03-23,000725.XSHE,31.17,30.83,30.53,31.75,207936456.0,6467720141.24,3.0194
2021-03-23,000726.XSHE,57.06,55.76,55.6,57.06,395200.0,22124935.4,0.574
2021-03-23,000727.XSHE,17.45,17.45,17.27,17.62,4359473.0,75972120.26,0.7390000000000001
2021-03-23,000728.XSHE,21.13,21.3,21.0,21.51,10980844.0,233469125.36,0.6942
2021-03-23,000729.XSHE,59.98,59.65,59.32,60.4,1811133.0,108133097.0,0.598
2021-03-23,000731.XSHE,58.31,57.71,57.47,58.8,423758.0,24583644.0,0.865
2021-03-23,000732.XSHE,12.08,12.01,11.91,12.23,5914571.0,71147189.75,0.848
2021-03-23,000733.XSHE,112.98,115.39,112.96,117.57,4326727.0,499524247.78,1.8543
2021-03-23,000735.XSHE,50.55,50.97,50.19,51.34,3796860.0,192662966.77,1.9948
2021-03-23,000736.XSHE,29.7,29.34,29.3,29.79,230375.0,6798122.62,0.1493
2021-03-23,000737.XSHE,23.34,22.98,22.83,23.5,1255662.0,29042128.0,0.9036
2021-03-23,000738.XSHE,33.23,32.72,32.59,33.43,6406980.0,210817777.32,1.0187
2021-03-23,000739.XSHE,340.7,333.45,329.2,351.33,1176267.0,397450934.28,1.2485
2021-03-23,000750.XSHE,57.83,58.21,57.2,58.72,4848391.0,280756280.99,1.1269
2021-03-23,000751.XSHE,12.78,11.78,11.64,12.98,23289112.0,280784430.36,5.689
2021-03-23,000752.XSHE,21.47,21.77,21.42,21.88,494122.0,10700063.5,0.9464
2021-03-23,000753.XSHE,30.81,30.27,30.06,31.03,1438670.0,43781630.35,1.5688
2021-03-23,000755.XSHE,8.92,8.78,8.72,8.94,1097514.0,9650006.0,0.6397
2021-03-23,000756.XSHE,16.77,16.61,16.53,16.83,602080.0,10024189.39,0.2789
2021-03-23,000757.XSHE,18.99,18.84,18.69,18.99,623210.0,11718224.8,0.6092
2021-03-23,000758.XSHE,96.19,90.89,90.04,97.72,5203238.0,484412143.43,4.5143
2021-03-23,000759.XSHE,41.58,42.16,41.0,42.3,391560.0,16276716.61,0.416
2021-03-23,000761.XSHE,6.42,6.23,6.15,6.42,5175785.0,32384579.86,0.2863
2021-03-23,000762.XSHE,86.97,82.66,81.89,87.52,3972584.0,332778630.19,4.2121
2021-03-23,000766.XSHE,13.52,12.69,12.62,13.59,2907202.0,37767735.18,1.38
2021-03-23,000767.XSHE,45.34,42.62,42.3,45.44,15491259.0,676587985.88,5.7693
2021-03-23,000768.XSHE,214.76,210.44,209.08,217.05,2391806.0,509404181.05,0.7322
2021-03-23,000776.XSHE,88.61,89.18,88.15,89.75,6471198.0,575673403.63,0.6214
2021-03-23,000777.XSHE,90.24,86.04,85.83,90.52,1435036.0,125778025.26,2.6202
2021-03-23,000778.XSHE,58.6,56.74,56.59,58.74,4069231.0,233229574.22,1.5007
2021-03-23,000779.XSHE,22.95,22.64,22.59,23.09,341860.0,7766268.64,0.4703
2021-03-23,000780.XSHE,19.91,19.81,19.5,20.22,654131.0,12971332.43,0.3309
2021-03-23,000782.XSHE,11.74,11.43,11.4,12.01,3025619.0,35148845.78,1.9487
2021-03-23,000783.XSHE,42.34,42.4,41.87,42.58,4086823.0,172743667.12,0.4377
2021-03-23,000785.XSHE,47.5,48.66,47.11,50.78,943352.0,46353407.4,2.4212
2021-03-23,000786.XSHE,486.25,484.12,476.23,494.02,1579691.0,763917627.86,1.0527
2021-03-23,000788.XSHE,24.04,24.57,23.97,24.72,1474058.0,35973700.44,0.9292
2021-03-23,000789.XSHE,79.26,79.73,79.02,81.72,3299088.0,264491100.13,2.4255
2021-03-23,000790.XSHE,54.19,53.56,53.19,54.19,192623.0,10337373.56,0.3942
2021-03-23,000791.XSHE,18.56,17.78,17.56,18.6,16153175.0,289663723.8,4.4201
2021-03-23,000793.XSHE,28.59,28.72,28.07,28.72,1629721.0,46165857.12,1.0799
2021-03-23,000795.XSHE,23.97,23.35,23.22,24.06,4129583.0,97122959.52,1.6144
2021-03-23,000796.XSHE,44.21,43.0,42.64,44.49,4516208.0,195517373.71,2.2654
2021-03-23,000797.XSHE,22.33,21.06,21.06,22.33,2871058.0,62044883.33,1.2866
2021-03-23,000798.XSHE,23.09,24.01,22.12,24.19,14427799.0,334922386.65,10.408
2021-03-23,000799.XSHE,290.63,291.8,285.24,296.14,3130263.0,908468167.06,2.0108
2021-03-23,000800.XSHE,26.47,26.18,26.13,26.57,3026006.0,79402789.82,0.9569
2021-03-23,000801.XSHE,79.43,80.59,78.71,82.04,382903.0,30757285.32,0.5417
2021-03-23,000802.XSHE,18.97,19.11,18.9,19.28,2094301.0,39971937.26,1.0272
2021-03-23,000803.XSHE,41.02,39.7,39.28,41.02,1723627.0,68774351.0,4.055
2021-03-23,000806.XSHE,21.94,21.09,21.09,23.22,7629345.0,167900396.49,9.2778
2021-03-23,000807.XSHE,80.78,73.58,73.58,80.91,19424239.0,1457818332.99,4.7332
2021-03-23,000809.XSHE,5.32,5.26,5.18,5.32,2184048.0,11437695.77,0.7658
2021-03-23,000810.XSHE,39.67,41.43,39.67,43.19,2507086.0,104044995.34,1.3026
2021-03-23,000811.XSHE,123.53,120.77,118.83,123.53,906893.0,109476253.65,1.9712
2021-03-23,000812.XSHE,28.05,28.05,28.05,28.05,2817922.0,79041352.0,2.948
2021-03-23,000813.XSHE,16.44,16.24,16.12,16.48,4142168.0,67287615.51,0.752
2021-03-23,000815.XSHE,18.66,18.62,18.23,18.94,2830236.0,52485699.16,1.452
2021-03-23,000816.XSHE,25.4,25.1,24.8,25.63,6330185.0,159186131.15,3.5605
2021-03-23,000818.XSHE,42.92,42.98,42.59,44.02,3632126.0,156967445.73,1.1084
2021-03-23,000819.XSHE,53.68,53.08,52.91,53.68,122951.0,6535425.7,0.3525
2021-03-23,000820.XSHE,3.2,3.33,3.18,3.33,8216861.0,27048917.84,5.4987
2021-03-23,000821.XSHE,17.65,16.69,16.67,17.65,4157047.0,70368812.01,2.1367
2021-03-23,000822.XSHE,13.47,12.95,12.83,13.57,21517061.0,282091197.48,5.7635
2021-03-23,000823.XSHE,29.92,29.77,29.65,30.13,1645916.0,49217866.08,0.9081
2021-03-23,000825.XSHE,37.82,35.62,35.33,38.33,20995185.0,765485385.42,2.7013
2021-03-23,000826.XSHE,55.32,54.48,53.98,55.4,3157096.0,172297607.08,1.8441
2021-03-23,000828.XSHE,37.24,37.39,37.06,38.39,2932148.0,110249655.3,1.0443
2021-03-23,000829.XSHE,96.03,95.54,95.06,96.68,238898.0,22835924.06,0.3785
2021-03-23,000830.XSHE,105.58,100.77,98.72,106.85,6517389.0,663702769.81,3.1459
2021-03-23,000831.XSHE,78.41,72.79,71.99,78.66,17229150.0,1281867855.43,7.3181
2021-03-23,000833.XSHE,7.55,7.55,7.5,7.64,2634464.0,19902877.4,1.1542
2021-03-23,000835.XSHE,14.4,14.18,13.8,14.4,651034.0,9198885.9,1.6039
2021-03-23,000836.XSHE,22.36,22.36,22.09,22.98,2126552.0,47835067.19,1.5553
2021-03-23,000837.XSHE,28.3,29.23,28.22,29.47,2110314.0,61372777.0,1.231
2021-03-23,000838.XSHE,33.98,33.72,33.33,34.11,268221.0,9009356.0,0.4128
2021-03-23,000839.XSHE,53.87,53.38,53.13,54.37,668706.0,35805327.89,0.4255
2021-03-23,000848.XSHE,163.8,164.57,163.54,165.09,334318.0,54938580.15,0.7987
2021-03-23,000850.XSHE,34.91,34.29,34.2,35.0,895650.0,30856459.0,0.8412
2021-03-23,000851.XSHE,13.88,14.02,13.88,14.36,8276283.0,116520699.39,2.2584
2021-03-23,000852.XSHE,24.52,24.24,24.13,24.69,697563.0,16982058.35,0.4999
2021-03-23,000856.XSHE,14.2,14.04,13.87,14.32,1883599.0,26431475.16,1.6139
2021-03-23,000858.XSHE,4709.0,4758.9,4663.27,4790.29,699595.0,3309793203.79,0.3345
2021-03-23,000859.XSHE,19.42,19.12,19.01,19.57,2015021.0,38773085.41,1.0218
2021-03-23,000860.XSHE,139.28,140.99,138.03,142.7,3098805.0,437321207.25,1.2511
2021-03-23,000861.XSHE,44.57,43.57,43.36,44.78,1049539.0,46022512.09,0.9765
2021-03-23,000862.XSHE,13.38,12.85,12.63,13.43,15410083.0,199884017.0,8.5664
2021-03-23,000863.XSHE,27.68,27.11,26.85,28.06,1179300.0,32203504.26,0.633
2021-03-23,000868.XSHE,21.54,21.54,21.18,21.54,4675522.0,100619637.36,3.3987
2021-03-23,000869.XSHE,144.79,146.09,144.37,148.09,672719.0,98330262.46,0.6893
2021-03-23,000875.XSHE,8.12,7.31,7.24,8.12,210786239.0,1621528181.87,13.8278
2021-03-23,000876.XSHE,380.72,374.74,373.29,382.54,1280750.0,481730161.98,0.5371
2021-03-23,000877.XSHE,117.57,119.63,116.58,123.33,8002315.0,961394687.9,6.4595
2021-03-23,000878.XSHE,42.26,40.73,40.26,42.44,11315660.0,464351639.97,2.0255
2021-03-23,000880.XSHE,30.08,29.62,29.43,30.17,477527.0,14177961.68,1.1478
2021-03-23,000881.XSHE,63.4,58.91,58.36,63.4,5326579.0,321745122.28,3.8353
2021-03-23,000882.XSHE,5.38,5.29,5.29,5.38,3515449.0,18718651.27,0.3816
2021-03-23,000883.XSHE,24.31,23.5,23.13,24.53,25322905.0,603985818.85,2.0988
2021-03-23,000885.XSHE,20.65,20.21,20.09,20.78,2538699.0,51522583.79,0.8022
2021-03-23,000886.XSHE,13.96,14.35,13.96,14.45,4892134.0,69641138.53,1.5211
2021-03-23,000887.XSHE,247.73,243.27,241.26,247.95,547305.0,133747802.3,1.0028
2021-03-23,000888.XSHE,42.82,41.81,41.3,43.2,1833549.0,77000416.12,2.1976
2021-03-23,000889.XSHE,31.8,31.59,30.76,31.96,1969565.0,61771654.02,1.1804
2021-03-23,000890.XSHE,19.1,19.13,18.51,19.17,997330.0,18718760.36,0.9705
2021-03-23,000892.XSHE,6.91,6.76,6.71,7.04,3441597.0,23481473.21,1.5904
2021-03-23,000893.XSHE,22.78,23.49,22.58,24.12,4666429.0,109589504.88,2.3738
2021-03-23,000895.XSHE,868.25,872.72,866.12,881.01,281250.0,245834498.98,0.4454
2021-03-23,000897.XSHE,13.8,13.8,13.74,13.92,1365465.0,18880844.73,0.5068
2021-03-23,000898.XSHE,11.75,11.27,11.09,11.75,15984513.0,180462265.42,0.6098
2021-03-23,000899.XSHE,24.01,22.91,22.57,24.01,8050514.0,185883265.33,3.13
2021-03-23,000900.XSHE,57.54,58.58,57.03,58.71,923044.0,53451645.44,0.7903
2021-03-23,000901.XSHE,53.45,53.12,52.86,53.64,727550.0,38689708.03,0.6247
2021-03-23,000902.XSHE,72.59,71.88,70.23,74.38,3294175.0,236766389.23,0.9935
2021-03-23,000903.XSHE,47.14,44.99,44.99,47.62,3984210.0,183555015.98,2.4127
2021-03-23,000905.XSHE,17.91,17.58,17.54,17.96,2857764.0,50476335.14,1.3386
2021-03-23,000906.XSHE,32.8,33.41,32.57,33.59,1497246.0,49506725.53,1.053
2021-03-23,000908.XSHE,12.54,12.6,12.46,13.02,18549155.0,236393672.54,7.2598
2021-03-23,000909.XSHE,15.24,14.97,14.92,15.24,523330.0,7868313.0,0.3562
2021-03-23,000910.XSHE,38.05,36.72,36.4,38.05,3656726.0,134611393.5,1.6405
2021-03-23,000911.XSHE,17.34,16.38,16.28,17.38,7232999.0,120918270.79,4.2204
2021-03-23,000912.XSHE,9.94,9.59,9.48,9.96,5177104.0,50017277.22,0.7614
2021-03-23,000913.XSHE,68.07,67.0,64.0,68.64,2498648.0,164697635.67,1.503
2021-03-23,000915.XSHE,70.03,70.19,69.54,71.35,706470.0,49703986.09,0.9709
2021-03-23,000917.XSHE,36.51,35.8,35.72,36.51,704206.0,25343924.04,0.3927
2021-03-23,000918.XSHE,18.39,18.05,17.48,18.49,11696481.0,208785467.56,1.6026
2021-03-23,000919.XSHE,23.15,22.97,22.86,23.19,709679.0,16299429.26,0.5229
2021-03-23,000920.XSHE,21.45,20.9,20.83,21.45,912241.0,19185546.1,0.6645
2021-03-23,000921.XSHE,20.45,21.16,20.36,21.25,7437145.0,155903135.32,1.1188
2021-03-23,000922.XSHE,25.26,24.61,24.37,25.29,5876876.0,145457477.85,2.7385
2021-03-23,000923.XSHE,39.93,37.96,37.84,40.05,5163927.0,199111472.85,1.362
2021-03-23,000925.XSHE,23.65,22.85,22.64,23.76,1174633.0,27107239.2,0.7778
2021-03-23,000926.XSHE,16.38,16.17,16.14,16.38,1003622.0,16257516.55,0.3673
2021-03-23,000927.XSHE,6.94,6.72,6.67,6.94,7667402.0,52051036.32,0.7638
2021-03-23,000928.XSHE,13.79,14.76,13.22,14.76,48934044.0,688804176.44,8.427
2021-03-23,000929.XSHE,19.24,20.32,19.17,20.37,6184657.0,123207861.99,8.3204
2021-03-23,000930.XSHE,50.07,50.36,49.04,50.71,5260886.0,262911242.88,3.1361
2021-03-23,000931.XSHE,14.13,13.89,13.87,14.18,1736365.0,24277165.14,0.4712
2021-03-23,000932.XSHE,16.03,15.62,15.19,16.27,63029298.0,983901615.07,2.7461
2021-03-23,000933.XSHE,136.57,122.8,122.8,138.57,10578041.0,1337044686.68,6.9672
2021-03-23,000935.XSHE,34.23,35.12,34.23,35.82,4565788.0,161078339.13,1.4825
2021-03-23,000936.XSHE,38.8,37.3,37.23,38.8,2160322.0,81594204.2,1.5911
2021-03-23,000937.XSHE,28.09,27.47,27.32,28.17,2641432.0,72861423.36,0.7052
2021-03-23,000938.XSHE,138.49,137.58,136.81,139.05,1473723.0,202880009.8,0.3613
2021-03-23,000948.XSHE,24.03,24.89,23.98,25.14,3582641.0,88173478.32,2.8247
2021-03-23,000949.XSHE,20.79,19.51,19.32,21.07,10937825.0,217713147.29,4.1296
2021-03-23,000950.XSHE,11.95,11.9,11.85,12.02,1789956.0,21384412.0,0.2446
2021-03-23,000951.XSHE,120.52,124.74,117.25,124.94,2198573.0,267647590.43,1.0712
2021-03-23,000952.XSHE,18.02,17.92,17.9,18.15,424871.0,7649732.2,0.3563
2021-03-23,000953.XSHE,13.04,13.17,13.04,13.35,398773.0,5243279.0,0.3537
2021-03-23,000955.XSHE,15.03,14.81,14.74,15.08,2617480.0,38773458.0,1.1977
2021-03-23,000957.XSHE,34.25,33.68,33.63,34.55,883004.0,29846518.0,0.7624
2021-03-23,000958.XSHE,21.99,21.14,21.05,22.03,6847916.0,146565718.38,2.7773
2021-03-23,000959.XSHE,11.27,10.84,10.52,11.52,37949229.0,414425115.11,1.6944
2021-03-23,000960.XSHE,46.3,43.44,43.07,46.4,14270493.0,629879117.06,2.9092
2021-03-23,000961.XSHE,41.64,41.07,40.96,41.75,4122509.0,169832317.68,0.6159
2021-03-23,000962.XSHE,29.44,27.99,27.68,29.61,2268525.0,64234247.52,1.7414
2021-03-23,000963.XSHE,522.97,475.49,475.49,526.74,6669455.0,3295707735.94,4.7871
2021-03-23,000965.XSHE,8.29,8.26,8.17,8.34,1961293.0,16167693.3,0.5033
2021-03-23,000966.XSHE,29.94,29.94,29.94,29.94,1519604.0,45499994.26,0.5381
2021-03-23,000967.XSHE,44.63,43.96,43.55,45.3,3972082.0,176156899.1,1.0047
2021-03-23,000968.XSHE,11.71,11.6,11.41,11.77,5205882.0,60122768.12,1.0131
2021-03-23,000969.XSHE,50.05,48.23,48.03,50.05,4801207.0,234494358.15,3.2405
2021-03-23,000970.XSHE,163.97,156.87,156.71,164.78,2358114.0,376301790.5,3.5692
2021-03-23,000971.XSHE,10.39,10.27,10.24,10.39,1533782.0,15761959.6,0.7237
2021-03-23,000972.XSHE,5.82,6.01,5.65,6.11,2418094.0,14276003.24,1.0243
2021-03-23,000973.XSHE,16.1,16.14,15.98,16.21,2032487.0,32698587.0,0.8091
2021-03-23,000975.XSHE,91.17,89.49,88.11,91.37,2981255.0,266234702.66,1.1819
2021-03-23,000976.XSHE,21.35,20.73,20.58,21.57,3579641.0,74654748.3,0.8251
2021-03-23,000977.XSHE,184.09,186.72,182.9,187.51,3695917.0,685604194.98,1.6731
2021-03-23,000978.XSHE,18.08,17.08,17.05,18.59,14061544.0,250419057.25,12.2608
2021-03-23,000981.XSHE,7.82,7.61,7.51,7.86,4520379.0,34729282.0,0.6105
2021-03-23,000982.XSHE,22.49,22.49,22.16,23.0,2745503.0,61802873.0,1.0895
2021-03-23,000983.XSHE,44.63,42.81,42.47,44.98,6328839.0,273889520.03,1.3389
2021-03-23,000985.XSHE,20.11,19.81,19.75,20.2,516670.0,10273072.0,0.6635
2021-03-23,000987.XSHE,60.08,60.33,58.71,60.62,7420929.0,444483773.97,1.1568
2021-03-23,000988.XSHE,215.03,214.43,213.22,215.33,361346.0,77379157.19,0.3628
2021-03-23,000989.XSHE,39.06,38.33,38.2,39.06,1149612.0,44289747.43,0.8867
2021-03-23,000990.XSHE,41.47,40.57,40.29,41.91,1975122.0,80481435.33,0.7396
2021-03-23,000993.XSHE,16.28,15.81,15.5,17.81,45086827.0,748993869.33,18.6705
2021-03-23,000995.XSHE,29.71,30.84,29.17,31.14,8179038.0,248205890.21,7.7684
2021-03-23,000996.XSHE,42.29,43.43,41.52,43.84,5396469.0,231146659.25,6.3491
2021-03-23,000997.XSHE,157.27,158.48,155.08,160.13,824239.0,130264480.12,0.8812
2021-03-23,000998.XSHE,195.39,198.72,193.73,200.94,2614934.0,516666003.4,2.7308
2021-03-23,000999.XSHE,50.45,50.2,50.14,50.73,3202129.0,161105383.67,0.6649
2021-03-23,001696.XSHE,178.47,177.48,175.76,178.96,255170.0,45186732.95,0.7135
2021-03-23,001872.XSHE,64.57,64.39,63.92,65.09,338454.0,21763707.19,0.2477
2021-03-23,001896.XSHE,10.5,10.43,10.38,11.19,130051114.0,1398357559.27,15.6208
2021-03-23,001914.XSHE,164.4,157.82,156.66,164.4,508170.0,80753866.39,0.7378
2021-03-23,001965.XSHE,8.26,8.31,8.23,8.38,3864816.0,32027392.13,0.2199
2021-03-23,001979.XSHE,14.86,14.75,14.67,15.0,13943917.0,206848930.82,0.2044
2021-03-23,002001.XSHE,1147.7,1105.22,1102.09,1148.27,407147.0,456008539.13,0.5471
2021-03-23,002002.XSHE,43.52,40.69,40.69,43.73,20713757.0,866373805.73,7.9207
2021-03-23,002003.XSHE,113.73,110.11,108.96,114.39,661914.0,73225297.01,1.6825
2021-03-23,002004.XSHE,107.93,105.74,104.95,108.53,1319872.0,139913930.5,1.45
2021-03-23,002005.XSHE,13.0,13.5,12.8,13.5,3025572.0,40475066.14,1.8021
2021-03-23,002006.XSHE,49.93,48.62,48.46,50.32,943868.0,46320967.52,1.6028
2021-03-23,002007.XSHE,1642.94,1625.11,1603.98,1655.37,252997.0,412353368.09,0.6668
2021-03-23,002008.XSHE,513.33,515.77,507.3,521.04,852267.0,437748190.86,1.1015
2021-03-23,002009.XSHE,50.36,48.65,47.68,50.58,2956794.0,143791298.76,4.2911
2021-03-23,002010.XSHE,61.66,62.34,59.37,63.79,6997042.0,430496382.78,1.8699
2021-03-23,002011.XSHE,25.78,25.22,25.09,26.7,2687095.0,69212385.43,1.8219
2021-03-23,002012.XSHE,31.45,30.98,30.88,31.66,1467726.0,45633296.0,1.638
2021-03-23,002013.XSHE,292.79,288.11,286.65,292.79,1089302.0,314418250.03,0.8202
2021-03-23,002014.XSHE,92.06,92.06,91.24,92.33,179290.0,16453392.25,0.3237
2021-03-23,002015.XSHE,76.46,79.53,75.47,84.09,10103876.0,810191834.74,20.9111
2021-03-23,002016.XSHE,41.4,41.01,40.81,41.53,243770.0,10010685.0,0.2321
2021-03-23,002017.XSHE,65.48,67.88,64.16,69.2,2911045.0,195601750.06,4.1176
2021-03-23,002019.XSHE,322.66,319.58,315.62,325.89,968860.0,310014468.47,1.6804
2021-03-23,002020.XSHE,107.99,107.7,106.18,108.08,720029.0,77222179.81,1.1621
2021-03-23,002021.XSHE,15.87,15.87,15.77,16.14,369008.0,5877341.44,0.4951
2021-03-23,002022.XSHE,184.27,183.78,182.31,185.13,304748.0,55883017.13,0.7281
2021-03-23,002023.XSHE,130.54,129.1,128.08,130.64,604816.0,78173285.47,0.9065
2021-03-23,002024.XSHE,628.26,632.66,624.74,632.66,222925.0,140120791.66,0.2585
2021-03-23,002025.XSHE,304.41,300.22,296.82,310.3,513077.0,155133670.36,0.7831
2021-03-23,002026.XSHE,41.02,37.91,37.8,41.09,4218174.0,165158493.71,3.6525
2021-03-23,002027.XSHE,134.88,131.63,130.21,136.3,7156523.0,948751301.47,0.6323
2021-03-23,002028.XSHE,581.62,574.86,567.91,584.4,975893.0,561645180.94,3.2842
2021-03-23,002029.XSHE,52.45,52.05,51.96,52.75,271581.0,14163557.83,0.3657
2021-03-23,002030.XSHE,411.3,401.06,399.89,413.5,844010.0,342022148.9,1.4415
2021-03-23,002031.XSHE,26.86,26.71,26.57,27.01,1003597.0,26879995.26,0.7871
2021-03-23,002032.XSHE,582.27,576.55,573.27,584.87,125967.0,72778273.21,0.1729
2021-03-23,002033.XSHE,42.2,40.62,40.12,42.2,2042387.0,83534751.24,2.0291
2021-03-23,002034.XSHE,66.94,64.41,64.07,67.99,2098175.0,139006091.65,1.6918
2021-03-23,002035.XSHE,125.23,123.45,122.96,125.72,524377.0,65027984.92,1.087
2021-03-23,002036.XSHE,71.81,71.81,71.17,72.38,1047634.0,75066344.36,0.8011
2021-03-23,002037.XSHE,26.87,26.54,26.34,26.87,565175.0,14972553.0,0.7105
2021-03-23,002038.XSHE,210.98,210.33,208.6,213.35,331632.0,69796136.71,0.8399
2021-03-23,002039.XSHE,40.54,39.57,39.15,40.62,3058168.0,121925504.15,2.4968
2021-03-23,002040.XSHE,19.45,19.18,19.09,19.57,1302694.0,25112992.8,0.8104
2021-03-23,002041.XSHE,229.74,231.78,226.88,233.28,928136.0,213649889.16,1.4346
2021-03-23,002042.XSHE,35.4,35.19,34.7,37.22,3222300.0,115372125.04,1.4848
2021-03-23,002043.XSHE,79.92,79.56,78.4,82.03,1991725.0,158316544.72,1.9964
2021-03-23,002044.XSHE,145.12,143.09,141.25,145.7,1822446.0,260559352.78,0.4606
2021-03-23,002045.XSHE,57.52,56.82,56.19,57.69,1822198.0,103533325.73,2.2547
2021-03-23,002046.XSHE,38.88,38.09,37.84,38.88,759161.0,29067243.66,0.9088
2021-03-23,002047.XSHE,10.32,10.16,10.09,10.45,4544254.0,46437695.0,1.1043
2021-03-23,002048.XSHE,116.44,118.31,114.26,119.85,1548391.0,182345667.03,1.7827
2021-03-23,002049.XSHE,453.49,447.72,446.0,459.4,1035914.0,467370336.81,0.7533
2021-03-23,002050.XSHE,299.67,299.96,295.18,302.14,1206291.0,359678638.06,0.4966
2021-03-23,002051.XSHE,37.67,37.18,36.91,37.88,1093740.0,40734147.53,0.5295
2021-03-23,002052.XSHE,10.11,10.18,9.97,10.38,1506337.0,15262140.34,1.3792
2021-03-23,002053.XSHE,15.74,15.46,15.33,15.89,822872.0,12821278.24,0.3204
2021-03-23,002054.XSHE,31.75,30.71,30.57,32.19,1535175.0,47664592.46,1.6627
2021-03-23,002055.XSHE,64.03,63.49,63.07,65.1,943490.0,60386045.78,1.3006
2021-03-23,002056.XSHE,141.38,139.28,138.23,143.32,4820839.0,675705670.01,2.6051
2021-03-23,002057.XSHE,42.12,40.67,40.55,42.63,2481599.0,102050184.58,2.4196
2021-03-23,002058.XSHE,22.99,22.7,22.42,23.42,1213305.0,27899707.64,2.0206
2021-03-23,002059.XSHE,12.8,12.27,12.1,12.8,6273853.0,77636793.04,1.8228
2021-03-23,002060.XSHE,13.59,13.32,13.13,13.83,12320796.0,165641335.92,3.9925
2021-03-23,002061.XSHE,12.93,12.82,12.75,12.95,2910265.0,37343002.2,0.4724
2021-03-23,002062.XSHE,41.04,40.75,40.37,41.71,968561.0,39565559.72,0.9642
2021-03-23,002063.XSHE,93.7,92.99,91.67,94.31,2911542.0,270514210.8,2.9171
2021-03-23,002064.XSHE,131.32,129.53,127.4,133.9,3779388.0,491561707.81,2.165
2021-03-23,002065.XSHE,228.79,228.79,227.55,230.95,498168.0,114031011.71,0.5478
2021-03-23,002066.XSHE,40.54,33.7,33.67,40.82,4501511.0,163880888.85,6.1716
2021-03-23,002067.XSHE,11.23,10.82,10.76,11.28,16523313.0,181427387.68,4.6826
2021-03-23,002068.XSHE,45.91,41.32,41.26,45.91,9577921.0,409933172.69,7.5707
2021-03-23,002069.XSHE,25.8,25.47,25.33,26.4,2056082.0,52939848.0,1.9901
2021-03-23,002071.XSHE,0.57,0.57,0.57,0.57,15995.0,9102.0,0.0047
2021-03-23,002072.XSHE,4.97,5.26,4.97,5.26,2002210.0,10312895.92,1.4494
2021-03-23,002073.XSHE,42.06,41.13,40.95,42.06,956684.0,39663538.0,0.9448
2021-03-23,002074.XSHE,180.97,173.7,170.45,181.69,7154779.0,1249831628.99,2.7396
2021-03-23,002075.XSHE,26.73,26.27,25.99,26.73,8062144.0,211891342.62,1.0377
2021-03-23,002076.XSHE,12.0,12.06,11.82,12.11,886478.0,10620808.25,0.6985
2021-03-23,002077.XSHE,8.55,8.51,8.48,8.71,2336216.0,20040556.58,0.6305
2021-03-23,002078.XSHE,135.78,133.99,131.17,137.05,3255648.0,433367139.65,1.0621
2021-03-23,002079.XSHE,45.27,48.23,45.17,50.19,11766723.0,574913918.21,7.9699
2021-03-23,002080.XSHE,126.88,122.43,120.83,126.88,4057648.0,500599888.16,1.1696
2021-03-23,002081.XSHE,264.76,271.22,262.7,273.58,1188835.0,321810079.85,1.3389
2021-03-23,002082.XSHE,34.3,35.88,34.3,35.94,2874011.0,102195538.09,3.4803
2021-03-23,002083.XSHE,10.43,10.28,10.2,10.48,2601253.0,26805788.15,0.7383
2021-03-23,002084.XSHE,20.28,19.81,19.59,20.47,5977437.0,118793982.48,3.0188
2021-03-23,002085.XSHE,45.02,43.93,43.85,45.1,1624789.0,71707124.24,0.6067
2021-03-23,002086.XSHE,7.76,8.0,7.76,8.17,3446256.0,27813424.96,2.2813
2021-03-23,002087.XSHE,8.55,8.39,8.34,8.58,5442970.0,45820632.0,1.564
2021-03-23,002088.XSHE,74.63,73.66,71.51,75.57,1600524.0,117154822.55,1.9762
2021-03-23,002089.XSHE,27.74,28.22,27.42,28.54,461624.0,12974377.0,0.6262
2021-03-23,002090.XSHE,44.22,43.7,43.25,44.22,267453.0,11649980.9,0.3836
2021-03-23,002091.XSHE,47.79,47.79,47.04,48.27,1775952.0,84425002.85,0.8065
2021-03-23,002092.XSHE,33.74,31.34,31.07,33.95,25026325.0,799027246.69,3.9463
2021-03-23,002093.XSHE,77.82,78.43,77.33,79.04,453788.0,35521039.4,0.5512
2021-03-23,002094.XSHE,17.3,16.61,16.45,17.3,4091591.0,68611363.98,3.1455
2021-03-23,002095.XSHE,57.27,59.88,56.78,60.36,964501.0,56875085.87,1.6947
2021-03-23,002096.XSHE,45.53,43.64,42.51,45.92,4528301.0,198349881.16,6.0491
2021-03-23,002097.XSHE,44.48,44.14,43.32,44.82,6830972.0,300330831.01,3.5821
2021-03-23,002098.XSHE,13.97,14.09,13.97,14.39,1539428.0,21809075.5,1.0045
2021-03-23,002099.XSHE,62.2,61.99,61.56,62.7,1151197.0,71514229.02,0.5092
2021-03-23,002100.XSHE,129.44,128.75,128.06,130.59,1086610.0,140047685.4,1.1618
2021-03-23,002101.XSHE,26.53,26.33,26.17,26.73,435576.0,11497252.1,0.3276
2021-03-23,002102.XSHE,15.77,16.04,15.67,16.5,1963731.0,31525552.28,0.9216
2021-03-23,002103.XSHE,9.43,9.4,9.33,9.52,2186990.0,20640353.6,1.4348
2021-03-23,002104.XSHE,39.32,41.21,38.99,42.2,3366652.0,137396640.33,3.7453
2021-03-23,002105.XSHE,12.77,13.04,12.66,13.54,4806100.0,62964940.17,2.0822
2021-03-23,002106.XSHE,38.81,38.56,38.27,38.98,2057281.0,79199295.31,1.0411
2021-03-23,002107.XSHE,55.98,55.54,55.39,56.35,230977.0,12836834.8,0.3028
2021-03-23,002108.XSHE,73.57,71.89,71.72,73.74,1411187.0,102105233.75,1.6716
2021-03-23,002109.XSHE,22.86,20.93,20.93,22.86,21914874.0,473054138.53,7.7235
2021-03-23,002110.XSHE,16.35,15.84,15.62,16.56,19854784.0,316521349.5,1.8464
2021-03-23,002111.XSHE,62.14,61.17,60.17,62.35,1448673.0,88430640.94,1.4815
2021-03-23,002112.XSHE,19.61,19.07,18.99,19.74,1490225.0,28617310.89,1.9317
2021-03-23,002113.XSHE,15.47,16.34,15.36,16.34,2419556.0,38788334.97,2.7357
2021-03-23,002114.XSHE,12.2,11.64,11.42,12.35,4961835.0,58226328.74,2.794
2021-03-23,002115.XSHE,33.64,33.02,32.89,33.83,906002.0,30103667.29,0.8864
2021-03-23,002116.XSHE,27.2,27.28,27.02,27.46,251539.0,6846508.0,0.2671
2021-03-23,002117.XSHE,45.36,45.65,45.19,46.33,1035657.0,47410308.98,1.0752
2021-03-23,002118.XSHE,38.54,37.54,37.54,38.78,2929097.0,111249037.76,2.8431
2021-03-23,002119.XSHE,33.43,34.03,33.39,34.07,1013942.0,34310245.83,1.0387
2021-03-23,002120.XSHE,98.46,97.01,96.13,98.9,1235760.0,120363499.93,0.2784
2021-03-23,002121.XSHE,61.65,62.43,61.19,63.98,957310.0,60209907.16,1.3984
2021-03-23,002122.XSHE,18.57,18.91,18.4,19.08,1344310.0,25195794.2,0.9597
2021-03-23,002123.XSHE,109.17,109.98,107.56,111.74,1061252.0,116315614.57,1.1715
2021-03-23,002124.XSHE,185.19,187.32,185.08,191.59,3567456.0,670314335.31,3.8976
2021-03-23,002125.XSHE,32.93,31.81,31.32,33.47,7265300.0,232466168.36,5.0599
2021-03-23,002126.XSHE,58.59,58.65,58.15,58.81,825447.0,48245198.4,0.6028
2021-03-23,002127.XSHE,97.45,96.04,95.24,97.85,6210567.0,596970031.87,3.1747
2021-03-23,002128.XSHE,29.69,28.53,28.34,29.77,9179264.0,263228714.87,1.4629
2021-03-23,002129.XSHE,124.37,122.0,120.91,125.55,10813255.0,1328506525.06,1.5575
2021-03-23,002130.XSHE,142.27,134.23,133.61,143.1,3383659.0,464459339.31,5.5957
2021-03-23,002131.XSHE,133.66,132.78,132.34,134.53,1758620.0,233978230.84,1.3316
2021-03-23,002132.XSHE,19.48,18.6,18.54,19.48,8709907.0,164246938.65,4.0647
2021-03-23,002133.XSHE,8.91,8.82,8.76,8.91,873570.0,7700425.97,0.3404
2021-03-23,002134.XSHE,11.37,11.41,11.37,11.74,2428403.0,28003732.91,1.2367
2021-03-23,002135.XSHE,22.66,22.6,22.29,23.01,4924458.0,111423142.67,1.606
2021-03-23,002136.XSHE,22.22,21.31,21.14,22.55,7286373.0,157524725.6,7.0413
2021-03-23,002137.XSHE,18.03,18.13,17.9,18.23,1323632.0,23920812.16,1.1543
2021-03-23,002138.XSHE,228.1,226.58,223.74,232.07,1247186.0,283497185.98,1.1648
2021-03-23,002139.XSHE,210.22,203.18,203.01,210.22,1656321.0,340358281.23,2.9506
2021-03-23,002140.XSHE,61.95,60.48,60.48,62.46,570615.0,34993005.67,0.9332
2021-03-23,002141.XSHE,19.03,19.6,19.03,19.76,1871206.0,36287988.02,2.3704
2021-03-23,002142.XSHE,84.49,82.54,81.81,84.9,9466133.0,782613392.84,0.3339
2021-03-23,002144.XSHE,10.45,10.17,10.13,10.47,2148754.0,21985836.73,1.7239
2021-03-23,002145.XSHE,29.65,28.04,27.37,29.8,26133691.0,741378333.64,4.9945
2021-03-23,002146.XSHE,74.12,73.79,73.33,74.24,1126134.0,83037123.01,0.3268
2021-03-23,002147.XSHE,5.61,5.37,5.33,5.64,7214750.0,39312867.22,4.6218
2021-03-23,002148.XSHE,42.76,42.97,42.55,43.91,618103.0,26630375.48,1.4589
2021-03-23,002149.XSHE,40.78,39.45,39.13,40.9,4243563.0,169287863.44,3.1587
2021-03-23,002150.XSHE,35.23,34.6,34.49,35.35,220917.0,7691231.0,0.3559
2021-03-23,002151.XSHE,247.0,243.26,242.56,248.63,761505.0,186839744.89,1.2071
2021-03-23,002152.XSHE,151.17,165.61,150.84,165.61,4133196.0,668341666.41,2.8335
2021-03-23,002153.XSHE,575.64,557.07,554.12,577.9,165474.0,92937902.25,0.4575
2021-03-23,002154.XSHE,41.5,41.03,40.56,41.61,1155631.0,47318030.79,1.217
2021-03-23,002155.XSHE,24.13,22.49,22.38,24.21,14852976.0,341043470.01,3.3288
2021-03-23,002156.XSHE,55.66,54.9,54.59,56.78,10970763.0,609960272.22,2.6641
2021-03-23,002157.XSHE,249.49,247.02,246.25,251.8,1210906.0,300454214.18,0.8191
2021-03-23,002158.XSHE,92.19,93.9,91.4,95.81,2438230.0,229630297.63,1.8251
2021-03-23,002159.XSHE,18.54,18.25,18.14,18.77,1040840.0,19167006.72,1.1477
2021-03-23,002160.XSHE,8.71,8.31,8.22,8.75,21861085.0,184016241.87,6.3524
2021-03-23,002161.XSHE,49.13,49.35,49.02,51.81,1058172.0,52835760.0,1.59
2021-03-23,002162.XSHE,9.57,9.42,9.17,9.75,19456683.0,182538828.69,5.0317
2021-03-23,002163.XSHE,81.02,86.35,80.56,86.35,3329934.0,279168938.62,1.9354
2021-03-23,002164.XSHE,30.45,29.09,29.06,30.77,9005649.0,267800833.32,6.0027
2021-03-23,002165.XSHE,44.27,42.99,42.69,44.27,1413720.0,61037612.2,1.7948
2021-03-23,002166.XSHE,56.98,56.55,56.27,57.2,781036.0,44222752.68,1.2378
2021-03-23,002167.XSHE,42.35,40.47,40.31,42.43,1359538.0,55799410.25,1.8732
2021-03-23,002168.XSHE,46.69,46.69,45.79,47.44,1336140.0,62121208.21,2.5298
2021-03-23,002169.XSHE,58.13,59.35,57.3,63.16,5886551.0,354227626.87,5.8745
2021-03-23,002170.XSHE,32.85,32.61,32.28,33.33,1124438.0,36667503.31,1.3092
2021-03-23,002171.XSHE,39.39,38.38,38.22,39.64,2371295.0,91690459.33,0.9639
2021-03-23,002172.XSHE,11.3,10.55,10.46,11.39,15372712.0,166346906.69,5.992999999999999
2021-03-23,002173.XSHE,19.57,19.32,19.17,19.63,503549.0,9738190.0,0.4128
2021-03-23,002174.XSHE,33.07,36.21,32.98,36.21,20867737.0,736450575.25,9.3641
2021-03-23,002175.XSHE,7.83,8.22,7.7,8.22,4381428.0,35187280.59,3.7632
2021-03-23,002176.XSHE,88.08,88.86,85.75,91.32,4252348.0,376120577.1,3.2295
2021-03-23,002177.XSHE,43.69,48.29,43.43,48.29,11956469.0,564087454.79,13.8933
2021-03-23,002178.XSHE,22.8,25.09,21.69,25.09,8992130.0,217492763.36,8.2607
2021-03-23,002179.XSHE,508.26,507.32,499.0,508.88,622533.0,314183233.03,0.4535
2021-03-23,002180.XSHE,125.39,124.86,123.86,127.65,919651.0,115580091.54,0.4388
2021-03-23,002181.XSHE,9.28,9.28,9.19,9.35,1651420.0,15284119.92,0.3201
2021-03-23,002182.XSHE,35.36,34.2,34.14,35.49,3147876.0,108773750.13,1.9659
2021-03-23,002183.XSHE,68.64,69.08,67.89,69.23,1040288.0,71453396.16,0.7315
2021-03-23,002184.XSHE,41.6,40.0,39.33,42.02,6186375.0,249786276.1,8.5389
2021-03-23,002185.XSHE,119.75,120.69,119.02,123.29,5428613.0,658589083.27,2.0637
2021-03-23,002186.XSHE,25.42,24.92,24.82,25.51,935623.0,23444896.85,0.7228
2021-03-23,002187.XSHE,20.21,20.56,20.09,20.99,2238925.0,46084284.66,1.5526
2021-03-23,002188.XSHE,5.9,6.12,5.82,6.18,3492665.0,21136985.31,2.8709
2021-03-23,002189.XSHE,16.6,16.48,16.32,16.6,1722813.0,28281251.69,0.7984
2021-03-23,002190.XSHE,64.99,65.2,64.59,67.07,1082324.0,71025089.28,0.7955
2021-03-23,002191.XSHE,71.02,65.11,64.92,71.02,13287612.0,905708318.19,5.718
2021-03-23,002192.XSHE,135.74,140.31,130.04,144.83,4985660.0,681801526.85,5.8665
2021-03-23,002193.XSHE,12.41,12.21,11.67,12.5,1296592.0,15636385.0,1.028
2021-03-23,002194.XSHE,44.11,44.4,43.92,44.54,917799.0,40589527.56,0.6784
2021-03-23,002195.XSHE,57.5,56.6,55.41,57.79,2736268.0,154826017.06,1.4467
2021-03-23,002196.XSHE,19.8,19.74,19.43,20.08,5242227.0,103474708.84,3.5423
2021-03-23,002197.XSHE,31.12,31.94,30.92,32.56,3214414.0,102603934.89,3.0255
2021-03-23,002198.XSHE,27.19,26.84,26.74,27.35,904427.0,24370962.0,0.9058
2021-03-23,002199.XSHE,15.71,17.29,15.47,17.29,1843334.0,30833048.24,1.996
2021-03-23,002200.XSHE,9.0,8.89,8.8,9.02,589256.0,5249740.0,0.6116
2021-03-23,002201.XSHE,44.27,43.25,42.99,44.42,734904.0,31988197.48,0.8320000000000001
2021-03-23,002202.XSHE,110.36,106.61,105.36,110.51,10371006.0,1112283853.86,2.3852
2021-03-23,002203.XSHE,34.11,33.4,33.29,34.26,2062028.0,69138993.31,0.4184
2021-03-23,002204.XSHE,17.92,17.44,17.34,17.96,2394840.0,42136956.0,0.594
2021-03-23,002205.XSHE,15.48,15.08,14.99,15.54,1765957.0,26795807.0,1.9953
2021-03-23,002206.XSHE,61.4,59.78,59.24,61.4,844115.0,50759850.68,0.9438
2021-03-23,002207.XSHE,14.02,12.86,12.74,14.34,8140577.0,108217159.25,7.0429
2021-03-23,002208.XSHE,40.31,40.1,39.88,40.37,1090103.0,43657620.41,0.9379
2021-03-23,002209.XSHE,9.82,9.55,9.49,9.93,2667373.0,25672199.66,2.6862
2021-03-23,002210.XSHE,25.9,26.21,25.28,26.73,1701159.0,44055622.96,0.6622
2021-03-23,002211.XSHE,9.23,8.99,8.83,9.23,6370387.0,57061615.0,3.1278
2021-03-23,002212.XSHE,67.11,67.08,66.3,68.58,1955877.0,131821720.2,0.5691
2021-03-23,002213.XSHE,26.72,24.56,24.56,27.08,1894474.0,48138299.0,1.9304
2021-03-23,002214.XSHE,99.24,97.98,97.77,99.28,516462.0,50726022.42,0.6082
2021-03-23,002215.XSHE,44.72,43.85,43.69,44.72,624134.0,27491418.82,0.6897
2021-03-23,002216.XSHE,185.65,190.76,185.4,193.68,1392455.0,264552513.36,2.0607
2021-03-23,002217.XSHE,19.63,19.34,19.28,19.91,3611570.0,70319047.67,0.7711
2021-03-23,002218.XSHE,29.27,27.87,27.65,29.27,11055884.0,312113817.6,5.0794
2021-03-23,002219.XSHE,37.82,37.49,37.33,38.63,850398.0,32198373.68,0.7484
2021-03-23,002221.XSHE,50.94,51.57,50.64,53.3,8141046.0,423841606.44,2.2393
2021-03-23,002222.XSHE,38.2,39.62,37.91,39.83,9089161.0,355096931.41,5.6386
2021-03-23,002223.XSHE,239.15,237.17,236.1,240.32,661097.0,157176519.23,0.6851
2021-03-23,002224.XSHE,38.63,38.07,37.59,38.63,516299.0,19695509.94,0.6622
2021-03-23,002225.XSHE,9.23,9.07,8.77,9.33,20408479.0,185416693.88,4.6898
2021-03-23,002226.XSHE,68.58,64.76,64.21,69.3,3814632.0,251367140.84,3.6205
2021-03-23,002227.XSHE,31.15,29.49,29.32,31.15,1250941.0,37393794.88,1.1789
2021-03-23,002228.XSHE,39.04,38.75,38.56,39.24,1313513.0,51064558.66,1.0307
2021-03-23,002229.XSHE,30.0,30.57,29.74,31.25,1289078.0,39351934.47,1.3451
2021-03-23,002230.XSHE,632.69,618.01,613.43,637.27,1850581.0,1152581589.76,1.2304
2021-03-23,002231.XSHE,15.33,15.08,14.99,15.39,1171912.0,17749848.9,1.0172
2021-03-23,002232.XSHE,35.13,35.1,34.91,35.63,1352373.0,47608351.0,1.0365
2021-03-23,002233.XSHE,34.22,34.39,34.16,35.19,9126026.0,316387596.55,2.1319
2021-03-23,002234.XSHE,34.02,34.13,32.84,34.58,7369923.0,249496804.11,7.6539
2021-03-23,002235.XSHE,20.03,21.08,19.34,21.86,15531597.0,316785048.51,13.3925
2021-03-23,002236.XSHE,951.6,945.2,934.96,967.38,729118.0,691471743.81,1.6736
2021-03-23,002237.XSHE,99.68,98.35,97.61,99.68,1131597.0,111187682.32,1.0265
2021-03-23,002238.XSHE,20.18,20.44,20.02,20.47,1181699.0,23939941.82,0.4679999999999999
2021-03-23,002239.XSHE,33.74,32.47,32.28,33.74,5541571.0,182672638.5,1.6094
2021-03-23,002240.XSHE,34.36,32.4,31.85,34.38,15696635.0,514276707.45,3.6455
2021-03-23,002241.XSHE,610.47,598.96,595.04,616.0,2267721.0,1371271622.53,1.754
2021-03-23,002242.XSHE,142.28,143.33,140.47,144.04,619527.0,88300907.69,0.3859
2021-03-23,002243.XSHE,16.61,16.12,16.05,16.63,2426762.0,39534599.51,0.8352
2021-03-23,002244.XSHE,27.55,27.61,27.43,27.73,1542939.0,42472537.16,0.341
2021-03-23,002245.XSHE,152.9,151.8,146.95,153.46,2183903.0,328067359.16,3.1187
2021-03-23,002246.XSHE,10.68,10.47,10.41,10.71,1425781.0,14949081.0,0.4164
2021-03-23,002247.XSHE,15.06,14.41,14.28,15.64,4874023.0,72895751.34,5.4625
2021-03-23,002248.XSHE,9.86,9.52,9.52,9.86,1119024.0,10780386.0,0.7655
2021-03-23,002249.XSHE,57.74,54.4,53.92,57.74,6961278.0,385947318.53,4.9315
2021-03-23,002250.XSHE,144.83,143.38,142.35,145.01,439820.0,63106203.28,0.2888
2021-03-23,002251.XSHE,38.67,38.96,38.33,39.05,962626.0,37279068.49,0.5379
2021-03-23,002252.XSHE,183.28,182.07,181.59,184.49,697495.0,127312110.25,0.3392
2021-03-23,002253.XSHE,51.85,53.18,51.85,53.18,1176200.0,62087982.15,2.1639
2021-03-23,002254.XSHE,95.91,91.92,90.32,96.02,1597128.0,146966309.42,2.3102
2021-03-23,002255.XSHE,20.75,20.46,20.29,20.79,1852635.0,37935671.52,1.1957
2021-03-23,002256.XSHE,22.57,22.87,21.8,23.18,4376266.0,99175733.8,4.7974
2021-03-23,002258.XSHE,93.0,91.03,89.93,93.0,2051188.0,186500175.79,1.439
2021-03-23,002259.XSHE,10.21,10.27,10.16,10.34,712610.0,7305574.7,0.2449
2021-03-23,002261.XSHE,65.52,66.03,64.92,66.54,835699.0,54864588.36,0.8975
2021-03-23,002262.XSHE,125.74,125.99,125.14,128.03,1068867.0,135307522.22,1.0338
2021-03-23,002263.XSHE,13.92,13.61,13.47,14.01,12960379.0,176985133.7,3.1188
2021-03-23,002264.XSHE,20.56,20.27,20.04,20.56,651248.0,13179114.0,0.4632
2021-03-23,002265.XSHE,6.61,6.55,6.48,6.63,1447059.0,9434312.0,0.4755
2021-03-23,002266.XSHE,66.97,64.88,64.23,66.97,6652188.0,434249095.95,4.4599
2021-03-23,002267.XSHE,16.26,16.19,16.11,16.54,5943914.0,97064983.88,1.3435
2021-03-23,002268.XSHE,146.99,148.44,146.06,150.31,778819.0,115333327.42,0.7918
2021-03-23,002269.XSHE,7.89,7.44,7.44,7.98,35327926.0,269012215.06,6.34
2021-03-23,002270.XSHE,11.44,11.12,11.03,11.44,4649200.0,51914053.15,1.3066
2021-03-23,002271.XSHE,1571.65,1554.26,1528.84,1607.43,579628.0,904650574.75,1.1525
2021-03-23,002272.XSHE,19.94,18.85,18.71,19.94,12723582.0,243115434.99,13.2734
2021-03-23,002273.XSHE,149.52,148.54,147.57,150.22,599577.0,88998073.52,0.7072
2021-03-23,002274.XSHE,23.25,20.85,20.85,23.7,29626096.0,641738454.11,10.2267
2021-03-23,002275.XSHE,22.41,22.3,22.22,22.52,511075.0,11409583.86,0.1598
2021-03-23,002276.XSHE,25.85,24.83,24.72,25.93,3309044.0,83215253.74,1.2099
2021-03-23,002277.XSHE,21.44,21.25,21.12,21.5,993323.0,21097250.1,0.4519
2021-03-23,002278.XSHE,12.85,12.8,12.67,13.07,867110.0,11123442.03,0.5601
2021-03-23,002279.XSHE,47.56,48.46,47.46,49.46,1045441.0,50774446.56,1.6369999999999998
2021-03-23,002280.XSHE,47.5,47.77,47.5,47.77,973274.0,46353722.82,0.7456
2021-03-23,002281.XSHE,72.49,71.87,71.45,72.78,1786869.0,128779785.41,0.8779
2021-03-23,002282.XSHE,22.21,21.71,21.37,22.21,1032476.0,22299668.95,0.6833
2021-03-23,002283.XSHE,28.13,27.58,27.33,28.34,3170054.0,87766570.0,1.3407
2021-03-23,002284.XSHE,33.6,33.47,33.08,33.73,916717.0,30559700.82,0.8668
2021-03-23,002285.XSHE,64.46,62.56,62.42,64.46,956508.0,60288969.68,0.6941
2021-03-23,002286.XSHE,32.43,33.71,32.25,35.53,7745159.0,261217280.18,7.4745
2021-03-23,002287.XSHE,36.02,35.48,35.28,36.14,710078.0,25330824.27,0.2033
2021-03-23,002288.XSHE,53.29,52.62,52.17,53.82,1775004.0,93649445.99,1.4257
2021-03-23,002289.XSHE,8.81,8.51,8.45,8.84,1507873.0,13015448.68,0.8686
2021-03-23,002290.XSHE,17.49,17.49,17.33,17.78,453901.0,7942947.99,0.5565
2021-03-23,002291.XSHE,34.92,34.36,33.69,35.4,8589525.0,296351642.27,2.408
2021-03-23,002292.XSHE,44.29,43.97,43.5,44.53,1156922.0,50873246.0,1.1239
2021-03-23,002293.XSHE,88.28,89.82,88.28,90.38,916656.0,82186474.48,0.7788
2021-03-23,002294.XSHE,429.97,431.09,427.73,442.32,407230.0,176662067.51,0.4371
2021-03-23,002295.XSHE,10.57,10.38,10.25,10.62,1119967.0,11642068.0,0.7084
2021-03-23,002296.XSHE,34.42,33.55,33.55,34.47,565347.0,19180723.0,0.8633
2021-03-23,002297.XSHE,22.3,22.3,22.06,23.11,7376175.0,166545481.55,4.7265
2021-03-23,002298.XSHE,27.26,27.48,27.04,28.2,5416786.0,148658493.7,3.0914
2021-03-23,002299.XSHE,70.14,66.97,66.38,70.14,8630943.0,583449827.02,1.9157
2021-03-23,002300.XSHE,41.05,40.06,39.86,41.44,1311676.0,52844268.68,1.3182
2021-03-23,002301.XSHE,57.33,57.62,56.89,58.24,833362.0,47945471.54,0.5474
2021-03-23,002302.XSHE,35.37,35.57,35.32,36.32,2643556.0,94586589.25,0.8642
2021-03-23,002303.XSHE,34.35,34.07,33.79,34.82,901734.0,30791942.85,0.9126
2021-03-23,002304.XSHE,680.72,679.79,672.76,687.02,1192035.0,809666877.29,0.4043
2021-03-23,002305.XSHE,7.4,7.23,7.16,7.43,7162124.0,52002445.51,1.3897
2021-03-23,002306.XSHE,10.6,10.6,10.39,10.64,341265.0,3584481.0,0.1803
2021-03-23,002307.XSHE,20.19,20.19,20.06,20.57,1212902.0,24597210.2,0.5709
2021-03-23,002308.XSHE,20.74,20.52,20.35,20.82,2614766.0,53609339.3,1.2519
2021-03-23,002309.XSHE,19.99,18.94,18.71,20.1,8550549.0,164162538.23,4.6189
2021-03-23,002310.XSHE,202.06,198.34,196.47,204.85,717209.0,143331155.12,1.3037
2021-03-23,002311.XSHE,508.76,518.82,503.27,524.51,928391.0,480693747.36,0.3914
2021-03-23,002312.XSHE,135.15,130.22,130.04,135.33,943468.0,124019505.35,1.2992
2021-03-23,002313.XSHE,27.99,27.42,27.4,28.02,412546.0,11366014.99,0.2967
2021-03-23,002314.XSHE,8.12,7.99,7.94,8.15,3493487.0,27880892.76,0.5973
2021-03-23,002315.XSHE,68.5,67.33,66.25,71.31,6561582.0,449968930.84,11.8742
2021-03-23,002316.XSHE,12.13,13.46,11.8,13.46,5952313.0,76151829.07,6.7598
2021-03-23,002317.XSHE,91.23,89.96,89.11,91.55,879151.0,79174977.85,1.308
2021-03-23,002318.XSHE,82.28,76.47,75.91,82.68,4940790.0,386448989.11,2.9243
2021-03-23,002319.XSHE,18.46,18.46,18.46,18.46,207799.0,3835755.0,0.2131
2021-03-23,002320.XSHE,78.58,80.09,78.23,81.06,1199572.0,95423000.94,0.7144
2021-03-23,002321.XSHE,6.66,6.49,6.45,6.66,5276128.0,34429585.0,2.0477
2021-03-23,002322.XSHE,55.35,54.07,53.51,55.49,763077.0,41446482.0,1.0476
2021-03-23,002323.XSHE,12.61,12.61,12.52,13.0,618964.0,7869181.0,0.8386
2021-03-23,002324.XSHE,117.64,115.01,114.47,118.45,638176.0,74008198.34,0.8713
2021-03-23,002325.XSHE,21.76,21.06,20.79,21.76,1488276.0,31442914.27,1.3951
2021-03-23,002326.XSHE,51.1,52.3,51.04,53.5,3234493.0,169346737.62,2.7622
2021-03-23,002327.XSHE,82.63,82.13,81.62,83.34,209813.0,17277565.36,0.4379999999999999
2021-03-23,002328.XSHE,13.02,12.96,12.87,13.07,1352223.0,17488779.75,0.698
2021-03-23,002329.XSHE,23.68,23.51,23.27,23.8,841015.0,19782311.78,0.927
2021-03-23,002330.XSHE,11.93,11.84,11.8,11.97,823231.0,9768878.0,0.3361
2021-03-23,002331.XSHE,78.44,81.79,76.71,85.08,2070892.0,166754011.4,2.9207
2021-03-23,002332.XSHE,33.1,33.18,32.95,33.79,4301822.0,143472018.24,1.2139
2021-03-23,002333.XSHE,19.3,19.41,19.26,19.52,286804.0,5559705.0,0.2494
2021-03-23,002334.XSHE,65.14,63.23,63.11,65.73,2024463.0,129566518.75,3.8089
2021-03-23,002335.XSHE,114.39,114.27,113.41,115.6,832238.0,95228960.08,1.2148
2021-03-23,002336.XSHE,4.89,4.89,4.84,4.91,551864.0,2694195.8,0.176
2021-03-23,002337.XSHE,15.88,15.72,15.62,15.93,452722.0,7125005.0,0.4037
2021-03-23,002338.XSHE,51.46,55.87,51.33,55.87,3784915.0,208209606.04,5.1169
2021-03-23,002339.XSHE,36.98,35.78,35.5,36.98,2481038.0,89677750.38,2.8231
2021-03-23,002340.XSHE,201.83,197.77,194.67,203.5,11541698.0,2282578385.4,5.7826
2021-03-23,002341.XSHE,29.9,28.98,28.73,29.98,3363317.0,98232211.0,2.7223
2021-03-23,002342.XSHE,10.51,10.09,9.97,10.54,16597093.0,168936217.94,4.748
2021-03-23,002343.XSHE,19.91,19.63,19.5,20.3,1984214.0,39280159.74,1.3454
2021-03-23,002344.XSHE,16.94,16.94,16.89,17.24,2011186.0,34292248.74,0.6947
2021-03-23,002345.XSHE,32.26,31.72,31.11,32.26,1313559.0,41471061.74,1.0089
2021-03-23,002346.XSHE,23.29,22.84,22.81,23.29,658014.0,15132920.0,0.364
2021-03-23,002347.XSHE,15.62,15.39,15.27,15.7,529681.0,8190980.0,0.6433
2021-03-23,002348.XSHE,13.54,13.34,13.27,13.54,1636456.0,21868840.0,1.3323
2021-03-23,002349.XSHE,34.15,34.7,33.68,34.7,896690.0,30638587.5,0.853
2021-03-23,002350.XSHE,26.96,26.18,25.99,26.96,1044783.0,27604671.0,0.943
2021-03-23,002351.XSHE,99.02,99.86,97.33,101.61,1424332.0,141606669.58,2.03
2021-03-23,002352.XSHE,295.73,293.44,285.84,296.5,7841014.0,2280278722.31,0.6064
2021-03-23,002353.XSHE,295.36,289.7,286.1,296.1,1084270.0,313582437.74,1.4739
2021-03-23,002354.XSHE,7.99,7.84,7.78,7.99,2477772.0,19535755.8,0.4766
2021-03-23,002355.XSHE,12.82,12.78,12.68,13.11,4241660.0,54536528.0,1.5553
2021-03-23,002356.XSHE,8.37,8.65,8.26,8.92,3577837.0,30840293.58,3.7436
2021-03-23,002357.XSHE,20.65,20.26,20.18,20.65,476569.0,9721083.0,0.6568
2021-03-23,002358.XSHE,34.0,32.46,32.21,34.42,5825188.0,193068269.48,5.452000000000001
2021-03-23,002360.XSHE,52.95,51.23,51.03,53.15,1052605.0,54469811.6,2.3621
2021-03-23,002361.XSHE,42.61,41.18,41.0,42.88,1166035.0,48633257.2,1.6639
2021-03-23,002362.XSHE,38.56,38.58,38.18,38.84,1408041.0,54103051.14,1.5745
2021-03-23,002363.XSHE,14.64,14.57,14.41,14.67,1611470.0,23363602.2,0.9905
2021-03-23,002364.XSHE,60.65,58.71,58.39,60.65,1504554.0,88907383.85,1.8528
2021-03-23,002365.XSHE,31.44,31.27,30.97,31.44,646400.0,20140040.74,0.8833
2021-03-23,002366.XSHE,12.15,11.55,11.34,12.32,62982624.0,741959282.51,24.3578
2021-03-23,002367.XSHE,84.87,84.63,83.93,86.43,1512052.0,128776092.79,2.26
2021-03-23,002368.XSHE,114.51,113.59,112.56,115.71,1054196.0,119905905.01,0.9957
2021-03-23,002369.XSHE,21.53,23.17,21.49,23.6,7403387.0,168036352.77,5.5262
2021-03-23,002370.XSHE,13.09,13.41,13.02,13.76,7682980.0,103059170.95,5.8512
2021-03-23,002371.XSHE,668.41,664.23,657.59,684.69,919963.0,616346414.26,0.9506
2021-03-23,002372.XSHE,197.77,200.72,195.57,203.17,2181978.0,436769466.45,1.2553
2021-03-23,002373.XSHE,65.16,65.16,64.46,65.48,1818434.0,117952725.17,0.6514
2021-03-23,002374.XSHE,16.05,15.86,15.72,16.12,681233.0,10809781.8,0.5287
2021-03-23,002375.XSHE,55.66,53.58,52.96,56.09,2277435.0,123132986.85,1.0477
2021-03-23,002376.XSHE,43.22,42.63,42.54,43.27,581476.0,24914050.11,0.4111
2021-03-23,002377.XSHE,18.45,18.4,18.01,18.53,920384.0,16798728.0,0.4361
2021-03-23,002378.XSHE,16.08,14.49,14.49,16.15,34038420.0,510293224.44,7.7794
2021-03-23,002379.XSHE,27.81,25.48,25.32,28.14,5420689.0,143068356.6,4.7039
2021-03-23,002380.XSHE,55.21,52.16,51.74,55.53,3334901.0,177300417.98,7.7125
2021-03-23,002381.XSHE,55.02,56.58,54.15,56.96,3038434.0,169997015.49,5.0994
2021-03-23,002382.XSHE,126.77,124.95,123.52,127.62,2140173.0,268918408.89,1.7675
2021-03-23,002383.XSHE,25.59,24.92,24.78,25.83,1213078.0,30455302.0,1.0091
2021-03-23,002384.XSHE,137.4,137.04,136.23,138.65,2529483.0,347543649.98,1.3312
2021-03-23,002385.XSHE,91.56,89.7,89.08,91.66,7577586.0,682475358.49,2.705
2021-03-23,002386.XSHE,11.47,10.8,10.79,11.47,14652960.0,161430888.04,3.3576
2021-03-23,002387.XSHE,35.79,35.47,34.98,36.54,3133567.0,111350086.24,0.8155
2021-03-23,002388.XSHE,18.08,17.82,17.82,18.24,841289.0,15167795.0,0.66
2021-03-23,002389.XSHE,128.97,128.23,127.37,130.21,1922496.0,246763748.79,1.3669
2021-03-23,002390.XSHE,91.21,90.08,89.46,95.01,1464481.0,134828091.32,0.9663
2021-03-23,002391.XSHE,41.48,41.76,41.31,41.76,623631.0,25897412.5,0.7574
2021-03-23,002392.XSHE,43.39,41.45,41.37,43.39,3379483.0,141970560.53,3.4299
2021-03-23,002393.XSHE,21.65,21.51,21.43,21.73,498732.0,10743501.35,0.3191
2021-03-23,002394.XSHE,46.31,46.76,46.04,46.94,626821.0,29134910.0,0.8809999999999999
2021-03-23,002395.XSHE,41.93,41.32,41.06,42.16,126692.0,5254996.0,0.1524
2021-03-23,002396.XSHE,64.9,65.13,64.32,65.29,1371478.0,88958162.05,0.7619
2021-03-23,002397.XSHE,50.69,50.31,49.67,50.82,476745.0,23921681.68,1.2569
2021-03-23,002398.XSHE,50.93,50.56,49.82,51.18,754475.0,38099673.95,0.8379
2021-03-23,002399.XSHE,66.21,66.55,65.39,66.85,830438.0,54861791.25,0.2493
2021-03-23,002400.XSHE,91.7,89.29,88.74,91.7,3141011.0,282409059.93,3.4759
2021-03-23,002401.XSHE,72.59,72.3,71.42,72.59,348648.0,25144196.91,0.6782
2021-03-23,002402.XSHE,254.0,257.99,252.91,262.22,1614169.0,414692789.01,2.435
2021-03-23,002403.XSHE,11.02,10.91,10.81,11.15,1226974.0,13423363.0,0.5631
2021-03-23,002404.XSHE,33.36,32.47,32.32,34.21,3325452.0,110064215.02,3.6016
2021-03-23,002405.XSHE,58.29,59.17,58.13,59.57,7665231.0,452967988.19,1.5865
2021-03-23,002406.XSHE,24.71,24.37,24.22,24.86,1241990.0,30371948.98,0.9999
2021-03-23,002407.XSHE,117.96,112.64,111.18,118.29,6767242.0,767492058.69,6.4439
2021-03-23,002408.XSHE,59.02,54.58,53.59,59.15,12344971.0,687790550.0,4.2432
2021-03-23,002409.XSHE,176.45,175.63,172.95,181.99,2160670.0,382475341.81,2.7928
2021-03-23,002410.XSHE,790.82,770.86,765.8,795.88,413667.0,322282384.11,0.5282
2021-03-23,002411.XSHE,18.57,18.11,18.07,18.65,3401273.0,62055358.0,0.9832
2021-03-23,002412.XSHE,44.0,43.63,43.48,44.22,228566.0,10000646.16,0.3434
2021-03-23,002413.XSHE,30.42,30.32,30.17,30.62,2267300.0,68715638.55,1.0359
2021-03-23,002414.XSHE,194.6,193.24,192.54,196.17,928985.0,179793951.94,0.4036
2021-03-23,002415.XSHE,1118.1,1101.26,1086.52,1126.53,1236544.0,1361179627.49,0.3121
2021-03-23,002416.XSHE,25.49,25.49,25.49,25.49,2714227.0,69194986.0,0.6171
2021-03-23,002417.XSHE,15.46,15.53,15.28,15.6,2085963.0,32218060.0,2.0311
2021-03-23,002418.XSHE,8.76,8.81,8.66,8.91,2439800.0,21469673.69,1.0752
2021-03-23,002419.XSHE,35.23,36.95,34.99,37.39,8623197.0,314465818.46,2.88
2021-03-23,002420.XSHE,5.13,5.14,5.02,5.29,10412255.0,53304931.5,2.7087
2021-03-23,002421.XSHE,68.21,68.21,67.49,69.29,1277313.0,87307606.01,1.2954
2021-03-23,002422.XSHE,146.61,145.05,143.95,149.59,2969202.0,434550913.72,1.7593
2021-03-23,002423.XSHE,9.18,9.14,9.02,9.19,2677096.0,24390527.24,0.5429
2021-03-23,002424.XSHE,93.02,85.34,85.34,94.75,6509050.0,573361502.53,7.522
2021-03-23,002425.XSHE,32.54,33.64,32.32,33.69,6926660.0,229613636.41,3.7611
2021-03-23,002426.XSHE,11.18,11.6,11.13,11.76,19251241.0,223440096.62,3.4683
2021-03-23,002427.XSHE,12.94,12.84,12.57,13.21,823672.0,10535425.55,0.386
2021-03-23,002428.XSHE,55.28,53.64,53.43,55.7,2399159.0,129976942.99,1.9698
2021-03-23,002429.XSHE,50.81,50.63,50.18,51.17,3057939.0,155086273.34,0.6105
2021-03-23,002430.XSHE,64.05,64.31,63.33,66.81,4591629.0,298023006.2,1.0451
2021-03-23,002431.XSHE,32.6,32.99,32.01,34.27,3253301.0,107570846.27,2.3476
2021-03-23,002432.XSHE,25.84,25.41,25.29,25.84,1129543.0,28761058.57,0.7991
2021-03-23,002433.XSHE,15.17,15.04,14.95,15.21,1032691.0,15544636.0,0.5844
2021-03-23,002434.XSHE,54.15,53.61,52.86,54.42,1109203.0,59194147.47,0.5592
2021-03-23,002435.XSHE,18.49,18.62,18.15,18.74,2117470.0,38915069.55,0.7486
2021-03-23,002436.XSHE,118.71,123.42,117.92,124.99,3056477.0,375690316.03,3.1443
2021-03-23,002437.XSHE,43.48,42.53,42.05,43.64,1068934.0,45590143.77,0.7792
2021-03-23,002438.XSHE,55.1,54.85,53.94,57.5,4359044.0,242560358.46,3.9743
2021-03-23,002439.XSHE,262.02,267.28,258.24,267.45,1572166.0,414327387.23,1.8097
2021-03-23,002440.XSHE,50.72,49.56,48.95,50.92,2330467.0,115658112.43,1.2357
2021-03-23,002441.XSHE,35.58,34.78,34.64,35.58,719138.0,25174031.0,0.8418
2021-03-23,002442.XSHE,12.5,11.79,11.66,12.5,10458665.0,125482023.0,5.5296
2021-03-23,002443.XSHE,26.9,26.42,26.31,26.97,2215885.0,58669460.0,1.574
2021-03-23,002444.XSHE,139.24,139.15,135.49,140.47,2408029.0,331856439.72,0.981
2021-03-23,002445.XSHE,15.06,15.06,14.84,15.28,972011.0,14656451.2,0.3025
2021-03-23,002446.XSHE,29.06,28.86,28.46,29.21,2240693.0,64588524.32,1.6318
2021-03-23,002447.XSHE,39.22,38.67,38.67,39.77,897893.0,35003300.5,1.1598
2021-03-23,002448.XSHE,30.35,29.96,29.73,30.35,860977.0,25799927.75,1.0145
2021-03-23,002449.XSHE,25.85,25.7,25.46,26.25,2224649.0,57495116.78,1.1094
2021-03-23,002451.XSHE,19.42,18.81,18.68,19.45,1428501.0,27073151.0,1.0242
2021-03-23,002452.XSHE,34.29,32.84,32.28,34.4,5605687.0,185334789.3,7.1573
2021-03-23,002453.XSHE,21.84,21.72,21.68,22.05,672323.0,14664587.0,0.4869
2021-03-23,002454.XSHE,17.77,17.86,17.37,18.18,3578183.0,63530569.7,1.6455
2021-03-23,002455.XSHE,35.91,34.31,34.06,36.47,2968105.0,103784659.0,4.6585
2021-03-23,002456.XSHE,177.5,173.82,172.8,178.93,3522188.0,615139280.07,2.6992
2021-03-23,002457.XSHE,20.08,19.83,19.67,20.32,1975748.0,39380218.18,1.5249
2021-03-23,002458.XSHE,91.69,91.02,89.78,92.85,2703313.0,246190140.47,3.3195
2021-03-23,002459.XSHE,35.6,34.71,34.32,35.79,5534259.0,193226445.38,1.8949
2021-03-23,002460.XSHE,924.54,898.75,875.35,924.54,2985244.0,2670503656.6,3.4641
2021-03-23,002461.XSHE,20.31,20.2,20.06,20.41,2728742.0,55254365.8,0.2595
2021-03-23,002462.XSHE,23.77,23.69,23.5,23.95,661326.0,15656851.0,0.4414
2021-03-23,002463.XSHE,46.47,45.67,45.47,46.91,3858361.0,177592960.77,0.6268
2021-03-23,002464.XSHE,12.4,12.75,11.76,13.24,13170993.0,165871498.49,9.6048
2021-03-23,002465.XSHE,67.13,67.94,66.66,68.62,5757954.0,391038990.77,1.7241
2021-03-23,002466.XSHE,322.81,299.67,295.01,323.43,11240592.0,3427324933.26,5.9226
2021-03-23,002467.XSHE,62.63,62.63,62.18,62.85,743632.0,46418183.84,0.7099
2021-03-23,002468.XSHE,21.38,21.09,20.93,21.43,3637986.0,76763546.8,0.5476
2021-03-23,002469.XSHE,59.13,55.99,55.66,59.3,1713468.0,97603161.0,2.9844
2021-03-23,002470.XSHE,6.15,6.28,6.02,6.41,11470578.0,71495261.58,1.7271
2021-03-23,002471.XSHE,17.28,16.93,16.79,17.28,2849008.0,48325034.84,1.5629
2021-03-23,002472.XSHE,44.72,41.89,41.38,45.24,2214627.0,94790281.44,2.0503
2021-03-23,002473.XSHE,10.76,11.07,10.74,11.07,143284.0,1559798.0,0.186
2021-03-23,002474.XSHE,38.59,38.59,38.59,38.59,1710021.0,65987508.32,2.2368
2021-03-23,002475.XSHE,1198.47,1158.99,1149.88,1217.7,3535722.0,4163396884.83,1.7011
2021-03-23,002476.XSHE,21.7,21.38,21.28,22.27,2283221.0,49445214.18,1.9555
2021-03-23,002478.XSHE,10.76,10.58,10.56,10.83,1844554.0,19637085.0,0.7696
2021-03-23,002479.XSHE,26.27,26.0,25.45,26.85,6638868.0,172472011.79,3.0005
2021-03-23,002480.XSHE,20.46,20.34,20.01,20.63,1393454.0,28191708.76,0.8901
2021-03-23,002481.XSHE,201.62,199.41,198.12,203.46,378817.0,75935887.31,0.635
2021-03-23,002482.XSHE,23.66,23.15,22.98,23.66,1131308.0,26337866.2,0.6274
2021-03-23,002483.XSHE,15.79,15.38,15.32,15.85,1923457.0,29843058.4,0.8994
2021-03-23,002484.XSHE,67.19,66.58,65.17,67.29,2548951.0,168879388.01,1.5611
2021-03-23,002485.XSHE,14.21,14.33,13.97,14.45,4128686.0,58835368.26,2.2469
2021-03-23,002486.XSHE,12.74,12.41,12.37,12.74,4043130.0,50645468.96,2.0372
2021-03-23,002487.XSHE,46.96,45.58,45.44,47.38,6281819.0,290140476.62,5.3441
2021-03-23,002488.XSHE,44.43,44.49,43.94,44.99,1174051.0,52170414.67,0.9262
2021-03-23,002489.XSHE,43.01,42.66,42.32,43.12,607696.0,25830845.5,0.3724
2021-03-23,002490.XSHE,8.16,7.77,7.71,8.16,8915605.0,70580220.25,3.3647
2021-03-23,002491.XSHE,17.62,17.92,17.49,18.13,2850845.0,50756989.4,1.0249
2021-03-23,002492.XSHE,16.43,16.33,16.2,16.56,737636.0,12052793.5,0.5933
2021-03-23,002493.XSHE,279.77,267.82,262.74,281.97,5102865.0,1370068070.2,0.8738
2021-03-23,002494.XSHE,9.78,9.56,9.4,9.83,3581879.0,34165854.0,3.2791
2021-03-23,002495.XSHE,22.21,21.92,21.73,22.31,457720.0,10040460.2,0.6219
2021-03-23,002496.XSHE,37.73,37.01,36.58,37.73,360144.0,13313135.4,0.5311
2021-03-23,002497.XSHE,115.69,110.47,108.61,116.02,8267768.0,920587140.72,5.8444
2021-03-23,002498.XSHE,32.18,31.07,30.99,32.25,6999228.0,220298785.48,1.6673
2021-03-23,002499.XSHE,16.31,15.48,15.48,16.41,500055.0,7816063.66,0.6816
2021-03-23,002500.XSHE,8.22,8.3,8.18,8.34,16469787.0,136105663.56,0.5309
2021-03-23,002501.XSHE,19.84,20.14,19.76,20.44,948780.0,18991585.76,0.2021
2021-03-23,002502.XSHE,20.25,20.25,19.99,20.32,857535.0,17278872.0,0.7808
2021-03-23,002503.XSHE,70.04,67.38,67.38,70.04,1710306.0,116503797.38,2.702
2021-03-23,002504.XSHE,7.7,7.91,7.53,8.48,26945330.0,216710209.03,22.0647
2021-03-23,002505.XSHE,37.27,36.82,36.51,37.27,2130495.0,78462741.52,0.5909
2021-03-23,002506.XSHE,34.0,33.22,32.92,34.29,5760754.0,192226675.5,1.1056
2021-03-23,002507.XSHE,231.09,229.05,225.85,231.92,794396.0,181384348.26,0.564
2021-03-23,002508.XSHE,251.03,245.04,243.96,251.43,740162.0,182746212.89,0.5328
2021-03-23,002510.XSHE,18.84,18.19,18.19,18.88,4153952.0,76354200.38,1.9366
2021-03-23,002511.XSHE,213.07,208.47,206.13,214.84,2694877.0,565129535.61,1.7013
2021-03-23,002512.XSHE,25.0,25.56,24.73,25.7,3931048.0,99071546.87,3.185
2021-03-23,002513.XSHE,12.97,13.09,12.82,13.09,272660.0,3518871.0,0.2585
2021-03-23,002514.XSHE,28.08,29.81,27.28,31.28,7609057.0,223830894.5,12.5128
2021-03-23,002515.XSHE,53.34,53.45,52.68,53.67,539628.0,28663724.65,0.6747
2021-03-23,002516.XSHE,28.28,27.94,27.85,28.45,672189.0,18928641.82,0.5954
2021-03-23,002517.XSHE,26.96,27.52,26.71,27.52,2755011.0,74991317.19,1.1067
2021-03-23,002518.XSHE,66.61,67.11,66.17,68.32,1104059.0,74123475.48,1.0795
2021-03-23,002519.XSHE,45.14,44.91,44.56,45.14,415360.0,18595499.5,0.4731
2021-03-23,002520.XSHE,56.85,57.56,56.06,58.27,1176145.0,67697159.0,1.8879
2021-03-23,002521.XSHE,21.52,20.91,20.84,21.55,2729547.0,57528700.98,2.1819
2021-03-23,002522.XSHE,54.62,54.12,53.45,54.96,1473376.0,79795253.6,1.4443
2021-03-23,002523.XSHE,17.45,16.93,16.86,17.45,715675.0,12197933.0,0.3788
2021-03-23,002524.XSHE,47.37,46.18,46.04,47.42,1612723.0,74860096.76,1.5022
2021-03-23,002526.XSHE,13.19,12.95,12.83,13.25,2985856.0,38865442.92,1.0154
2021-03-23,002527.XSHE,16.74,16.49,16.44,16.85,1542353.0,25515163.27,0.9321
2021-03-23,002528.XSHE,24.7,24.57,24.44,25.09,1015461.0,25199147.17,0.6262
2021-03-23,002529.XSHE,9.66,9.32,9.2,9.79,2917865.0,27569568.75,1.4589
2021-03-23,002530.XSHE,29.18,30.08,28.91,30.82,2280201.0,68321826.28,1.1994
2021-03-23,002531.XSHE,80.5,73.53,72.57,80.5,16146391.0,1209360710.24,7.311
2021-03-23,002532.XSHE,71.91,65.88,65.11,72.47,7181749.0,486694547.11,11.8001
2021-03-23,002533.XSHE,26.41,26.32,26.27,27.01,1621430.0,43020072.22,1.2595
2021-03-23,002534.XSHE,38.51,37.98,35.88,39.93,9309637.0,349057516.25,2.7643
2021-03-23,002535.XSHE,6.6,6.81,6.53,6.95,8564295.0,58327220.04,5.3073
2021-03-23,002536.XSHE,27.46,27.2,27.09,27.61,948588.0,25854246.5,1.047
2021-03-23,002537.XSHE,37.41,39.62,37.34,41.13,8430223.0,331928835.91,4.6924
2021-03-23,002538.XSHE,27.47,26.66,26.66,27.6,1193008.0,32182692.26,0.7678
2021-03-23,002539.XSHE,64.39,60.87,60.63,64.69,4449854.0,275964238.96,4.0416
2021-03-23,002540.XSHE,40.53,40.78,39.96,41.03,914467.0,37015265.52,0.8401
2021-03-23,002541.XSHE,164.22,163.71,160.96,166.09,1014895.0,165739616.25,0.867
2021-03-23,002542.XSHE,53.5,53.12,52.56,53.69,275401.0,14578977.96,0.3794
2021-03-23,002543.XSHE,38.97,38.78,38.69,39.02,321174.0,12476548.7,0.2432
2021-03-23,002544.XSHE,83.45,82.82,81.87,83.58,461775.0,38175146.9,0.5145
2021-03-23,002545.XSHE,39.2,37.6,37.6,39.2,2744682.0,104931909.4,1.3173
2021-03-23,002546.XSHE,38.49,38.19,37.7,38.58,504990.0,19263722.0,0.6286
2021-03-23,002547.XSHE,22.94,22.88,22.76,23.25,1619414.0,37096692.59,1.2832
2021-03-23,002548.XSHE,35.31,35.36,35.07,35.46,1221809.0,43096293.61,1.115
2021-03-23,002549.XSHE,75.04,81.28,74.71,81.28,8704489.0,696468741.01,11.6752
2021-03-23,002550.XSHE,38.48,37.81,37.71,38.48,281361.0,10695113.93,0.2949
2021-03-23,002551.XSHE,45.17,44.34,44.09,45.17,675698.0,30021324.87,0.9991
2021-03-23,002552.XSHE,37.3,36.55,36.45,37.3,279949.0,10269124.0,0.3796
2021-03-23,002553.XSHE,51.3,52.87,50.47,53.43,3901832.0,203810446.0,7.6835
2021-03-23,002554.XSHE,24.2,24.91,23.56,24.91,15756907.0,386811698.0,13.2557
2021-03-23,002555.XSHE,266.48,268.76,261.8,272.84,3779754.0,1009799478.24,3.0859
2021-03-23,002556.XSHE,52.95,51.98,51.66,53.92,1890301.0,99338511.12,1.2335
2021-03-23,002557.XSHE,165.02,163.11,161.62,166.05,978048.0,159713780.63,0.6232
2021-03-23,002558.XSHE,60.75,60.58,58.83,60.96,2714948.0,162837017.25,0.5607
2021-03-23,002559.XSHE,40.59,40.87,40.59,42.96,1639560.0,68513734.0,2.4817
2021-03-23,002560.XSHE,32.59,31.7,31.57,32.71,1309990.0,41756348.08,1.9418
2021-03-23,002561.XSHE,10.03,9.9,9.87,10.03,1003536.0,9953277.98,0.3539
2021-03-23,002562.XSHE,34.62,34.21,34.08,34.82,828529.0,28444968.0,0.9584
2021-03-23,002563.XSHE,55.68,54.66,54.01,56.12,2476227.0,135893474.88,0.7085
2021-03-23,002564.XSHE,11.69,11.17,10.98,11.69,9743103.0,109681683.0,3.6444
2021-03-23,002565.XSHE,36.25,35.41,35.33,37.17,3110841.0,112496724.0,2.4675
2021-03-23,002566.XSHE,21.42,21.89,21.02,22.84,3847041.0,84298512.4,5.1252
2021-03-23,002567.XSHE,41.54,41.43,41.02,41.69,1982470.0,81972666.8,1.0753
2021-03-23,002568.XSHE,426.77,443.78,424.09,446.41,818990.0,359014510.16,1.0485
2021-03-23,002569.XSHE,13.3,13.13,12.97,13.41,436241.0,5711434.0,0.4871
2021-03-23,002570.XSHE,12.78,12.67,12.62,13.01,4496334.0,57419299.22,1.135
2021-03-23,002571.XSHE,35.85,35.25,34.69,36.01,691676.0,24289145.4,0.9364
2021-03-23,002572.XSHE,687.56,667.66,661.77,687.56,625912.0,420679003.1,1.8085
2021-03-23,002573.XSHE,47.17,45.91,45.05,47.17,3038359.0,139118842.56,2.2097
2021-03-23,002574.XSHE,9.54,9.36,9.31,9.54,1138123.0,10677768.0,0.5043
2021-03-23,002575.XSHE,15.83,15.65,15.52,16.1,382854.0,6008633.0,0.2917
2021-03-23,002576.XSHE,16.93,16.65,16.31,17.16,12672483.0,211954809.84,10.4494
2021-03-23,002577.XSHE,24.4,24.35,24.18,24.51,761286.0,18528234.0,0.6319
2021-03-23,002578.XSHE,22.68,21.81,21.81,23.4,15436071.0,346129761.4,9.3416
2021-03-23,002579.XSHE,45.19,44.73,44.5,45.38,387242.0,17372593.09,0.4172
2021-03-23,002580.XSHE,24.14,23.69,23.44,24.22,2361622.0,56015044.48,3.1319
2021-03-23,002581.XSHE,29.28,28.19,28.1,29.31,3035982.0,86299362.0,2.1831
2021-03-23,002582.XSHE,49.16,48.86,48.78,49.28,1035668.0,50744427.16,1.0537
2021-03-23,002583.XSHE,32.54,32.25,31.92,32.7,1903685.0,61294778.0,0.9881
2021-03-23,002584.XSHE,14.89,15.08,14.89,15.53,9869422.0,150231296.21,6.7209
2021-03-23,002585.XSHE,42.86,43.41,42.15,44.78,14622103.0,637731258.35,6.1401
2021-03-23,002586.XSHE,16.91,17.16,16.72,17.16,618336.0,10538356.0,0.4308
2021-03-23,002587.XSHE,32.08,32.0,31.86,32.3,381298.0,12212918.0,0.6486
2021-03-23,002588.XSHE,56.54,55.5,55.03,56.54,1322300.0,73612326.12,1.5949
2021-03-23,002589.XSHE,42.55,42.18,41.99,42.84,842244.0,35610582.0,0.6929
2021-03-23,002590.XSHE,29.58,29.35,29.17,29.81,397242.0,11663558.08,0.4211
2021-03-23,002591.XSHE,17.93,17.72,17.48,18.07,870012.0,15414243.0,1.3934
2021-03-23,002592.XSHE,9.07,9.15,8.81,9.33,3812573.0,34669302.0,3.7604
2021-03-23,002593.XSHE,11.86,11.76,11.66,11.92,1725761.0,20319966.22,1.2155
2021-03-23,002594.XSHE,179.2,172.24,169.51,179.58,22235202.0,3844462853.79,1.9783
2021-03-23,002595.XSHE,149.64,148.51,143.17,149.73,1025031.0,149865018.98,0.9112
2021-03-23,002596.XSHE,27.22,27.57,26.87,28.41,10118412.0,278538535.73,4.9372
2021-03-23,002597.XSHE,192.04,189.05,187.97,197.29,951874.0,182231864.16,0.8348
2021-03-23,002598.XSHE,15.95,15.62,15.55,16.0,749994.0,11769460.21,0.6642
2021-03-23,002599.XSHE,13.38,13.24,13.17,13.52,378889.0,5038863.29,0.3332
2021-03-23,002600.XSHE,37.29,35.79,35.37,37.8,21515402.0,783750862.67,4.0271
2021-03-23,002601.XSHE,292.09,261.97,261.87,292.09,7082834.0,1907226823.42,4.6745
2021-03-23,002602.XSHE,75.12,71.65,71.36,75.21,11861217.0,868819022.86,2.2146
2021-03-23,002603.XSHE,66.24,65.64,65.14,66.84,5631483.0,370372890.45,1.557
2021-03-23,002605.XSHE,103.97,103.53,103.0,104.24,330103.0,34161401.22,0.4524
2021-03-23,002606.XSHE,30.33,30.62,29.66,30.66,1914958.0,57756797.66,1.9661
2021-03-23,002607.XSHE,237.11,229.59,226.45,237.93,2302542.0,532288051.76,1.1876
2021-03-23,002608.XSHE,19.02,18.42,18.42,19.13,3613958.0,67621349.6,0.2493
2021-03-23,002609.XSHE,49.68,49.08,48.75,49.79,451304.0,22184415.96,0.5595
2021-03-23,002610.XSHE,36.46,34.96,34.58,36.46,17115969.0,604946430.37,4.8895
2021-03-23,002611.XSHE,28.13,28.2,28.06,28.41,821676.0,23153491.88,0.4388
2021-03-23,002612.XSHE,82.86,76.02,76.02,83.68,13546367.0,1061655637.02,12.4807
2021-03-23,002613.XSHE,12.22,12.11,12.04,12.33,1580705.0,19230419.3,1.0374
2021-03-23,002614.XSHE,77.71,78.97,76.89,80.48,5460908.0,431039187.65,6.7334
2021-03-23,002615.XSHE,22.21,21.23,21.17,22.32,1663248.0,36072809.0,3.9234
2021-03-23,002616.XSHE,36.59,35.56,35.47,36.77,1398494.0,50435590.94,1.3371
2021-03-23,002617.XSHE,56.75,56.28,56.05,57.45,3296028.0,186971964.86,2.1498
2021-03-23,002618.XSHE,13.61,13.22,13.15,13.88,5451130.0,73370071.5,3.0086
2021-03-23,002619.XSHE,10.02,9.78,9.59,10.02,7295867.0,71392683.16,3.1347
2021-03-23,002620.XSHE,24.27,23.66,23.58,24.67,3434172.0,82086178.75,4.4677
2021-03-23,002621.XSHE,43.02,42.53,42.03,43.67,484988.0,20683546.09,0.5008
2021-03-23,002622.XSHE,13.82,13.41,13.35,13.82,1767494.0,23877683.0,1.2215
2021-03-23,002623.XSHE,35.62,34.79,34.52,35.62,1242008.0,43244052.2,0.7947
2021-03-23,002624.XSHE,60.37,60.4,59.43,60.93,9552511.0,574265666.84,1.631
2021-03-23,002625.XSHE,144.62,139.32,137.86,144.75,2865498.0,402916930.72,1.2767
2021-03-23,002626.XSHE,283.71,277.12,274.26,285.02,816314.0,227460583.69,1.0257
2021-03-23,002627.XSHE,18.08,18.99,17.82,19.06,3574052.0,66316178.46,2.1921
2021-03-23,002628.XSHE,14.45,14.37,14.33,14.48,1261385.0,18138175.0,0.6495
2021-03-23,002629.XSHE,7.71,7.79,7.64,8.01,843762.0,6603737.0,0.9129
2021-03-23,002630.XSHE,17.38,16.44,16.08,18.03,36792532.0,625509801.79,22.3884
2021-03-23,002631.XSHE,25.73,25.48,25.39,25.77,490259.0,12500522.0,0.3177
2021-03-23,002632.XSHE,39.04,38.58,38.34,39.1,547570.0,21138029.84,0.5396
2021-03-23,002633.XSHE,9.81,9.78,9.75,9.96,444398.0,4351605.38,0.4529999999999999
2021-03-23,002634.XSHE,44.71,45.98,44.43,46.33,765221.0,34872943.2,1.6317
2021-03-23,002635.XSHE,70.1,70.43,69.86,71.19,1019080.0,71909981.84,1.3325
2021-03-23,002636.XSHE,29.26,27.89,27.55,29.99,11158234.0,319595351.5,4.0491
2021-03-23,002637.XSHE,70.08,68.45,67.61,70.08,1946710.0,133911859.38,2.1704
2021-03-23,002638.XSHE,8.38,8.58,8.33,8.73,5173216.0,44300068.96,2.6215
2021-03-23,002639.XSHE,18.96,18.65,18.59,18.99,2343549.0,43895428.21,1.2974
2021-03-23,002640.XSHE,59.61,61.2,58.38,62.43,9447776.0,573869106.49,9.3873
2021-03-23,002641.XSHE,43.83,43.1,42.79,44.62,1651839.0,71650128.35,0.8901
2021-03-23,002642.XSHE,23.06,24.03,22.18,24.03,5580394.0,130044857.61,4.6502
2021-03-23,002643.XSHE,96.38,97.97,96.27,99.67,1391055.0,136646043.61,0.8818
2021-03-23,002644.XSHE,40.07,39.84,39.73,40.4,257150.0,10284878.0,0.2818
2021-03-23,002645.XSHE,67.28,65.38,65.38,71.94,4338459.0,296027937.97,5.3405
2021-03-23,002646.XSHE,14.24,14.54,14.08,14.81,16027944.0,232795825.01,3.8724
2021-03-23,002647.XSHE,46.33,45.31,44.36,50.11,37663488.0,1787939391.7,22.8806
2021-03-23,002648.XSHE,169.63,156.54,153.4,170.11,3967275.0,630543976.45,1.6262
2021-03-23,002649.XSHE,50.06,49.33,48.85,50.06,2063961.0,101899189.35,2.1609
2021-03-23,002650.XSHE,44.15,43.02,42.7,44.15,921197.0,39889290.41,0.643
2021-03-23,002651.XSHE,30.42,29.23,29.05,30.42,1505688.0,44493691.51,0.8627
2021-03-23,002652.XSHE,19.67,20.07,19.26,20.07,6028423.0,120814039.42,6.7918
2021-03-23,002653.XSHE,87.96,88.06,86.3,89.43,2209442.0,194311480.17,1.4815
2021-03-23,002654.XSHE,22.2,21.89,21.76,22.45,1061242.0,23337937.0,0.9922
2021-03-23,002655.XSHE,20.47,20.65,20.25,20.77,1853930.0,37998459.0,1.5665
2021-03-23,002656.XSHE,8.63,8.47,8.36,8.68,1862993.0,15821902.14,1.7204
2021-03-23,002657.XSHE,41.03,40.84,40.41,41.83,2171323.0,89263968.5,2.6561
2021-03-23,002658.XSHE,35.68,38.17,34.65,40.14,10508667.0,394831988.51,16.1102
2021-03-23,002659.XSHE,8.63,8.41,8.33,8.63,4979764.0,42067315.41,1.7193
2021-03-23,002660.XSHE,18.79,18.42,18.36,18.97,1905253.0,35485163.8,2.4406
2021-03-23,002661.XSHE,52.76,53.1,52.49,53.79,1071190.0,56818016.36,1.1133
2021-03-23,002662.XSHE,15.74,15.55,15.46,15.84,2071939.0,32359839.0,0.659
2021-03-23,002663.XSHE,15.5,16.56,15.01,17.05,15261029.0,252138980.76,9.4941
2021-03-23,002664.XSHE,40.72,39.82,39.57,40.94,765564.0,30719351.76,0.6072
2021-03-23,002665.XSHE,38.72,36.65,36.65,39.69,30217232.0,1144004293.56,17.8539
2021-03-23,002666.XSHE,23.09,22.86,22.76,23.46,1762674.0,40587854.0,1.8214
2021-03-23,002667.XSHE,24.5,24.43,23.6,24.74,1138640.0,27657215.65,1.7105
2021-03-23,002668.XSHE,29.06,28.56,28.32,29.6,7586767.0,218773391.42,4.4336
2021-03-23,002669.XSHE,30.01,28.77,28.53,30.08,5515722.0,160722179.29,4.6472
2021-03-23,002670.XSHE,21.85,22.83,21.73,23.74,24863777.0,563637832.69,3.5728
2021-03-23,002671.XSHE,16.6,16.48,16.48,16.76,430358.0,7134978.0,0.3853
2021-03-23,002672.XSHE,54.38,53.17,52.8,54.38,1700834.0,90779588.41,1.556
2021-03-23,002673.XSHE,22.22,22.27,22.05,22.47,8670363.0,193067404.77,0.6217
2021-03-23,002674.XSHE,14.23,13.99,13.9,14.25,1134002.0,15914102.0,0.4869
2021-03-23,002675.XSHE,95.14,96.0,94.19,96.7,521848.0,49881376.94,0.3842
2021-03-23,002676.XSHE,15.33,14.96,14.91,15.52,1792975.0,27160222.78,1.1677
2021-03-23,002677.XSHE,73.57,73.41,72.11,73.57,1052214.0,76484961.88,1.487
2021-03-23,002678.XSHE,19.77,19.22,19.22,19.77,371607.0,7238250.44,0.0752
2021-03-23,002679.XSHE,24.93,25.59,23.49,27.13,17160303.0,431646599.68,12.9998
2021-03-23,002681.XSHE,58.13,57.39,57.39,58.87,3055837.0,176479209.84,2.9011
2021-03-23,002682.XSHE,8.88,8.75,8.62,8.94,2554648.0,22347897.35,1.2042
2021-03-23,002683.XSHE,83.81,81.71,80.85,84.0,2965506.0,243259632.77,1.3033
2021-03-23,002684.XSHE,16.21,16.94,16.01,16.94,1997573.0,33171736.18,3.0307
2021-03-23,002685.XSHE,11.65,11.53,11.47,11.68,1687912.0,19524128.0,0.6161
2021-03-23,002686.XSHE,24.98,24.8,24.61,25.12,358537.0,8889090.0,0.4285
2021-03-23,002687.XSHE,23.45,23.24,23.03,23.45,316832.0,7350017.0,0.4586
2021-03-23,002688.XSHE,35.25,34.33,33.98,35.31,1333373.0,46049901.0,1.2339
2021-03-23,002689.XSHE,12.07,11.92,11.84,12.11,1987510.0,23730844.68,0.718
2021-03-23,002690.XSHE,171.87,170.09,168.83,173.35,381847.0,65065712.58,0.4411
2021-03-23,002691.XSHE,7.15,7.01,6.96,7.17,1219800.0,8575945.0,0.6197
2021-03-23,002692.XSHE,11.77,11.73,11.65,11.77,178288.0,2088058.0,0.1092
2021-03-23,002693.XSHE,18.75,15.8,15.66,18.75,8135570.0,138745750.48,7.0664
2021-03-23,002694.XSHE,9.94,9.65,9.61,9.98,1432326.0,13947382.95,1.1115
2021-03-23,002695.XSHE,79.41,80.25,78.99,81.59,855979.0,68745094.12,0.7768
2021-03-23,002696.XSHE,20.05,19.9,19.76,20.16,701138.0,13969066.0,0.7363
2021-03-23,002697.XSHE,43.59,43.81,43.44,44.38,1829799.0,80513536.0,1.2227
2021-03-23,002698.XSHE,39.11,38.25,37.95,39.11,2172258.0,83389893.9,0.7083
2021-03-23,002699.XSHE,39.3,40.88,38.97,43.7,3709290.0,150814885.14,3.3815
2021-03-23,002700.XSHE,22.44,23.81,22.44,23.81,923451.0,21802453.7,1.9181
2021-03-23,002701.XSHE,51.89,51.34,50.7,52.17,1966237.0,100667874.67,0.7476
2021-03-23,002702.XSHE,48.77,53.14,48.49,53.14,2934572.0,152194367.16,6.4867
2021-03-23,002703.XSHE,13.45,13.27,13.19,13.45,1574711.0,20918882.94,0.7252
2021-03-23,002705.XSHE,72.24,70.71,69.74,72.4,2097812.0,148122347.03,0.5105
2021-03-23,002706.XSHE,249.47,243.19,239.78,249.47,326402.0,79261856.18,0.4858
2021-03-23,002707.XSHE,92.63,87.04,85.95,92.75,3956417.0,351056533.19,8.2921
2021-03-23,002708.XSHE,19.64,19.52,19.39,19.89,2179796.0,42653423.0,1.7296
2021-03-23,002709.XSHE,348.86,311.43,311.43,349.36,3903107.0,1252980609.54,2.9435
2021-03-23,002712.XSHE,26.32,25.8,25.48,26.47,1841655.0,47650930.0,2.1926
2021-03-23,002713.XSHE,28.45,28.45,28.18,28.67,846453.0,24041292.4,0.7942
2021-03-23,002714.XSHE,1375.22,1326.57,1312.94,1378.46,1261753.0,1683634919.94,0.6444
2021-03-23,002715.XSHE,24.76,24.93,24.44,24.96,385979.0,9529354.5,0.4458
2021-03-23,002716.XSHE,9.31,9.16,9.12,9.31,1876079.0,17216311.66,0.3522
2021-03-23,002717.XSHE,43.42,42.75,42.61,43.83,1380033.0,59450206.2,1.6887
2021-03-23,002718.XSHE,40.23,40.28,39.0,40.74,580173.0,23108416.0,2.2327
2021-03-23,002719.XSHE,14.43,14.61,14.27,14.72,1228445.0,17819885.38,1.2279
2021-03-23,002721.XSHE,8.86,8.65,8.65,8.89,1350640.0,11794655.0,0.5565
2021-03-23,002722.XSHE,10.83,10.64,10.6,10.83,391148.0,4171729.0,0.2334
2021-03-23,002723.XSHE,32.02,32.82,31.04,32.9,1813609.0,58386933.8,2.1039
2021-03-23,002724.XSHE,15.7,15.6,15.56,16.15,6381990.0,100995914.88,3.3884
2021-03-23,002725.XSHE,19.41,19.76,19.24,19.89,1429359.0,28027328.32,1.9749
2021-03-23,002726.XSHE,48.56,48.79,48.2,49.07,1573383.0,76637908.36,0.7293
2021-03-23,002727.XSHE,97.8,96.27,95.04,98.59,2614464.0,252193344.08,1.4494
2021-03-23,002728.XSHE,25.34,25.36,25.13,25.63,374453.0,9491279.0,0.6688
2021-03-23,002729.XSHE,44.29,43.9,43.57,44.45,327247.0,14381353.0,0.4967
2021-03-23,002730.XSHE,38.11,37.86,37.02,38.38,3316390.0,125048551.2,2.4562
2021-03-23,002731.XSHE,10.81,10.79,10.69,10.88,1928372.0,20808494.77,1.4934
2021-03-23,002732.XSHE,21.76,21.44,21.32,21.76,464320.0,9972490.23,0.3196
2021-03-23,002733.XSHE,39.91,38.87,38.77,39.91,1791023.0,70093618.97,1.1578
2021-03-23,002734.XSHE,43.53,43.34,42.4,43.63,1242502.0,53277061.8,1.2159
2021-03-23,002735.XSHE,47.11,48.41,46.43,49.22,1425640.0,68287205.1,2.6709
2021-03-23,002736.XSHE,13.05,13.12,13.0,13.2,13704017.0,179483944.11,0.1719
2021-03-23,002737.XSHE,63.09,63.8,63.04,64.13,761316.0,48418496.4,0.6691
2021-03-23,002738.XSHE,35.82,34.23,33.51,35.93,6087266.0,210202202.36,3.6691
2021-03-23,002739.XSHE,59.9,57.68,57.1,60.08,9144241.0,535103574.0,1.4253
2021-03-23,002740.XSHE,14.43,14.04,13.98,14.52,1665322.0,23569529.0,2.0892
2021-03-23,002741.XSHE,43.69,42.25,41.94,44.79,2379268.0,103254443.28,2.2818
2021-03-23,002742.XSHE,24.3,23.64,23.45,24.39,1443058.0,34346067.0,1.6554
2021-03-23,002743.XSHE,15.97,15.31,15.23,16.05,2683422.0,41557485.35,1.6447
2021-03-23,002745.XSHE,29.37,28.7,28.44,29.39,6499738.0,187171875.57,1.4487
2021-03-23,002746.XSHE,28.99,28.99,28.8,29.29,1180046.0,34252713.35,0.8888
2021-03-23,002747.XSHE,161.82,158.56,156.65,163.85,1511394.0,241818278.55,1.2602
2021-03-23,002748.XSHE,11.97,11.71,11.54,11.99,442025.0,5166578.84,0.3894
2021-03-23,002749.XSHE,76.42,75.39,74.62,78.22,298800.0,22625864.0,0.6957
2021-03-23,002750.XSHE,49.57,49.14,48.89,50.37,527704.0,26149589.0,0.8163
2021-03-23,002751.XSHE,36.52,37.1,35.93,37.63,2250685.0,83152614.28,3.3869
2021-03-23,002752.XSHE,11.8,11.88,11.7,11.88,1068991.0,12581986.85,0.2557
2021-03-23,002753.XSHE,28.24,27.82,27.5,28.35,960787.0,26891013.7,1.4018
2021-03-23,002755.XSHE,25.33,25.1,24.87,25.47,1012369.0,25462517.65,1.1627
2021-03-23,002756.XSHE,91.74,87.16,86.5,93.13,5049938.0,448104744.52,3.9655
2021-03-23,002757.XSHE,35.53,34.75,34.33,35.53,665224.0,23114930.77,0.6475
2021-03-23,002758.XSHE,40.4,40.44,39.9,40.71,271716.0,10947364.82,0.5397
2021-03-23,002759.XSHE,39.15,37.85,36.89,39.2,4779244.0,180297689.35,3.0231
2021-03-23,002760.XSHE,17.34,17.31,17.07,17.47,914527.0,15752238.1,1.2053
2021-03-23,002761.XSHE,23.2,23.02,22.99,23.34,564122.0,13049180.8,0.6896
2021-03-23,002762.XSHE,29.44,28.94,28.61,29.44,574138.0,16590545.0,1.6399
2021-03-23,002763.XSHE,15.04,14.95,14.89,15.1,484754.0,7258190.2,0.5248
2021-03-23,002765.XSHE,9.87,9.91,9.72,9.99,2731865.0,26978701.0,1.5121
2021-03-23,002766.XSHE,8.89,8.81,8.71,9.24,1243233.0,11187218.0,0.8486
2021-03-23,002767.XSHE,15.93,15.93,15.74,16.11,427554.0,6782954.44,0.5193
2021-03-23,002768.XSHE,85.72,83.79,83.45,85.72,651420.0,54938324.95,1.1269
2021-03-23,002769.XSHE,30.1,31.12,30.1,31.93,1882049.0,58591880.92,3.6619
2021-03-23,002770.XSHE,6.91,6.94,6.91,7.14,5237864.0,36564596.1,3.3572
2021-03-23,002771.XSHE,29.41,29.55,29.2,29.81,399067.0,11785352.1,0.7135
2021-03-23,002772.XSHE,19.38,19.43,19.06,19.49,2261611.0,43575773.42,1.89
2021-03-23,002773.XSHE,72.63,70.91,70.35,72.63,2065810.0,147096838.82,0.6053
2021-03-23,002774.XSHE,6.34,6.26,6.26,6.35,735632.0,4622658.0,0.2678
2021-03-23,002775.XSHE,20.77,20.99,20.35,22.05,2582255.0,54657382.26,2.661
2021-03-23,002776.XSHE,16.11,14.96,14.86,16.2,9148553.0,141009894.66,7.8254
2021-03-23,002777.XSHE,70.23,70.99,68.58,71.21,1283176.0,89710717.51,1.638
2021-03-23,002778.XSHE,22.2,21.96,21.82,22.33,838059.0,18404731.0,1.3207
2021-03-23,002779.XSHE,16.34,15.89,15.78,16.34,453185.0,7218426.9,0.5785
2021-03-23,002780.XSHE,34.59,33.49,33.3,34.75,1019325.0,34517017.64,1.8369
2021-03-23,002781.XSHE,9.13,8.5,8.46,9.16,13327829.0,116128896.0,6.4896
2021-03-23,002782.XSHE,33.61,33.8,33.41,34.32,2858868.0,96681633.84,1.5856
2021-03-23,002783.XSHE,42.26,42.43,42.09,43.44,924718.0,39415194.74,1.2143
2021-03-23,002785.XSHE,17.37,17.21,16.77,17.37,3299298.0,56162473.0,2.039
2021-03-23,002786.XSHE,19.05,19.11,19.05,19.42,417649.0,8033521.0,0.3326
2021-03-23,002787.XSHE,13.15,12.92,12.88,13.17,930547.0,12056376.0,1.0614
2021-03-23,002788.XSHE,21.55,21.47,21.35,21.64,688168.0,14784730.47,0.5197
2021-03-23,002789.XSHE,26.6,26.18,26.18,27.19,786603.0,20970295.9,1.5768
2021-03-23,002790.XSHE,15.72,15.44,15.36,15.72,432909.0,6680680.24,0.4831
2021-03-23,002791.XSHE,238.58,233.82,232.58,240.03,714430.0,167776591.57,0.703
2021-03-23,002792.XSHE,35.8,35.78,35.37,36.05,511540.0,18300720.5,0.6709999999999999
2021-03-23,002793.XSHE,36.71,36.42,36.17,37.14,432643.0,15777483.78,0.5291
2021-03-23,002795.XSHE,25.11,24.96,24.62,25.78,579035.0,14515094.41,0.6864
2021-03-23,002796.XSHE,26.08,25.9,25.76,26.27,895472.0,23259160.41,0.9649
2021-03-23,002797.XSHE,12.56,12.64,12.43,12.76,39383786.0,496620380.9,1.545
2021-03-23,002798.XSHE,55.54,56.79,54.7,57.84,1447754.0,81332093.92,1.8434
2021-03-23,002799.XSHE,39.94,38.79,38.79,41.19,2455149.0,98418450.8,2.4873
2021-03-23,002800.XSHE,18.69,18.31,18.23,18.73,681156.0,12491309.0,0.963
2021-03-23,002801.XSHE,95.75,95.97,94.29,96.4,562333.0,53748071.0,2.0123
2021-03-23,002802.XSHE,25.4,25.0,24.78,25.77,578713.0,14539824.67,1.3197
2021-03-23,002803.XSHE,97.96,95.58,94.89,98.77,1009816.0,97288854.55,1.0836
2021-03-23,002805.XSHE,27.58,26.81,26.45,28.38,7527078.0,203639668.54,11.726
2021-03-23,002806.XSHE,15.4,14.71,14.69,15.47,1150426.0,17281954.46,1.7735
2021-03-23,002807.XSHE,5.59,5.54,5.51,5.61,11825853.0,65608148.64,0.7056
2021-03-23,002808.XSHE,17.07,17.04,16.75,17.11,871739.0,14711714.09,1.156
2021-03-23,002809.XSHE,27.48,27.75,27.38,28.01,585322.0,16231163.9,1.2244
2021-03-23,002810.XSHE,116.15,117.61,114.18,118.41,1031312.0,119816262.32,1.1271
2021-03-23,002811.XSHE,12.96,12.88,12.75,13.0,634974.0,8159118.4,0.4124
2021-03-23,002812.XSHE,412.49,396.79,390.43,413.5,1696004.0,679856596.12,0.9727
2021-03-23,002813.XSHE,29.8,28.27,27.87,30.4,8249728.0,236926931.0,24.1118
2021-03-23,002815.XSHE,26.09,26.13,26.03,26.37,1749260.0,45797613.16,0.8664
2021-03-23,002816.XSHE,24.12,23.25,23.01,24.18,2080617.0,48826242.58,2.1434
2021-03-23,002817.XSHE,21.68,21.83,21.57,21.99,606925.0,13210336.07,1.085
2021-03-23,002818.XSHE,27.45,27.76,27.32,27.96,1324440.0,36638583.45,0.8387
2021-03-23,002819.XSHE,44.13,45.73,43.91,46.32,1127466.0,51189260.5,1.0592
2021-03-23,002820.XSHE,17.66,17.63,17.41,17.68,445252.0,7803131.0,0.3712
2021-03-23,002821.XSHE,530.73,541.48,527.51,548.36,934828.0,505774339.03,0.8512
2021-03-23,002822.XSHE,13.29,13.27,13.21,13.46,5618103.0,74763904.34,1.8103
2021-03-23,002823.XSHE,22.22,22.18,21.85,22.6,2359142.0,52398882.89,3.1644
2021-03-23,002824.XSHE,25.02,26.45,24.81,27.51,10804722.0,289905790.85,15.2549
2021-03-23,002825.XSHE,24.54,22.8,22.26,24.54,3294754.0,75223395.65,5.2219
2021-03-23,002826.XSHE,9.02,9.1,8.98,9.16,1233257.0,11172517.79,0.9337
2021-03-23,002827.XSHE,18.18,17.96,17.85,18.18,994839.0,17862095.16,0.5821
2021-03-23,002828.XSHE,14.19,13.7,13.67,14.19,1775720.0,24603454.8,2.0454
2021-03-23,002829.XSHE,77.19,75.89,75.43,78.29,1235743.0,94316207.0,2.8939
2021-03-23,002830.XSHE,19.95,20.45,19.95,20.94,1222403.0,24969672.0,3.7871
2021-03-23,002831.XSHE,67.08,66.92,66.3,68.2,1244028.0,83436412.16,0.5401
2021-03-23,002832.XSHE,97.03,97.5,95.53,99.57,945054.0,91906838.86,1.4337
2021-03-23,002833.XSHE,91.21,91.14,90.61,93.75,1344971.0,123605904.4,1.8172
2021-03-23,002835.XSHE,22.97,22.26,22.12,22.97,989074.0,22178046.0,1.7072
2021-03-23,002836.XSHE,21.28,20.22,20.22,22.02,2996007.0,62934722.0,3.9524
2021-03-23,002837.XSHE,66.7,65.56,65.19,66.7,307965.0,20224737.6,0.4919
2021-03-23,002838.XSHE,104.99,104.15,103.76,105.43,575426.0,59994947.6,0.8162
2021-03-23,002839.XSHE,6.15,6.12,6.08,6.18,15682403.0,95911986.83,1.1698
2021-03-23,002840.XSHE,26.35,27.17,26.03,27.99,4213447.0,115600766.6,2.3428
2021-03-23,002841.XSHE,205.56,202.35,200.88,209.82,881288.0,179669471.42,0.3621
2021-03-23,002842.XSHE,28.08,27.3,26.92,28.13,1802892.0,49222638.59,2.1313
2021-03-23,002843.XSHE,12.64,12.5,12.48,12.65,496041.0,6212920.5,0.3985
2021-03-23,002845.XSHE,51.41,51.23,50.54,51.76,798510.0,40840725.75,1.3438
2021-03-23,002846.XSHE,28.68,28.1,27.28,28.68,5065823.0,141408662.29,5.9459
2021-03-23,002847.XSHE,118.68,124.21,117.6,126.09,2417586.0,294954531.71,2.2632
2021-03-23,002848.XSHE,9.74,9.51,9.47,9.78,2427994.0,23243444.0,2.4645
2021-03-23,002849.XSHE,18.03,18.0,17.86,18.06,615981.0,11075930.58,0.961
2021-03-23,002850.XSHE,97.83,96.9,96.39,99.6,436584.0,42630807.83,0.5173
2021-03-23,002851.XSHE,71.14,70.98,70.66,73.35,878672.0,62956020.17,0.5204
2021-03-23,002852.XSHE,41.74,42.71,41.62,43.16,1233089.0,52497215.3,1.8076
2021-03-23,002853.XSHE,67.81,66.88,65.59,68.66,1182033.0,79257396.68,1.965
2021-03-23,002855.XSHE,10.41,10.33,10.19,10.42,1442370.0,14868664.22,0.5999
2021-03-23,002856.XSHE,15.97,15.46,15.42,15.97,538673.0,8408061.0,0.6658
2021-03-23,002857.XSHE,19.9,19.9,19.69,20.06,325717.0,6470649.0,0.5820000000000001
2021-03-23,002858.XSHE,28.09,28.96,27.47,29.18,1414429.0,39600809.0,2.9272
2021-03-23,002859.XSHE,129.39,132.26,129.27,136.11,3713132.0,491962579.62,3.7725
2021-03-23,002860.XSHE,41.19,41.29,41.03,42.52,615313.0,25682093.15,1.1948
2021-03-23,002861.XSHE,18.21,18.01,17.93,18.26,295281.0,5341790.87,0.4525
2021-03-23,002862.XSHE,16.28,15.23,14.96,16.34,5847166.0,90257343.0,7.8096
2021-03-23,002863.XSHE,9.99,9.26,9.25,10.06,14155114.0,134600948.8,6.0118
2021-03-23,002864.XSHE,22.77,22.49,22.3,22.87,656250.0,14758875.0,1.1995
2021-03-23,002865.XSHE,20.5,19.92,19.76,20.68,1992099.0,40015138.2,1.6347
2021-03-23,002866.XSHE,22.06,21.97,21.8,22.35,1763966.0,38820863.77,1.8024
2021-03-23,002867.XSHE,56.24,55.96,54.92,56.91,2279623.0,126755310.24,0.5126
2021-03-23,002868.XSHE,15.86,15.64,15.6,15.89,664958.0,10456431.19,0.5804
2021-03-23,002869.XSHE,43.08,43.3,43.06,43.61,1107418.0,47951403.39,1.171
2021-03-23,002870.XSHE,22.71,22.28,22.05,22.81,2131944.0,47686507.0,4.5247
2021-03-23,002871.XSHE,24.05,23.58,23.49,24.07,367551.0,8724582.0,1.071
2021-03-23,002872.XSHE,6.89,6.83,6.79,6.89,741590.0,5068234.0,0.5249
2021-03-23,002873.XSHE,27.83,27.52,27.35,27.84,204619.0,5630502.0,0.3113
2021-03-23,002875.XSHE,14.76,14.69,14.61,14.85,518252.0,7620563.62,1.1214
2021-03-23,002876.XSHE,93.05,94.69,92.54,97.31,3405697.0,324499956.38,4.6653
2021-03-23,002877.XSHE,19.55,19.44,19.25,19.69,415627.0,8066866.6,0.56
2021-03-23,002878.XSHE,53.33,54.76,52.8,55.11,1187487.0,64360279.66,1.8754
2021-03-23,002879.XSHE,21.28,21.15,21.08,21.59,1163611.0,24777307.0,1.3102
2021-03-23,002880.XSHE,71.03,69.87,69.5,71.15,191235.0,13433241.5,0.1815
2021-03-23,002881.XSHE,32.49,31.91,31.77,32.83,580728.0,18713056.6,0.9228
2021-03-23,002882.XSHE,9.47,9.39,9.36,9.52,903823.0,8505414.82,0.386
2021-03-23,002883.XSHE,30.18,30.76,29.96,30.84,484829.0,14804859.3,1.331
2021-03-23,002884.XSHE,107.22,107.38,104.76,107.68,545056.0,57848601.03,0.8354
2021-03-23,002885.XSHE,27.74,27.38,27.24,27.94,424421.0,11698271.0,0.8074
2021-03-23,002886.XSHE,39.39,38.17,38.03,39.5,2277299.0,87926379.65,4.0621
2021-03-23,002887.XSHE,55.32,55.12,53.74,55.56,993267.0,54362007.56,2.4785
2021-03-23,002888.XSHE,22.38,22.35,22.1,22.51,428793.0,9563373.5,1.0652
2021-03-23,002889.XSHE,24.71,24.48,24.33,24.92,485447.0,11925264.36,0.5432
2021-03-23,002890.XSHE,24.48,27.44,24.16,27.44,4516622.0,116950820.09,10.6172
2021-03-23,002891.XSHE,72.54,70.6,69.54,73.88,1566771.0,111456522.04,1.5018
2021-03-23,002892.XSHE,36.87,36.73,36.49,37.13,232099.0,8523032.9,0.4893
2021-03-23,002893.XSHE,17.79,18.12,17.3,18.12,19791960.0,355622755.73,27.3806
2021-03-23,002895.XSHE,11.41,11.4,11.26,11.54,1540377.0,17484509.0,0.4011
2021-03-23,002896.XSHE,25.45,25.98,25.14,26.19,1923389.0,49737334.44,2.437
2021-03-23,002897.XSHE,38.11,37.77,37.53,38.37,782901.0,29570584.11,0.8111
2021-03-23,002898.XSHE,9.78,9.78,9.72,9.87,529064.0,5186899.08,0.5885
2021-03-23,002899.XSHE,13.32,13.05,12.97,13.32,587076.0,7659081.0,0.4939
2021-03-23,002900.XSHE,21.31,20.53,19.97,23.54,27939780.0,611064492.52,14.4682
2021-03-23,002901.XSHE,51.87,51.8,51.14,52.28,731140.0,37836046.8,0.2222
2021-03-23,002902.XSHE,17.4,17.21,16.99,17.49,1541261.0,26532759.5,1.7416
2021-03-23,002903.XSHE,20.06,20.09,19.65,20.12,1378011.0,27383350.5,2.3276
2021-03-23,002905.XSHE,22.39,22.3,22.11,22.62,1386196.0,30947770.6,0.9233
2021-03-23,002906.XSHE,28.11,27.6,27.26,28.34,4433546.0,122814225.05,0.9639
2021-03-23,002907.XSHE,11.56,11.51,11.42,11.63,1227493.0,14118384.9,0.4368
2021-03-23,002908.XSHE,19.79,20.11,19.77,20.4,1621859.0,32732056.5,1.7436
2021-03-23,002909.XSHE,21.7,22.14,21.5,22.16,1386441.0,30173297.6,1.3244
2021-03-23,002910.XSHE,9.39,9.34,9.31,9.43,2331082.0,21807965.35,1.8453
2021-03-23,002911.XSHE,19.74,19.74,19.74,19.74,3406127.0,67248070.17,0.6538
2021-03-23,002912.XSHE,121.72,120.06,119.56,122.22,410479.0,49600360.68,0.8538
2021-03-23,002913.XSHE,59.48,58.76,57.03,59.48,818296.0,47768531.48,0.6514
2021-03-23,002915.XSHE,26.98,26.43,26.25,27.29,1228039.0,32720972.96,2.0579
2021-03-23,002916.XSHE,156.77,157.39,156.09,159.2,1940771.0,305815887.61,0.6867
2021-03-23,002917.XSHE,22.11,21.48,21.48,22.11,607192.0,13205877.8,0.7967
2021-03-23,002918.XSHE,107.13,106.94,104.67,108.15,1506495.0,159805769.42,1.8657
2021-03-23,002919.XSHE,68.78,68.64,67.5,69.33,275873.0,18887237.5,0.6145
2021-03-23,002920.XSHE,84.62,83.06,82.52,85.03,2435236.0,203611346.83,0.4519
2021-03-23,002921.XSHE,21.61,21.38,21.26,21.65,1189973.0,25528928.0,1.9605
2021-03-23,002922.XSHE,14.66,14.46,14.35,14.66,1019078.0,14715731.0,0.8372
2021-03-23,002923.XSHE,32.87,32.6,32.24,34.02,850936.0,28201755.6,1.1632
2021-03-23,002925.XSHE,64.56,68.15,64.37,68.94,4394147.0,296224693.64,1.0814
2021-03-23,002926.XSHE,10.25,10.31,10.16,10.39,21656053.0,222557739.54,1.1758
2021-03-23,002927.XSHE,25.75,25.34,25.2,26.09,608627.0,15566902.44,0.6626
2021-03-23,002928.XSHE,40.15,38.97,38.6,41.2,4426002.0,175332125.69,0.9968
2021-03-23,002929.XSHE,25.04,24.57,24.45,25.16,729241.0,18019124.0,0.4554
2021-03-23,002930.XSHE,32.95,32.8,32.56,33.38,1096028.0,36077034.79,1.1475
2021-03-23,002931.XSHE,25.14,24.33,24.2,25.15,627782.0,15392673.6,2.344
2021-03-23,002932.XSHE,69.17,68.15,67.63,69.17,698900.0,47621440.0,2.3672
2021-03-23,002933.XSHE,29.5,29.04,28.92,29.62,772762.0,22569312.0,1.4817
2021-03-23,002935.XSHE,41.32,40.83,40.71,41.97,930110.0,38391050.24,1.7466
2021-03-23,002936.XSHE,4.49,4.46,4.46,4.5,20588171.0,92103584.28,1.4466
2021-03-23,002937.XSHE,20.73,21.11,20.73,21.37,876770.0,18498939.08,1.4636
2021-03-23,002938.XSHE,37.22,35.76,35.58,37.64,9026895.0,327895621.27,1.7997
2021-03-23,002939.XSHE,11.17,11.23,11.05,11.32,12366552.0,138333942.62,0.7585
2021-03-23,002940.XSHE,40.35,40.62,40.09,40.9,2619378.0,106193570.18,6.2161
2021-03-23,002941.XSHE,10.75,10.75,10.65,10.9,4498843.0,48268786.84,2.3515
2021-03-23,002942.XSHE,28.19,27.68,27.61,28.6,490426.0,13709965.0,1.2832
2021-03-23,002943.XSHE,16.23,15.92,15.77,16.36,3042566.0,48648905.7,5.7822
2021-03-23,002945.XSHE,12.21,12.36,12.13,12.5,8404320.0,103564058.66,1.1202
2021-03-23,002946.XSHE,16.1,15.67,15.47,16.26,6042845.0,95610640.97,3.8185
2021-03-23,002947.XSHE,32.07,31.84,31.6,32.42,885374.0,28310252.85,1.8506
2021-03-23,002948.XSHE,5.54,5.51,5.49,5.55,13848286.0,76251674.94,2.4573
2021-03-23,002949.XSHE,21.18,21.14,21.09,21.69,2788418.0,59405507.22,3.0516
2021-03-23,002950.XSHE,28.05,27.85,27.7,28.36,2194611.0,61447344.84,1.5067
2021-03-23,002951.XSHE,12.16,12.56,12.16,12.56,7523782.0,94400517.74,10.9015
2021-03-23,002952.XSHE,35.69,34.67,34.42,35.69,702731.0,24464152.77,2.3236
2021-03-23,002953.XSHE,19.62,19.35,19.26,19.67,720126.0,13998871.0,1.3808
2021-03-23,002955.XSHE,37.61,36.94,36.81,38.64,1820692.0,68067415.31,3.1831
2021-03-23,002956.XSHE,56.39,56.07,55.44,56.82,563114.0,31597141.36,1.6376
2021-03-23,002957.XSHE,19.25,19.14,19.03,19.35,1033181.0,19817052.54,0.6761
2021-03-23,002958.XSHE,4.74,4.72,4.7,4.77,16948695.0,80171717.02,0.6631
2021-03-23,002959.XSHE,98.85,97.08,96.79,99.71,896895.0,87884035.53,1.5414
2021-03-23,002960.XSHE,44.9,44.2,42.56,45.28,2638647.0,115679791.06,2.2009
2021-03-23,002961.XSHE,21.31,21.25,21.06,21.5,1386101.0,29412491.68,1.2834
2021-03-23,002962.XSHE,18.48,18.55,18.43,18.83,1435112.0,26654987.8,1.6654
2021-03-23,002963.XSHE,16.69,16.4,16.37,16.69,689646.0,11343371.0,1.0056
2021-03-23,002965.XSHE,36.03,37.53,35.75,37.6,3811229.0,140432137.0,5.1324
2021-03-23,002966.XSHE,8.08,8.04,8.0,8.1,17371058.0,139463392.16,1.0946
2021-03-23,002967.XSHE,52.47,51.99,51.29,52.47,1846875.0,95838389.1,1.5641
2021-03-23,002968.XSHE,96.02,95.43,95.43,98.18,276373.0,26753606.0,0.8986
2021-03-23,002969.XSHE,5.01,5.01,4.96,5.05,2884538.0,14428655.0,0.6511
2021-03-23,002970.XSHE,102.72,101.53,100.66,103.12,261794.0,26660566.68,0.5723
2021-03-23,002971.XSHE,21.41,20.58,20.56,21.8,3257191.0,69422428.32,3.0435
2021-03-23,002972.XSHE,17.91,18.49,17.91,18.51,948663.0,17314302.84,1.6308
2021-03-23,002973.XSHE,21.33,20.79,20.66,21.82,2630371.0,55593417.41,2.4736
2021-03-23,002975.XSHE,179.78,172.91,168.64,180.68,829675.0,143575501.2,4.2782
2021-03-23,002976.XSHE,24.77,24.25,24.16,24.77,404712.0,9835934.0,1.3969
2021-03-23,002977.XSHE,113.15,114.27,112.46,116.25,1186964.0,135738925.94,2.6006
2021-03-23,002978.XSHE,46.25,45.25,44.92,46.51,1427010.0,64991614.0,3.5401
2021-03-23,002979.XSHE,43.94,43.81,43.62,44.31,928979.0,40860577.55,1.8194
2021-03-23,002980.XSHE,49.84,48.72,47.91,50.03,2278319.0,111338986.37,6.9505
2021-03-23,002981.XSHE,26.05,25.33,25.22,26.44,899281.0,23085024.0,3.7538
2021-03-23,002982.XSHE,56.42,55.92,55.79,57.46,618388.0,34816647.06,2.4167
2021-03-23,002983.XSHE,29.8,30.11,28.56,30.45,6381072.0,188645870.34,18.0154
2021-03-23,002984.XSHE,35.58,35.43,34.49,35.74,2461950.0,86394077.41,3.592
2021-03-23,002985.XSHE,147.23,145.96,142.92,149.42,1403044.0,204226384.43,3.7747
2021-03-23,002986.XSHE,35.86,34.77,34.69,35.86,302548.0,10620121.0,1.0893
2021-03-23,002987.XSHE,47.98,49.02,47.98,50.78,1921697.0,94634457.77,4.7839
2021-03-23,002988.XSHE,16.8,15.53,15.53,16.8,13746408.0,220034804.37,23.6135
2021-03-23,002989.XSHE,42.32,41.85,41.67,43.18,750960.0,31758303.0,1.9974
2021-03-23,002990.XSHE,68.78,68.65,68.02,69.0,489800.0,33573315.0,1.5519999999999998
2021-03-23,002991.XSHE,80.24,79.77,78.68,81.4,504217.0,40151482.5,2.1821
2021-03-23,002992.XSHE,24.12,24.21,23.96,24.8,1424983.0,34592686.62,4.1304
2021-03-23,002993.XSHE,57.53,58.22,56.5,59.5,3958212.0,229176446.5,8.7571
2021-03-23,002995.XSHE,48.43,47.11,46.91,48.6,489975.0,23238867.25,3.0301
2021-03-23,002996.XSHE,29.43,29.77,27.61,29.78,45872229.0,1345707969.67,86.5514
2021-03-23,002997.XSHE,17.08,16.16,16.16,17.26,8915129.0,147823151.97,19.4229
2021-03-23,002998.XSHE,12.05,11.03,11.03,12.07,22369244.0,253036023.13,27.4134
2021-03-23,002999.XSHE,11.9,11.5,11.45,11.94,6088600.0,71102496.83,9.8077
2021-03-23,003000.XSHE,14.61,14.36,14.33,14.87,3844750.0,55969219.08,9.6722
2021-03-23,003001.XSHE,30.85,32.1,30.23,33.73,4165323.0,134313874.58,17.1456
2021-03-23,003002.XSHE,14.7,14.71,14.41,14.84,3061132.0,44721177.15,6.1223
2021-03-23,003003.XSHE,15.79,15.74,15.48,16.16,3309132.0,51919191.12,7.4867
2021-03-23,003004.XSHE,30.16,29.51,29.18,30.49,1694840.0,50512807.9,8.2837
2021-03-23,003005.XSHE,43.21,43.0,42.85,43.75,776492.0,33540001.0,2.9302
2021-03-23,003006.XSHE,19.94,19.13,19.09,19.98,1320004.0,25595513.76,3.0857
2021-03-23,003007.XSHE,27.18,27.38,27.11,27.74,894700.0,24470384.0,4.4735
2021-03-23,003008.XSHE,33.8,33.2,32.91,33.8,621500.0,20633095.0,3.1075
2021-03-23,003009.XSHE,52.82,51.14,50.73,53.2,4627616.0,240335510.53,11.9121
2021-03-23,003010.XSHE,28.97,28.9,28.65,29.51,1617076.0,46975002.44,5.3141
2021-03-23,003011.XSHE,59.98,58.74,58.41,60.19,714700.0,42075506.0,3.8969
2021-03-23,003012.XSHE,22.67,22.24,21.72,23.21,5809100.0,129834513.5,4.0623
2021-03-23,003013.XSHE,18.83,19.0,18.4,19.4,3114181.0,59154166.75,7.7835
2021-03-23,003015.XSHE,14.05,13.96,13.7,14.21,8468500.0,118023093.0,12.0519
2021-03-23,003016.XSHE,11.3,10.56,10.56,11.44,40811175.0,447357183.2,38.2605
2021-03-23,003017.XSHE,45.2,44.36,43.88,45.46,439300.0,19560238.0,2.9287
2021-03-23,003018.XSHE,12.84,12.16,12.11,13.28,7643452.0,96390929.44,11.7592
2021-03-23,003019.XSHE,28.32,27.65,27.53,28.46,1554903.0,43474766.87,4.8591
2021-03-23,003020.XSHE,31.87,31.3,31.16,32.1,923312.0,29024374.12,3.9867
2021-03-23,003021.XSHE,77.3,79.81,76.81,83.8,2910987.0,237561271.23,10.9148
2021-03-23,003022.XSHE,27.15,25.11,24.91,27.3,10510207.0,269488743.87,7.1323
2021-03-23,003023.XSHE,29.77,28.9,28.72,29.85,1172820.0,34119335.32,5.7774
2021-03-23,003025.XSHE,33.7,33.06,32.73,33.92,1354520.0,45062865.09,6.7389
2021-03-23,003026.XSHE,72.0,78.99,70.5,80.4,9360109.0,722044046.39,37.52
2021-03-23,003027.XSHE,46.54,45.34,44.88,50.66,9351074.0,448269362.4,43.1522
2021-03-23,003028.XSHE,40.0,40.49,39.6,41.65,3029407.0,123482586.38,11.0562
2021-03-23,003029.XSHE,23.46,23.3,22.99,24.3,9749669.0,229477919.6,21.6179
2021-03-23,003030.XSHE,34.36,34.47,33.82,34.9,1456386.0,50005879.42,4.6679
2021-03-23,003031.XSHE,57.24,58.4,56.83,61.2,4369386.0,258310957.09,16.3852
2021-03-23,003032.XSHE,22.99,21.55,21.32,22.99,3299663.0,73501970.8,8.199
2021-03-23,003033.XSHE,32.6,32.16,31.85,33.19,2188879.0,70750934.29,10.7036
2021-03-23,003035.XSHE,13.99,14.42,13.51,14.42,368367853.0,5208352129.53,48.6246
2021-03-23,003036.XSHE,12.45,12.82,11.49,12.82,22323584.0,270763051.48,41.34
2021-03-23,003037.XSHE,17.15,18.87,16.61,18.87,27487289.0,506552269.86,40.4225
2021-03-23,003038.XSHE,35.08,33.9,33.3,36.98,11804343.0,410057309.55,44.3606
2021-03-23,003039.XSHE,23.99,24.09,23.4,24.09,9867550.0,235891217.31,15.9154
2021-03-23,003040.XSHE,7.32,7.32,7.32,7.32,179721.0,1315557.72,0.2293
2021-03-23,003816.XSHE,3.06,2.99,2.97,3.06,174086366.0,523726551.38,1.8292
2021-03-23,300001.XSHE,183.6,180.42,178.76,184.5,1411627.0,255328879.08,1.0345
2021-03-23,300002.XSHE,72.37,70.53,69.76,72.37,2174798.0,153370445.51,2.0514
2021-03-23,300003.XSHE,129.36,129.23,127.19,129.92,3273176.0,420267977.69,0.9295
2021-03-23,300004.XSHE,28.29,26.33,26.25,28.29,4347130.0,117504138.0,4.2328
2021-03-23,300005.XSHE,82.97,82.97,81.26,83.45,601450.0,49432694.5,1.0344
2021-03-23,300006.XSHE,47.97,46.67,46.13,48.28,1122165.0,52645488.69,1.0606
2021-03-23,300007.XSHE,65.4,64.12,62.63,65.52,4031434.0,258178469.07,6.8094
2021-03-23,300008.XSHE,63.44,61.25,61.14,63.67,2908989.0,179933261.74,4.4978
2021-03-23,300009.XSHE,216.21,213.67,213.22,217.11,469350.0,100499166.97,0.7304
2021-03-23,300010.XSHE,44.86,41.8,41.48,45.07,8835590.0,376984144.14,6.3062
2021-03-23,300011.XSHE,45.67,44.15,43.9,45.83,745529.0,33135929.0,1.3235
2021-03-23,300012.XSHE,507.01,513.4,498.09,520.77,967155.0,495300295.37,1.2414
2021-03-23,300013.XSHE,24.08,23.57,23.39,24.12,1439269.0,34037305.0,1.5841
2021-03-23,300014.XSHE,1245.9,1239.32,1179.16,1292.89,5689297.0,6989107707.2,5.6869
2021-03-23,300015.XSHE,1652.01,1679.18,1644.21,1692.76,939351.0,1564513184.67,0.7903
2021-03-23,300016.XSHE,69.64,69.35,68.39,72.21,1830330.0,128635229.59,3.3018
2021-03-23,300017.XSHE,150.61,152.96,149.91,153.2,1254265.0,190283579.09,1.3369
2021-03-23,300018.XSHE,40.41,39.35,39.16,40.94,1884094.0,74594180.52,3.1775
2021-03-23,300019.XSHE,129.81,123.77,123.34,129.81,1324468.0,166501705.24,3.5029
2021-03-23,300020.XSHE,52.95,55.28,52.4,55.41,1995988.0,107909385.31,2.1768
2021-03-23,300021.XSHE,57.01,55.22,54.59,57.85,2006295.0,112167766.16,3.2545
2021-03-23,300022.XSHE,20.11,19.38,19.38,20.19,5406905.0,106277524.78,6.3505
2021-03-23,300023.XSHE,34.27,33.89,33.18,38.38,2264481.0,81459640.58,6.2147
2021-03-23,300024.XSHE,275.22,271.9,268.82,275.22,351594.0,95292666.87,0.55
2021-03-23,300025.XSHE,30.79,29.68,29.44,30.95,1575377.0,46968805.0,3.1401
2021-03-23,300026.XSHE,199.68,196.32,194.87,201.13,487110.0,96044382.43,0.8775
2021-03-23,300027.XSHE,58.61,58.31,58.16,59.22,834715.0,48863235.6,0.5702
2021-03-23,300029.XSHE,5.69,5.7,5.65,5.84,3576074.0,20560811.98,1.831
2021-03-23,300030.XSHE,42.04,41.05,40.89,42.04,1018623.0,42124012.0,1.6404
2021-03-23,300031.XSHE,109.49,111.42,108.89,114.68,1365800.0,153832803.62,2.8018
2021-03-23,300032.XSHE,22.08,22.21,22.04,22.88,1736879.0,39005155.0,0.9148
2021-03-23,300033.XSHE,1046.13,1057.52,1037.0,1062.83,614284.0,645858907.45,1.9641
2021-03-23,300034.XSHE,88.5,86.27,85.19,88.76,1495467.0,129633190.2,1.2944
2021-03-23,300035.XSHE,88.23,86.04,84.95,88.39,741143.0,63693909.68,1.1794
2021-03-23,300036.XSHE,91.19,93.36,90.92,93.79,1054654.0,97522947.6,1.4784
2021-03-23,300037.XSHE,238.36,235.37,228.55,239.86,1212756.0,282958555.33,1.4531
2021-03-23,300038.XSHE,12.05,12.27,12.01,12.49,9945754.0,122354058.6,3.7541
2021-03-23,300039.XSHE,48.39,47.46,47.12,48.5,454137.0,21643299.01,0.5724
2021-03-23,300040.XSHE,35.4,33.84,33.49,35.92,6689597.0,230162576.9,10.1643
2021-03-23,300041.XSHE,86.81,84.94,84.15,86.81,965517.0,82509386.53,1.6765
2021-03-23,300042.XSHE,37.67,38.56,37.32,39.6,3098412.0,119155576.24,5.8347
2021-03-23,300043.XSHE,67.38,66.54,66.12,67.8,477755.0,31945225.8,1.0998
2021-03-23,300044.XSHE,39.86,39.33,39.18,40.09,1175114.0,46360929.24,1.4083
2021-03-23,300045.XSHE,68.46,70.34,68.21,71.0,1340351.0,93494006.02,2.5642
2021-03-23,300046.XSHE,85.21,85.16,84.68,89.07,3268161.0,283684897.45,6.7386
2021-03-23,300047.XSHE,33.98,34.77,33.72,35.18,3473200.0,119864389.21,3.4494
2021-03-23,300048.XSHE,38.46,37.46,37.12,38.62,952342.0,35785747.47,0.7288
2021-03-23,300049.XSHE,30.14,29.24,29.24,30.4,1534552.0,45393460.06,2.4374
2021-03-23,300050.XSHE,42.38,42.96,41.96,43.13,920288.0,39178328.2,1.533
2021-03-23,300051.XSHE,28.16,27.66,27.41,28.35,683662.0,18948991.0,1.1753
2021-03-23,300052.XSHE,20.22,20.04,19.77,20.28,1136729.0,22745838.0,1.1697
2021-03-23,300053.XSHE,46.25,46.77,46.2,47.33,1400854.0,65477178.21,1.1682
2021-03-23,300054.XSHE,219.8,219.03,217.49,226.23,782377.0,173392150.22,1.4637
2021-03-23,300055.XSHE,57.88,57.56,57.0,58.12,1151236.0,66241619.92,1.0693
2021-03-23,300056.XSHE,42.42,41.1,40.62,42.65,1461996.0,60503101.9,2.2657
2021-03-23,300057.XSHE,12.73,12.63,12.6,12.94,3184340.0,40537048.38,1.6571
2021-03-23,300058.XSHE,112.57,113.33,111.24,113.33,1111717.0,124956935.36,0.9157
2021-03-23,300059.XSHE,1283.04,1262.12,1242.13,1291.41,4137266.0,5228697784.68,2.6966
2021-03-23,300061.XSHE,20.49,20.06,19.9,20.76,1064197.0,21501101.5,1.0518
2021-03-23,300062.XSHE,43.47,38.32,38.32,43.64,7654390.0,305256782.72,16.672
2021-03-23,300063.XSHE,37.07,36.36,36.12,37.46,1504225.0,55207409.5,1.9584
2021-03-23,300064.XSHE,12.94,12.49,12.44,13.02,12124840.0,153510904.52,7.2001
2021-03-23,300065.XSHE,62.6,61.66,61.14,63.13,819961.0,50778956.29,1.4555
2021-03-23,300066.XSHE,96.6,95.55,94.93,97.43,309546.0,29680117.53,0.647
2021-03-23,300067.XSHE,36.92,35.45,35.37,36.92,2510576.0,90056641.63,3.1681
2021-03-23,300068.XSHE,29.6,29.08,28.85,29.6,8272567.0,241097544.8,2.5905
2021-03-23,300069.XSHE,28.56,28.17,27.99,28.82,272054.0,7741418.0,0.5921
2021-03-23,300070.XSHE,148.44,146.79,145.5,149.73,2211044.0,325704123.98,1.6704
2021-03-23,300071.XSHE,26.27,25.27,25.16,26.5,1211578.0,31246911.0,2.1107
2021-03-23,300072.XSHE,143.39,129.91,128.89,144.41,3125739.0,420033042.48,2.9431
2021-03-23,300073.XSHE,193.02,175.12,168.94,193.43,5809299.0,1022611713.69,5.4621
2021-03-23,300074.XSHE,49.35,48.27,48.0,49.62,457144.0,22215754.9,1.2605
2021-03-23,300075.XSHE,68.24,68.24,67.4,68.87,958331.0,65287548.05,1.7472
2021-03-23,300076.XSHE,38.28,37.95,37.53,38.53,452819.0,17170751.12,0.9855
2021-03-23,300077.XSHE,34.02,34.95,33.87,35.62,4962892.0,173501011.25,4.6938
2021-03-23,300078.XSHE,103.92,103.03,102.4,104.05,912142.0,94032951.0,1.3822
2021-03-23,300079.XSHE,50.72,50.47,49.72,51.98,1473231.0,74763278.59,1.4603
2021-03-23,300080.XSHE,13.52,12.86,12.86,13.63,6167404.0,80921002.19,1.4906
2021-03-23,300081.XSHE,42.79,42.59,42.44,43.4,450947.0,19326135.0,0.6041
2021-03-23,300082.XSHE,86.43,78.75,77.66,86.51,3280789.0,263493801.89,3.7567
2021-03-23,300083.XSHE,109.47,111.86,109.14,116.14,7361485.0,834027093.79,4.6355
2021-03-23,300084.XSHE,18.13,17.45,17.32,18.13,1313495.0,23168917.0,1.7919999999999998
2021-03-23,300085.XSHE,161.67,170.58,160.24,180.92,2131166.0,364752014.6,6.1669
2021-03-23,300086.XSHE,25.89,25.21,25.11,25.94,1361099.0,34619853.0,1.5292
2021-03-23,300087.XSHE,197.31,195.18,189.87,201.72,1442318.0,282228245.44,2.9898
2021-03-23,300088.XSHE,130.75,131.61,130.41,133.32,1753696.0,231211281.04,1.2415
2021-03-23,300089.XSHE,21.94,22.85,21.75,23.0,2476514.0,56030784.21,3.3381
2021-03-23,300091.XSHE,53.5,50.95,50.46,53.74,3668823.0,189795705.17,4.5137
2021-03-23,300092.XSHE,23.87,23.38,23.02,23.92,2165393.0,50776954.0,3.324
2021-03-23,300093.XSHE,23.65,23.72,23.18,24.42,4482466.0,106527908.64,4.2659
2021-03-23,300094.XSHE,10.45,10.25,10.13,10.5,10844548.0,111523360.01,3.0461
2021-03-23,300095.XSHE,37.68,36.55,36.34,37.68,1460446.0,53773764.0,2.1493
2021-03-23,300096.XSHE,39.35,40.89,39.04,41.25,1695332.0,68145815.8,2.3099
2021-03-23,300097.XSHE,32.27,31.65,31.33,32.38,1012490.0,32198639.0,1.7008
2021-03-23,300098.XSHE,48.96,47.88,47.73,49.27,1252555.0,60522605.07,1.3981
2021-03-23,300099.XSHE,109.2,111.51,105.88,112.95,1963270.0,215129277.6,6.5101
2021-03-23,300100.XSHE,29.61,28.8,28.6,29.95,2596188.0,75209626.93,2.2895
2021-03-23,300101.XSHE,127.32,123.57,120.79,127.32,2386074.0,294806738.73,3.5196
2021-03-23,300102.XSHE,36.58,37.45,36.2,39.51,17726668.0,677572232.47,13.5863
2021-03-23,300103.XSHE,53.32,52.06,51.96,54.18,503772.0,26602070.53,1.0497
2021-03-23,300105.XSHE,30.35,29.04,28.61,30.47,2646904.0,77844053.11,3.2074
2021-03-23,300106.XSHE,16.53,16.64,16.09,16.91,4467126.0,73712248.5,3.2352
2021-03-23,300107.XSHE,54.88,53.47,53.19,56.1,1255258.0,68228313.21,3.4971
2021-03-23,300108.XSHE,19.18,18.75,18.69,19.43,1859577.0,35219362.62,2.5893
2021-03-23,300109.XSHE,48.54,47.42,46.94,48.59,543627.0,25901087.0,0.8092
2021-03-23,300110.XSHE,24.07,23.58,23.53,24.17,2195950.0,52217128.28,1.0083
2021-03-23,300111.XSHE,6.52,6.48,6.43,6.57,4436814.0,28713329.88,0.89
2021-03-23,300112.XSHE,33.65,32.81,32.3,33.65,1986615.0,65205646.18,3.3654
2021-03-23,300113.XSHE,152.36,153.86,151.08,153.86,487660.0,74296514.09,1.1653
2021-03-23,300114.XSHE,78.42,78.42,77.59,79.07,1020617.0,80005695.6,1.0233
2021-03-23,300115.XSHE,215.59,223.22,215.39,228.41,1879347.0,420214406.74,2.1106
2021-03-23,300116.XSHE,17.6,17.15,17.06,17.69,7109686.0,122919196.5,1.7404
2021-03-23,300117.XSHE,28.49,27.75,27.0,28.76,5517770.0,152858502.28,5.2098
2021-03-23,300118.XSHE,50.52,49.06,48.55,50.59,9556166.0,469163088.24,5.1232
2021-03-23,300119.XSHE,172.38,173.25,170.93,176.16,1126649.0,195013577.9,2.6326
2021-03-23,300120.XSHE,34.27,35.85,34.27,38.65,17702467.0,637321350.07,15.7333
2021-03-23,300121.XSHE,84.6,81.05,81.05,85.77,1354113.0,113266293.91,2.3059
2021-03-23,300122.XSHE,759.85,758.37,733.83,776.89,2913426.0,2201726579.4,1.3647
2021-03-23,300123.XSHE,56.91,56.85,56.13,58.25,3725154.0,213035208.76,2.5058
2021-03-23,300124.XSHE,1419.36,1382.74,1363.86,1424.69,569560.0,789831071.85,0.6532
2021-03-23,300125.XSHE,68.13,65.71,65.57,69.5,731192.0,49121764.47,1.2684
2021-03-23,300126.XSHE,25.11,24.49,24.1,25.22,2057361.0,50378551.0,3.7841
2021-03-23,300127.XSHE,41.58,39.3,39.25,41.94,2880494.0,115478328.68,3.0767
2021-03-23,300128.XSHE,39.07,37.57,37.37,39.07,1993400.0,75689469.84,1.8437
2021-03-23,300129.XSHE,47.72,45.73,45.36,47.9,8886623.0,411013011.28,9.4951
2021-03-23,300130.XSHE,63.81,65.96,63.46,67.01,1496901.0,97921386.65,2.9384
2021-03-23,300131.XSHE,145.66,148.26,144.92,152.9,3534729.0,528987959.51,7.7189
2021-03-23,300132.XSHE,131.55,130.4,124.45,131.67,1358157.0,174036807.76,1.791
2021-03-23,300133.XSHE,155.58,155.58,154.06,158.12,782024.0,121787454.28,1.3816
2021-03-23,300134.XSHE,41.59,40.77,40.59,41.64,1161350.0,47616617.98,0.7070000000000001
2021-03-23,300135.XSHE,30.81,29.7,29.45,30.81,1340477.0,40057744.0,1.7926
2021-03-23,300136.XSHE,363.06,360.44,358.61,367.24,1706078.0,619873459.6,2.7344
2021-03-23,300137.XSHE,39.34,39.34,37.82,42.7,17073699.0,680171033.26,16.132
2021-03-23,300138.XSHE,75.97,72.14,71.44,76.67,1923683.0,140909006.91,2.0936
2021-03-23,300139.XSHE,41.36,40.37,40.17,42.54,2605392.0,108141094.42,5.9273
2021-03-23,300140.XSHE,34.31,32.84,31.46,34.98,8893370.0,297313469.67,9.6489
2021-03-23,300141.XSHE,39.72,38.31,38.21,39.86,1376207.0,53283389.0,3.9061
2021-03-23,300142.XSHE,633.67,642.29,633.24,654.05,2822075.0,1818391964.47,2.7288
2021-03-23,300143.XSHE,86.93,87.27,86.13,89.1,1261577.0,110195592.34,1.0306
2021-03-23,300144.XSHE,322.6,317.01,311.1,325.93,1986015.0,627062230.98,1.3606
2021-03-23,300146.XSHE,768.73,766.76,761.96,774.37,408538.0,313307369.05,1.2907
2021-03-23,300147.XSHE,38.51,37.99,37.78,38.78,1136204.0,43327680.8,0.9153
2021-03-23,300148.XSHE,19.36,19.07,18.89,19.54,2822002.0,53785664.78,2.1654
2021-03-23,300149.XSHE,79.09,77.45,76.47,80.07,718857.0,55780013.25,1.1668
2021-03-23,300150.XSHE,19.21,19.02,18.78,19.21,439888.0,8374627.17,0.4226
2021-03-23,300151.XSHE,222.2,215.44,212.43,226.92,555244.0,120297733.62,1.5804
2021-03-23,300152.XSHE,29.52,28.14,27.66,29.52,6446396.0,182875281.43,6.2410000000000005
2021-03-23,300153.XSHE,25.28,23.79,23.62,25.28,1829087.0,44029421.0,2.5208
2021-03-23,300154.XSHE,26.92,26.62,26.37,26.97,443809.0,11806848.0,0.6847
2021-03-23,300155.XSHE,54.93,53.38,53.21,55.09,813018.0,43705198.24,2.3538
2021-03-23,300157.XSHE,21.24,20.32,20.32,21.3,1734623.0,35799266.16,1.5058
2021-03-23,300158.XSHE,22.18,21.97,21.79,22.32,4737240.0,104397197.92,2.0488
2021-03-23,300159.XSHE,61.6,58.47,58.29,61.6,2107014.0,125274602.0,2.7275
2021-03-23,300160.XSHE,49.68,48.73,48.43,49.9,1576508.0,77090101.48,1.9743
2021-03-23,300161.XSHE,34.85,35.19,34.85,35.91,1562802.0,55251698.84,1.4375
2021-03-23,300162.XSHE,28.69,27.73,27.52,29.0,937047.0,26243436.0,1.8772
2021-03-23,300163.XSHE,22.93,22.23,22.04,22.99,1915255.0,43035905.0,3.5001
2021-03-23,300164.XSHE,22.8,21.8,21.55,22.86,2125719.0,46835466.0,2.9745
2021-03-23,300165.XSHE,32.07,30.99,30.99,32.41,1330675.0,41810311.08,2.9881
2021-03-23,300166.XSHE,181.24,178.62,176.75,182.36,900788.0,161010654.94,2.0574
2021-03-23,300167.XSHE,30.97,30.13,29.99,31.53,605407.0,18501070.84,1.4064
2021-03-23,300168.XSHE,120.71,117.59,116.77,121.36,1228160.0,145144102.6,0.8525
2021-03-23,300169.XSHE,25.62,24.94,24.73,25.75,2835115.0,71205600.0,3.233
2021-03-23,300170.XSHE,47.53,47.46,47.2,48.05,1202807.0,57229391.33,0.9837
2021-03-23,300171.XSHE,186.27,186.53,183.59,188.86,846412.0,157580951.32,1.709
2021-03-23,300172.XSHE,35.41,34.06,33.79,35.63,4353252.0,150177025.2,6.259
2021-03-23,300173.XSHE,28.12,27.58,27.37,28.17,567772.0,15711972.02,0.4766
2021-03-23,300174.XSHE,59.43,59.43,58.98,60.0,214811.0,12776491.18,0.2645
2021-03-23,300175.XSHE,21.94,22.16,21.94,22.79,4676703.0,104620628.0,4.438
2021-03-23,300176.XSHE,30.98,29.43,29.38,31.11,1442516.0,43216044.66,1.7541
2021-03-23,300177.XSHE,110.32,108.6,108.23,110.32,512836.0,55860686.92,1.1907
2021-03-23,300178.XSHE,21.57,20.56,20.56,21.75,13474021.0,282826540.44,10.5383
2021-03-23,300179.XSHE,37.99,38.26,37.79,39.46,2763496.0,106784303.18,5.4236
2021-03-23,300180.XSHE,43.98,43.42,42.79,44.05,2030659.0,87877004.59,1.0682
2021-03-23,300181.XSHE,50.29,49.64,49.27,50.44,1446176.0,71886847.8,2.266
2021-03-23,300182.XSHE,107.01,104.86,104.55,108.87,1565263.0,166534888.78,2.4318
2021-03-23,300183.XSHE,67.98,66.79,66.54,68.03,1023474.0,68824575.03,1.791
2021-03-23,300184.XSHE,32.6,32.17,31.91,32.95,1922484.0,62113192.28,1.6631
2021-03-23,300185.XSHE,29.29,28.35,28.27,29.37,10598575.0,303122463.18,2.9434
2021-03-23,300187.XSHE,75.09,75.76,72.33,78.52,3834953.0,289328065.3,5.7434
2021-03-23,300188.XSHE,238.46,236.08,235.55,240.83,382710.0,90698756.85,0.8409
2021-03-23,300189.XSHE,34.57,35.48,33.27,37.76,21816564.0,771470957.87,14.7475
2021-03-23,300190.XSHE,97.28,92.17,91.39,97.28,2220014.0,206134644.84,3.3086
2021-03-23,300191.XSHE,75.49,74.06,73.65,75.73,325257.0,24212423.06,0.6421
2021-03-23,300192.XSHE,51.29,49.14,48.83,51.46,2841718.0,141587938.64,4.9901
2021-03-23,300193.XSHE,19.0,18.76,18.76,19.18,1405786.0,26612833.6,0.8032
2021-03-23,300194.XSHE,28.33,27.76,27.64,28.46,2350930.0,65572558.25,1.596
2021-03-23,300195.XSHE,18.97,18.6,18.5,19.17,1468079.0,27542656.0,1.5699
2021-03-23,300196.XSHE,59.41,57.74,56.73,60.48,1153433.0,66794430.76,1.6309
2021-03-23,300197.XSHE,113.4,109.92,108.33,114.99,1393204.0,154306561.68,2.4782
2021-03-23,300198.XSHE,44.97,45.28,44.77,46.6,1799572.0,82173522.19,2.1109
2021-03-23,300199.XSHE,46.22,45.22,44.97,46.72,658936.0,29966107.0,0.8741
2021-03-23,300200.XSHE,35.98,38.49,35.98,39.02,7644389.0,292635502.5,7.0049
2021-03-23,300201.XSHE,29.2,28.45,28.24,29.31,935390.0,26801494.33,1.0865
2021-03-23,300202.XSHE,49.26,51.98,48.51,53.68,4737783.0,243719974.29,7.2143
2021-03-23,300203.XSHE,17.13,17.0,16.78,17.21,7640950.0,129504488.39,1.779
2021-03-23,300204.XSHE,63.28,62.73,62.41,63.9,194162.0,12241225.69,0.3259
2021-03-23,300205.XSHE,52.83,60.73,52.09,61.75,5552591.0,316745452.9,7.405
2021-03-23,300206.XSHE,108.72,106.61,105.65,109.04,916415.0,98102135.97,1.7435
2021-03-23,300207.XSHE,139.62,138.11,136.87,140.58,2257563.0,312265334.31,1.1101
2021-03-23,300208.XSHE,110.39,103.39,103.18,111.01,2476339.0,262358731.74,3.7098
2021-03-23,300209.XSHE,22.67,22.28,21.98,22.89,1912425.0,42856871.24,1.7936
2021-03-23,300210.XSHE,26.32,25.36,25.12,26.32,986109.0,25181061.4,1.5114
2021-03-23,300211.XSHE,68.13,65.27,65.27,68.53,627300.0,41738507.01,1.3772
2021-03-23,300212.XSHE,210.67,212.12,207.51,214.26,537653.0,113380587.66,0.7409
2021-03-23,300213.XSHE,40.04,39.54,39.35,40.17,1072331.0,42488299.38,1.2347
2021-03-23,300214.XSHE,25.18,24.76,24.59,25.21,697339.0,17332232.0,0.6317
2021-03-23,300215.XSHE,123.25,119.17,118.43,123.62,378453.0,45629814.6,1.2522
2021-03-23,300217.XSHE,41.25,39.56,39.43,41.9,2836185.0,114266993.0,4.1846
2021-03-23,300218.XSHE,26.48,26.61,25.9,26.87,1264450.0,33390915.0,1.2546
2021-03-23,300219.XSHE,49.54,49.33,48.85,50.23,263835.0,13008061.94,0.2239
2021-03-23,300220.XSHE,57.62,55.62,55.01,58.01,485751.0,27216152.4,1.4035
2021-03-23,300221.XSHE,32.54,31.02,30.43,32.54,6837153.0,212537167.28,6.8613
2021-03-23,300222.XSHE,53.08,51.48,51.29,53.33,2650373.0,137539191.25,3.1216
2021-03-23,300223.XSHE,145.99,143.31,142.83,148.76,1336187.0,194940293.25,2.5295
2021-03-23,300224.XSHE,60.08,57.69,57.46,60.41,2973295.0,173803425.06,1.7178
2021-03-23,300225.XSHE,138.01,127.69,125.17,139.98,3857624.0,499598419.65,6.5069
2021-03-23,300226.XSHE,282.88,291.54,280.42,293.52,700129.0,203174894.43,1.805
2021-03-23,300227.XSHE,52.95,51.57,51.3,53.17,1655356.0,86177808.2,2.482
2021-03-23,300228.XSHE,42.89,43.02,41.67,43.54,3072690.0,130527339.6,4.7252
2021-03-23,300229.XSHE,50.91,50.96,50.48,51.6,1100495.0,56181098.0,0.8263
2021-03-23,300230.XSHE,30.12,29.55,29.55,30.48,1209917.0,36167186.48,1.5639
2021-03-23,300231.XSHE,82.88,81.99,81.09,82.88,744991.0,60943749.4,2.0574
2021-03-23,300232.XSHE,86.65,84.24,82.89,86.65,1120707.0,94708426.94,1.51
2021-03-23,300233.XSHE,54.74,50.53,46.89,55.09,9195884.0,470794505.54,5.4763
2021-03-23,300234.XSHE,70.76,67.0,65.8,76.32,18734940.0,1321578453.15,35.3865
2021-03-23,300235.XSHE,40.51,40.1,39.88,40.7,316412.0,12744224.0,1.0404
2021-03-23,300236.XSHE,107.45,108.99,107.45,114.48,5889191.0,653730612.0,5.2059
2021-03-23,300237.XSHE,49.51,47.63,47.29,50.02,4279763.0,207579679.7,5.0741
2021-03-23,300238.XSHE,77.51,75.84,75.51,78.12,695984.0,53095609.65,1.1011
2021-03-23,300239.XSHE,31.22,29.75,29.26,31.22,4589677.0,137189095.54,4.9342
2021-03-23,300240.XSHE,18.73,18.3,18.23,18.76,735872.0,13583721.0,0.7259
2021-03-23,300241.XSHE,25.11,24.58,24.5,25.27,1659819.0,41171932.57,1.5807
2021-03-23,300242.XSHE,20.7,20.19,19.98,20.81,1877373.0,37981415.32,1.6265
2021-03-23,300243.XSHE,59.89,57.45,57.14,60.16,1377440.0,79921305.12,3.2523
2021-03-23,300244.XSHE,308.89,306.98,303.56,310.6,638165.0,195153785.43,1.3259999999999998
2021-03-23,300245.XSHE,36.13,36.45,35.88,36.78,802895.0,29164349.04,1.0595
2021-03-23,300246.XSHE,92.46,90.38,89.74,93.03,537072.0,48786475.68,1.8872
2021-03-23,300247.XSHE,18.33,18.46,17.95,18.71,2332269.0,42594180.6,1.8382
2021-03-23,300248.XSHE,85.83,87.44,84.72,88.45,978346.0,84888269.45,2.9743
2021-03-23,300249.XSHE,37.34,36.57,36.16,37.34,685392.0,25003558.0,1.1468
2021-03-23,300250.XSHE,40.93,41.4,40.3,41.57,691871.0,28339103.0,1.8267
2021-03-23,300251.XSHE,305.26,305.78,300.61,308.62,346539.0,105656255.85,0.3215
2021-03-23,300252.XSHE,35.58,34.84,34.64,35.68,1523526.0,53325154.62,1.8432
2021-03-23,300253.XSHE,554.54,558.05,547.15,565.44,577285.0,320682642.31,1.1648
2021-03-23,300254.XSHE,8.98,8.82,8.79,9.07,1013643.0,8986093.0,0.7877
2021-03-23,300255.XSHE,53.32,51.74,51.35,54.03,2301672.0,120369372.8,2.6681
2021-03-23,300256.XSHE,24.16,24.11,24.07,24.39,1765141.0,42715772.67,0.8481
2021-03-23,300257.XSHE,97.07,99.25,96.37,99.83,843837.0,82742219.28,0.6612
2021-03-23,300258.XSHE,58.52,56.33,55.93,58.65,428172.0,24348195.58,0.4987
2021-03-23,300259.XSHE,66.28,64.58,64.44,66.71,1016218.0,66291088.27,1.7716
2021-03-23,300260.XSHE,43.54,44.04,43.54,45.93,2204658.0,98872001.2,4.5011
2021-03-23,300261.XSHE,57.7,56.14,55.68,58.16,1579927.0,89439710.14,1.5545
2021-03-23,300262.XSHE,34.35,32.31,31.89,34.35,2141048.0,70911774.0,3.971
2021-03-23,300263.XSHE,58.93,56.61,56.52,58.93,2583932.0,148701391.53,2.9302
2021-03-23,300264.XSHE,14.41,13.87,13.71,14.53,1582493.0,22156790.36,1.9733
2021-03-23,300265.XSHE,26.16,25.03,24.82,26.37,2912057.0,73514941.5,2.0678
2021-03-23,300266.XSHE,65.18,63.84,63.46,65.76,893038.0,57433792.24,1.1055
2021-03-23,300267.XSHE,40.68,39.86,39.76,40.89,956240.0,38385198.0,0.69
2021-03-23,300268.XSHE,22.8,22.6,22.4,22.91,1068130.0,24094781.0,1.618
2021-03-23,300269.XSHE,16.49,15.64,15.56,16.87,5554675.0,89458387.18,5.6198
2021-03-23,300270.XSHE,35.38,35.31,34.91,35.65,194508.0,6840177.0,0.6582
2021-03-23,300271.XSHE,164.29,163.52,162.41,166.59,555371.0,91307892.63,0.6579999999999999
2021-03-23,300272.XSHE,29.25,28.34,27.83,29.94,1718855.0,49525640.79,2.3857
2021-03-23,300273.XSHE,31.16,30.4,30.0,31.16,1737730.0,52790344.0,1.6765
2021-03-23,300274.XSHE,456.25,447.77,432.25,457.13,8081037.0,3578662164.39,5.0423
2021-03-23,300275.XSHE,27.53,26.58,26.49,27.53,599318.0,16047448.0,1.3734
2021-03-23,300276.XSHE,56.9,54.76,53.93,57.07,1320496.0,72941141.4,2.1142
2021-03-23,300277.XSHE,50.09,48.03,46.61,50.09,1761473.0,85021731.71,2.7805
2021-03-23,300278.XSHE,15.27,14.09,14.05,15.43,9841872.0,142812103.4,9.8427
2021-03-23,300279.XSHE,29.48,28.96,28.62,29.54,1271700.0,36808948.0,1.6726
2021-03-23,300280.XSHE,57.23,56.15,55.13,57.96,2973122.0,168139408.89,1.967
2021-03-23,300281.XSHE,33.54,32.8,32.67,33.73,719861.0,23791411.5,1.1212
2021-03-23,300282.XSHE,18.66,18.21,18.07,18.66,992464.0,18118297.0,1.2031
2021-03-23,300283.XSHE,34.3,32.82,32.63,34.36,2057539.0,68250658.0,4.8884
2021-03-23,300284.XSHE,21.87,21.61,21.46,22.17,1718404.0,37430795.38,0.9271
2021-03-23,300285.XSHE,506.54,502.83,486.77,509.01,785732.0,390182735.72,1.2825
2021-03-23,300286.XSHE,101.49,103.64,97.99,104.45,1107719.0,112606947.24,4.3218
2021-03-23,300287.XSHE,43.69,42.7,42.08,44.43,5168255.0,222665404.44,5.5125
2021-03-23,300288.XSHE,56.33,56.7,55.9,56.94,562975.0,31742909.0,1.6301
2021-03-23,300289.XSHE,16.56,15.45,15.4,16.66,5443231.0,86610377.0,3.3561
2021-03-23,300290.XSHE,38.33,38.08,37.59,38.58,1220793.0,46538983.5,1.3854
2021-03-23,300291.XSHE,41.96,41.39,41.23,42.21,918309.0,38323217.0,0.9813
2021-03-23,300292.XSHE,30.93,30.74,30.46,31.11,1487243.0,45767621.95,1.3512
2021-03-23,300293.XSHE,70.63,74.72,70.63,77.66,6962464.0,522191052.3,12.2484
2021-03-23,300294.XSHE,142.72,135.75,135.65,142.87,1742977.0,240504907.04,1.9213
2021-03-23,300295.XSHE,41.21,40.74,40.51,41.21,332202.0,13534180.0,0.7896
2021-03-23,300296.XSHE,135.17,132.34,131.2,136.49,1392792.0,185247387.57,1.357
2021-03-23,300297.XSHE,39.49,39.13,38.86,39.93,2788118.0,109387849.09,2.4915
2021-03-23,300298.XSHE,185.05,181.35,178.94,188.32,594727.0,108038981.5,0.8061
2021-03-23,300299.XSHE,48.52,47.63,47.23,49.33,1643215.0,78687747.01,2.0813
2021-03-23,300300.XSHE,29.39,28.85,28.32,29.39,1831633.0,52595997.41,1.8184
2021-03-23,300301.XSHE,19.78,19.0,18.83,19.78,4153752.0,79955675.8,3.7093
2021-03-23,300302.XSHE,60.48,60.41,59.72,61.03,850503.0,51343500.99,1.7135
2021-03-23,300303.XSHE,79.08,78.0,77.53,79.86,701014.0,55013097.42,0.9435
2021-03-23,300304.XSHE,40.63,39.55,39.22,40.63,1524148.0,60482411.43,1.4944
2021-03-23,300305.XSHE,39.87,39.1,38.71,39.94,913964.0,35689137.0,1.5135
2021-03-23,300306.XSHE,36.4,36.32,36.19,36.78,401717.0,14645094.0,1.1205
2021-03-23,300307.XSHE,17.35,17.31,17.06,17.53,2393222.0,41334146.0,0.6836
2021-03-23,300308.XSHE,171.88,175.04,171.47,178.11,2278998.0,400170685.51,1.5530000000000002
2021-03-23,300309.XSHE,17.32,16.81,16.74,17.39,2919478.0,49652222.02,2.5477
2021-03-23,300310.XSHE,34.24,34.4,33.93,35.01,1632150.0,56177709.75,1.8196
2021-03-23,300311.XSHE,40.27,40.71,39.83,40.71,1816623.0,73235425.45,2.6153
2021-03-23,300312.XSHE,18.4,16.73,16.61,18.4,12620780.0,217721839.54,18.249
2021-03-23,300313.XSHE,31.65,29.98,29.48,31.81,5254018.0,159613390.85,5.7799
2021-03-23,300314.XSHE,57.84,60.54,57.5,60.54,1648326.0,97618957.84,3.3105
2021-03-23,300315.XSHE,63.88,64.98,63.03,65.47,5909310.0,380750673.38,2.7474
2021-03-23,300316.XSHE,300.81,300.08,295.76,307.25,1828175.0,551398857.14,1.3913
2021-03-23,300317.XSHE,15.37,14.73,14.65,15.51,5718498.0,85288887.21,2.0588
2021-03-23,300318.XSHE,53.41,51.74,51.22,53.48,2124580.0,110597019.72,1.8568
2021-03-23,300319.XSHE,65.35,67.69,64.41,69.49,2229747.0,150498389.06,2.6502
2021-03-23,300320.XSHE,46.06,45.04,44.36,46.14,1426561.0,64019014.84,2.4834
2021-03-23,300321.XSHE,38.39,37.36,37.28,38.58,215047.0,8110998.0,0.5601
2021-03-23,300322.XSHE,48.15,49.43,48.15,50.32,1874390.0,92701557.0,2.1630000000000003
2021-03-23,300323.XSHE,38.81,36.42,36.24,38.88,11771785.0,438200941.22,4.8914
2021-03-23,300324.XSHE,97.49,95.73,93.48,97.74,2205899.0,210488044.12,4.9673
2021-03-23,300325.XSHE,16.72,16.0,16.0,16.93,3594424.0,58932418.0,3.7
2021-03-23,300326.XSHE,112.65,110.54,109.53,113.88,1395826.0,154948940.02,2.1726
2021-03-23,300327.XSHE,94.45,94.15,93.41,98.7,2459939.0,236252868.73,2.1798
2021-03-23,300328.XSHE,40.05,38.94,38.6,40.05,1279891.0,49940922.71,1.0487
2021-03-23,300329.XSHE,24.08,23.45,23.3,24.08,578273.0,13630961.0,0.8555
2021-03-23,300330.XSHE,19.43,19.69,19.3,19.82,1661123.0,32527484.7,2.1403
2021-03-23,300331.XSHE,76.86,81.25,76.86,81.25,1297173.0,103794211.0,2.4226
2021-03-23,300332.XSHE,10.98,10.84,10.63,11.02,9515109.0,102874679.96,2.3458
2021-03-23,300333.XSHE,24.7,24.9,24.33,25.1,3520935.0,87275031.3,3.5424
2021-03-23,300334.XSHE,15.02,14.56,14.47,15.15,3544989.0,52468838.0,2.6755
2021-03-23,300335.XSHE,13.57,13.37,13.14,14.34,11078175.0,151559094.86,9.7821
2021-03-23,300336.XSHE,20.42,19.94,19.87,20.49,1478109.0,29700322.0,1.3778
2021-03-23,300337.XSHE,22.98,21.82,21.73,23.07,5900058.0,131110263.58,3.7095
2021-03-23,300338.XSHE,23.31,23.22,22.95,23.75,546631.0,12715064.66,0.7969
2021-03-23,300339.XSHE,52.62,53.5,52.24,54.26,2697781.0,143722907.36,2.2589
2021-03-23,300340.XSHE,36.06,34.96,34.73,36.13,1428326.0,50426302.2,3.0501
2021-03-23,300341.XSHE,39.96,40.29,39.67,40.92,745367.0,30015226.8,0.6139
2021-03-23,300342.XSHE,45.17,44.31,44.13,45.81,1203664.0,54213167.76,1.2358
2021-03-23,300343.XSHE,44.89,42.68,42.68,45.03,3297609.0,143312958.63,5.291
2021-03-23,300344.XSHE,20.7,20.22,20.13,20.98,613927.0,12564097.4,0.9449
2021-03-23,300345.XSHE,19.98,19.16,18.95,20.97,6295552.0,124721874.6,6.143
2021-03-23,300346.XSHE,257.31,263.06,256.46,278.38,3448433.0,926324714.28,7.8966
2021-03-23,300347.XSHE,1599.03,1594.44,1545.82,1637.23,481021.0,762511201.77,1.0519
2021-03-23,300348.XSHE,194.67,200.47,193.51,205.46,1008100.0,202182561.27,2.0064
2021-03-23,300349.XSHE,72.38,70.63,70.34,72.38,658930.0,46795950.63,1.0112
2021-03-23,300350.XSHE,16.74,16.09,15.94,16.78,3026967.0,49180880.18,3.3869
2021-03-23,300351.XSHE,40.41,40.19,40.05,40.99,325950.0,13187011.04,0.5875
2021-03-23,300352.XSHE,87.64,87.06,86.48,88.8,1113052.0,97503593.35,1.8203
2021-03-23,300353.XSHE,43.46,44.18,43.2,44.84,1665830.0,73469981.0,2.8589
2021-03-23,300354.XSHE,44.61,44.03,43.64,45.19,332976.0,14710577.0,1.3639
2021-03-23,300355.XSHE,48.67,45.76,45.06,49.07,12888650.0,601399416.79,9.8699
2021-03-23,300356.XSHE,20.07,19.46,19.07,20.22,8351373.0,163416961.05,8.4112
2021-03-23,300357.XSHE,302.47,299.17,295.48,308.44,662633.0,198712437.06,0.7654
2021-03-23,300358.XSHE,63.16,64.06,62.9,64.37,1195396.0,76141223.64,1.3426
2021-03-23,300359.XSHE,49.74,48.24,48.07,49.82,964795.0,47026103.5,1.5042
2021-03-23,300360.XSHE,54.59,53.65,53.27,54.65,668237.0,35901250.53,0.9643
2021-03-23,300363.XSHE,177.42,173.94,173.56,181.28,1890264.0,334639974.45,1.6168
2021-03-23,300364.XSHE,32.15,31.7,31.6,32.4,1376560.0,43908744.35,1.0861
2021-03-23,300365.XSHE,114.42,111.87,110.1,114.42,882852.0,99031048.65,2.8058
2021-03-23,300366.XSHE,45.46,45.64,44.85,46.49,2512710.0,114596101.56,4.4329
2021-03-23,300367.XSHE,50.39,48.79,48.62,50.57,517432.0,25496777.74,0.968
2021-03-23,300368.XSHE,95.85,109.25,93.49,115.34,8290232.0,877103786.16,13.0773
2021-03-23,300369.XSHE,133.42,129.23,128.74,135.14,1501659.0,196344567.32,1.6823
2021-03-23,300370.XSHE,38.93,37.79,37.79,39.1,1076333.0,41155925.9,2.5188
2021-03-23,300371.XSHE,49.15,48.11,47.78,49.15,269484.0,12950945.4,0.9098
2021-03-23,300373.XSHE,202.14,204.59,202.14,210.1,2711888.0,559384997.39,2.988
2021-03-23,300374.XSHE,31.24,29.71,29.23,31.35,2333355.0,70137332.7,3.0029
2021-03-23,300375.XSHE,25.25,24.27,24.2,25.39,1336997.0,32930128.3,1.869
2021-03-23,300376.XSHE,157.23,154.69,154.0,160.46,1517162.0,238305988.62,1.5176
2021-03-23,300377.XSHE,84.57,86.15,83.52,87.42,1557377.0,133701123.29,2.8911
2021-03-23,300378.XSHE,47.36,46.62,46.19,47.52,1702004.0,79603482.19,1.4649
2021-03-23,300379.XSHE,154.81,160.2,154.53,160.73,1520790.0,241736341.33,2.3124
2021-03-23,300380.XSHE,38.34,38.72,37.83,39.19,1175465.0,45234079.0,1.9716
2021-03-23,300381.XSHE,56.98,57.23,56.67,57.79,531457.0,30400746.42,0.7011
2021-03-23,300382.XSHE,105.37,100.17,100.17,106.16,423506.0,43728097.72,0.8482
2021-03-23,300383.XSHE,358.23,358.84,352.76,360.86,539470.0,192581611.82,0.7277
2021-03-23,300384.XSHE,78.45,79.72,78.23,79.88,278575.0,22006446.69,0.6936
2021-03-23,300385.XSHE,34.43,35.1,33.44,38.09,6723844.0,237368046.65,10.9663
2021-03-23,300386.XSHE,78.48,86.47,77.26,89.82,4990854.0,429312059.24,9.9665
2021-03-23,300387.XSHE,29.11,28.42,28.33,29.19,673830.0,19298183.0,0.9531
2021-03-23,300388.XSHE,50.73,50.17,49.94,52.08,2748231.0,140197190.31,2.2352
2021-03-23,300389.XSHE,33.82,33.19,32.7,34.52,1259952.0,42052682.25,3.1818
2021-03-23,300390.XSHE,179.15,179.15,173.81,181.25,1259455.0,223266554.12,2.1791
2021-03-23,300391.XSHE,40.51,39.9,39.82,40.92,411875.0,16537275.66,0.445
2021-03-23,300392.XSHE,50.15,51.95,49.85,54.12,1252677.0,65276737.68,2.5518
2021-03-23,300393.XSHE,36.66,35.48,35.3,36.7,4384847.0,157130907.87,3.448
2021-03-23,300394.XSHE,102.98,104.6,102.26,107.18,1695137.0,178393608.77,2.5384
2021-03-23,300395.XSHE,183.93,178.63,176.18,186.53,720360.0,129279154.69,1.0933
2021-03-23,300396.XSHE,105.21,109.51,105.21,112.52,667832.0,73240730.24,1.2083
2021-03-23,300397.XSHE,53.18,52.6,52.53,53.86,1687822.0,89560781.39,1.4105
2021-03-23,300398.XSHE,88.62,90.56,88.57,97.67,3434603.0,317496907.08,3.7597
2021-03-23,300399.XSHE,31.26,31.54,31.02,31.86,940735.0,29602562.0,1.5592
2021-03-23,300400.XSHE,40.98,39.11,38.84,41.25,3311299.0,131504898.6,5.4828
2021-03-23,300401.XSHE,67.26,66.4,66.2,67.62,629448.0,41873904.08,0.6021
2021-03-23,300402.XSHE,15.52,14.2,14.04,15.6,8181046.0,119956217.66,4.087
2021-03-23,300403.XSHE,34.21,32.77,32.72,34.21,2471535.0,82386250.9,3.457
2021-03-23,300404.XSHE,37.82,37.08,37.04,37.96,492032.0,18343767.02,1.1111
2021-03-23,300405.XSHE,21.51,20.81,20.57,21.6,2000379.0,41987346.62,4.0049
2021-03-23,300406.XSHE,96.39,94.41,93.35,97.03,1398205.0,132527808.36,1.7904
2021-03-23,300407.XSHE,31.39,30.78,30.5,31.39,621735.0,19135603.19,1.1984
2021-03-23,300408.XSHE,159.34,156.29,155.7,160.19,2460525.0,388474894.26,0.6287
2021-03-23,300409.XSHE,75.74,73.11,72.83,75.96,1745941.0,129361197.68,2.9962
2021-03-23,300410.XSHE,37.06,35.3,35.2,37.06,2396681.0,86088386.8,3.2242
2021-03-23,300411.XSHE,27.94,26.64,26.64,28.05,1202189.0,32660256.52,2.5996
2021-03-23,300412.XSHE,42.47,41.95,41.67,42.8,1371920.0,57616359.8,2.9193
2021-03-23,300413.XSHE,96.13,95.94,94.83,96.99,3117090.0,299352665.57,0.5749
2021-03-23,300414.XSHE,36.01,35.54,35.23,36.28,762865.0,27162911.0,0.9678
2021-03-23,300415.XSHE,75.55,73.65,72.96,76.13,2953615.0,219943460.98,2.8163
2021-03-23,300416.XSHE,68.2,70.59,68.02,70.81,477262.0,33392160.6,0.726
2021-03-23,300417.XSHE,68.97,63.93,63.78,72.57,5447798.0,367145962.98,25.9408
2021-03-23,300418.XSHE,93.5,95.29,91.98,96.29,8827427.0,832424492.91,3.5069
2021-03-23,300419.XSHE,49.25,48.71,48.09,49.71,2007274.0,98009102.7,4.2001
2021-03-23,300420.XSHE,35.51,36.22,35.01,36.72,2422167.0,86919238.0,2.5894
2021-03-23,300421.XSHE,22.68,23.27,22.66,24.53,7011689.0,165753603.5,7.9134
2021-03-23,300422.XSHE,51.4,50.43,50.02,51.61,2177185.0,110183781.9,2.9335
2021-03-23,300423.XSHE,41.99,41.09,40.73,42.36,1168162.0,48378408.69,1.2524
2021-03-23,300424.XSHE,23.78,22.85,22.67,23.78,2261346.0,52075905.42,2.1039
2021-03-23,300425.XSHE,40.3,38.82,38.24,40.3,1884876.0,73772204.5,2.3179
2021-03-23,300426.XSHE,35.28,34.52,33.06,37.3,2077897.0,72867461.44,3.978
2021-03-23,300427.XSHE,49.11,47.36,46.97,49.24,1989475.0,94877577.62,2.0681
2021-03-23,300428.XSHE,59.16,53.88,53.46,59.54,4701174.0,261233630.02,9.7114
2021-03-23,300429.XSHE,66.29,70.13,66.29,75.37,5758440.0,408507132.08,10.937
2021-03-23,300430.XSHE,29.29,28.71,28.59,29.44,822769.0,23706172.74,1.2421
2021-03-23,300432.XSHE,49.52,48.03,47.76,49.52,1088237.0,52575668.8,0.8097
2021-03-23,300433.XSHE,146.1,140.43,139.65,148.06,7719500.0,1107286879.34,0.9907
2021-03-23,300434.XSHE,29.81,29.52,29.41,30.04,254506.0,7542373.8,0.2814
2021-03-23,300435.XSHE,38.73,39.69,37.55,41.28,3732428.0,147154047.1,4.0176
2021-03-23,300436.XSHE,77.84,79.76,77.55,81.75,1104532.0,88384769.1,1.9637
2021-03-23,300437.XSHE,25.42,24.31,24.22,25.68,1689740.0,41746822.05,3.6114
2021-03-23,300438.XSHE,74.4,71.81,71.13,74.4,1855148.0,134357459.27,2.6738
2021-03-23,300439.XSHE,67.08,66.62,66.13,68.4,870676.0,58320298.75,1.294
2021-03-23,300440.XSHE,34.39,33.81,33.68,34.76,1404163.0,48010410.82,1.3147
2021-03-23,300441.XSHE,74.87,74.41,72.88,75.27,2024148.0,150000762.76,2.1306
2021-03-23,300442.XSHE,56.29,54.31,54.29,56.29,655938.0,35974984.54,0.6647
2021-03-23,300443.XSHE,138.42,134.85,133.93,138.96,966081.0,130995087.04,2.5429
2021-03-23,300444.XSHE,21.33,20.69,20.52,21.41,4088360.0,85354718.0,4.3847
2021-03-23,300445.XSHE,59.63,58.85,58.55,60.47,328625.0,19476349.66,1.1613
2021-03-23,300446.XSHE,27.87,27.25,27.14,27.87,639360.0,17559204.46,1.1349
2021-03-23,300447.XSHE,41.23,40.71,40.34,41.33,811009.0,33016462.1,1.6162
2021-03-23,300448.XSHE,48.22,47.76,47.45,48.92,1348549.0,64833807.84,2.2429
2021-03-23,300449.XSHE,28.62,29.31,28.08,29.49,3561590.0,102963157.8,5.2875
2021-03-23,300450.XSHE,921.24,906.61,892.48,928.0,568875.0,516592848.42,0.772
2021-03-23,300451.XSHE,152.31,155.31,150.94,156.0,659411.0,101256237.07,0.8943
2021-03-23,300452.XSHE,65.77,65.93,64.68,66.21,636575.0,41724484.5,1.8291
2021-03-23,300453.XSHE,53.63,53.99,53.03,54.22,1013764.0,54243491.4,1.9022
2021-03-23,300454.XSHE,231.63,232.73,230.13,237.61,1543526.0,359423487.51,0.7243
2021-03-23,300455.XSHE,34.78,34.78,34.56,35.52,855713.0,29978236.72,0.5726
2021-03-23,300456.XSHE,125.44,130.85,125.39,136.25,2397165.0,316548878.59,4.0321
2021-03-23,300457.XSHE,100.67,98.96,97.25,102.27,4185148.0,415365408.16,5.4993
2021-03-23,300458.XSHE,56.97,57.62,56.79,59.05,2003272.0,116385888.02,1.5941
2021-03-23,300459.XSHE,45.87,44.08,43.94,45.87,4980424.0,221982634.3,2.3374
2021-03-23,300460.XSHE,20.98,21.46,20.94,22.02,6596669.0,142452594.0,3.9532
2021-03-23,300461.XSHE,37.72,36.08,35.55,38.03,1867146.0,68058942.0,5.2823
2021-03-23,300462.XSHE,31.44,31.74,30.97,31.84,979740.0,30835719.25,1.7471
2021-03-23,300463.XSHE,122.71,122.55,121.48,125.4,1087876.0,133656158.74,0.8306
2021-03-23,300464.XSHE,34.14,34.95,34.12,35.89,2579627.0,89965076.8,2.2535
2021-03-23,300465.XSHE,29.84,30.52,28.84,31.04,9248546.0,278139849.33,6.6864
2021-03-23,300466.XSHE,28.89,27.86,27.75,28.94,1039705.0,29332737.6,1.4963
2021-03-23,300467.XSHE,48.96,48.31,47.87,49.68,657420.0,31965537.0,1.7535
2021-03-23,300468.XSHE,48.82,52.38,47.6,54.8,8322986.0,430956611.87,8.1849
2021-03-23,300469.XSHE,38.25,38.83,37.35,40.06,4042736.0,156055229.3,7.159
2021-03-23,300470.XSHE,167.84,165.39,164.42,169.71,186159.0,30910903.86,0.3771
2021-03-23,300471.XSHE,51.6,50.67,50.31,53.08,2101827.0,107930838.03,4.4675
2021-03-23,300472.XSHE,23.82,23.35,23.04,24.01,1689937.0,39679999.8,2.022
2021-03-23,300473.XSHE,19.48,18.46,18.44,19.49,1206734.0,22613442.0,1.137
2021-03-23,300474.XSHE,156.48,158.32,155.87,162.56,3002864.0,476662375.6,4.0187
2021-03-23,300475.XSHE,29.81,29.63,28.95,30.06,710858.0,21015189.5,0.5646
2021-03-23,300476.XSHE,108.95,107.77,106.91,109.99,952946.0,103275438.11,0.5913
2021-03-23,300477.XSHE,29.61,28.64,28.38,29.67,2312314.0,66533008.56,2.4735
2021-03-23,300478.XSHE,17.13,17.34,16.76,17.52,1128528.0,19332389.8,1.7965
2021-03-23,300479.XSHE,22.67,22.65,22.32,22.85,703646.0,15824938.0,0.8481
2021-03-23,300480.XSHE,40.23,41.36,40.23,42.63,1134859.0,47152630.62,1.8085
2021-03-23,300481.XSHE,72.08,71.13,70.18,73.5,974325.0,69981747.71,1.2084
2021-03-23,300482.XSHE,290.22,282.05,279.55,293.23,472980.0,135432248.06,0.7054
2021-03-23,300483.XSHE,33.77,32.29,32.29,33.88,1907237.0,62814713.0,2.2616
2021-03-23,300484.XSHE,50.9,49.2,48.55,50.9,1174526.0,57810773.61,3.2601
2021-03-23,300485.XSHE,47.34,46.31,46.18,47.51,744032.0,34666693.81,1.2161
2021-03-23,300486.XSHE,23.0,23.82,23.0,24.35,643118.0,15358762.0,0.3963
2021-03-23,300487.XSHE,105.63,102.91,102.4,105.63,490550.0,50597859.73,0.9858
2021-03-23,300488.XSHE,41.73,40.69,40.53,42.07,447017.0,18394336.0,0.8673
2021-03-23,300489.XSHE,62.64,59.57,58.76,63.21,1530621.0,92686254.23,3.4081
2021-03-23,300490.XSHE,22.26,21.02,20.9,22.26,9585888.0,205554291.0,7.9548
2021-03-23,300491.XSHE,25.12,23.43,23.25,25.41,3885719.0,93444957.8,5.7388
2021-03-23,300492.XSHE,109.66,111.82,108.93,116.83,643979.0,73352260.6,1.0296
2021-03-23,300493.XSHE,23.83,23.83,23.56,24.1,1860508.0,44363589.94,1.5015
2021-03-23,300494.XSHE,25.69,25.45,25.26,25.98,1329500.0,33935510.0,1.7023
2021-03-23,300495.XSHE,47.65,45.66,45.5,47.73,2510207.0,116139826.62,4.1864
2021-03-23,300496.XSHE,478.73,472.71,462.54,479.6,1835041.0,864676900.62,2.2804
2021-03-23,300497.XSHE,77.08,76.0,75.35,77.5,548229.0,41795747.01,0.8854
2021-03-23,300498.XSHE,34.62,34.08,33.96,34.66,10174500.0,347575443.29,0.4227
2021-03-23,300499.XSHE,38.27,37.69,37.52,39.01,774666.0,29507770.15,1.3895
2021-03-23,300500.XSHE,35.38,33.27,33.27,35.38,2449343.0,83357058.09,4.126
2021-03-23,300501.XSHE,49.64,48.36,48.04,50.23,721418.0,35307513.0,2.4543
2021-03-23,300502.XSHE,172.2,174.04,171.56,178.32,2303951.0,403153999.47,4.0808
2021-03-23,300503.XSHE,35.23,32.49,32.14,35.91,5712579.0,192351697.22,7.6996
2021-03-23,300504.XSHE,14.77,15.27,14.7,15.34,3467953.0,52071942.59,3.3571
2021-03-23,300505.XSHE,21.69,21.42,21.16,21.73,763402.0,16373569.4,1.239
2021-03-23,300506.XSHE,21.95,21.75,21.46,22.24,1480914.0,32196066.42,1.555
2021-03-23,300507.XSHE,49.06,47.94,47.57,49.38,777218.0,37434980.44,1.9063
2021-03-23,300508.XSHE,32.54,32.87,32.04,32.96,247146.0,8046848.12,0.9513
2021-03-23,300509.XSHE,24.72,24.09,23.97,24.84,669351.0,16217593.79,1.5893
2021-03-23,300510.XSHE,32.85,32.1,31.85,32.85,995729.0,32026175.1,0.7534
2021-03-23,300511.XSHE,29.68,29.18,29.06,29.74,2557105.0,75038447.2,2.6944
2021-03-23,300512.XSHE,26.58,26.53,26.11,26.77,551020.0,14564088.89,0.5603
2021-03-23,300513.XSHE,26.94,26.38,26.15,27.06,1082254.0,28692477.96,1.3126
2021-03-23,300514.XSHE,19.96,19.56,19.42,20.18,1457606.0,28718035.0,1.9278
2021-03-23,300515.XSHE,20.35,20.1,20.04,20.66,940458.0,19029451.0,1.114
2021-03-23,300516.XSHE,38.74,38.68,38.29,39.12,652820.0,25298040.54,0.5508
2021-03-23,300517.XSHE,19.12,19.68,19.12,19.7,1515376.0,29512755.0,2.452
2021-03-23,300518.XSHE,38.92,40.28,38.4,40.79,942128.0,37211713.0,1.8325
2021-03-23,300519.XSHE,30.49,30.47,30.36,30.77,707297.0,21583455.75,1.3292
2021-03-23,300520.XSHE,35.86,36.21,35.72,36.57,1861639.0,67258895.4,2.0289
2021-03-23,300521.XSHE,29.4,31.31,29.4,31.91,596155.0,18475033.08,0.7522
2021-03-23,300522.XSHE,83.33,83.53,81.12,84.7,503170.0,41995002.1,1.1792
2021-03-23,300523.XSHE,67.52,67.14,66.97,68.64,433230.0,29273993.22,0.5189
2021-03-23,300525.XSHE,86.67,85.24,84.92,86.67,326594.0,27946186.33,0.5421
2021-03-23,300526.XSHE,181.44,175.08,173.24,181.49,294456.0,52248850.51,0.3488
2021-03-23,300527.XSHE,16.77,16.45,16.35,16.81,4847142.0,80261931.78,1.0037
2021-03-23,300528.XSHE,7.95,7.99,7.88,8.23,4745848.0,38134113.2,2.2579
2021-03-23,300529.XSHE,138.9,137.82,136.64,141.56,1753830.0,242844893.74,0.7457
2021-03-23,300530.XSHE,51.56,48.63,48.39,52.24,731047.0,36262276.77,1.8168
2021-03-23,300531.XSHE,49.54,50.6,49.05,51.69,1960067.0,99087165.25,2.3074
2021-03-23,300532.XSHE,30.99,30.25,30.01,31.53,1728124.0,53111862.54,3.5565
2021-03-23,300533.XSHE,32.47,33.15,32.37,33.16,755686.0,24771742.76,1.2104
2021-03-23,300534.XSHE,19.78,19.5,19.29,19.96,887043.0,17316778.0,1.0395
2021-03-23,300535.XSHE,22.97,22.9,22.59,23.26,750826.0,17169220.22,1.5264
2021-03-23,300536.XSHE,47.8,44.85,44.85,47.93,722427.0,33050735.9,1.0569
2021-03-23,300537.XSHE,20.67,23.84,20.67,23.84,10344549.0,235695188.2,13.4824
2021-03-23,300538.XSHE,49.83,51.03,49.83,53.44,1957217.0,101561345.86,6.9255
2021-03-23,300539.XSHE,15.97,15.73,15.66,16.11,667421.0,10558782.0,1.3159999999999998
2021-03-23,300540.XSHE,29.94,31.5,29.19,33.71,5134264.0,160141291.18,8.7432
2021-03-23,300541.XSHE,28.31,28.96,28.02,29.28,3706839.0,106460632.01,3.9324
2021-03-23,300542.XSHE,37.53,38.63,37.23,39.23,1776022.0,67983510.18,3.0241
2021-03-23,300543.XSHE,51.01,50.1,49.85,51.78,1040933.0,52595508.6,2.31
2021-03-23,300545.XSHE,48.34,47.16,46.98,48.38,985810.0,47009570.3,2.6649
2021-03-23,300546.XSHE,33.98,34.95,33.59,34.95,747277.0,25586946.33,2.238
2021-03-23,300547.XSHE,35.95,34.92,34.68,36.03,955516.0,33571017.8,2.6069
2021-03-23,300548.XSHE,59.51,58.18,57.76,59.95,1457209.0,85302431.56,2.2971
2021-03-23,300549.XSHE,44.95,46.93,43.96,48.44,5255274.0,245643787.03,10.9641
2021-03-23,300550.XSHE,33.57,32.7,32.54,33.57,119786.0,3943406.94,0.1482
2021-03-23,300551.XSHE,69.24,68.94,67.96,69.26,544769.0,37488738.2,1.0273
2021-03-23,300552.XSHE,70.08,72.09,69.56,73.26,2314214.0,166546383.81,4.0088
2021-03-23,300553.XSHE,28.6,27.91,27.64,28.61,808161.0,22655527.0,2.7191
2021-03-23,300554.XSHE,29.6,29.07,28.84,29.76,960980.0,28025020.2,3.1261
2021-03-23,300555.XSHE,20.92,20.94,20.69,21.32,2122746.0,44502062.0,3.0796
2021-03-23,300556.XSHE,17.69,17.39,17.26,17.77,1723895.0,30160155.0,1.9898
2021-03-23,300557.XSHE,26.22,26.76,26.22,26.97,699666.0,18635891.0,1.2893
2021-03-23,300558.XSHE,107.92,106.6,105.87,109.62,2160136.0,232574595.15,0.5434
2021-03-23,300559.XSHE,66.83,65.39,64.56,67.22,688648.0,45230848.5,1.2744
2021-03-23,300560.XSHE,35.55,36.07,35.34,36.4,938306.0,33710382.0,1.3462
2021-03-23,300561.XSHE,63.49,66.81,63.03,70.5,2577569.0,172877573.58,8.8332
2021-03-23,300562.XSHE,54.11,55.18,53.92,55.18,742522.0,40501832.4,1.9361
2021-03-23,300563.XSHE,31.4,31.03,30.48,31.61,4790741.0,148187222.27,7.5277
2021-03-23,300564.XSHE,26.91,27.14,26.73,27.32,1254988.0,33859457.0,3.7653
2021-03-23,300565.XSHE,20.19,20.44,20.06,20.58,2730751.0,55647684.5,2.3505
2021-03-23,300566.XSHE,91.7,87.92,86.18,92.96,1293119.0,114394754.25,2.2116
2021-03-23,300567.XSHE,173.32,170.81,169.86,176.04,1114218.0,192191672.25,2.0124
2021-03-23,300568.XSHE,75.35,75.73,74.02,76.47,1737567.0,130688997.02,1.388
2021-03-23,300569.XSHE,74.31,71.62,70.79,74.31,2733131.0,197510110.32,5.303
2021-03-23,300570.XSHE,27.49,30.06,27.34,30.2,2722228.0,78824407.15,2.7085
2021-03-23,300571.XSHE,103.08,101.68,100.82,103.08,192356.0,19540789.0,0.6089
2021-03-23,300572.XSHE,108.59,107.68,106.21,108.79,390313.0,41945320.28,0.8237
2021-03-23,300573.XSHE,88.9,86.32,85.78,89.41,870662.0,76300867.72,1.4691
2021-03-23,300575.XSHE,65.04,65.19,64.51,65.88,627808.0,40996570.0,1.4367
2021-03-23,300576.XSHE,75.32,78.39,75.32,83.17,4612007.0,365936645.14,11.6985
2021-03-23,300577.XSHE,90.92,87.45,86.95,93.03,462322.0,41223419.21,1.4376
2021-03-23,300578.XSHE,54.47,53.53,53.37,55.02,1073493.0,58059942.2,1.5198
2021-03-23,300579.XSHE,73.41,81.85,73.19,84.83,2896535.0,230411785.92,3.8098
2021-03-23,300580.XSHE,18.35,18.69,18.03,18.83,1805311.0,33384040.0,1.0062
2021-03-23,300581.XSHE,127.03,121.83,121.64,128.49,1623491.0,201468618.56,3.6374
2021-03-23,300582.XSHE,28.77,28.84,28.58,29.5,6299034.0,182690109.0,7.0354
2021-03-23,300583.XSHE,19.9,19.62,19.54,19.99,330811.0,6530055.0,0.3989999999999999
2021-03-23,300584.XSHE,29.7,30.0,29.43,30.23,310090.0,9259100.0,0.7495
2021-03-23,300585.XSHE,25.46,24.76,24.64,25.46,1050416.0,26170961.0,1.3426
2021-03-23,300586.XSHE,40.25,38.89,38.84,40.25,1678541.0,65958265.0,2.8236
2021-03-23,300587.XSHE,46.38,46.29,45.78,47.18,2131505.0,98844468.83,2.3080000000000003
2021-03-23,300588.XSHE,12.89,12.61,12.52,12.99,1323711.0,16766185.0,2.0348
2021-03-23,300589.XSHE,55.93,52.81,52.64,56.05,3382232.0,181342552.5,7.7632
2021-03-23,300590.XSHE,78.91,79.81,78.33,80.77,1261828.0,100507170.45,2.2822
2021-03-23,300591.XSHE,8.1,8.14,7.88,8.22,9232574.0,74062316.6,5.8767
2021-03-23,300592.XSHE,18.94,18.11,17.71,19.15,2892063.0,52811806.0,3.0638
2021-03-23,300593.XSHE,58.71,57.36,57.13,60.08,3167753.0,184950640.57,3.6132
2021-03-23,300594.XSHE,23.17,23.02,22.95,23.38,780047.0,18011717.0,1.1557
2021-03-23,300595.XSHE,700.86,697.94,685.04,711.11,446070.0,311020364.99,0.9009
2021-03-23,300596.XSHE,60.16,58.33,57.87,60.57,1229182.0,72388979.17,1.0296
2021-03-23,300597.XSHE,8.89,8.81,8.76,8.99,2111359.0,18673550.78,0.9622
2021-03-23,300598.XSHE,89.22,88.46,87.9,91.7,2345720.0,210039233.02,2.9034
2021-03-23,300599.XSHE,13.25,12.92,12.83,13.36,2740005.0,35713391.7,1.9154
2021-03-23,300600.XSHE,36.31,34.89,34.65,36.43,4162964.0,147359513.34,6.0023
2021-03-23,300601.XSHE,202.45,206.98,201.97,210.76,4317816.0,891049083.67,1.328
2021-03-23,300602.XSHE,79.53,79.29,79.24,80.62,344858.0,27557947.11,0.5288
2021-03-23,300603.XSHE,23.78,22.95,22.82,23.85,2577946.0,59463925.44,2.7545
2021-03-23,300604.XSHE,113.67,111.27,110.76,116.14,913729.0,103840828.24,1.7799
2021-03-23,300605.XSHE,23.54,24.7,23.01,25.5,4429173.0,106561256.35,8.4636
2021-03-23,300606.XSHE,19.67,19.61,19.49,19.92,765288.0,15018385.0,1.4356
2021-03-23,300607.XSHE,121.93,120.41,119.15,122.42,708711.0,85205099.89,1.402
2021-03-23,300608.XSHE,28.05,27.72,27.18,28.05,389697.0,10762041.9,0.7744
2021-03-23,300609.XSHE,15.95,15.67,15.52,16.12,1625678.0,25622796.0,1.84
2021-03-23,300610.XSHE,28.39,27.56,27.34,28.39,1770310.0,48986435.0,2.472
2021-03-23,300611.XSHE,19.29,18.8,18.69,19.33,836742.0,15844822.5,1.409
2021-03-23,300612.XSHE,37.86,37.43,37.1,39.26,2851704.0,108341165.5,6.5267
2021-03-23,300613.XSHE,292.73,288.95,284.69,297.63,548111.0,158653091.3,1.3167
2021-03-23,300615.XSHE,26.28,26.14,26.09,26.95,718472.0,18984274.02,1.971
2021-03-23,300616.XSHE,159.0,151.01,150.66,159.47,448018.0,68498657.27,0.6333
2021-03-23,300617.XSHE,86.72,87.19,86.33,89.07,461890.0,40464063.74,1.4705
2021-03-23,300618.XSHE,155.18,151.1,148.79,155.37,5174407.0,780654436.43,5.324
2021-03-23,300619.XSHE,21.27,20.72,20.58,21.32,1760293.0,36717735.0,3.1443
2021-03-23,300620.XSHE,36.43,36.59,36.1,37.0,656107.0,24012628.0,0.7445
2021-03-23,300621.XSHE,17.22,16.12,15.92,17.83,10833120.0,180225458.24,8.5644
2021-03-23,300622.XSHE,35.0,34.46,34.33,35.25,477067.0,16540252.8,0.9497
2021-03-23,300623.XSHE,173.13,178.23,173.13,186.24,4207550.0,759529163.61,4.6506
2021-03-23,300624.XSHE,68.76,68.29,67.53,69.86,969639.0,66354565.69,1.5708
2021-03-23,300625.XSHE,16.66,16.61,16.45,16.81,794655.0,13169593.0,0.6205
2021-03-23,300626.XSHE,14.82,14.46,14.4,15.24,1563996.0,22942375.0,2.3397
2021-03-23,300627.XSHE,63.22,62.77,62.51,64.12,665510.0,42124544.52,0.7149
2021-03-23,300628.XSHE,819.35,825.59,810.62,830.95,243218.0,200262179.8,0.6312
2021-03-23,300629.XSHE,31.34,30.29,30.17,31.45,1502774.0,45966293.0,2.7599
2021-03-23,300630.XSHE,150.03,146.35,145.38,151.52,805222.0,118559221.61,0.8699
2021-03-23,300631.XSHE,28.8,27.65,27.48,28.81,2000421.0,55978349.0,3.0929
2021-03-23,300632.XSHE,29.24,28.77,28.37,29.53,1889500.0,54675831.68,2.9787
2021-03-23,300633.XSHE,25.25,24.65,24.35,25.54,3234546.0,80230904.36,0.8134
2021-03-23,300634.XSHE,14.24,14.41,14.09,14.62,4451147.0,64003054.61,1.1428
2021-03-23,300635.XSHE,31.44,31.36,30.81,31.86,547968.0,17055013.0,1.0276
2021-03-23,300636.XSHE,44.35,43.09,42.8,45.61,1858974.0,82226282.4,2.7544
2021-03-23,300637.XSHE,16.41,17.05,16.39,18.05,4675582.0,80883491.13,3.9386
2021-03-23,300638.XSHE,138.47,143.75,138.47,145.19,1391984.0,198419738.18,2.5125
2021-03-23,300639.XSHE,79.65,79.6,78.42,80.26,781759.0,61811411.42,0.8304
2021-03-23,300640.XSHE,21.19,20.82,20.73,21.47,977368.0,20439450.81,2.4090000000000003
2021-03-23,300641.XSHE,12.61,11.82,11.8,12.71,20925406.0,254072676.54,7.4954
2021-03-23,300642.XSHE,93.72,94.61,92.99,94.63,306183.0,28707238.3,0.6349
2021-03-23,300643.XSHE,10.45,10.2,10.18,10.56,1924767.0,19859256.0,0.979
2021-03-23,300644.XSHE,36.63,36.57,36.08,39.39,3219044.0,121218081.04,7.3159
2021-03-23,300645.XSHE,30.49,31.67,29.7,33.31,5637252.0,177904650.18,8.5349
2021-03-23,300647.XSHE,24.93,24.33,24.33,25.23,1985532.0,48985084.0,2.4752
2021-03-23,300648.XSHE,54.19,52.7,52.32,54.51,921729.0,49017806.0,2.3137
2021-03-23,300649.XSHE,30.42,32.68,29.51,35.56,2405139.0,77651412.13,5.6419
2021-03-23,300650.XSHE,31.26,30.28,30.28,31.8,396614.0,12213239.5,1.2743
2021-03-23,300651.XSHE,73.3,75.04,72.68,76.02,585927.0,43860836.15,1.4618
2021-03-23,300652.XSHE,20.05,19.83,19.71,20.32,893425.0,17846597.84,1.0983
2021-03-23,300653.XSHE,65.84,64.63,64.4,67.17,795294.0,51997287.27,1.0236
2021-03-23,300654.XSHE,17.22,16.82,16.78,17.24,714398.0,12076771.2,0.8185
2021-03-23,300655.XSHE,56.56,60.85,56.56,62.28,16788417.0,1025462294.93,18.2585
2021-03-23,300656.XSHE,44.14,44.16,44.03,45.91,929732.0,41715088.22,2.3267
2021-03-23,300657.XSHE,47.05,47.37,46.57,48.38,1028277.0,48849428.1,0.9144
2021-03-23,300658.XSHE,34.88,33.6,33.55,34.92,1369021.0,46751642.5,2.3861
2021-03-23,300659.XSHE,91.12,90.57,89.64,92.41,1087145.0,99013775.36,1.9008
2021-03-23,300660.XSHE,49.64,49.27,48.73,49.77,515592.0,25412659.0,1.1081
2021-03-23,300661.XSHE,551.44,541.73,539.43,558.83,376031.0,206081164.24,0.6188
2021-03-23,300662.XSHE,52.3,51.99,51.4,52.75,560384.0,29137874.49,0.3136
2021-03-23,300663.XSHE,38.93,40.1,38.16,41.34,5036404.0,200413205.86,4.9953
2021-03-23,300664.XSHE,11.81,11.68,11.59,11.9,12575760.0,147247589.02,3.3097
2021-03-23,300665.XSHE,18.34,18.61,17.94,18.69,1363398.0,25037211.0,2.5014
2021-03-23,300666.XSHE,41.32,42.48,41.32,43.88,5339462.0,228495529.82,3.1312
2021-03-23,300667.XSHE,52.15,53.08,51.92,54.28,843897.0,44774264.3,1.5744
2021-03-23,300668.XSHE,34.4,33.34,33.24,34.4,363491.0,12220959.0,1.6532
2021-03-23,300669.XSHE,48.22,49.15,48.13,49.33,1190337.0,58117187.34,1.6193
2021-03-23,300670.XSHE,21.86,20.69,20.45,21.94,4368770.0,91754328.09,4.0187
2021-03-23,300671.XSHE,47.1,47.33,46.8,48.64,2634666.0,125460297.68,2.355
2021-03-23,300672.XSHE,72.29,71.94,71.87,74.99,850193.0,62261882.25,0.7904
2021-03-23,300673.XSHE,54.25,53.09,52.68,54.58,872976.0,46799050.43,1.4776
2021-03-23,300674.XSHE,33.05,34.55,32.68,34.95,4823235.0,164548463.31,1.7654
2021-03-23,300675.XSHE,20.08,19.23,18.7,20.13,9536137.0,184432004.7,6.5844
2021-03-23,300676.XSHE,117.71,116.08,115.77,119.2,2764727.0,324062703.44,1.1216
2021-03-23,300677.XSHE,546.5,506.25,504.06,546.5,4289778.0,2224676036.55,5.5966
2021-03-23,300678.XSHE,32.44,31.93,31.68,33.34,1844704.0,59571022.8,1.855
2021-03-23,300679.XSHE,85.22,84.44,83.84,86.46,1102473.0,93841205.76,1.2829
2021-03-23,300680.XSHE,53.27,53.82,52.26,55.73,1647273.0,89135162.5,2.3705
2021-03-23,300681.XSHE,33.79,33.12,33.09,33.79,744117.0,24837137.0,1.7274
2021-03-23,300682.XSHE,23.47,23.11,22.87,23.5,2449169.0,56729816.84,0.5254
2021-03-23,300683.XSHE,39.32,40.02,39.28,40.03,434243.0,17254753.92,0.4641
2021-03-23,300684.XSHE,58.26,58.85,57.52,60.2,2393934.0,140914453.29,4.1147
2021-03-23,300685.XSHE,186.06,192.22,186.06,192.24,624167.0,118601512.01,0.7805
2021-03-23,300686.XSHE,27.2,27.11,26.85,27.49,846169.0,23036532.16,1.0082
2021-03-23,300687.XSHE,70.95,69.69,69.0,71.88,1034033.0,72137881.5,1.8612
2021-03-23,300688.XSHE,26.3,25.68,25.65,26.43,791601.0,20580494.0,1.5071
2021-03-23,300689.XSHE,32.2,32.43,31.47,32.66,1099672.0,35054767.26,1.9098
2021-03-23,300690.XSHE,81.51,77.7,77.16,81.51,2905323.0,228636266.49,6.9813
2021-03-23,300691.XSHE,33.78,33.04,32.78,33.94,719846.0,23931164.8,1.0345
2021-03-23,300692.XSHE,30.73,29.98,29.33,31.18,13436742.0,406510887.39,12.9648
2021-03-23,300693.XSHE,43.81,42.27,40.78,44.21,4153671.0,175045933.35,6.7821
2021-03-23,300694.XSHE,9.54,9.36,9.34,9.54,2070277.0,19530704.0,1.6083
2021-03-23,300695.XSHE,61.62,62.13,61.31,62.66,211865.0,13185574.0,0.3434
2021-03-23,300696.XSHE,112.13,110.47,110.01,113.5,515249.0,57543871.77,0.754
2021-03-23,300697.XSHE,26.66,25.19,24.61,26.88,6381089.0,162712715.84,9.4803
2021-03-23,300698.XSHE,15.23,16.21,15.17,16.34,3008383.0,47420691.0,3.999
2021-03-23,300699.XSHE,102.18,102.91,101.22,103.3,3601756.0,368497554.59,0.9994
2021-03-23,300700.XSHE,16.75,16.34,16.24,16.93,1224206.0,20210010.17,2.0902
2021-03-23,300701.XSHE,43.84,44.07,43.55,44.53,537892.0,23637225.5,0.6883
2021-03-23,300702.XSHE,147.27,145.26,143.89,148.4,684689.0,99679618.12,0.9802
2021-03-23,300703.XSHE,24.11,23.71,23.64,24.23,472370.0,11269680.0,0.7055
2021-03-23,300705.XSHE,50.37,49.1,48.88,50.98,1151718.0,57179658.0,1.7577
2021-03-23,300706.XSHE,33.69,35.08,33.69,36.49,2711302.0,95780910.1,5.9952
2021-03-23,300707.XSHE,28.86,28.11,27.89,29.0,651722.0,18330951.0,1.1857
2021-03-23,300708.XSHE,22.63,22.95,22.5,23.94,13245097.0,308386436.2,7.3573
2021-03-23,300709.XSHE,52.58,51.38,51.19,52.78,694398.0,35990893.75,1.0335
2021-03-23,300710.XSHE,34.15,34.41,33.35,34.76,1391890.0,47713531.22,3.1892
2021-03-23,300711.XSHE,20.92,21.68,20.75,22.31,7820374.0,168970035.21,5.492000000000001
2021-03-23,300712.XSHE,38.18,38.08,37.75,40.1,3587099.0,139341274.1,2.6093
2021-03-23,300713.XSHE,54.94,52.45,51.86,54.94,2597925.0,138010710.75,8.7331
2021-03-23,300715.XSHE,84.43,83.26,82.28,85.22,995050.0,82864084.05,1.3336
2021-03-23,300716.XSHE,13.03,12.39,12.2,13.31,5654003.0,70642318.0,5.3736
2021-03-23,300717.XSHE,25.12,23.81,23.77,25.15,2347915.0,57013217.0,3.7858
2021-03-23,300718.XSHE,38.99,38.5,38.25,38.99,500108.0,19259714.92,1.2545
2021-03-23,300719.XSHE,24.07,23.63,23.48,24.31,2635642.0,62779265.92,2.2909
2021-03-23,300720.XSHE,34.16,34.16,33.1,34.37,1471636.0,49599793.0,3.664
2021-03-23,300721.XSHE,37.5,35.95,35.8,38.89,2538138.0,94567959.0,3.2525
2021-03-23,300722.XSHE,98.37,92.16,92.05,99.14,3642623.0,347028883.81,9.9791
2021-03-23,300723.XSHE,53.43,52.94,52.46,53.67,1060348.0,56316341.69,1.5326
2021-03-23,300724.XSHE,107.37,107.08,104.97,109.39,2228438.0,239598161.25,1.3219
2021-03-23,300725.XSHE,294.89,301.54,292.36,303.15,1016371.0,303655046.29,1.7055
2021-03-23,300726.XSHE,64.88,65.45,64.37,67.23,2619954.0,172389230.8,1.3363
2021-03-23,300727.XSHE,37.39,34.89,34.62,37.67,5385877.0,193105747.58,6.3629
2021-03-23,300729.XSHE,58.75,58.06,56.96,58.75,1107171.0,63781045.4,1.3517
2021-03-23,300730.XSHE,25.75,25.47,25.3,25.92,603108.0,15429371.0,0.9328
2021-03-23,300731.XSHE,39.5,39.86,38.44,39.96,1351166.0,52895118.86,1.6363
2021-03-23,300732.XSHE,40.94,40.69,40.63,41.41,431069.0,17616367.74,0.6076
2021-03-23,300733.XSHE,18.41,17.65,17.56,18.41,2586456.0,46140832.0,2.2303
2021-03-23,300735.XSHE,22.52,22.46,22.33,22.7,1920777.0,43167536.91,0.4796
2021-03-23,300736.XSHE,19.16,18.74,18.52,19.23,546521.0,10260248.0,1.0579
2021-03-23,300737.XSHE,25.34,25.05,24.62,25.49,6296103.0,157822361.96,1.3555
2021-03-23,300738.XSHE,121.93,119.68,117.09,122.52,826003.0,98533949.72,1.6184
2021-03-23,300739.XSHE,35.41,35.74,35.32,36.62,1526604.0,54857265.37,1.2796
2021-03-23,300740.XSHE,64.4,62.53,62.32,65.69,3911754.0,248128628.82,2.6660000000000004
2021-03-23,300741.XSHE,56.2,55.02,53.96,60.4,4241683.0,242932482.05,4.2859
2021-03-23,300742.XSHE,23.15,22.75,22.52,23.79,1970104.0,45350993.72,4.5699
2021-03-23,300743.XSHE,22.8,22.49,22.37,22.89,315911.0,7140341.5,0.8909999999999999
2021-03-23,300745.XSHE,16.48,15.98,15.98,16.5,709049.0,11480837.26,1.1095
2021-03-23,300746.XSHE,11.64,11.29,11.22,11.69,2154558.0,24505968.0,3.0239
2021-03-23,300747.XSHE,183.18,183.05,178.79,184.99,792684.0,143919937.58,1.1731
2021-03-23,300748.XSHE,39.38,37.19,37.03,39.72,21699841.0,826334478.23,8.4335
2021-03-23,300749.XSHE,16.2,15.71,15.69,16.2,997782.0,15791927.6,2.1077
2021-03-23,300750.XSHE,306.04,304.95,301.15,311.7,15065369.0,4603584945.64,1.114
2021-03-23,300751.XSHE,459.84,463.4,455.13,473.89,540338.0,249999118.5,1.8721
2021-03-23,300752.XSHE,53.81,53.39,52.52,54.39,1722913.0,91797267.4,8.2967
2021-03-23,300753.XSHE,40.04,40.89,39.84,41.52,1239367.0,50816867.2,3.3407
2021-03-23,300755.XSHE,41.65,41.63,41.36,42.11,405881.0,16885642.76,0.618
2021-03-23,300756.XSHE,62.57,61.05,60.61,63.68,268513.0,16638217.84,2.0733
2021-03-23,300757.XSHE,46.57,46.11,45.41,46.75,208129.0,9616939.0,0.4984
2021-03-23,300758.XSHE,42.64,42.06,41.9,42.81,608217.0,25679531.99,0.9168
2021-03-23,300759.XSHE,122.87,122.05,120.25,125.88,4422496.0,540899044.01,1.5684
2021-03-23,300760.XSHE,366.01,371.24,364.61,381.96,3887168.0,1449118215.81,0.7885
2021-03-23,300761.XSHE,41.12,39.99,39.66,41.39,1998919.0,80565892.68,1.7518
2021-03-23,300762.XSHE,64.28,63.64,63.03,64.61,824645.0,52618994.24,1.2231
2021-03-23,300763.XSHE,241.19,234.05,228.35,241.19,712323.0,165873182.38,2.2793
2021-03-23,300765.XSHE,39.03,38.86,38.35,39.03,704310.0,27237109.17,1.4128
2021-03-23,300766.XSHE,15.83,15.22,15.11,15.84,10351292.0,159583738.56,3.3501
2021-03-23,300767.XSHE,137.07,135.93,135.27,139.76,403909.0,55236575.16,0.8821
2021-03-23,300768.XSHE,37.2,37.06,36.92,37.81,417240.0,15553238.0,0.3019
2021-03-23,300769.XSHE,207.11,196.87,195.39,207.24,591459.0,117885667.08,2.5203
2021-03-23,300770.XSHE,91.55,92.74,90.52,93.5,3195001.0,293805081.1,4.0804
2021-03-23,300771.XSHE,43.94,45.52,43.63,46.7,2646566.0,119516036.74,5.7552
2021-03-23,300772.XSHE,16.13,16.23,15.96,16.5,3551938.0,57594278.0,2.3254
2021-03-23,300773.XSHE,59.84,61.96,58.87,63.71,6605214.0,406567444.61,3.5476
2021-03-23,300775.XSHE,29.17,28.41,27.97,29.17,4041233.0,115130939.85,1.5423
2021-03-23,300776.XSHE,192.63,186.2,183.41,196.68,354513.0,66282553.64,1.2573
2021-03-23,300777.XSHE,45.32,45.26,44.43,45.95,2190240.0,98561957.1,0.8371
2021-03-23,300778.XSHE,32.53,31.61,31.36,32.53,707592.0,22455537.0,1.9492
2021-03-23,300779.XSHE,19.64,18.97,18.77,19.71,2204194.0,42181825.0,3.2159
2021-03-23,300780.XSHE,16.17,16.67,16.03,16.77,3148171.0,51703385.0,4.9586
2021-03-23,300781.XSHE,29.3,28.24,28.12,29.73,2706434.0,77491934.0,10.007
2021-03-23,300782.XSHE,1048.9,1031.97,1014.29,1069.92,723653.0,751158729.32,1.2319
2021-03-23,300783.XSHE,36.04,36.99,35.81,37.1,2428987.0,89388597.74,1.0734
2021-03-23,300785.XSHE,126.34,126.44,125.93,128.18,126494.0,16058256.57,0.8284
2021-03-23,300786.XSHE,37.53,36.52,36.31,37.74,1218266.0,44895920.0,3.7709
2021-03-23,300787.XSHE,49.4,49.08,49.02,50.32,644217.0,31935801.5,1.9562
2021-03-23,300788.XSHE,38.21,38.43,37.49,39.35,1388949.0,53608451.09,2.7794
2021-03-23,300789.XSHE,44.45,43.42,43.26,45.26,428179.0,18761189.0,2.5404
2021-03-23,300790.XSHE,34.07,33.99,33.65,34.39,326671.0,11080673.2,0.5493
2021-03-23,300791.XSHE,127.66,127.79,125.55,132.45,411639.0,52836833.82,1.8465
2021-03-23,300792.XSHE,164.96,165.27,164.35,168.35,473319.0,78754634.2,1.3937
2021-03-23,300793.XSHE,25.99,25.73,25.73,26.61,1148637.0,29924252.99,1.8184
2021-03-23,300795.XSHE,26.7,25.88,25.57,26.73,3070996.0,79998767.0,8.6821
2021-03-23,300796.XSHE,20.17,20.3,19.8,20.72,1244033.0,25164543.82,2.0191
2021-03-23,300797.XSHE,15.67,15.47,15.24,15.83,2772618.0,42993536.39,3.6367
2021-03-23,300798.XSHE,10.75,10.17,10.12,10.88,9123231.0,94192402.67,4.3606
2021-03-23,300799.XSHE,67.15,67.31,67.15,71.42,811623.0,55947635.42,3.7386
2021-03-23,300800.XSHE,64.03,62.94,62.62,64.35,1660730.0,105465097.0,3.4732
2021-03-23,300801.XSHE,40.01,38.66,38.5,40.1,1418057.0,55409639.0,3.1441
2021-03-23,300802.XSHE,57.27,56.42,55.57,57.61,1547435.0,87155569.54,3.0561
2021-03-23,300803.XSHE,27.57,27.51,27.0,27.79,3365692.0,92374982.69,1.4946
2021-03-23,300805.XSHE,15.48,15.26,15.1,15.59,1654067.0,25266825.99,1.2973
2021-03-23,300806.XSHE,54.74,54.81,53.14,55.06,700983.0,37906204.54,1.0863
2021-03-23,300807.XSHE,28.4,27.64,27.45,28.61,1773696.0,49602654.0,5.9978
2021-03-23,300808.XSHE,14.62,14.1,14.01,14.66,1277661.0,18160765.0,2.5849
2021-03-23,300809.XSHE,16.67,16.41,16.31,16.96,1811560.0,29971372.3,3.8956
2021-03-23,300810.XSHE,34.13,34.03,33.88,34.93,714508.0,24484330.0,1.3746
2021-03-23,300811.XSHE,63.2,63.78,62.84,65.15,730363.0,46817039.0,2.617
2021-03-23,300812.XSHE,42.4,40.48,40.2,43.91,3807566.0,159224151.8,11.7763
2021-03-23,300813.XSHE,43.01,42.51,42.16,43.36,255011.0,10866961.0,1.479
2021-03-23,300815.XSHE,104.19,104.53,101.3,105.67,1773420.0,183965333.59,3.0483
2021-03-23,300816.XSHE,86.69,84.4,83.23,88.9,835612.0,71904581.0,1.7678
2021-03-23,300817.XSHE,28.28,27.53,27.48,28.5,758686.0,21087286.54,2.0696
2021-03-23,300818.XSHE,27.69,27.18,26.9,27.81,449656.0,12271617.78,1.3858
2021-03-23,300819.XSHE,33.62,35.97,32.0,36.3,8075200.0,272894757.0,27.4014
2021-03-23,300820.XSHE,67.92,65.07,65.01,68.81,2227323.0,148370948.86,11.2784
2021-03-23,300821.XSHE,11.38,11.04,10.96,11.44,15650262.0,174520817.38,3.8488
2021-03-23,300822.XSHE,45.87,44.78,44.16,46.22,1424711.0,64205237.4,4.6889
2021-03-23,300823.XSHE,27.09,26.18,25.98,27.39,998075.0,26365466.0,2.6326
2021-03-23,300824.XSHE,23.15,23.59,23.15,23.76,1799896.0,42270727.04,3.3331
2021-03-23,300825.XSHE,18.92,18.49,18.11,19.02,2213900.0,40945048.54,2.8972
2021-03-23,300826.XSHE,28.53,27.76,27.63,28.53,428700.0,11968398.0,2.1435
2021-03-23,300827.XSHE,61.0,58.05,57.64,62.0,3466421.0,204744694.28,18.9075
2021-03-23,300828.XSHE,27.12,26.32,26.06,27.62,2472810.0,65947290.0,9.0437
2021-03-23,300829.XSHE,70.26,63.36,62.66,70.26,2618699.0,173162185.44,9.2534
2021-03-23,300830.XSHE,11.69,11.42,11.29,11.79,5469171.0,62864871.01,6.3577
2021-03-23,300831.XSHE,16.57,16.31,16.3,17.5,7996222.0,135082583.57,10.01
2021-03-23,300832.XSHE,101.9,101.43,99.92,104.22,766863.0,78090776.3,1.8786
2021-03-23,300833.XSHE,48.29,47.67,47.5,48.76,331630.0,15880564.63,1.5730000000000002
2021-03-23,300835.XSHE,52.8,50.54,49.87,53.27,1830693.0,93691780.84,10.457
2021-03-23,300836.XSHE,44.55,42.56,42.5,44.55,514800.0,22255008.27,4.1806
2021-03-23,300837.XSHE,53.0,50.88,48.2,53.7,3186310.0,159992810.41,12.7452
2021-03-23,300838.XSHE,18.22,17.66,17.5,18.3,1548000.0,27473468.0,4.5416
2021-03-23,300839.XSHE,25.24,24.03,23.91,25.33,2969813.0,72148611.2,11.5308
2021-03-23,300840.XSHE,15.66,14.93,14.78,15.78,8767100.0,133064345.88,14.6118
2021-03-23,300841.XSHE,382.2,384.4,376.6,387.6,329965.0,126699191.2,2.1998
2021-03-23,300842.XSHE,54.51,56.16,54.06,58.61,4256151.0,241085850.08,17.0246
2021-03-23,300843.XSHE,25.96,25.25,25.0,25.96,1413200.0,35852453.0,3.7959
2021-03-23,300845.XSHE,28.44,28.38,28.0,28.9,1240100.0,35159127.0,5.3707
2021-03-23,300846.XSHE,20.8,20.13,19.86,20.9,3420183.0,69154343.74,6.8513
2021-03-23,300847.XSHE,22.54,21.7,21.57,22.65,4715465.0,103358855.18,9.5571
2021-03-23,300848.XSHE,81.88,80.87,77.01,82.66,6538196.0,524534451.34,39.2213
2021-03-23,300849.XSHE,23.0,22.54,21.93,23.11,2451162.0,54938283.38,9.8046
2021-03-23,300850.XSHE,137.15,138.2,136.58,139.94,693100.0,95853555.0,2.6155
2021-03-23,300851.XSHE,34.55,34.06,33.59,34.71,491556.0,16749961.22,2.2791
2021-03-23,300852.XSHE,84.65,84.8,83.91,88.2,760200.0,65256740.0,5.3686
2021-03-23,300853.XSHE,60.81,57.99,57.85,60.83,817242.0,48076739.75,4.0226
2021-03-23,300855.XSHE,35.96,34.81,34.67,36.0,1262008.0,44444298.74,2.524
2021-03-23,300856.XSHE,56.02,54.44,53.89,56.18,1395883.0,76282183.0,4.9571
2021-03-23,300857.XSHE,27.7,27.09,27.02,27.93,1529846.0,41802298.49,2.9626
2021-03-23,300858.XSHE,56.85,55.2,54.51,56.85,410797.0,22805903.26,1.9913
2021-03-23,300859.XSHE,32.12,30.85,30.5,33.05,14708406.0,464944223.9,37.9572
2021-03-23,300860.XSHE,146.55,141.0,139.8,146.98,1364857.0,195180318.84,7.5741
2021-03-23,300861.XSHE,51.8,51.96,51.4,52.36,1395223.0,72349199.9,3.4872
2021-03-23,300862.XSHE,42.16,41.03,40.81,42.44,4507113.0,187584793.38,13.6703
2021-03-23,300863.XSHE,93.22,89.39,89.1,94.0,1680746.0,152522443.15,12.1705
2021-03-23,300864.XSHE,117.9,116.4,115.3,129.8,3587145.0,437203308.55,29.8929
2021-03-23,300865.XSHE,34.29,33.93,33.68,34.77,1967627.0,67313986.04,8.2259
2021-03-23,300866.XSHE,143.45,141.67,140.68,146.75,472046.0,67522169.06,1.2443
2021-03-23,300867.XSHE,34.37,34.45,33.58,36.82,13566607.0,479286225.86,21.6661
2021-03-23,300868.XSHE,36.09,35.76,35.34,36.55,1818355.0,65254160.59,5.6824
2021-03-23,300869.XSHE,81.55,77.8,77.36,82.49,2908050.0,230387239.3,7.0928
2021-03-23,300870.XSHE,60.1,60.55,59.73,61.19,1621332.0,98265942.26,6.4084
2021-03-23,300871.XSHE,42.62,42.99,42.22,43.47,1608111.0,69020040.94,5.8055
2021-03-23,300872.XSHE,31.54,32.98,31.26,34.4,8632075.0,285970838.88,15.3596
2021-03-23,300873.XSHE,40.99,40.03,39.75,41.28,1059859.0,42841057.29,3.1796
2021-03-23,300875.XSHE,80.43,77.67,76.71,80.77,1407732.0,110167756.96,7.3323
2021-03-23,300876.XSHE,37.7,36.28,36.26,38.13,2262128.0,83877092.87,9.4255
2021-03-23,300877.XSHE,51.0,49.76,48.95,51.03,2985367.0,149022869.74,9.9512
2021-03-23,300878.XSHE,51.4,50.94,49.79,52.5,1956403.0,100281510.28,9.7285
2021-03-23,300879.XSHE,28.91,27.8,27.52,29.3,2977719.0,84045057.22,7.4443
2021-03-23,300880.XSHE,35.11,33.05,33.05,35.11,6934440.0,237848829.11,20.7992
2021-03-23,300881.XSHE,48.02,40.65,40.01,48.99,16226913.0,706709395.29,64.9077
2021-03-23,300882.XSHE,24.9,23.46,23.4,26.37,7847302.0,195462602.06,19.9609
2021-03-23,300883.XSHE,13.38,13.08,12.91,13.6,7914896.0,104187288.21,9.1502
2021-03-23,300884.XSHE,40.4,38.99,38.88,40.4,2491267.0,98163306.89,8.7558
2021-03-23,300885.XSHE,34.32,32.66,32.61,34.73,2435685.0,81466246.15,12.1784
2021-03-23,300886.XSHE,45.77,45.8,45.01,48.03,1695555.0,78539024.54,11.8157
2021-03-23,300887.XSHE,93.23,93.5,90.68,99.69,5267693.0,499449934.3,30.7974
2021-03-23,300888.XSHE,135.71,134.8,132.5,136.8,1824645.0,245734399.23,3.895
2021-03-23,300889.XSHE,28.79,28.51,28.39,29.17,2430212.0,69787176.86,6.2313
2021-03-23,300890.XSHE,41.74,42.37,41.53,42.88,2487776.0,105009116.37,9.9511
2021-03-23,300891.XSHE,18.11,17.4,17.06,18.46,16543860.0,292074666.85,16.5439
2021-03-23,300892.XSHE,48.43,47.4,47.0,48.57,1358313.0,64826470.37,5.7288
2021-03-23,300893.XSHE,34.6,33.4,33.04,34.76,1982644.0,66811913.2,8.3621
2021-03-23,300894.XSHE,50.6,51.99,50.2,55.0,5348274.0,283421275.91,14.0639
2021-03-23,300895.XSHE,42.11,42.25,41.35,43.6,2187119.0,92761403.92,9.5094
2021-03-23,300896.XSHE,790.29,717.41,689.01,790.29,3302278.0,2412715447.96,12.7574
2021-03-23,300897.XSHE,39.0,38.1,37.88,39.09,983601.0,37766008.68,5.7859
2021-03-23,300898.XSHE,38.0,36.79,36.68,38.28,1770600.0,66054653.0,6.6925
2021-03-23,300899.XSHE,50.0,49.02,48.28,51.33,3599932.0,178768448.3,22.5701
2021-03-23,300900.XSHE,37.98,37.18,37.18,38.6,5314124.0,201163897.36,11.9515
2021-03-23,300901.XSHE,19.28,18.31,18.31,19.8,10322480.0,195071558.46,18.1453
2021-03-23,300902.XSHE,28.06,28.39,28.01,29.88,3643936.0,104624919.36,12.0077
2021-03-23,300903.XSHE,36.03,36.8,35.85,37.27,4939342.0,180871409.49,12.0806
2021-03-23,300905.XSHE,61.53,58.27,57.6,62.35,2565722.0,154058112.63,14.254
2021-03-23,300906.XSHE,43.15,41.26,40.88,43.28,3745414.0,156527853.9,18.7271
2021-03-23,300907.XSHE,33.99,33.21,33.01,34.05,2016159.0,67635583.52,8.8576
2021-03-23,300908.XSHE,62.25,60.43,60.34,62.85,962840.0,59283648.38,4.0609
2021-03-23,300909.XSHE,44.15,44.24,43.99,44.99,1661211.0,73962678.28,6.9434
2021-03-23,300910.XSHE,70.64,70.87,70.02,71.69,1975667.0,139989363.04,5.5549
2021-03-23,300911.XSHE,43.81,45.3,42.99,45.88,3277744.0,147833823.07,12.9607
2021-03-23,300912.XSHE,42.57,41.8,41.8,44.0,4407465.0,188010938.74,16.5922
2021-03-23,300913.XSHE,28.91,28.78,28.4,29.36,4433915.0,127582174.58,15.2643
2021-03-23,300915.XSHE,69.07,67.59,67.47,69.5,795400.0,54319473.0,5.3027
2021-03-23,300916.XSHE,91.04,91.33,90.56,92.71,630900.0,57753845.0,5.9239
2021-03-23,300917.XSHE,38.82,37.85,37.15,39.48,2179641.0,82192983.05,10.2172
2021-03-23,300918.XSHE,11.4,11.1,10.9,11.54,12877286.0,143531262.63,15.0853
2021-03-23,300919.XSHE,81.39,78.01,78.0,82.5,4870074.0,391203524.73,11.3686
2021-03-23,300920.XSHE,47.03,46.92,46.14,48.36,1765532.0,83245064.45,7.4462
2021-03-23,300921.XSHE,40.86,41.01,39.98,41.64,2334874.0,95181360.55,12.8079
2021-03-23,300922.XSHE,37.34,39.53,36.58,41.58,10400106.0,405061779.47,39.1625
2021-03-23,300923.XSHE,34.5,34.1,33.75,34.83,1703663.0,58259462.47,8.67
2021-03-23,300925.XSHE,37.78,40.0,37.37,40.29,6756723.0,263156762.07,22.0089
2021-03-23,300926.XSHE,23.17,23.4,22.54,23.95,7100026.0,164882713.88,21.0692
2021-03-23,300927.XSHE,34.0,34.38,33.18,35.99,5801263.0,200043999.56,30.5088
2021-03-23,300928.XSHE,47.88,46.12,46.11,48.0,2338804.0,109677928.19,11.694
2021-03-23,300929.XSHE,47.29,50.71,44.5,50.71,13842876.0,677348565.75,77.2005
2021-03-23,300930.XSHE,30.38,29.4,28.52,30.95,7911570.0,233246933.19,33.3659
2021-03-23,300931.XSHE,12.13,11.68,11.57,12.15,10868778.0,127910639.86,19.0867
2021-03-23,300932.XSHE,38.0,36.58,36.41,38.2,4761874.0,176529540.68,15.9386
2021-03-23,300933.XSHE,13.99,13.15,13.01,14.08,22959824.0,307690125.77,26.6649
2021-03-23,300935.XSHE,89.43,87.1,86.05,91.58,1086262.0,96340012.22,7.6876
2021-03-23,300936.XSHE,50.98,50.3,50.17,54.79,4423286.0,231353382.88,23.5281
2021-03-23,300937.XSHE,84.01,84.1,78.6,87.0,7368483.0,607975783.31,32.4369
2021-03-23,300938.XSHE,48.6,51.46,48.6,52.96,4488841.0,226176955.26,27.5812
2021-03-23,300939.XSHE,75.05,73.89,71.72,76.83,3852828.0,284766274.59,19.2641
2021-03-23,300940.XSHE,68.67,65.16,62.0,70.67,10106907.0,673414369.12,35.9951
2021-03-23,300941.XSHE,49.11,59.27,49.11,59.27,16791944.0,946276791.17,51.882
2021-03-23,300942.XSHE,25.51,25.32,24.3,25.81,6959768.0,175104093.29,18.141
2021-03-23,300943.XSHE,28.3,27.88,26.91,28.59,7303600.0,203246680.75,25.1722
2021-03-23,300945.XSHE,24.71,25.74,24.5,28.26,22748493.0,590689434.16,47.0333
2021-03-23,300946.XSHE,73.25,76.31,73.2,77.49,4121247.0,310003401.06,24.7225
2021-03-23,300947.XSHE,66.45,66.71,64.86,67.19,1701843.0,112182643.58,12.6306
2021-03-23,300948.XSHE,58.88,56.45,52.33,64.47,14779951.0,878150536.39,66.7806
2021-03-23,300949.XSHE,71.9,73.65,69.44,76.33,3765038.0,271192044.39,25.1003
2021-03-23,300950.XSHE,66.09,63.83,57.8,72.68,16237406.0,1066178163.78,68.4821
2021-03-23,300951.XSHE,94.2,95.6,92.02,96.48,3010045.0,283370115.83,15.0502
2021-03-23,300952.XSHE,39.5,37.48,37.07,39.6,11629064.0,443252833.35,33.8424
2021-03-23,300953.XSHE,91.0,81.91,81.88,92.5,10089487.0,869476465.31,50.8086
2021-03-23,300959.XSHE,115.6,93.26,93.2,119.0,10782701.0,1094594088.93,53.9135
2021-03-23,300999.XSHE,78.78,80.09,78.03,81.05,22284100.0,1770761468.7,6.2466
2021-03-23,600000.XSHG,144.29,144.56,143.22,145.23,3514289.0,506263415.85,0.1606
2021-03-23,600004.XSHG,36.49,35.97,35.79,36.73,5161900.0,186802965.02,0.6516
2021-03-23,600006.XSHG,23.79,23.09,22.83,23.86,9799779.0,227616484.66,1.8016
2021-03-23,600007.XSHG,22.51,22.6,22.44,22.84,435919.0,9850920.0,0.0784
2021-03-23,600008.XSHG,26.53,25.86,25.78,26.53,7425446.0,193070953.95,0.8466
2021-03-23,600009.XSHG,185.24,180.88,179.06,185.95,5626334.0,1022619518.78,1.5815
2021-03-23,600010.XSHG,14.01,13.42,13.33,14.09,148733557.0,2023953229.09,3.9376
2021-03-23,600011.XSHG,22.86,22.19,21.8,22.86,20162753.0,446937819.63,0.8785
2021-03-23,600012.XSHG,15.06,15.08,14.94,15.18,1737320.0,26155333.36,0.3507
2021-03-23,600015.XSHG,29.91,29.68,29.59,30.09,7359911.0,219031919.86,0.2633
2021-03-23,600016.XSHG,142.97,143.24,142.7,144.07,2976156.0,426046234.64,0.2299
2021-03-23,600017.XSHG,9.49,9.36,9.33,9.53,4429477.0,41648993.4,0.4747
2021-03-23,600018.XSHG,7.13,6.99,6.93,7.19,25096073.0,176782212.59,0.1563
2021-03-23,600019.XSHG,23.15,22.26,22.1,23.72,75420689.0,1701479061.66,0.885
2021-03-23,600020.XSHG,13.73,13.56,13.52,13.73,2061875.0,27979129.0,0.3805
2021-03-23,600021.XSHG,18.71,18.09,17.87,18.71,21120677.0,384113228.78,1.9803
2021-03-23,600022.XSHG,8.9,8.57,8.51,8.9,29488183.0,255919813.52,1.4986
2021-03-23,600023.XSHG,6.64,6.48,6.43,6.64,45061197.0,293233377.97,0.5669
2021-03-23,600025.XSHG,6.32,6.0,5.93,6.32,111167817.0,678523608.38,0.6788
2021-03-23,600026.XSHG,11.37,11.08,11.03,11.37,10688970.0,118879318.79,0.6378
2021-03-23,600027.XSHG,6.47,6.25,6.22,6.49,49706548.0,314692450.47,1.1057
2021-03-23,600028.XSHG,14.17,14.07,13.94,14.21,40635777.0,572279066.6,0.1405
2021-03-23,600029.XSHG,12.1,11.98,11.87,12.46,70292730.0,852916017.08,1.4732
2021-03-23,600030.XSHG,134.29,134.06,132.06,135.4,13650720.0,1827226025.3,0.775
2021-03-23,600031.XSHG,1779.8,1729.06,1700.55,1786.08,1581140.0,2731950627.02,0.9006
2021-03-23,600033.XSHG,19.47,19.26,19.18,19.47,780602.0,15078804.6,0.2059
2021-03-23,600035.XSHG,8.66,8.81,8.6,8.9,5342703.0,46869940.28,1.0153
2021-03-23,600036.XSHG,272.28,270.2,266.87,275.11,11794756.0,3187582327.92,0.2889
2021-03-23,600037.XSHG,47.27,47.38,46.89,47.66,1201011.0,56649443.56,0.4732
2021-03-23,600038.XSHG,144.14,146.4,144.11,147.9,1436426.0,210076196.95,0.7445
2021-03-23,600039.XSHG,57.62,54.39,53.75,58.17,12255012.0,678912399.42,2.6792
2021-03-23,600048.XSHG,317.36,313.68,312.39,319.09,2209091.0,694425254.64,0.3989999999999999
2021-03-23,600050.XSHG,7.03,6.87,6.85,7.03,72023576.0,497857473.54,0.3766
2021-03-23,600051.XSHG,39.54,39.44,39.12,39.82,463734.0,18246407.7,0.6955
2021-03-23,600052.XSHG,11.02,10.78,10.7,11.13,1119137.0,12144668.0,0.5216
2021-03-23,600053.XSHG,35.94,36.21,35.65,36.51,943023.0,34055409.3,0.4905
2021-03-23,600054.XSHG,51.28,51.1,50.57,52.25,2012440.0,103040108.94,1.7391
2021-03-23,600055.XSHG,200.3,197.09,192.71,201.76,962238.0,189307299.46,2.5976
2021-03-23,600056.XSHG,131.53,131.53,130.4,131.81,637608.0,83572674.18,0.5637
2021-03-23,600057.XSHG,65.08,62.69,62.0,65.08,2022083.0,127232205.01,0.9414
2021-03-23,600058.XSHG,39.3,37.0,36.57,39.35,3397467.0,128322311.75,1.5154
2021-03-23,600059.XSHG,93.07,93.98,92.82,94.64,1838883.0,172610513.02,1.8832
2021-03-23,600060.XSHG,67.65,66.54,66.25,67.71,1875691.0,125407772.08,0.8382
2021-03-23,600061.XSHG,72.78,73.02,72.06,73.79,3517778.0,256539078.73,0.496
2021-03-23,600062.XSHG,93.93,94.32,93.06,94.64,628295.0,58999469.14,0.4738
2021-03-23,600063.XSHG,65.42,64.06,63.11,66.51,5063808.0,327502857.5,3.5761
2021-03-23,600064.XSHG,173.68,172.32,171.47,174.19,363206.0,62638376.6,0.4999
2021-03-23,600066.XSHG,662.78,651.99,643.01,666.37,320582.0,208440029.22,0.6507
2021-03-23,600067.XSHG,76.2,75.98,75.54,76.42,224661.0,17051031.4,0.3316
2021-03-23,600068.XSHG,46.33,46.65,45.95,46.84,8759752.0,407053515.79,1.2008
2021-03-23,600070.XSHG,67.61,66.52,66.02,67.91,507959.0,33938923.78,0.9691
2021-03-23,600071.XSHG,81.0,79.85,79.5,81.63,590810.0,47483535.38,1.4333
2021-03-23,600072.XSHG,48.85,48.51,48.3,49.6,2047698.0,100267956.98,1.1712
2021-03-23,600073.XSHG,28.04,27.97,27.6,28.07,2408039.0,67038328.06,0.8079999999999999
2021-03-23,600075.XSHG,89.36,84.19,83.77,90.1,3609254.0,309411529.27,3.9155
2021-03-23,600076.XSHG,14.11,13.91,13.72,14.3,11576884.0,161971706.62,3.6555
2021-03-23,600077.XSHG,22.59,22.17,22.0,22.67,530294.0,11834951.56,0.3323
2021-03-23,600078.XSHG,25.07,24.2,24.0,25.13,981032.0,23939307.0,0.987
2021-03-23,600079.XSHG,427.77,427.91,424.15,434.48,1023428.0,438441186.32,1.0141
2021-03-23,600080.XSHG,43.25,43.18,42.54,44.52,310208.0,13471893.73,0.7204
2021-03-23,600081.XSHG,113.92,112.6,112.03,114.49,298712.0,33669549.0,0.9037
2021-03-23,600082.XSHG,17.86,17.62,17.5,17.92,423032.0,7454033.0,0.3998
2021-03-23,600083.XSHG,6.63,6.68,6.63,6.79,1309300.0,8779445.0,0.5743
2021-03-23,600084.XSHG,17.87,17.87,17.8,18.16,308561.0,5532320.95,0.1971
2021-03-23,600085.XSHG,303.58,303.23,300.14,308.04,978847.0,297584474.64,0.8176
2021-03-23,600088.XSHG,39.1,39.68,37.91,40.62,4593413.0,180321275.64,4.1701
2021-03-23,600089.XSHG,458.13,439.88,434.45,459.3,2330816.0,1029920851.76,2.4363
2021-03-23,600090.XSHG,8.93,9.38,8.88,9.38,4526083.0,41778998.81,1.5946
2021-03-23,600091.XSHG,4.82,4.79,4.58,4.84,933748.0,4414228.6,0.5497
2021-03-23,600093.XSHG,43.35,44.08,42.84,44.64,1747169.0,76781186.53,0.8774
2021-03-23,600094.XSHG,14.67,14.41,14.27,14.67,4537155.0,65484513.25,0.7290000000000001
2021-03-23,600095.XSHG,28.7,29.47,28.3,29.54,9796679.0,284272952.93,6.9902
2021-03-23,600096.XSHG,18.21,16.93,16.7,18.38,19900166.0,342423666.1,3.4006
2021-03-23,600097.XSHG,14.09,14.07,13.95,14.23,1583430.0,22235947.6,0.9652
2021-03-23,600098.XSHG,35.3,34.31,33.99,35.3,2839577.0,97938701.79,0.5682
2021-03-23,600099.XSHG,17.31,17.31,16.87,17.67,2110669.0,36227967.58,2.6515
2021-03-23,600100.XSHG,126.16,125.31,124.25,126.59,440004.0,55112634.55,0.3158
2021-03-23,600101.XSHG,43.29,41.77,41.63,43.29,2024248.0,85361525.55,3.4653
2021-03-23,600103.XSHG,12.53,12.42,12.26,12.96,20578776.0,257693165.09,4.7793
2021-03-23,600104.XSHG,200.0,197.67,195.73,200.0,2188456.0,431992132.86,0.1819
2021-03-23,600105.XSHG,37.83,37.37,37.25,38.07,1360920.0,51048746.09,1.1438
2021-03-23,600106.XSHG,21.8,21.32,21.32,21.8,1079029.0,23165072.85,0.6483
2021-03-23,600107.XSHG,20.76,20.63,20.53,20.97,883315.0,18247425.92,0.6353
2021-03-23,600108.XSHG,27.22,27.13,26.74,27.51,1708558.0,46268597.56,0.8532
2021-03-23,600109.XSHG,109.63,115.61,108.94,120.2,17950070.0,2050348099.22,5.1396
2021-03-23,600110.XSHG,113.13,106.49,104.51,113.41,2446896.0,262258763.05,3.0042
2021-03-23,600111.XSHG,387.87,362.17,356.67,390.03,9652760.0,3557780534.55,5.2126
2021-03-23,600112.XSHG,5.57,5.93,5.53,5.93,5203459.0,30076274.26,4.1253
2021-03-23,600113.XSHG,28.99,28.66,28.47,29.08,620651.0,17798981.22,0.7041
2021-03-23,600114.XSHG,52.22,52.54,51.7,52.67,610445.0,31822049.53,0.6409
2021-03-23,600115.XSHG,7.67,7.73,7.64,7.91,65608731.0,510241016.84,0.9278
2021-03-23,600116.XSHG,61.08,58.61,58.61,61.08,3441786.0,204573948.86,2.1428
2021-03-23,600117.XSHG,10.38,9.88,9.83,10.43,8421425.0,84442360.26,2.224
2021-03-23,600118.XSHG,490.65,486.47,484.46,493.16,342986.0,167663381.4,0.4854
2021-03-23,600119.XSHG,19.09,18.26,18.17,19.09,1319043.0,24094556.78,1.2638
2021-03-23,600120.XSHG,333.82,337.97,330.85,337.97,196849.0,65701821.42,0.5248
2021-03-23,600121.XSHG,30.56,28.28,27.74,30.61,24284603.0,698842600.8,9.8715
2021-03-23,600122.XSHG,6.84,7.07,6.78,7.07,3759459.0,26047540.76,1.9133
2021-03-23,600123.XSHG,42.86,41.58,41.42,42.86,1297284.0,54362732.99,0.9063
2021-03-23,600125.XSHG,91.16,90.49,89.5,91.65,999605.0,90555835.33,1.269
2021-03-23,600126.XSHG,31.5,30.75,30.43,31.66,7287111.0,224515008.5,1.1539
2021-03-23,600127.XSHG,47.16,49.07,46.5,51.34,10024294.0,489941550.32,7.8691
2021-03-23,600128.XSHG,20.37,19.98,19.65,20.91,3732645.0,75461487.34,4.5321
2021-03-23,600129.XSHG,41.32,40.87,40.47,41.51,450800.0,18397554.0,0.2463
2021-03-23,600130.XSHG,20.59,20.22,20.16,20.65,1033477.0,21048903.42,0.8124
2021-03-23,600131.XSHG,86.69,86.01,84.45,86.79,2305909.0,197540728.82,2.217
2021-03-23,600132.XSHG,564.03,558.96,551.14,572.02,573540.0,321495773.94,0.6531
2021-03-23,600133.XSHG,25.1,24.76,24.52,25.14,2091616.0,51761099.1,1.1183
2021-03-23,600135.XSHG,17.54,17.28,17.17,17.6,709721.0,12293212.12,0.4787
2021-03-23,600136.XSHG,16.17,15.92,15.82,16.64,3308422.0,53378862.44,1.6906
2021-03-23,600137.XSHG,21.1,20.84,20.7,21.21,692834.0,14468554.96,1.0889
2021-03-23,600138.XSHG,70.0,67.86,67.06,70.37,5107881.0,348519296.72,3.7705
2021-03-23,600139.XSHG,26.78,26.42,26.15,26.78,1215454.0,32055886.72,1.6446
2021-03-23,600141.XSHG,50.83,47.76,47.26,51.03,17152654.0,832328032.98,6.6995
2021-03-23,600143.XSHG,444.42,420.27,414.82,445.78,3813983.0,1623027376.6,2.8861
2021-03-23,600145.XSHG,15.06,15.46,14.96,15.46,985919.0,15169263.6,0.6637
2021-03-23,600146.XSHG,1.93,2.03,1.91,2.03,17771296.0,35704605.94,4.9914
2021-03-23,600148.XSHG,36.69,36.27,36.13,36.8,242475.0,8798832.0,0.4799
2021-03-23,600149.XSHG,14.19,13.79,13.64,14.36,870035.0,12259055.61,0.6614
2021-03-23,600150.XSHG,49.9,49.34,48.95,50.0,2073454.0,102445369.37,0.4202
2021-03-23,600151.XSHG,47.72,44.48,44.24,48.05,8891031.0,406226095.44,2.9522
2021-03-23,600152.XSHG,20.67,19.93,19.81,20.67,2153925.0,43359342.0,2.1811
2021-03-23,600153.XSHG,137.84,139.32,136.85,139.65,1044295.0,144608018.1,0.6058
2021-03-23,600155.XSHG,29.85,30.05,29.5,30.26,4476725.0,133856069.03,0.748
2021-03-23,600156.XSHG,7.49,7.21,7.17,7.59,1886839.0,13790127.0,0.8901
2021-03-23,600157.XSHG,74.96,74.45,73.94,75.47,2324893.0,173577118.9,0.5336
2021-03-23,600158.XSHG,71.22,73.82,70.43,77.33,4159737.0,307326114.78,4.1184
2021-03-23,600159.XSHG,12.26,11.96,11.91,12.26,659878.0,7975199.0,0.3996
2021-03-23,600160.XSHG,95.06,94.31,93.99,99.14,2555941.0,245946030.85,1.0158
2021-03-23,600161.XSHG,428.02,429.19,423.83,432.6,365763.0,156683697.35,0.3816
2021-03-23,600162.XSHG,14.38,14.3,14.15,14.46,765206.0,10933330.0,0.1752
2021-03-23,600163.XSHG,12.28,11.83,11.74,12.37,17316501.0,207302720.0,4.075
2021-03-23,600165.XSHG,28.94,28.04,27.85,28.99,1294324.0,36491793.5,0.9397
2021-03-23,600166.XSHG,116.57,111.32,110.0,116.57,7768016.0,882042597.66,3.1017
2021-03-23,600167.XSHG,41.32,40.32,39.73,41.32,2828569.0,114173261.98,0.4577
2021-03-23,600168.XSHG,16.02,16.02,15.86,16.17,2350823.0,37666994.72,0.7442
2021-03-23,600169.XSHG,26.97,24.74,24.43,27.07,15476310.0,395066964.38,6.1194
2021-03-23,600170.XSHG,47.2,47.36,47.05,47.52,1436887.0,67904922.29,0.2522
2021-03-23,600171.XSHG,39.83,40.08,39.67,40.44,2991613.0,119832547.91,1.1861
2021-03-23,600172.XSHG,29.86,29.11,28.83,29.86,1788626.0,52285048.61,1.3633
2021-03-23,600173.XSHG,10.14,10.05,9.98,10.23,492477.0,4959107.24,0.1602
2021-03-23,600176.XSHG,334.53,299.09,297.29,338.41,7173981.0,2233419580.08,3.0632
2021-03-23,600177.XSHG,319.28,317.75,315.47,321.18,387221.0,123159633.33,0.3187
2021-03-23,600178.XSHG,15.03,15.35,14.95,15.52,8842879.0,135293536.15,4.0398
2021-03-23,600179.XSHG,11.29,10.83,10.66,11.29,7469221.0,81629249.82,0.5043
2021-03-23,600180.XSHG,15.84,15.7,15.56,15.84,546145.0,8553466.32,0.1534
2021-03-23,600182.XSHG,17.68,17.55,17.29,17.75,1099363.0,19243191.0,0.7621
2021-03-23,600183.XSHG,276.6,271.77,271.17,279.26,1305723.0,357044468.24,0.6885
2021-03-23,600184.XSHG,33.92,33.46,33.14,33.92,1115827.0,37350340.47,0.7146
2021-03-23,600185.XSHG,41.35,41.78,40.85,42.79,5242259.0,218824981.13,1.8259
2021-03-23,600186.XSHG,14.23,14.12,14.06,14.28,1132736.0,16038385.76,0.4474
2021-03-23,600187.XSHG,11.54,11.41,11.23,12.36,16778946.0,195275877.09,4.6108
2021-03-23,600188.XSHG,42.8,41.9,40.77,43.31,9570133.0,400411808.54,1.0757
2021-03-23,600189.XSHG,33.7,33.23,32.21,34.14,10174485.0,338068271.0,4.6257
2021-03-23,600190.XSHG,7.96,7.85,7.8,7.96,1149454.0,9050270.75,0.1737
2021-03-23,600191.XSHG,9.97,9.51,9.48,10.02,7172016.0,68857202.16,3.7695
2021-03-23,600192.XSHG,7.54,7.33,7.27,7.58,3042544.0,22461755.0,1.2276
2021-03-23,600193.XSHG,40.33,40.87,39.93,40.87,277577.0,11286025.15,0.4372
2021-03-23,600195.XSHG,77.18,76.43,75.43,77.24,1223419.0,93152766.95,0.7516
2021-03-23,600196.XSHG,560.19,558.51,555.44,568.01,1284352.0,720688345.21,0.8924
2021-03-23,600197.XSHG,72.7,73.55,72.24,75.14,3088972.0,227724470.29,2.5542
2021-03-23,600198.XSHG,11.4,12.48,11.34,12.48,12930481.0,156544841.78,2.6611
2021-03-23,600199.XSHG,57.82,62.12,57.44,62.82,15822505.0,965627685.34,12.3238
2021-03-23,600200.XSHG,56.55,55.99,55.88,56.99,451193.0,25381745.0,0.7022
2021-03-23,600201.XSHG,310.79,308.48,306.31,313.11,412577.0,127275290.23,0.5693
2021-03-23,600202.XSHG,19.74,19.2,19.15,19.89,547402.0,10639908.0,0.7083
2021-03-23,600203.XSHG,13.57,13.74,13.57,14.09,2436477.0,33602720.13,0.8998
2021-03-23,600206.XSHG,48.34,47.68,47.47,48.84,2842037.0,137013145.3,1.3996
2021-03-23,600207.XSHG,9.12,9.31,9.06,9.31,6111801.0,56280570.42,1.1006
2021-03-23,600208.XSHG,21.05,20.98,20.78,21.19,4111013.0,86073112.71,0.3267
2021-03-23,600209.XSHG,14.31,13.99,13.95,14.66,1222432.0,17435036.11,0.9763
2021-03-23,600210.XSHG,41.45,40.65,40.33,41.53,3229463.0,132113800.43,1.7073
2021-03-23,600211.XSHG,107.08,104.19,103.29,107.13,1385241.0,145290657.78,1.2622
2021-03-23,600212.XSHG,13.47,13.52,12.87,15.67,36442615.0,502817841.24,19.3787
2021-03-23,600213.XSHG,10.28,10.05,10.01,10.28,2812468.0,28420192.0,2.0096
2021-03-23,600215.XSHG,13.07,12.96,12.81,13.18,1130523.0,14665662.14,0.5333
2021-03-23,600216.XSHG,98.06,93.5,92.47,98.37,5385486.0,506604178.5,3.3946
2021-03-23,600217.XSHG,27.04,26.54,26.0,27.13,6730786.0,178603571.69,2.1918
2021-03-23,600218.XSHG,18.11,18.15,17.91,18.15,2337829.0,42126104.0,1.293
2021-03-23,600219.XSHG,27.46,25.54,25.32,28.1,46743943.0,1239336409.92,2.7825
2021-03-23,600220.XSHG,20.86,20.43,20.34,20.94,1048504.0,21584490.04,0.5026
2021-03-23,600221.XSHG,4.89,4.89,4.89,4.89,11775236.0,57525327.2,0.2303
2021-03-23,600222.XSHG,23.74,23.94,23.66,24.84,3059569.0,74169862.88,2.1709
2021-03-23,600223.XSHG,22.6,21.26,20.85,22.62,19447665.0,418698607.1,3.5936
2021-03-23,600225.XSHG,4.11,4.04,3.91,4.15,1797058.0,7258841.6,0.4141
2021-03-23,600226.XSHG,75.86,75.86,73.56,77.3,2089369.0,155765769.91,2.4507
2021-03-23,600227.XSHG,16.64,16.12,16.06,16.81,2073842.0,33990977.8,0.9341
2021-03-23,600228.XSHG,26.27,25.94,25.92,26.55,857051.0,22466505.32,0.7703
2021-03-23,600229.XSHG,9.43,9.37,9.33,9.43,1545120.0,14472831.0,0.3311
2021-03-23,600230.XSHG,26.17,24.69,24.36,26.17,6038416.0,149485576.63,3.1891
2021-03-23,600231.XSHG,22.85,21.81,21.73,22.94,4048327.0,89575682.59,1.2399
2021-03-23,600232.XSHG,14.71,14.37,14.23,14.71,706593.0,10171526.89,0.547
2021-03-23,600233.XSHG,57.11,56.8,56.6,57.11,1216831.0,69138244.46,0.1954
2021-03-23,600234.XSHG,24.34,23.8,23.59,24.34,230655.0,5491131.0,0.268
2021-03-23,600235.XSHG,13.09,12.28,12.21,13.51,12146998.0,155390110.86,7.6075
2021-03-23,600236.XSHG,41.58,39.89,39.53,41.86,4948938.0,201230508.23,0.4425
2021-03-23,600237.XSHG,24.17,23.92,23.2,24.17,7617359.0,179889710.66,5.6728
2021-03-23,600238.XSHG,35.0,35.24,33.51,35.76,1120458.0,38925307.67,1.0117
2021-03-23,600239.XSHG,43.65,42.31,41.93,43.65,979993.0,41757530.79,1.1685
2021-03-23,600241.XSHG,8.36,8.21,8.16,8.61,1133598.0,9472145.46,0.9699
2021-03-23,600242.XSHG,3.33,3.35,3.21,3.45,15633788.0,51600916.58,3.7691
2021-03-23,600243.XSHG,4.94,4.86,4.86,4.95,630217.0,3085404.8,0.2294
2021-03-23,600248.XSHG,16.49,17.06,16.08,17.25,6194732.0,103235122.65,3.5852
2021-03-23,600249.XSHG,23.01,21.9,21.82,23.14,2572646.0,57356406.64,2.0698
2021-03-23,600250.XSHG,13.34,13.18,13.18,13.42,519956.0,6886843.0,0.522
2021-03-23,600251.XSHG,54.65,54.06,53.54,54.91,1255815.0,68122563.0,1.3794
2021-03-23,600252.XSHG,106.46,105.71,104.95,106.83,323120.0,34182908.2,0.3498
2021-03-23,600255.XSHG,36.09,33.64,33.64,36.63,7428168.0,257611896.48,5.7164
2021-03-23,600256.XSHG,132.45,129.47,128.2,133.31,1949881.0,253645680.53,1.2296
2021-03-23,600257.XSHG,32.57,32.18,31.78,32.7,2951883.0,94980217.17,4.0115
2021-03-23,600258.XSHG,66.63,64.39,63.5,67.44,6069645.0,393600354.48,1.5273
2021-03-23,600259.XSHG,40.47,37.66,37.23,40.73,15889284.0,610281561.15,5.5333
2021-03-23,600260.XSHG,54.2,54.39,53.65,54.51,1853139.0,100264269.96,1.1723
2021-03-23,600261.XSHG,76.47,76.28,76.09,77.25,486361.0,37261243.66,0.6484
2021-03-23,600262.XSHG,23.44,23.5,23.33,23.62,241374.0,5661994.0,0.2126
2021-03-23,600265.XSHG,25.51,25.23,25.12,25.7,85729.0,2172487.7,0.1096
2021-03-23,600266.XSHG,31.21,30.59,30.09,31.21,3304127.0,100934968.33,0.9085
2021-03-23,600267.XSHG,112.21,110.02,109.68,113.99,1249599.0,138796987.24,0.8855
2021-03-23,600268.XSHG,56.1,52.72,51.78,56.6,5342582.0,285824280.26,5.5265
2021-03-23,600269.XSHG,41.66,41.43,41.19,41.66,534643.0,22105592.85,0.2694
2021-03-23,600271.XSHG,221.11,224.2,220.14,224.97,500954.0,111707641.12,0.5221
2021-03-23,600272.XSHG,8.95,8.93,8.8,8.99,828322.0,7370444.0,0.6602
2021-03-23,600273.XSHG,15.28,15.04,14.94,15.32,7248853.0,109148811.9,0.8332
2021-03-23,600275.XSHG,7.19,6.89,6.8,7.22,961198.0,6710093.8,0.5204
2021-03-23,600276.XSHG,4645.18,4676.66,4642.51,4719.34,456303.0,2130891334.31,0.4588
2021-03-23,600277.XSHG,13.87,13.28,13.15,13.87,9806016.0,131774154.07,1.5045
2021-03-23,600278.XSHG,18.46,18.42,18.12,18.55,962195.0,17635262.78,0.3937
2021-03-23,600279.XSHG,8.8,8.68,8.65,8.8,691735.0,6023464.75,0.1938
2021-03-23,600280.XSHG,43.74,45.47,43.74,45.47,1211363.0,54503921.0,1.2218
2021-03-23,600281.XSHG,7.55,7.24,7.24,7.55,4844657.0,35528832.0,1.8243
2021-03-23,600282.XSHG,24.05,23.41,23.16,24.68,15596243.0,368904021.27,2.2248
2021-03-23,600283.XSHG,18.25,17.92,17.82,18.33,1926762.0,34749119.21,0.8892
2021-03-23,600284.XSHG,20.73,20.63,20.46,20.8,1139230.0,23521888.95,0.3991
2021-03-23,600285.XSHG,63.87,64.09,63.23,64.3,832973.0,53157458.96,1.0469
2021-03-23,600287.XSHG,28.19,28.04,27.83,28.34,343001.0,9601424.62,0.4003
2021-03-23,600288.XSHG,50.43,50.84,50.34,51.8,1344425.0,68459871.78,1.4059
2021-03-23,600289.XSHG,27.26,28.21,26.96,28.21,310688.0,8614020.38,0.4044
2021-03-23,600290.XSHG,20.88,20.73,20.37,21.38,2545922.0,52909092.79,1.6854
2021-03-23,600291.XSHG,11.37,11.17,11.14,11.37,6251286.0,70075251.8,1.8523
2021-03-23,600292.XSHG,36.74,35.88,34.99,37.42,15345199.0,552724258.42,8.3955
2021-03-23,600293.XSHG,7.64,7.45,7.41,7.68,2332279.0,17446738.25,0.6682
2021-03-23,600295.XSHG,58.03,53.58,52.96,58.35,14712672.0,805282389.3,7.3257
2021-03-23,600297.XSHG,17.75,17.56,17.42,17.75,6413248.0,112718779.24,0.518
2021-03-23,600298.XSHG,440.33,440.82,437.98,450.98,986325.0,437117358.36,0.9726
2021-03-23,600299.XSHG,41.63,41.51,41.12,43.18,2984590.0,125546550.43,0.3329999999999999
2021-03-23,600300.XSHG,27.3,26.94,26.8,27.3,2123061.0,57263240.49,0.9122
2021-03-23,600301.XSHG,11.79,11.79,11.67,11.95,376601.0,4439651.93,0.2827
2021-03-23,600302.XSHG,13.26,13.08,12.99,13.29,534542.0,7002772.0,0.4602
2021-03-23,600303.XSHG,24.86,24.54,24.4,25.59,2504311.0,62528548.24,2.4382
2021-03-23,600305.XSHG,187.02,185.65,184.67,188.19,597597.0,111247525.19,0.5834
2021-03-23,600306.XSHG,10.06,10.21,9.88,10.28,833159.0,8488292.92,0.807
2021-03-23,600307.XSHG,7.95,7.57,7.44,7.99,51973442.0,398554740.6,3.5101
2021-03-23,600308.XSHG,43.89,43.53,42.88,44.55,3419863.0,149043494.16,2.1251
2021-03-23,600309.XSHG,4207.18,4104.57,3921.01,4209.85,993340.0,4000646495.27,2.6516
2021-03-23,600310.XSHG,38.63,37.36,36.85,38.63,2883546.0,108108638.9,2.9445
2021-03-23,600311.XSHG,6.8,7.07,6.71,7.16,4229472.0,29517582.53,2.8633
2021-03-23,600312.XSHG,47.76,46.18,45.92,47.76,2176372.0,101384807.64,1.0566
2021-03-23,600313.XSHG,21.23,21.11,20.9,21.53,5411131.0,114445746.2,2.2276
2021-03-23,600315.XSHG,266.1,266.87,261.86,273.36,1137457.0,303119610.51,0.9324
2021-03-23,600316.XSHG,185.57,183.32,182.41,188.4,2167947.0,400849233.79,1.6181
2021-03-23,600318.XSHG,23.22,23.06,22.74,23.38,2796927.0,64489691.47,1.7643
2021-03-23,600319.XSHG,7.4,7.18,7.14,7.4,705111.0,5100582.0,0.3289
2021-03-23,600320.XSHG,46.49,44.99,44.72,46.49,2185239.0,99195793.26,0.8941
2021-03-23,600321.XSHG,15.61,15.46,15.38,15.92,1853887.0,28897122.0,0.958
2021-03-23,600322.XSHG,6.59,6.4,6.37,6.59,1915258.0,12364605.53,0.5458
2021-03-23,600323.XSHG,101.29,96.67,95.68,101.81,2830421.0,275788537.1,1.3544
2021-03-23,600325.XSHG,56.28,56.28,55.82,56.37,1298183.0,72818027.2,0.5573
2021-03-23,600326.XSHG,58.06,57.49,57.25,59.59,2301317.0,134284530.07,2.0174
2021-03-23,600327.XSHG,64.68,63.31,63.15,64.83,243997.0,15544988.93,0.4207
2021-03-23,600328.XSHG,27.48,25.96,25.77,27.79,8046801.0,212423550.89,4.4703
2021-03-23,600329.XSHG,63.06,63.38,62.68,64.17,1634533.0,103469481.57,0.9108
2021-03-23,600330.XSHG,44.67,44.37,44.08,45.16,2262046.0,100926278.69,1.1153
2021-03-23,600331.XSHG,18.05,17.6,17.6,18.14,2308743.0,41048123.0,1.0202
2021-03-23,600332.XSHG,42.78,42.14,42.07,42.81,4058969.0,171581518.31,0.4372
2021-03-23,600333.XSHG,13.28,14.54,13.28,14.54,28887988.0,409048017.64,12.475
2021-03-23,600335.XSHG,27.71,27.93,27.39,28.25,3892142.0,108447394.79,2.0458
2021-03-23,600336.XSHG,21.41,21.75,21.35,21.91,5519377.0,119610420.71,2.1821
2021-03-23,600337.XSHG,80.74,80.32,79.35,81.84,1463571.0,117920691.64,1.2447
2021-03-23,600338.XSHG,21.2,19.72,19.38,21.27,25990077.0,522444400.58,5.3901
2021-03-23,600339.XSHG,11.74,11.45,11.37,11.74,7647431.0,88210731.0,0.5601
2021-03-23,600340.XSHG,168.03,163.39,162.9,168.27,3990053.0,659580571.75,2.5029
2021-03-23,600343.XSHG,32.57,31.07,31.01,32.73,4335914.0,137227628.61,2.0837
2021-03-23,600345.XSHG,29.08,29.45,28.94,29.61,906137.0,26529310.16,0.9058
2021-03-23,600346.XSHG,303.63,288.89,284.51,303.63,6174137.0,1800844269.03,0.8732
2021-03-23,600348.XSHG,46.11,45.01,44.37,46.2,3113217.0,140302253.21,1.1843
2021-03-23,600350.XSHG,15.27,15.37,15.13,15.46,4465363.0,68443763.8,0.2181
2021-03-23,600351.XSHG,36.15,35.93,35.79,36.3,530232.0,19096397.54,0.506
2021-03-23,600352.XSHG,288.76,277.22,276.48,289.32,3298526.0,924922035.78,1.8864
2021-03-23,600353.XSHG,35.84,35.77,35.47,36.22,269375.0,9652324.0,0.3731
2021-03-23,600354.XSHG,12.08,11.96,11.96,12.2,2104867.0,25337230.36,1.1896
2021-03-23,600355.XSHG,13.2,12.8,12.74,13.26,1080502.0,13944144.0,1.277
2021-03-23,600356.XSHG,16.52,16.32,16.3,16.89,2206844.0,36559074.44,1.5257
2021-03-23,600358.XSHG,11.98,11.87,11.66,12.37,1836814.0,22169605.0,1.2856
2021-03-23,600359.XSHG,12.17,12.09,12.05,12.27,2639287.0,32018825.71,1.0965
2021-03-23,600360.XSHG,50.46,51.08,50.38,51.78,2328539.0,119185177.55,1.891
2021-03-23,600361.XSHG,20.87,20.44,20.23,20.98,728341.0,14967017.52,0.5870000000000001
2021-03-23,600362.XSHG,39.94,37.48,37.16,40.15,37557059.0,1429229651.56,2.9113
2021-03-23,600363.XSHG,76.08,75.76,75.24,77.16,2218228.0,168840568.87,1.6333
2021-03-23,600365.XSHG,6.41,6.41,6.41,6.41,144272.0,924129.0,0.0951
2021-03-23,600366.XSHG,86.8,82.67,82.55,86.92,3299337.0,276727191.46,3.9338
2021-03-23,600367.XSHG,35.71,34.05,33.53,35.75,2748842.0,94250380.72,4.1054
2021-03-23,600368.XSHG,12.32,12.22,12.12,12.32,1608677.0,19633690.5,0.4852
2021-03-23,600369.XSHG,22.44,22.68,22.3,22.78,4530149.0,102232865.58,0.3832
2021-03-23,600370.XSHG,21.89,21.56,21.43,22.02,575319.0,12485605.0,0.4715
2021-03-23,600371.XSHG,48.08,48.32,47.41,48.71,1579342.0,75885486.35,2.1291
2021-03-23,600372.XSHG,46.26,46.66,46.11,47.11,3782679.0,176152744.0,0.5909
2021-03-23,600373.XSHG,45.39,45.43,44.55,45.78,2405969.0,108859563.36,0.7847
2021-03-23,600375.XSHG,28.2,27.9,27.68,28.2,1366027.0,38047141.43,0.9218
2021-03-23,600376.XSHG,55.41,55.41,54.56,55.6,499853.0,27516011.18,0.1829
2021-03-23,600377.XSHG,28.09,28.14,28.0,28.47,2417289.0,68178755.08,0.1856
2021-03-23,600378.XSHG,89.39,87.92,85.39,90.67,2671840.0,234632716.14,2.7446
2021-03-23,600379.XSHG,21.69,21.06,20.7,21.69,5658602.0,119464677.7,4.7044
2021-03-23,600380.XSHG,146.99,146.54,144.43,149.22,2232123.0,327043742.69,1.2723
2021-03-23,600381.XSHG,6.21,6.04,6.0,6.25,12902049.0,78789828.71,2.2351
2021-03-23,600382.XSHG,30.0,29.58,29.32,30.2,2198475.0,65130739.58,1.4437
2021-03-23,600383.XSHG,208.42,206.95,205.64,210.39,785475.0,162720444.52,0.2851
2021-03-23,600385.XSHG,11.84,12.66,11.84,12.66,659244.0,8258716.45,1.1179
2021-03-23,600386.XSHG,20.26,20.6,20.26,20.82,1661525.0,34119656.21,1.1691
2021-03-23,600387.XSHG,17.38,16.95,16.86,17.38,661213.0,11264066.78,0.4685
2021-03-23,600388.XSHG,85.38,84.18,83.32,85.38,2207911.0,185947404.72,1.7703
2021-03-23,600389.XSHG,72.81,71.58,70.65,73.04,686146.0,49004081.42,0.767
2021-03-23,600390.XSHG,37.82,38.0,37.35,38.06,2164792.0,81649570.45,0.2831
2021-03-23,600391.XSHG,44.16,43.48,43.29,44.39,1089836.0,47585141.15,0.7766
2021-03-23,600392.XSHG,165.39,153.95,151.19,166.08,10974987.0,1708437241.45,6.167000000000001
2021-03-23,600393.XSHG,16.22,15.68,15.59,16.22,2025392.0,31995336.0,1.8577
2021-03-23,600395.XSHG,37.18,36.32,36.06,37.39,1132046.0,41345479.81,0.3654
2021-03-23,600396.XSHG,21.6,20.81,19.76,21.6,29481788.0,619608523.09,13.1844
2021-03-23,600397.XSHG,10.88,10.35,10.31,10.92,6086951.0,64028150.05,2.4675
2021-03-23,600398.XSHG,59.5,59.25,58.67,59.59,695284.0,41100948.58,0.1341
2021-03-23,600399.XSHG,44.17,44.04,43.35,45.48,3731012.0,165543930.94,0.6509
2021-03-23,600400.XSHG,40.86,40.0,39.63,40.99,538119.0,21678255.54,0.2615
2021-03-23,600403.XSHG,19.93,18.87,18.71,20.03,5133369.0,99035720.83,1.138
2021-03-23,600405.XSHG,40.46,38.9,38.75,40.68,3050269.0,119896628.17,3.9274
2021-03-23,600406.XSHG,871.3,875.4,857.08,883.61,687361.0,596417490.57,0.4094
2021-03-23,600408.XSHG,12.88,12.45,12.45,13.0,2292610.0,28737846.0,0.9614
2021-03-23,600409.XSHG,83.66,81.42,80.27,84.61,4278359.0,349799131.51,1.4028
2021-03-23,600410.XSHG,90.98,91.35,89.72,91.98,1352082.0,122942462.02,1.5506
2021-03-23,600415.XSHG,210.96,207.3,206.48,211.37,503906.0,104926703.54,0.377
2021-03-23,600416.XSHG,66.62,65.42,64.15,67.0,1329378.0,87089879.32,0.4814
2021-03-23,600418.XSHG,56.2,55.0,54.62,56.46,5784951.0,319848337.33,1.9295
2021-03-23,600419.XSHG,48.48,48.06,47.78,48.61,623492.0,29960272.16,0.7438
2021-03-23,600420.XSHG,85.0,84.54,83.99,85.28,318859.0,26946257.5,0.2847
2021-03-23,600421.XSHG,18.93,19.1,18.85,19.22,135271.0,2572932.8,0.1328
2021-03-23,600422.XSHG,85.55,84.74,84.14,86.05,473367.0,40141400.44,0.6268
2021-03-23,600423.XSHG,9.74,9.78,9.6,9.85,301894.0,2941534.54,0.1374
2021-03-23,600425.XSHG,23.61,23.96,23.55,25.21,12281785.0,298574158.53,5.2838
2021-03-23,600426.XSHG,328.2,304.25,300.92,328.2,4051769.0,1241413661.42,2.248
2021-03-23,600428.XSHG,26.62,25.61,25.42,26.62,4080981.0,105274630.77,1.205
2021-03-23,600429.XSHG,6.37,6.35,6.32,6.42,1972778.0,12543792.0,0.1906
2021-03-23,600433.XSHG,35.71,35.0,34.62,35.84,2761407.0,97072377.11,1.395
2021-03-23,600435.XSHG,110.12,108.91,108.1,110.25,789199.0,85939385.15,0.7134
2021-03-23,600436.XSHG,1719.84,1718.21,1675.94,1731.21,427778.0,729467924.42,0.4632
2021-03-23,600438.XSHG,343.38,339.23,330.26,344.26,7016790.0,2358535845.23,1.7896
2021-03-23,600439.XSHG,41.31,40.67,40.36,41.31,372045.0,15130897.0,0.5201
2021-03-23,600444.XSHG,18.74,18.44,18.25,18.78,268987.0,4985466.0,0.3767
2021-03-23,600446.XSHG,244.56,246.85,242.26,248.0,457358.0,111935520.0,0.877
2021-03-23,600448.XSHG,7.47,7.41,7.34,7.5,3304947.0,24469631.0,1.1468
2021-03-23,600449.XSHG,57.69,59.81,57.69,60.08,4677734.0,277542053.17,3.765
2021-03-23,600452.XSHG,102.66,92.32,92.32,102.66,7892106.0,761416275.28,7.9442
2021-03-23,600455.XSHG,22.39,22.6,22.33,22.89,610709.0,13792937.78,1.1049
2021-03-23,600456.XSHG,105.42,103.03,102.02,105.63,2386826.0,247368800.04,1.4704
2021-03-23,600458.XSHG,68.2,67.48,66.51,68.52,1348088.0,90847113.7,1.3521
2021-03-23,600459.XSHG,86.3,85.33,85.21,86.99,996867.0,85318446.12,0.918
2021-03-23,600460.XSHG,356.7,358.64,350.0,367.87,2445616.0,880781616.09,2.7761
2021-03-23,600461.XSHG,31.06,30.08,29.9,31.19,2208019.0,67320971.1,1.0759
2021-03-23,600462.XSHG,10.33,10.61,10.29,10.83,1019801.0,10824195.6,0.8622
2021-03-23,600463.XSHG,17.8,17.74,17.6,17.92,180579.0,3200835.5,0.1763
2021-03-23,600466.XSHG,32.47,32.25,31.95,32.47,2227470.0,71717618.45,0.5454
2021-03-23,600467.XSHG,24.02,23.65,23.56,24.02,1497763.0,35550162.0,0.9291
2021-03-23,600468.XSHG,52.39,52.14,51.53,53.48,1192365.0,62590417.99,1.2948
2021-03-23,600469.XSHG,14.66,14.08,14.02,14.71,2808041.0,40192819.5,1.3261
2021-03-23,600470.XSHG,11.96,11.74,11.55,12.11,5119644.0,60191202.04,2.3911
2021-03-23,600475.XSHG,37.23,36.05,35.84,37.31,3648130.0,132583512.14,1.7636
2021-03-23,600476.XSHG,20.37,21.25,20.24,22.5,2251614.0,48637439.44,2.8699
2021-03-23,600477.XSHG,135.24,133.06,131.51,135.86,827711.0,110600527.66,1.1949
2021-03-23,600478.XSHG,40.63,38.69,37.97,40.73,3137292.0,122931975.14,2.0016
2021-03-23,600479.XSHG,107.88,107.39,106.78,108.12,178063.0,19104002.44,0.5198
2021-03-23,600480.XSHG,25.89,25.18,25.06,25.89,1340440.0,33965363.1,0.5188
2021-03-23,600481.XSHG,52.46,51.19,50.7,53.25,11291527.0,583650201.46,6.8046
2021-03-23,600482.XSHG,48.94,48.24,48.04,49.02,1058286.0,51187101.64,0.484
2021-03-23,600483.XSHG,25.66,26.07,25.48,28.01,11993794.0,320721194.15,1.9771
2021-03-23,600486.XSHG,459.2,454.72,443.04,465.06,648807.0,292926484.46,0.7961
2021-03-23,600487.XSHG,131.42,129.94,129.41,131.95,869602.0,113389071.53,0.4712
2021-03-23,600488.XSHG,36.33,36.33,35.98,36.47,656975.0,23738602.7,0.4278
2021-03-23,600489.XSHG,102.28,100.28,99.69,102.28,3071489.0,309361814.95,0.9923
2021-03-23,600490.XSHG,56.07,54.53,54.25,56.21,1628444.0,89252520.63,1.1427
2021-03-23,600491.XSHG,56.94,56.62,56.4,57.16,455050.0,25807525.0,0.3208
2021-03-23,600493.XSHG,12.53,12.22,12.12,12.53,682428.0,8374254.74,0.6496
2021-03-23,600495.XSHG,29.53,30.05,29.07,30.43,2858289.0,84989428.45,1.7774
2021-03-23,600496.XSHG,56.88,55.19,54.6,57.27,5216975.0,291251769.27,3.0127
2021-03-23,600497.XSHG,111.62,106.46,105.39,112.48,3049624.0,328845512.5,1.2883
2021-03-23,600498.XSHG,67.87,67.9,67.61,68.56,1202561.0,81697829.25,0.3897
2021-03-23,600499.XSHG,298.81,281.99,274.91,300.58,2340414.0,673758949.91,4.3771
2021-03-23,600500.XSHG,43.89,43.3,43.21,44.06,1952364.0,84975333.26,0.6109
2021-03-23,600501.XSHG,43.04,42.33,42.29,43.04,520467.0,22157794.86,0.5844
2021-03-23,600502.XSHG,50.69,50.05,49.67,50.95,1106123.0,55573848.29,0.8248
2021-03-23,600503.XSHG,11.76,11.46,11.43,11.82,8785480.0,101532636.38,1.6579
2021-03-23,600505.XSHG,30.99,29.04,28.64,32.08,19562620.0,595285502.6,17.7657
2021-03-23,600506.XSHG,11.36,11.06,11.01,11.39,5046130.0,56265942.79,4.53
2021-03-23,600507.XSHG,173.84,166.96,165.62,174.41,6769553.0,1142453953.73,5.9983
2021-03-23,600508.XSHG,32.21,31.3,31.17,32.21,1913608.0,60435168.53,0.8874
2021-03-23,600509.XSHG,34.91,34.29,33.79,35.16,9037213.0,310711891.85,4.9110000000000005
2021-03-23,600510.XSHG,39.78,38.56,38.38,39.78,620180.0,24060508.89,0.354
2021-03-23,600511.XSHG,192.01,189.56,188.45,192.51,994685.0,188824342.79,0.9993
2021-03-23,600512.XSHG,17.98,17.6,17.47,17.98,2171862.0,38337108.0,0.8661
2021-03-23,600513.XSHG,55.53,54.77,54.39,55.6,321229.0,17623164.36,0.7117
2021-03-23,600515.XSHG,20.71,20.71,20.71,20.71,731996.0,15162054.6,0.0993
2021-03-23,600516.XSHG,124.99,112.56,112.56,124.99,22576244.0,2621414415.98,7.4437
2021-03-23,600517.XSHG,157.88,148.82,147.98,159.14,6683596.0,1016774165.84,7.4061
2021-03-23,600518.XSHG,95.38,92.67,91.76,95.83,687040.0,64150248.52,0.7044
2021-03-23,600519.XSHG,14079.41,14059.13,13875.99,14149.29,389659.0,5459520703.31,0.2185
2021-03-23,600520.XSHG,16.6,16.39,16.23,16.77,729035.0,11995024.0,1.0777
2021-03-23,600521.XSHG,471.25,473.43,468.34,480.52,447211.0,212451050.84,0.5592
2021-03-23,600522.XSHG,101.37,100.18,99.16,102.39,6690361.0,671367625.01,1.8525
2021-03-23,600523.XSHG,31.74,30.62,30.47,31.74,1284611.0,39958675.4,0.6511
2021-03-23,600525.XSHG,70.82,70.06,69.29,70.82,519195.0,36337623.57,0.5065
2021-03-23,600526.XSHG,30.67,32.46,28.01,32.46,32558917.0,1009227291.4,23.2053
2021-03-23,600527.XSHG,65.34,64.84,64.59,65.58,472833.0,30697513.4,0.6757
2021-03-23,600528.XSHG,39.89,39.76,39.26,39.94,1286536.0,50906121.13,0.2602
2021-03-23,600529.XSHG,312.41,304.75,301.48,313.29,1006084.0,309016992.32,1.3487
2021-03-23,600530.XSHG,19.09,19.35,18.97,19.42,904450.0,17327906.21,0.743
2021-03-23,600531.XSHG,63.44,61.14,60.62,64.17,4060795.0,250450687.09,3.893
2021-03-23,600532.XSHG,34.38,33.35,32.96,34.5,949979.0,31691571.0,0.4306
2021-03-23,600533.XSHG,27.82,27.55,27.46,27.91,492919.0,13620821.0,0.424
2021-03-23,600535.XSHG,159.66,157.91,156.74,160.13,762406.0,120314660.95,0.5887
2021-03-23,600536.XSHG,277.17,286.77,276.59,288.26,2180116.0,618456588.74,2.3384
2021-03-23,600537.XSHG,17.88,17.3,17.26,17.88,2116710.0,36846418.0,0.8005
2021-03-23,600538.XSHG,21.58,21.49,21.28,21.68,2401527.0,51632187.72,1.5922
2021-03-23,600539.XSHG,8.77,8.83,8.67,8.85,487809.0,4275098.0,0.2575
2021-03-23,600540.XSHG,16.34,16.21,15.93,16.52,4095442.0,66346860.35,2.9988
2021-03-23,600543.XSHG,17.27,17.29,17.17,17.52,3682046.0,63887974.92,2.8289
2021-03-23,600545.XSHG,13.85,13.68,13.64,13.89,1358473.0,18622606.76,0.3045
2021-03-23,600546.XSHG,50.94,49.56,49.24,51.27,3673261.0,183910407.38,1.5079
2021-03-23,600547.XSHG,480.52,477.9,473.96,481.4,667689.0,318597018.98,0.4129
2021-03-23,600548.XSHG,21.66,21.58,21.39,21.66,779552.0,16808604.3,0.1322
2021-03-23,600549.XSHG,251.7,235.83,233.18,252.63,2964257.0,711773299.37,2.7885
2021-03-23,600550.XSHG,36.96,34.59,34.13,37.03,3093056.0,108815015.11,1.5391
2021-03-23,600551.XSHG,26.41,26.41,26.19,26.55,329544.0,8667577.92,0.2393
2021-03-23,600552.XSHG,69.94,67.16,66.75,72.55,8386135.0,585298974.07,8.9799
2021-03-23,600555.XSHG,6.87,7.34,6.87,7.34,5294837.0,38464899.0,2.3344
2021-03-23,600556.XSHG,36.23,35.06,35.02,36.34,2763166.0,97805000.0,2.1856
2021-03-23,600557.XSHG,95.53,94.03,93.42,96.15,351265.0,33157314.64,0.5226
2021-03-23,600558.XSHG,21.57,21.01,20.94,21.57,1203910.0,25435384.26,0.9425
2021-03-23,600559.XSHG,137.67,143.6,136.5,143.74,8680789.0,1223587428.88,6.8260000000000005
2021-03-23,600560.XSHG,41.22,40.03,39.99,41.58,1002538.0,40752421.19,2.044
2021-03-23,600561.XSHG,11.59,11.78,11.59,12.29,1486645.0,17713106.42,1.7553
2021-03-23,600562.XSHG,100.33,98.63,98.28,100.68,567805.0,56345596.37,0.6071
2021-03-23,600563.XSHG,281.07,268.74,266.31,281.61,692250.0,188343939.82,0.8666
2021-03-23,600565.XSHG,37.15,37.03,36.43,37.51,3680573.0,135673165.25,1.83
2021-03-23,600566.XSHG,44.36,43.71,43.54,44.36,1182155.0,51785347.33,0.3125
2021-03-23,600567.XSHG,14.53,14.21,14.13,14.65,18047187.0,257993622.37,1.5631
2021-03-23,600568.XSHG,21.24,22.0,21.11,22.25,1931679.0,42058084.56,1.5697
2021-03-23,600569.XSHG,6.99,6.65,6.62,6.99,18102541.0,122614490.2,1.9952
2021-03-23,600570.XSHG,2119.68,2057.98,2042.86,2143.58,514419.0,1066357946.21,1.2015
2021-03-23,600571.XSHG,80.47,80.69,80.15,81.86,518249.0,41934482.53,1.2859
2021-03-23,600572.XSHG,64.86,64.1,63.8,65.01,1213259.0,78011950.47,0.6911
2021-03-23,600573.XSHG,11.13,11.34,11.06,11.46,5700438.0,64339683.33,3.0029
2021-03-23,600575.XSHG,40.46,40.46,39.91,40.82,1354672.0,54558323.46,0.6409999999999999
2021-03-23,600576.XSHG,13.04,13.42,12.92,14.02,4823602.0,64917958.56,2.4537
2021-03-23,600577.XSHG,89.17,88.45,87.98,90.61,1164117.0,103441337.27,1.4524
2021-03-23,600578.XSHG,17.66,17.0,16.9,17.72,5042101.0,86850295.42,0.4099
2021-03-23,600579.XSHG,9.37,10.26,9.35,10.26,2958560.0,30006382.5,1.3596
2021-03-23,600580.XSHG,83.04,80.45,79.73,83.04,1880915.0,151453130.16,1.0342
2021-03-23,600581.XSHG,27.7,25.96,25.83,27.77,14587905.0,388757059.14,6.3521
2021-03-23,600582.XSHG,133.7,133.32,130.66,134.46,914722.0,120966137.0,0.8395
2021-03-23,600583.XSHG,97.81,92.22,92.02,98.01,2797611.0,263562600.94,1.263
2021-03-23,600584.XSHG,163.87,163.05,162.67,168.37,5897929.0,972434727.45,2.0781
2021-03-23,600585.XSHG,248.93,246.17,244.78,254.79,7775821.0,1937778505.71,0.926
2021-03-23,600586.XSHG,83.79,84.97,83.79,88.5,2983492.0,256903764.14,2.7296
2021-03-23,600587.XSHG,73.35,72.57,72.46,74.13,396418.0,29021909.0,0.5455
2021-03-23,600588.XSHG,1892.23,1882.8,1873.92,1919.98,250101.0,474632969.77,0.4269
2021-03-23,600589.XSHG,12.62,12.19,12.14,12.62,2370268.0,29129602.13,1.4448
2021-03-23,600590.XSHG,22.49,21.95,21.87,22.49,1046277.0,23079731.2,0.5492
2021-03-23,600592.XSHG,36.35,35.35,35.21,36.62,1178865.0,42018071.43,0.9904
2021-03-23,600593.XSHG,46.68,46.06,45.52,46.81,2754519.0,126768048.7,4.1080000000000005
2021-03-23,600594.XSHG,87.25,86.26,85.93,87.25,332614.0,28775153.0,0.6941
2021-03-23,600595.XSHG,25.71,25.31,25.23,26.91,2234590.0,58128473.73,0.9124
2021-03-23,600596.XSHG,110.68,104.37,102.59,110.68,5761330.0,606982810.45,6.66
2021-03-23,600597.XSHG,43.35,43.52,42.88,44.31,5697494.0,249193555.23,1.1469
2021-03-23,600598.XSHG,40.28,41.06,40.05,41.59,7416699.0,303070589.41,1.0503
2021-03-23,600599.XSHG,12.2,12.33,12.04,12.35,1348520.0,16443141.48,1.7915
2021-03-23,600600.XSHG,133.54,135.65,132.03,137.32,3651744.0,493495329.34,0.892
2021-03-23,600601.XSHG,17664.99,17521.76,17378.53,17808.22,3770.0,66205551.1,0.82
2021-03-23,600602.XSHG,3088.45,3166.64,3066.11,3200.15,14122.0,44577772.01,0.7342
2021-03-23,600603.XSHG,845.78,844.05,835.38,852.72,33361.0,28149358.41,0.4629
2021-03-23,600604.XSHG,323.63,317.33,316.27,324.15,146694.0,46860521.11,0.5476
2021-03-23,600605.XSHG,466.53,459.47,456.3,469.0,29113.0,13441926.2,0.6973
2021-03-23,600606.XSHG,770.28,766.19,763.47,773.01,136422.0,104638340.07,0.1528
2021-03-23,600608.XSHG,433.06,425.59,421.32,436.26,11586.0,4940355.0,0.3882
2021-03-23,600609.XSHG,123.84,122.46,121.9,124.67,202970.0,24886761.39,0.5146
2021-03-23,600610.XSHG,283.03,295.9,283.03,297.44,112451.0,33061078.2,1.2897
2021-03-23,600611.XSHG,3398.35,3425.68,3371.02,3425.68,4791.0,16289408.52,0.2792
2021-03-23,600612.XSHG,7926.99,7897.08,7832.77,8075.06,9432.0,74894385.21,0.4448
2021-03-23,600613.XSHG,126.18,122.29,121.73,126.18,85544.0,10529251.0,0.496
2021-03-23,600615.XSHG,539.29,535.3,529.7,541.69,25090.0,13414746.0,1.0684
2021-03-23,600616.XSHG,2559.57,2672.82,2521.82,2752.1,138463.0,367331289.5,7.8134
2021-03-23,600617.XSHG,172.38,171.95,169.38,174.95,163382.0,28160453.0,0.7186
2021-03-23,600618.XSHG,202.47,196.92,194.9,202.47,293174.0,57863724.25,0.9871
2021-03-23,600619.XSHG,393.17,393.72,392.06,395.93,15373.0,6053162.4,0.1458
2021-03-23,600620.XSHG,2792.84,2792.84,2771.62,2826.8,7071.0,19804065.76,0.4371
2021-03-23,600621.XSHG,6299.68,6377.96,6251.22,6448.79,37716.0,239504204.13,1.3252
2021-03-23,600622.XSHG,955.52,943.94,935.25,955.52,30896.0,29121272.0,0.5965
2021-03-23,600623.XSHG,222.84,216.23,212.79,223.41,614298.0,132984698.07,0.9473
2021-03-23,600624.XSHG,133.36,132.61,131.31,133.54,206378.0,27301260.07,0.5606
2021-03-23,600626.XSHG,43.98,42.84,42.73,43.98,297839.0,12872562.23,0.4188
2021-03-23,600628.XSHG,391.79,389.88,387.48,394.67,20926.0,8168335.97,0.1549
2021-03-23,600629.XSHG,42.54,43.31,42.36,43.9,340740.0,14647181.03,0.3903
2021-03-23,600630.XSHG,15.62,15.38,15.22,15.71,614300.0,9476647.55,0.442
2021-03-23,600633.XSHG,58.98,59.68,58.28,60.54,1022996.0,60705774.18,0.6114
2021-03-23,600635.XSHG,602.59,608.97,601.0,628.1,195213.0,120053740.16,1.2866
2021-03-23,600636.XSHG,151.99,151.19,150.13,152.52,85608.0,12952375.3,0.2547
2021-03-23,600637.XSHG,49.13,48.98,48.52,49.23,2147789.0,104921360.72,0.3186
2021-03-23,600638.XSHG,120.16,117.96,116.95,120.16,91746.0,10836974.19,0.2733
2021-03-23,600639.XSHG,83.18,81.59,81.19,83.51,284668.0,23281608.43,0.2224
2021-03-23,600640.XSHG,105.91,106.61,104.82,106.61,384963.0,40682322.73,0.4807
2021-03-23,600641.XSHG,359.51,361.07,359.0,369.62,218096.0,79394036.18,0.5901
2021-03-23,600642.XSHG,71.65,69.82,69.69,71.77,1807046.0,127200256.34,0.4854
2021-03-23,600643.XSHG,61.56,61.23,60.4,61.81,1915146.0,117150555.47,0.9854
2021-03-23,600644.XSHG,70.89,67.41,67.06,71.58,1684410.0,115387542.86,3.6297
2021-03-23,600645.XSHG,406.16,393.41,390.7,406.16,288573.0,114430488.73,1.4678
2021-03-23,600647.XSHG,149.35,149.9,148.11,152.65,95917.0,14381362.34,0.9489
2021-03-23,600648.XSHG,97.35,97.69,96.74,97.96,599423.0,58381681.31,0.4365
2021-03-23,600649.XSHG,106.86,106.43,105.78,107.73,285083.0,30320936.63,0.2443
2021-03-23,600650.XSHG,44.64,46.6,44.64,48.51,2228278.0,104181595.77,2.4777
2021-03-23,600651.XSHG,20749.86,20749.86,20581.16,20749.86,658.0,13612548.41,0.3754
2021-03-23,600652.XSHG,1755.71,1755.71,1723.6,1766.42,4639.0,8096740.72,0.5964
2021-03-23,600653.XSHG,18641.65,18102.87,18102.87,18857.16,1433.0,26360130.84,0.7931
2021-03-23,600654.XSHG,3938.64,3914.02,3914.02,3963.25,1489.0,5868065.34,0.4856
2021-03-23,600655.XSHG,2671.17,2615.62,2597.95,2696.41,107380.0,284119748.92,1.6888
2021-03-23,600657.XSHG,67.28,66.79,66.46,67.78,367398.0,24555888.0,0.3995
2021-03-23,600658.XSHG,35.68,35.47,35.06,35.75,518202.0,18298690.81,0.3191
2021-03-23,600660.XSHG,3756.01,3620.39,3581.41,3756.83,294764.0,1071807956.62,1.1951
2021-03-23,600661.XSHG,74.97,76.2,74.97,77.22,86061.0,6572315.0,0.1536
2021-03-23,600662.XSHG,503.23,506.91,497.09,511.21,90517.0,45840558.36,0.5274
2021-03-23,600663.XSHG,138.13,137.24,136.35,138.13,172862.0,23720540.54,0.0747
2021-03-23,600664.XSHG,29.7,29.27,29.06,29.7,782684.0,22883792.75,0.3311
2021-03-23,600665.XSHG,15.99,15.84,15.68,16.04,514788.0,8143394.0,0.3034
2021-03-23,600666.XSHG,16.88,17.39,16.62,17.77,1481881.0,25509547.88,2.3574
2021-03-23,600667.XSHG,46.63,46.58,46.2,47.55,3037011.0,141997630.26,0.7755
2021-03-23,600668.XSHG,111.65,112.94,111.65,115.26,988123.0,112179643.08,2.3051
2021-03-23,600671.XSHG,26.52,25.94,25.91,26.52,41935.0,1091843.0,0.1047
2021-03-23,600673.XSHG,71.95,69.9,69.62,72.37,1314878.0,92539263.84,0.7333
2021-03-23,600674.XSHG,254.41,237.66,234.67,257.01,1207328.0,292382173.88,0.5468
2021-03-23,600675.XSHG,221.93,219.98,218.02,222.58,85346.0,18737597.59,0.2479
2021-03-23,600676.XSHG,69.44,67.83,67.54,70.31,253019.0,17315824.65,0.3589
2021-03-23,600678.XSHG,24.66,24.74,24.66,25.95,4173954.0,104981121.02,5.0065
2021-03-23,600679.XSHG,30.65,30.22,30.15,30.82,459617.0,13970474.02,0.4995
2021-03-23,600681.XSHG,40.79,40.57,40.35,41.66,1584935.0,64951684.18,0.8013
2021-03-23,600682.XSHG,134.52,132.36,131.14,135.2,436931.0,57927885.4,0.5076
2021-03-23,600683.XSHG,25.78,25.54,25.12,26.08,903504.0,22933582.46,0.7296
2021-03-23,600684.XSHG,41.18,40.47,40.19,41.61,150691.0,6139294.0,0.2507
2021-03-23,600685.XSHG,48.94,48.45,48.19,49.32,3318368.0,161518008.03,0.8172
2021-03-23,600686.XSHG,89.36,88.69,87.49,89.89,565758.0,50111632.55,1.1186
2021-03-23,600688.XSHG,13.79,13.59,13.52,13.83,5555243.0,75605305.78,0.2919
2021-03-23,600689.XSHG,16.79,17.04,16.59,17.21,655695.0,11082849.0,1.0826
2021-03-23,600690.XSHG,1264.25,1248.65,1234.3,1285.77,660647.0,827956015.24,0.4418
2021-03-23,600691.XSHG,26.81,25.49,25.3,27.0,2966201.0,77182019.16,1.5945
2021-03-23,600692.XSHG,101.83,100.88,99.53,103.04,471604.0,47812840.6,2.4975
2021-03-23,600693.XSHG,52.04,51.79,51.55,52.16,185594.0,9604800.0,0.2515
2021-03-23,600694.XSHG,103.76,108.44,103.45,108.54,1118857.0,119304542.63,1.9186
2021-03-23,600695.XSHG,9.45,9.36,9.06,9.66,6379327.0,59623153.92,4.0333
2021-03-23,600696.XSHG,56.88,59.56,56.22,59.56,1630613.0,95349806.37,1.6122
2021-03-23,600697.XSHG,41.7,41.67,41.32,41.82,276242.0,11487930.0,0.5561
2021-03-23,600698.XSHG,15.14,15.08,14.96,15.26,592634.0,8914436.3,0.4866
2021-03-23,600699.XSHG,78.32,77.28,76.7,78.66,2981814.0,230627012.28,1.0062
2021-03-23,600701.XSHG,3.11,3.11,3.11,3.11,19371.0,60312.0,0.0129
2021-03-23,600702.XSHG,252.2,239.71,239.61,254.7,2071925.0,510543367.26,2.1687
2021-03-23,600703.XSHG,510.58,512.27,500.91,518.79,2819207.0,1438155422.71,1.4542
2021-03-23,600704.XSHG,103.09,102.04,101.62,103.51,1411184.0,144674221.29,0.5841
2021-03-23,600705.XSHG,391.65,391.65,388.75,393.58,273293.0,106888450.49,0.2974
2021-03-23,600706.XSHG,21.42,20.74,20.72,21.48,1316886.0,27587296.84,1.8202
2021-03-23,600707.XSHG,28.69,26.87,26.5,30.17,89639780.0,2541827691.54,8.2472
2021-03-23,600708.XSHG,31.49,31.11,30.98,31.61,409734.0,12782531.77,0.231
2021-03-23,600710.XSHG,37.59,37.59,37.32,38.87,7594151.0,287865151.36,3.901
2021-03-23,600711.XSHG,69.85,66.86,66.66,69.95,7995613.0,541138990.46,3.2992
2021-03-23,600712.XSHG,26.09,25.77,25.64,26.09,586881.0,15131078.1,0.6937
2021-03-23,600713.XSHG,62.73,62.29,62.14,63.02,259736.0,16236557.96,0.3646
2021-03-23,600714.XSHG,17.31,16.26,16.02,17.41,3882391.0,64317807.3,3.5324
2021-03-23,600715.XSHG,8.82,8.55,8.51,8.86,1842423.0,15882811.2,0.386
2021-03-23,600716.XSHG,19.69,19.83,19.5,19.97,1578560.0,31248433.96,0.8
2021-03-23,600717.XSHG,129.71,127.89,126.84,129.71,423558.0,54176476.66,0.4584
2021-03-23,600718.XSHG,159.88,162.48,159.88,163.34,466899.0,75645281.32,0.6496
2021-03-23,600719.XSHG,21.11,20.56,20.12,21.11,3274247.0,67053181.64,4.4363
2021-03-23,600720.XSHG,167.97,167.97,166.82,173.98,3361596.0,570306059.88,5.0
2021-03-23,600721.XSHG,4.61,4.58,4.53,4.61,519450.0,2369836.0,0.2095
2021-03-23,600722.XSHG,47.16,42.5,42.33,47.75,17379129.0,769752307.91,15.0591
2021-03-23,600723.XSHG,25.97,25.84,25.56,26.38,1581496.0,41041016.83,0.7528
2021-03-23,600724.XSHG,64.13,66.76,63.82,69.7,4122220.0,283190106.3,4.4189
2021-03-23,600725.XSHG,15.15,15.15,15.07,15.4,509517.0,7758626.08,0.3404
2021-03-23,600726.XSHG,9.45,8.8,8.77,9.56,25962273.0,237999370.45,6.102
2021-03-23,600727.XSHG,38.98,36.34,36.29,38.98,6591183.0,247177607.55,7.9088
2021-03-23,600728.XSHG,85.26,84.87,84.1,85.64,567732.0,48036449.15,0.4221
2021-03-23,600729.XSHG,93.65,98.6,93.04,98.6,1680947.0,162175818.43,1.3134
2021-03-23,600730.XSHG,24.53,24.2,23.97,24.64,829715.0,20090975.79,0.7831
2021-03-23,600731.XSHG,71.77,68.5,66.07,71.77,2721877.0,186429353.28,4.9182
2021-03-23,600732.XSHG,59.75,59.32,58.88,59.95,1783278.0,105753577.8,1.3281
2021-03-23,600733.XSHG,74.22,72.26,71.36,74.47,4597988.0,333836863.43,2.0644
2021-03-23,600734.XSHG,8.86,8.86,8.86,8.86,285221.0,2526421.16,0.2238
2021-03-23,600735.XSHG,27.33,27.55,26.94,27.76,791919.0,21698941.03,1.1534
2021-03-23,600736.XSHG,125.18,123.26,122.44,125.18,168606.0,20772566.48,0.4011
2021-03-23,600737.XSHG,115.71,113.63,112.53,115.71,1870002.0,212620090.05,1.0858
2021-03-23,600738.XSHG,48.49,48.12,47.44,49.31,1469486.0,71019862.73,1.4828
2021-03-23,600739.XSHG,649.03,649.34,640.47,651.79,204149.0,131947564.37,0.4084
2021-03-23,600740.XSHG,67.17,62.86,62.15,67.17,7199817.0,460886286.06,7.4956
2021-03-23,600741.XSHG,1201.74,1207.79,1194.29,1223.16,224341.0,270308955.02,0.3313
2021-03-23,600742.XSHG,188.4,181.64,180.14,190.09,845750.0,155528189.71,2.3718
2021-03-23,600743.XSHG,68.54,67.58,67.26,68.54,175694.0,11879398.0,0.2398
2021-03-23,600744.XSHG,30.84,30.26,27.96,32.69,83026324.0,2575173898.32,41.2506
2021-03-23,600745.XSHG,231.36,235.62,228.75,236.33,3688076.0,860428724.35,1.0105
2021-03-23,600746.XSHG,92.9,84.45,84.45,93.71,2485568.0,215556380.64,5.996
2021-03-23,600748.XSHG,30.0,30.06,29.75,30.25,712264.0,21384932.57,0.2439
2021-03-23,600749.XSHG,36.25,33.65,32.96,36.84,2833822.0,98347035.55,3.908
2021-03-23,600750.XSHG,172.39,171.58,170.62,172.87,239724.0,41141712.96,0.6125
2021-03-23,600751.XSHG,14.09,13.9,13.84,14.21,3572369.0,49987913.22,0.8694
2021-03-23,600753.XSHG,70.71,68.76,68.1,71.27,552789.0,38314383.98,0.9703
2021-03-23,600754.XSHG,171.87,172.83,169.67,174.27,1776522.0,306411106.94,0.7084
2021-03-23,600755.XSHG,141.7,140.44,139.8,141.91,495442.0,69671908.03,0.5638
2021-03-23,600756.XSHG,68.19,70.54,68.03,74.2,1488687.0,105647039.16,2.4001
2021-03-23,600757.XSHG,36.51,36.24,36.03,36.51,980015.0,35571884.48,0.5479999999999999
2021-03-23,600758.XSHG,9.32,9.27,9.18,9.71,23681081.0,222700241.94,4.9902
2021-03-23,600759.XSHG,8.84,8.57,8.53,8.84,8385360.0,72355720.4,1.6577
2021-03-23,600760.XSHG,309.29,315.35,307.32,316.78,2305369.0,722009189.41,0.8126
2021-03-23,600761.XSHG,200.12,189.78,189.18,200.12,1733379.0,333519620.55,3.5078
2021-03-23,600763.XSHG,554.24,559.58,548.42,569.6,1168661.0,653314290.74,0.8802
2021-03-23,600764.XSHG,226.9,224.04,222.57,228.45,221877.0,49870641.2,0.3652
2021-03-23,600765.XSHG,160.48,154.41,153.32,160.48,2015763.0,314932350.53,2.1316
2021-03-23,600766.XSHG,21.21,19.82,19.36,21.47,8864648.0,179771146.6,16.7292
2021-03-23,600767.XSHG,13.14,13.55,12.99,13.78,1415429.0,19167586.76,1.5673
2021-03-23,600768.XSHG,27.03,26.36,26.29,27.06,463428.0,12282026.7,1.1576
2021-03-23,600769.XSHG,25.71,25.33,24.89,25.71,543789.0,13714074.0,0.7915
2021-03-23,600770.XSHG,111.85,112.48,111.85,115.21,810963.0,92165556.44,1.3091
2021-03-23,600771.XSHG,128.29,126.66,125.32,129.86,1018565.0,130366095.34,1.5415
2021-03-23,600773.XSHG,72.82,71.51,70.26,76.44,7639961.0,556018750.63,6.3841
2021-03-23,600774.XSHG,102.48,101.58,100.56,102.8,88867.0,9018675.48,0.2508
2021-03-23,600775.XSHG,9.35,9.36,9.3,9.44,1710590.0,16020761.91,0.3725
2021-03-23,600776.XSHG,59.93,61.39,59.3,62.32,4648252.0,283786772.36,2.371
2021-03-23,600777.XSHG,46.69,45.47,45.47,46.69,1792275.0,82229976.14,0.8776
2021-03-23,600778.XSHG,15.7,15.62,15.24,15.74,1139293.0,17663433.92,1.5326
2021-03-23,600779.XSHG,422.68,427.4,419.88,434.66,778043.0,332924753.72,1.0606
2021-03-23,600780.XSHG,41.35,40.0,39.78,41.46,972885.0,39399284.64,0.9508
2021-03-23,600781.XSHG,6.29,6.31,6.24,6.42,2291231.0,14470790.55,1.3092
2021-03-23,600782.XSHG,67.43,65.83,65.14,68.92,6821039.0,454554920.11,2.449
2021-03-23,600783.XSHG,78.69,79.24,77.65,79.3,611133.0,47969015.99,0.502
2021-03-23,600784.XSHG,41.99,41.35,40.85,43.29,1838295.0,77199119.0,2.3226
2021-03-23,600785.XSHG,52.14,52.75,51.39,53.12,144801.0,7601623.25,0.2993
2021-03-23,600787.XSHG,155.88,152.82,151.9,156.18,463377.0,70983904.89,0.6438
2021-03-23,600789.XSHG,20.5,20.33,20.22,20.55,2508620.0,51085921.02,0.8211
2021-03-23,600790.XSHG,36.62,36.39,36.16,36.73,664786.0,24188603.58,0.5142
2021-03-23,600791.XSHG,26.03,25.37,25.37,26.11,732759.0,18798942.0,1.188
2021-03-23,600792.XSHG,27.96,26.34,26.21,28.03,4436552.0,119283194.2,3.0269
2021-03-23,600793.XSHG,33.59,30.48,30.29,33.83,7087413.0,222750058.53,9.7232
2021-03-23,600794.XSHG,75.66,72.56,72.56,75.87,791712.0,58271966.0,1.3503
2021-03-23,600795.XSHG,626.32,605.0,602.33,628.98,678321.0,415479352.78,0.92
2021-03-23,600796.XSHG,41.07,40.3,40.13,41.32,207245.0,8437540.0,0.5858
2021-03-23,600797.XSHG,83.71,84.72,83.71,87.48,2257180.0,192077084.77,2.7611
2021-03-23,600798.XSHG,38.11,36.88,35.99,38.35,6636706.0,246410041.01,5.2535
2021-03-23,600800.XSHG,66.07,66.45,65.33,67.57,1216795.0,80798600.36,2.4769
2021-03-23,600801.XSHG,218.77,223.93,217.9,226.75,1919657.0,428534978.78,1.3706
2021-03-23,600802.XSHG,32.32,35.02,32.32,35.02,19757595.0,687441740.54,17.3741
2021-03-23,600803.XSHG,113.88,107.66,102.61,113.88,2773794.0,298130662.18,1.4615
2021-03-23,600804.XSHG,48.19,47.62,47.37,48.27,1914065.0,91160266.54,1.0877
2021-03-23,600805.XSHG,47.17,46.56,46.07,47.41,536796.0,24981358.56,0.7714
2021-03-23,600807.XSHG,21.68,20.89,20.83,21.74,978556.0,20832444.28,0.8143
2021-03-23,600808.XSHG,6.75,6.64,6.57,6.77,24174167.0,160251113.49,0.8931
2021-03-23,600809.XSHG,1557.69,1572.21,1537.72,1592.73,841557.0,1315388797.39,0.4853
2021-03-23,600810.XSHG,55.09,52.37,51.47,55.52,3861731.0,203822045.87,2.8905
2021-03-23,600811.XSHG,55.33,57.21,53.93,57.37,5169018.0,287890824.54,2.1751
2021-03-23,600812.XSHG,39.01,38.71,38.5,39.23,1505623.0,58297121.23,0.3958
2021-03-23,600814.XSHG,34.29,34.79,33.98,34.85,354160.0,12196819.07,0.3055
2021-03-23,600815.XSHG,17.51,17.19,16.94,17.96,1808171.0,31374967.12,0.649
2021-03-23,600816.XSHG,71.8,76.03,71.8,76.03,1079948.0,80447904.38,0.6665
2021-03-23,600817.XSHG,76.13,74.53,73.9,76.76,252731.0,18994912.61,0.7253
2021-03-23,600818.XSHG,16.96,16.36,16.21,16.98,1340178.0,21975965.0,1.2137
2021-03-23,600819.XSHG,17.8,17.49,17.35,17.8,1367936.0,23948624.1,0.624
2021-03-23,600820.XSHG,155.33,154.19,153.34,155.62,570832.0,88182128.61,0.5175
2021-03-23,600821.XSHG,23.66,23.38,23.29,23.81,664441.0,15595126.0,0.7555
2021-03-23,600822.XSHG,27.29,27.31,26.85,27.4,552238.0,14975861.01,0.38
2021-03-23,600823.XSHG,245.87,243.74,242.15,247.99,270789.0,66299292.8,0.3833
2021-03-23,600824.XSHG,119.4,122.64,118.42,122.64,187811.0,22700495.45,0.5781
2021-03-23,600825.XSHG,53.81,54.06,53.43,55.32,385986.0,21018938.0,0.4655
2021-03-23,600826.XSHG,52.02,51.53,50.98,52.15,187175.0,9622223.5,0.272
2021-03-23,600827.XSHG,156.23,147.84,144.93,156.58,3546752.0,533068709.05,1.8924
2021-03-23,600828.XSHG,40.8,41.24,40.8,41.57,166174.0,6841697.56,0.1055
2021-03-23,600829.XSHG,58.17,57.51,57.42,58.45,108666.0,6289566.0,0.1758
2021-03-23,600830.XSHG,58.68,54.95,54.84,60.48,897721.0,51039171.7,2.2297
2021-03-23,600831.XSHG,37.1,37.22,36.33,37.35,1385008.0,51095455.51,1.2468
2021-03-23,600833.XSHG,91.51,90.13,89.95,91.51,108777.0,9844774.42,0.4494
2021-03-23,600834.XSHG,47.89,46.8,46.8,48.04,1087086.0,51464497.92,1.1789
2021-03-23,600835.XSHG,108.15,108.83,107.64,111.55,3389734.0,371061854.54,2.3848
2021-03-23,600836.XSHG,82.31,82.14,81.62,82.66,134834.0,11067218.0,0.3503
2021-03-23,600837.XSHG,272.8,274.18,272.11,276.02,2098870.0,574763143.79,0.5701
2021-03-23,600838.XSHG,89.58,89.72,89.31,90.4,132497.0,11913103.0,0.4486
2021-03-23,600839.XSHG,86.79,86.46,85.81,87.44,755657.0,65283558.6,0.5322
2021-03-23,600841.XSHG,24.49,23.9,23.82,24.52,821011.0,19764817.0,0.4368
2021-03-23,600843.XSHG,15.74,15.88,15.69,16.02,516821.0,8192283.0,0.476
2021-03-23,600844.XSHG,35.39,33.93,33.58,35.39,5449965.0,185745314.3,4.5966
2021-03-23,600845.XSHG,309.93,313.13,306.61,315.53,538399.0,167331361.55,0.3665
2021-03-23,600846.XSHG,195.2,214.51,194.38,214.51,2679172.0,563256610.64,8.8112
2021-03-23,600847.XSHG,16.32,16.13,16.06,16.37,358767.0,5800261.0,0.4365
2021-03-23,600848.XSHG,42.48,42.16,42.14,42.69,542361.0,22964006.0,0.102
2021-03-23,600850.XSHG,204.6,198.44,196.05,204.6,3805401.0,767231715.32,6.2445
2021-03-23,600851.XSHG,151.8,151.02,149.85,152.58,82826.0,12502153.98,0.2189
2021-03-23,600853.XSHG,8.33,8.33,8.27,8.4,1164592.0,9692051.93,0.439
2021-03-23,600854.XSHG,21.87,21.43,21.25,21.87,428079.0,9197346.58,0.5076
2021-03-23,600855.XSHG,22.56,22.38,22.3,22.64,1650449.0,37104632.24,0.7786
2021-03-23,600856.XSHG,8.04,8.1,7.86,8.22,1809378.0,14675380.8,0.7917
2021-03-23,600857.XSHG,55.3,54.72,54.43,57.08,610588.0,33886749.02,1.5663
2021-03-23,600858.XSHG,45.33,46.3,44.63,46.58,268141.0,12285108.29,0.3607
2021-03-23,600859.XSHG,133.95,135.85,133.11,137.96,2835043.0,385828751.3,1.6114
2021-03-23,600860.XSHG,8.64,8.44,8.37,8.74,2188753.0,18609248.02,1.1426
2021-03-23,600861.XSHG,38.26,38.26,37.99,38.62,512918.0,19662249.0,0.392
2021-03-23,600862.XSHG,200.73,200.65,195.86,202.18,1428142.0,284007713.79,0.7807
2021-03-23,600863.XSHG,47.96,46.48,46.3,48.14,2931668.0,137956267.04,0.9309
2021-03-23,600864.XSHG,64.62,65.46,64.2,66.3,4769258.0,312033683.53,2.4008
2021-03-23,600865.XSHG,40.43,40.21,39.99,40.48,224277.0,9013965.34,0.3301
2021-03-23,600866.XSHG,57.63,57.48,57.04,57.77,236548.0,13576760.0,0.4777
2021-03-23,600867.XSHG,427.17,428.86,423.79,430.21,302542.0,129223383.92,0.5044
2021-03-23,600868.XSHG,113.07,109.85,108.78,113.79,1982875.0,219598895.51,3.7379
2021-03-23,600869.XSHG,40.84,40.52,39.98,42.12,1754068.0,71668134.74,0.8449
2021-03-23,600870.XSHG,28.25,28.09,28.0,28.75,567639.0,16061105.27,0.8989
2021-03-23,600871.XSHG,5.09,4.99,4.96,5.11,9416826.0,47377962.31,0.1722
2021-03-23,600872.XSHG,559.94,558.78,546.17,564.68,609176.0,337360499.86,0.8847
2021-03-23,600873.XSHG,45.93,44.66,44.36,46.16,5979276.0,269997564.29,1.4537
2021-03-23,600874.XSHG,11.28,11.01,10.9,11.3,4966966.0,54926137.28,0.7748
2021-03-23,600875.XSHG,42.13,39.66,39.07,42.13,25406074.0,1025800214.16,3.9238
2021-03-23,600876.XSHG,24.77,24.96,24.77,25.6,5918590.0,149208485.14,3.0292
2021-03-23,600877.XSHG,60.52,60.61,60.01,61.86,1114049.0,67944864.78,0.7534
2021-03-23,600879.XSHG,266.21,261.1,258.54,268.03,1040704.0,272723316.99,1.3976
2021-03-23,600880.XSHG,160.18,157.72,154.55,168.99,1358198.0,217674017.06,4.3746
2021-03-23,600881.XSHG,154.32,154.84,153.8,156.93,397937.0,61722004.55,0.6386
2021-03-23,600882.XSHG,136.23,136.15,135.19,139.89,1133771.0,155346758.57,0.7
2021-03-23,600883.XSHG,43.03,43.08,42.8,44.21,635372.0,27630763.0,1.2656
2021-03-23,600884.XSHG,507.46,498.6,493.02,515.01,637321.0,319279600.39,1.285
2021-03-23,600885.XSHG,186.33,184.9,183.28,187.84,1143803.0,211819249.87,0.6089
2021-03-23,600886.XSHG,483.66,471.12,467.26,485.59,743198.0,351965457.1,0.5145
2021-03-23,600887.XSHG,3322.92,3306.79,3275.39,3359.42,384318.0,1272674119.21,0.5501
2021-03-23,600888.XSHG,76.48,72.75,71.17,76.93,3977722.0,290963967.92,5.3461
2021-03-23,600889.XSHG,21.59,21.08,20.94,21.63,1318035.0,27866689.99,1.8023
2021-03-23,600890.XSHG,26.64,25.34,25.15,26.82,2898649.0,74418652.1,3.1004
2021-03-23,600891.XSHG,4.4,4.4,4.4,4.4,860.0,3784.0,0.0011
2021-03-23,600892.XSHG,26.66,27.33,25.08,27.33,4513377.0,118328525.96,5.0608
2021-03-23,600893.XSHG,173.25,172.27,171.91,177.22,6371637.0,1106605129.75,1.0989
2021-03-23,600894.XSHG,31.06,30.67,30.42,31.09,1893442.0,58076295.05,0.7815
2021-03-23,600895.XSHG,328.67,330.66,328.67,333.05,275521.0,91113686.66,0.3544
2021-03-23,600896.XSHG,25.19,23.86,23.86,25.34,6189381.0,151683877.84,3.5181
2021-03-23,600897.XSHG,94.51,93.28,93.23,95.02,169126.0,15880399.74,0.2901
2021-03-23,600898.XSHG,15.37,15.34,15.1,15.58,928700.0,14225580.0,0.995
2021-03-23,600900.XSHG,66.88,66.31,65.74,67.8,28080334.0,1873830704.64,0.3904
2021-03-23,600901.XSHG,6.17,6.21,6.14,6.26,9383808.0,58288785.5,0.3471
2021-03-23,600903.XSHG,14.02,14.74,13.92,15.12,20572384.0,300609835.2,2.5549
2021-03-23,600908.XSHG,7.3,7.2,7.18,7.32,20176530.0,145872623.42,1.2959
2021-03-23,600909.XSHG,6.76,6.82,6.71,6.85,21417622.0,145285258.48,0.6154
2021-03-23,600916.XSHG,20.62,19.16,17.92,21.69,98032980.0,2014249834.6,54.4628
2021-03-23,600917.XSHG,7.82,7.91,7.73,8.15,13860680.0,110442970.68,0.9612
2021-03-23,600918.XSHG,13.55,13.87,13.4,13.96,28423051.0,389239907.28,4.0787
2021-03-23,600919.XSHG,7.8,7.81,7.72,7.88,60670344.0,473680575.6,0.5042
2021-03-23,600926.XSHG,37.17,37.17,36.48,37.56,6995414.0,258331419.15,0.3016
2021-03-23,600928.XSHG,5.55,5.55,5.52,5.58,10995764.0,60971147.82,1.0041
2021-03-23,600929.XSHG,5.53,5.36,5.35,5.53,3860146.0,20841179.0,1.1584
2021-03-23,600933.XSHG,17.48,17.59,17.34,17.68,734555.0,12852583.96,0.0918
2021-03-23,600936.XSHG,3.11,3.08,3.08,3.12,2490386.0,7694962.98,0.1529
2021-03-23,600939.XSHG,3.82,3.75,3.74,3.83,2034555.0,7689018.72,0.1172
2021-03-23,600956.XSHG,12.04,12.04,12.04,12.04,4748304.0,57160910.86,3.5737
2021-03-23,600958.XSHG,10.48,10.65,10.4,10.74,45141904.0,477487350.34,0.858
2021-03-23,600959.XSHG,4.34,4.32,4.29,4.37,11415230.0,49282174.0,0.3434
2021-03-23,600960.XSHG,16.39,15.94,15.9,16.47,1851466.0,29772347.0,0.8626
2021-03-23,600961.XSHG,10.34,9.75,9.45,10.49,7232214.0,71149099.6,2.0636
2021-03-23,600962.XSHG,13.76,13.61,13.48,13.76,708085.0,9636162.74,0.5277
2021-03-23,600963.XSHG,26.21,24.78,24.65,26.38,20330800.0,511847726.11,5.0112
2021-03-23,600965.XSHG,11.88,12.32,11.84,12.53,4234143.0,52008414.07,1.0797
2021-03-23,600966.XSHG,106.13,102.93,102.16,106.34,2079346.0,215498047.4,1.0839
2021-03-23,600967.XSHG,53.67,52.57,52.21,53.88,2688926.0,142151283.23,0.8292
2021-03-23,600968.XSHG,2.78,2.72,2.7,2.82,158281801.0,436113829.37,8.6117
2021-03-23,600969.XSHG,14.59,14.02,13.96,14.59,4245103.0,60340889.46,2.3578
2021-03-23,600970.XSHG,135.64,131.04,129.32,138.28,3243927.0,430441639.11,2.4585
2021-03-23,600971.XSHG,51.29,49.17,48.99,51.29,1541383.0,76610207.4,1.1806
2021-03-23,600973.XSHG,37.75,37.14,36.79,37.84,883649.0,32952501.49,0.6153
2021-03-23,600975.XSHG,54.17,53.88,53.59,54.32,857283.0,46144090.42,0.9564
2021-03-23,600976.XSHG,79.92,79.02,77.61,80.54,394173.0,31041320.19,0.753
2021-03-23,600977.XSHG,15.78,15.61,15.42,16.01,15543108.0,243879071.12,0.8979
2021-03-23,600979.XSHG,18.07,17.59,17.31,18.07,6532305.0,115289745.8,2.8773
2021-03-23,600980.XSHG,30.76,28.16,27.91,30.78,7586348.0,218971650.39,8.9182
2021-03-23,600981.XSHG,14.37,14.13,14.03,14.42,1259489.0,17846977.58,0.2765
2021-03-23,600982.XSHG,15.37,15.94,14.6,16.14,17751289.0,270432550.32,9.6129
2021-03-23,600983.XSHG,23.25,21.7,21.13,23.25,6807865.0,149577372.1,2.195
2021-03-23,600984.XSHG,27.47,26.34,26.17,27.75,12551009.0,334890295.63,2.7809
2021-03-23,600985.XSHG,43.85,41.85,41.7,44.11,5345983.0,228190472.6,3.0445
2021-03-23,600986.XSHG,23.25,24.06,23.19,24.59,7056292.0,168739136.36,3.1158
2021-03-23,600987.XSHG,34.51,34.45,34.14,34.51,411164.0,14093030.06,0.2769999999999999
2021-03-23,600988.XSHG,85.28,83.97,83.21,85.66,4192303.0,352137428.51,1.491
2021-03-23,600989.XSHG,17.95,17.17,16.97,17.96,41729723.0,721723699.0,2.2183
2021-03-23,600990.XSHG,130.23,131.15,128.91,132.48,530223.0,69449684.66,0.9291
2021-03-23,600992.XSHG,9.64,9.47,9.38,9.75,1526593.0,14459509.95,0.972
2021-03-23,600993.XSHG,224.98,223.79,221.19,227.23,387569.0,86755627.48,1.0665
2021-03-23,600995.XSHG,73.02,69.19,68.48,73.02,2339353.0,164335535.51,4.3479
2021-03-23,600996.XSHG,5.34,5.33,5.3,5.37,1771502.0,9428862.0,0.1769
2021-03-23,600997.XSHG,28.76,26.42,26.13,28.84,15404194.0,421580776.98,3.9189
2021-03-23,600998.XSHG,18.79,18.64,18.45,19.0,4973830.0,93161758.03,0.2759
2021-03-23,600999.XSHG,37.89,37.88,37.33,38.22,13416766.0,507643118.72,0.3493
2021-03-23,601000.XSHG,12.96,12.81,12.71,13.06,5500715.0,70650802.53,0.4718
2021-03-23,601001.XSHG,11.02,10.55,10.51,11.02,10864718.0,116162755.54,1.395
2021-03-23,601002.XSHG,5.76,5.78,5.66,5.78,10060337.0,57472745.14,1.2863
2021-03-23,601003.XSHG,34.99,33.96,33.4,35.25,2870468.0,97791038.08,0.5746
2021-03-23,601005.XSHG,1.72,1.66,1.65,1.73,88047380.0,148500262.5,1.1042
2021-03-23,601006.XSHG,13.04,13.21,13.02,13.23,20598340.0,270991894.01,0.265
2021-03-23,601007.XSHG,8.9,8.76,8.72,8.95,1963181.0,17308919.1,0.73
2021-03-23,601008.XSHG,6.64,6.49,6.48,6.71,11054898.0,72645240.06,1.8088
2021-03-23,601009.XSHG,55.09,54.93,54.49,55.68,8031327.0,442220467.87,0.5114
2021-03-23,601010.XSHG,14.02,14.02,13.88,14.25,2249086.0,31501139.55,0.5575
2021-03-23,601011.XSHG,12.0,11.22,10.99,12.06,34994462.0,400701110.98,5.6783
2021-03-23,601012.XSHG,780.37,766.42,755.88,785.25,5951000.0,4541002790.22,1.5391
2021-03-23,601015.XSHG,15.4,14.17,13.95,15.4,35007892.0,510105203.98,4.4118
2021-03-23,601016.XSHG,10.74,9.97,9.74,11.06,387841346.0,4041267348.66,18.4871
2021-03-23,601018.XSHG,5.18,5.12,5.09,5.23,16755041.0,86024469.6,0.1559
2021-03-23,601019.XSHG,6.61,6.7,6.58,6.72,5662052.0,37861144.82,0.3045
2021-03-23,601020.XSHG,9.33,8.76,8.66,9.36,25872607.0,229661503.92,4.8081
2021-03-23,601021.XSHG,137.22,134.16,131.97,139.52,3053623.0,412072813.34,0.6838
2021-03-23,601028.XSHG,36.07,35.09,35.04,36.09,1137880.0,40323093.84,0.3464
2021-03-23,601038.XSHG,12.53,12.76,11.93,13.04,52303900.0,653894996.9,9.1237
2021-03-23,601058.XSHG,48.45,47.07,46.87,48.65,4747348.0,224956161.67,0.9441
2021-03-23,601066.XSHG,33.22,33.68,32.94,34.13,22194489.0,743897273.37,1.7449
2021-03-23,601068.XSHG,3.61,3.53,3.5,3.61,6433487.0,22812644.0,2.1861
2021-03-23,601069.XSHG,13.11,12.99,12.93,13.19,7006352.0,91179138.56,1.1106
2021-03-23,601077.XSHG,4.58,4.55,4.54,4.58,26277961.0,119699500.56,0.4688
2021-03-23,601086.XSHG,4.53,4.53,4.45,4.55,4969029.0,22318674.0,0.8008
2021-03-23,601088.XSHG,34.13,33.06,32.89,34.26,21765416.0,724300813.53,0.2406
2021-03-23,601098.XSHG,13.52,13.48,13.31,13.63,5428854.0,72836598.64,0.3891
2021-03-23,601099.XSHG,9.42,9.48,9.36,9.56,32287152.0,304999904.75,1.3519
2021-03-23,601100.XSHG,290.12,289.51,284.4,293.32,1536818.0,442117613.13,0.3963
2021-03-23,601101.XSHG,12.45,12.0,11.87,12.54,3779653.0,46010291.78,1.0077
2021-03-23,601106.XSHG,3.01,2.94,2.93,3.01,23581728.0,69698999.03,0.3463
2021-03-23,601107.XSHG,4.24,4.18,4.17,4.3,4498333.0,19013169.0,0.2683
2021-03-23,601108.XSHG,11.74,12.11,11.69,12.33,77039526.0,926764975.69,2.2218
2021-03-23,601111.XSHG,10.6,10.23,10.16,10.76,74425098.0,774248801.23,0.8542
2021-03-23,601113.XSHG,6.59,6.53,6.47,6.59,1102602.0,7201179.0,0.2576
2021-03-23,601116.XSHG,11.0,11.32,10.98,11.43,2320194.0,26085316.66,0.6555
2021-03-23,601117.XSHG,7.86,7.77,7.66,7.9,46289894.0,360094804.15,1.0847
2021-03-23,601118.XSHG,5.6,5.55,5.48,5.62,37493852.0,207848875.58,0.9065
2021-03-23,601126.XSHG,22.57,21.13,20.1,22.57,42028126.0,909528112.8,12.4087
2021-03-23,601127.XSHG,26.81,25.46,24.5,27.1,48445057.0,1243917246.67,5.2938
2021-03-23,601128.XSHG,8.66,8.72,8.62,8.83,18563297.0,162074703.72,0.7821
2021-03-23,601137.XSHG,25.8,24.83,24.69,25.8,4279896.0,107740161.71,1.3094
2021-03-23,601138.XSHG,13.89,13.99,13.87,14.05,18079747.0,252219694.48,0.6388
2021-03-23,601139.XSHG,16.49,17.05,16.44,17.26,13914965.0,235799675.09,1.128
2021-03-23,601155.XSHG,71.43,71.39,70.74,72.95,5114427.0,366510835.62,0.3403
2021-03-23,601158.XSHG,7.95,7.88,7.8,7.95,5378750.0,42291867.09,0.1681
2021-03-23,601162.XSHG,5.81,5.87,5.79,5.93,58221186.0,340786937.07,1.7179
2021-03-23,601163.XSHG,17.89,17.55,17.5,17.93,4406162.0,77674723.39,0.5935
2021-03-23,601166.XSHG,101.66,100.84,99.63,102.96,13894641.0,1400215302.3,0.3058
2021-03-23,601168.XSHG,15.87,14.97,14.58,15.91,54823714.0,822254138.88,2.6049
2021-03-23,601169.XSHG,17.41,17.37,17.3,17.52,25229033.0,438893127.81,0.4319
2021-03-23,601177.XSHG,7.91,7.95,7.88,8.08,3040606.0,24289531.76,0.7796
2021-03-23,601179.XSHG,5.33,5.13,5.08,5.34,54720153.0,283151894.71,1.2009
2021-03-23,601186.XSHG,9.86,9.8,9.75,9.89,24689334.0,242141984.69,0.2676
2021-03-23,601187.XSHG,9.51,9.56,9.37,9.67,14535813.0,137899272.23,5.5078
2021-03-23,601188.XSHG,3.33,3.35,3.31,3.36,1722486.0,5742206.34,0.157
2021-03-23,601198.XSHG,11.74,11.87,11.65,11.94,16981289.0,200674352.29,0.6525
2021-03-23,601199.XSHG,17.57,17.29,17.11,17.61,1702222.0,29411609.73,0.8240000000000001
2021-03-23,601200.XSHG,16.49,16.32,16.12,16.49,12579060.0,204570998.34,1.4813
2021-03-23,601208.XSHG,29.62,29.44,29.12,29.84,1682233.0,49462877.47,0.621
2021-03-23,601211.XSHG,18.36,18.46,18.29,18.56,33229327.0,612257512.23,0.5038
2021-03-23,601212.XSHG,2.83,2.74,2.73,2.84,48299045.0,133635828.0,0.6548
2021-03-23,601216.XSHG,80.19,77.62,77.33,80.48,8338220.0,652396576.25,1.4125
2021-03-23,601218.XSHG,11.9,11.52,11.25,11.92,23410782.0,270497150.1,5.3358
2021-03-23,601222.XSHG,37.41,36.2,35.67,37.6,10905937.0,398329855.72,3.006
2021-03-23,601225.XSHG,13.48,13.08,13.01,13.55,39135837.0,516321573.22,0.4681
2021-03-23,601226.XSHG,6.57,6.4,6.38,6.61,8048541.0,52125370.42,1.0742
2021-03-23,601228.XSHG,3.48,3.43,3.4,3.48,9922184.0,34091600.97,0.1651
2021-03-23,601229.XSHG,23.22,23.57,23.08,23.62,15791736.0,370717529.3,0.3114
2021-03-23,601231.XSHG,39.22,38.22,37.94,39.48,3743211.0,144764646.6,0.3716
2021-03-23,601233.XSHG,66.4,63.39,62.49,67.46,14788219.0,946334071.38,2.005
2021-03-23,601236.XSHG,13.73,13.83,13.6,13.91,8725342.0,120135618.62,0.5944
2021-03-23,601238.XSHG,17.73,17.58,17.53,17.75,9583828.0,168542370.99,0.2255
2021-03-23,601258.XSHG,6.4,6.4,6.3,6.45,6213923.0,39595811.79,0.3137
2021-03-23,601288.XSHG,5.57,5.57,5.52,5.61,107727147.0,599073411.5,0.0601
2021-03-23,601298.XSHG,7.58,7.32,7.32,7.62,13340879.0,98929506.6,0.7681
2021-03-23,601311.XSHG,34.5,32.54,32.54,34.65,15464113.0,517814309.84,3.9871
2021-03-23,601318.XSHG,197.62,198.01,195.71,199.37,20664901.0,4079350322.54,0.4719
2021-03-23,601319.XSHG,6.16,6.16,6.13,6.2,24525556.0,150957358.88,0.4501
2021-03-23,601326.XSHG,3.03,2.98,2.96,3.04,7843264.0,23477232.0,0.1788
2021-03-23,601328.XSHG,9.1,9.12,9.06,9.15,42551752.0,387118974.0,0.2112
2021-03-23,601330.XSHG,9.66,9.42,9.37,9.66,18100230.0,171882281.05,7.1994
2021-03-23,601333.XSHG,3.04,3.01,3.0,3.05,13834415.0,41612176.23,0.3289
2021-03-23,601336.XSHG,53.9,53.93,53.23,54.62,9254067.0,498208727.33,0.487
2021-03-23,601339.XSHG,10.09,9.95,9.95,10.12,2060395.0,20612138.74,0.3254
2021-03-23,601360.XSHG,28.27,28.38,28.19,28.7,9963866.0,282977392.48,0.4164
2021-03-23,601366.XSHG,6.89,6.93,6.87,6.93,1383313.0,9541281.16,0.1805
2021-03-23,601368.XSHG,5.71,5.71,5.67,5.79,3224295.0,18443644.2,0.4035
2021-03-23,601369.XSHG,21.21,20.28,20.22,21.97,34053290.0,714797553.14,4.2781
2021-03-23,601375.XSHG,4.65,4.7,4.6,4.74,68794921.0,321660712.64,2.0642
2021-03-23,601377.XSHG,20.46,20.82,20.36,21.06,48178212.0,998484718.65,1.7337
2021-03-23,601388.XSHG,22.48,20.97,20.97,22.74,48679533.0,1044047614.04,12.5684
2021-03-23,601390.XSHG,7.08,7.02,6.97,7.1,65661329.0,461009874.09,0.3868
2021-03-23,601398.XSHG,10.1,10.1,10.0,10.28,174364083.0,1762122171.56,0.1209
2021-03-23,601399.XSHG,3.98,3.96,3.95,3.99,6647127.0,26371393.93,1.3467
2021-03-23,601456.XSHG,14.79,16.35,14.66,16.35,96243124.0,1495848415.85,20.2311
2021-03-23,601500.XSHG,5.75,5.73,5.65,5.75,2047358.0,11668394.35,0.2432
2021-03-23,601512.XSHG,9.74,9.61,9.57,9.75,1876928.0,18081977.55,0.2398
2021-03-23,601515.XSHG,18.39,18.71,18.39,19.56,5030231.0,94908415.14,1.1914
2021-03-23,601518.XSHG,2.61,2.57,2.55,2.61,2722988.0,6991542.22,0.2577
2021-03-23,601519.XSHG,23.87,23.85,23.47,24.08,5608192.0,133134343.19,0.8205
2021-03-23,601555.XSHG,11.32,11.88,11.28,12.07,90708772.0,1063046714.19,2.7788
2021-03-23,601566.XSHG,17.35,18.53,17.02,18.68,4484035.0,81188254.11,1.224
2021-03-23,601567.XSHG,34.05,33.6,33.5,34.2,1251190.0,42192419.51,0.4518
2021-03-23,601568.XSHG,9.33,9.18,9.17,9.6,13995674.0,130600223.23,3.8757
2021-03-23,601577.XSHG,11.8,11.72,11.65,11.99,13446930.0,158350044.31,1.4422
2021-03-23,601579.XSHG,9.64,9.74,9.62,9.87,9909480.0,96586154.02,2.0857
2021-03-23,601588.XSHG,2.94,2.9,2.89,2.94,7501604.0,21830620.0,0.3542
2021-03-23,601595.XSHG,16.76,16.32,16.21,16.86,4546366.0,74996978.88,1.2776
2021-03-23,601598.XSHG,5.0,4.91,4.79,5.0,24702970.0,121119710.46,1.9418
2021-03-23,601599.XSHG,9.72,9.76,9.53,9.95,4672843.0,45450962.65,1.7079
2021-03-23,601600.XSHG,4.25,4.02,3.98,4.26,234532976.0,956259695.62,1.8309
2021-03-23,601601.XSHG,50.53,50.85,49.95,51.53,25563873.0,1295354143.34,0.4971
2021-03-23,601606.XSHG,10.14,10.02,9.97,10.18,4353112.0,43802662.05,1.4702
2021-03-23,601607.XSHG,23.43,23.16,22.97,23.47,6729621.0,156183181.44,0.4172
2021-03-23,601608.XSHG,5.88,5.74,5.7,5.89,12962481.0,74737496.01,0.4707
2021-03-23,601609.XSHG,10.33,10.06,10.01,10.4,13718489.0,138576168.55,5.7075
2021-03-23,601611.XSHG,8.38,8.24,8.17,8.39,33441589.0,276703162.97,1.3119
2021-03-23,601615.XSHG,19.28,19.17,18.86,19.37,19882534.0,380087720.91,1.9014
2021-03-23,601616.XSHG,6.87,6.89,6.83,6.97,4786626.0,33010904.2,1.0333
2021-03-23,601618.XSHG,3.73,3.65,3.63,3.75,104442765.0,385140048.43,0.6805
2021-03-23,601619.XSHG,3.97,3.8,3.8,4.01,71909422.0,278806925.3,3.5488
2021-03-23,601628.XSHG,39.05,39.28,38.84,39.73,10020225.0,393368179.51,0.0592
2021-03-23,601633.XSHG,110.85,107.04,106.21,111.34,5286281.0,571716134.66,0.331
2021-03-23,601636.XSHG,43.67,42.88,42.02,43.8,8314689.0,356047900.07,1.0225
2021-03-23,601658.XSHG,6.17,6.13,6.08,6.2,61903859.0,379518532.54,0.5721
2021-03-23,601666.XSHG,14.65,14.27,13.99,14.65,6071034.0,86337363.26,0.7101
2021-03-23,601668.XSHG,9.87,9.74,9.65,9.91,134633628.0,1311533699.76,0.6265
2021-03-23,601669.XSHG,4.98,4.91,4.87,5.01,144856220.0,714866101.25,1.5589
2021-03-23,601677.XSHG,22.14,22.47,22.14,23.87,21872641.0,498690304.3,3.744
2021-03-23,601678.XSHG,24.64,23.73,23.44,24.85,11894275.0,282666082.98,2.8982
2021-03-23,601686.XSHG,13.57,12.85,12.84,13.57,31691968.0,417322094.65,23.1122
2021-03-23,601688.XSHG,20.3,20.53,20.15,20.64,50400487.0,1027843892.71,0.8186
2021-03-23,601689.XSHG,51.21,49.2,48.55,51.25,5498952.0,272744796.08,0.8031
2021-03-23,601696.XSHG,17.99,18.47,17.82,18.52,15575593.0,282983247.99,1.0739
2021-03-23,601698.XSHG,15.37,15.27,15.2,15.49,4385588.0,67263605.85,1.077
2021-03-23,601699.XSHG,36.8,35.59,35.53,36.92,4251205.0,153115823.9,0.8601
2021-03-23,601700.XSHG,28.72,27.69,27.45,28.96,2174902.0,61237680.63,1.1554
2021-03-23,601702.XSHG,8.33,7.6,7.56,8.37,52612484.0,412413315.94,21.0762
2021-03-23,601717.XSHG,29.01,27.97,27.54,29.44,16707426.0,469330575.87,2.6636
2021-03-23,601718.XSHG,3.03,2.99,2.98,3.04,13664258.0,41023646.69,0.347
2021-03-23,601727.XSHG,6.41,6.33,6.29,6.56,97507945.0,622360807.84,0.932
2021-03-23,601766.XSHG,7.91,7.86,7.83,8.02,53480048.0,422313526.38,0.2733
2021-03-23,601777.XSHG,6.29,6.22,6.21,6.31,6737949.0,42091522.99,0.1752
2021-03-23,601778.XSHG,6.74,6.49,6.47,6.79,31645816.0,208396542.59,5.3443
2021-03-23,601788.XSHG,20.98,21.67,20.67,21.99,84151063.0,1796050229.37,2.6117
2021-03-23,601789.XSHG,8.95,8.88,8.86,8.97,2435850.0,21666587.52,0.5698
2021-03-23,601798.XSHG,6.59,6.5,6.45,6.72,3662233.0,23963214.0,1.1105
2021-03-23,601799.XSHG,241.17,239.86,237.63,245.82,980160.0,236951775.01,0.4507
2021-03-23,601800.XSHG,9.19,9.14,9.06,9.19,15644034.0,142635053.2,0.1703
2021-03-23,601801.XSHG,11.63,11.7,11.58,11.74,3633368.0,42415064.96,0.429
2021-03-23,601808.XSHG,17.59,17.27,17.09,17.59,6147589.0,106107168.06,0.2398
2021-03-23,601811.XSHG,10.19,10.13,10.09,10.24,891458.0,9061906.0,0.1262
2021-03-23,601816.XSHG,5.71,5.63,5.62,5.76,46798643.0,265213949.22,0.1726
2021-03-23,601818.XSHG,6.24,6.22,6.19,6.3,70758221.0,440548244.8,0.2591
2021-03-23,601827.XSHG,8.55,8.32,8.31,8.65,22117227.0,186963463.53,5.847
2021-03-23,601828.XSHG,11.41,11.26,11.15,11.68,3971416.0,45150650.42,0.1474
2021-03-23,601838.XSHG,12.84,13.05,12.81,13.45,43538459.0,574156150.28,1.3521
2021-03-23,601857.XSHG,6.05,6.01,6.0,6.05,45787605.0,275666312.43,0.0394
2021-03-23,601858.XSHG,10.26,10.23,10.12,10.35,2169138.0,22179936.6,0.2877
2021-03-23,601860.XSHG,4.04,4.04,4.02,4.06,12711098.0,51296735.84,0.7566
2021-03-23,601865.XSHG,27.06,26.16,25.76,27.1,15628482.0,411191999.8,3.5182
2021-03-23,601866.XSHG,2.85,2.76,2.74,2.85,57514770.0,159694088.54,0.7536
2021-03-23,601869.XSHG,24.89,24.49,24.22,24.94,1201191.0,29518109.57,1.1617
2021-03-23,601872.XSHG,6.89,6.71,6.66,6.91,27675996.0,186645567.3,0.6178
2021-03-23,601877.XSHG,65.19,65.61,64.78,66.98,7018461.0,462337879.78,0.5945
2021-03-23,601878.XSHG,13.53,13.76,13.45,13.94,48678221.0,668104514.33,1.3906
2021-03-23,601880.XSHG,4.69,4.64,4.61,4.72,25556118.0,118687694.33,0.3834
2021-03-23,601881.XSHG,10.87,11.0,10.82,11.17,23157157.0,254493568.23,0.377
2021-03-23,601882.XSHG,14.26,13.72,13.55,14.41,5497309.0,76121273.02,1.0729
2021-03-23,601886.XSHG,19.44,19.13,18.89,20.11,9968422.0,193163995.61,2.0604
2021-03-23,601888.XSHG,686.47,653.83,634.19,686.69,5398250.0,3528611967.87,0.6025
2021-03-23,601890.XSHG,14.83,14.71,14.63,14.83,2262671.0,33287056.21,0.6623
2021-03-23,601898.XSHG,6.61,6.41,6.29,6.62,32956044.0,210481859.44,0.4369
2021-03-23,601899.XSHG,21.19,19.92,19.66,21.31,222762361.0,4499471589.09,2.2299
2021-03-23,601900.XSHG,8.88,8.84,8.78,8.88,1570185.0,13858111.99,0.1922
2021-03-23,601901.XSHG,9.08,9.22,9.03,9.29,51027331.0,467328005.79,0.6433
2021-03-23,601908.XSHG,40.03,37.88,37.79,40.03,29555521.0,1150895694.71,6.3907
2021-03-23,601916.XSHG,4.37,4.36,4.34,4.39,17235195.0,75042196.19,0.2581
2021-03-23,601918.XSHG,4.78,4.66,4.58,4.8,26132157.0,121971309.75,1.5405
2021-03-23,601919.XSHG,13.61,12.7,12.52,13.73,201135243.0,2605200840.91,2.4232
2021-03-23,601928.XSHG,8.17,8.16,8.08,8.19,3652348.0,29732760.62,0.1763
2021-03-23,601929.XSHG,4.1,3.99,3.99,4.1,6311286.0,25527829.0,0.4452
2021-03-23,601933.XSHG,63.04,62.67,62.49,63.13,2543670.0,159379260.59,0.244
2021-03-23,601939.XSHG,13.61,13.56,13.43,13.76,53657375.0,726428397.68,1.043
2021-03-23,601949.XSHG,7.95,7.99,7.86,8.1,17081223.0,136380972.45,0.992
2021-03-23,601952.XSHG,15.26,15.56,15.2,15.68,14232274.0,220165160.02,1.4340000000000002
2021-03-23,601956.XSHG,8.54,8.45,8.41,8.8,19701271.0,168478324.95,9.5175
2021-03-23,601958.XSHG,8.85,8.57,8.52,8.88,12433549.0,107204710.38,0.5456
2021-03-23,601963.XSHG,11.85,12.26,11.68,12.58,64832274.0,782005549.59,18.6594
2021-03-23,601965.XSHG,25.81,25.4,25.14,25.97,1314508.0,33514263.44,0.2359
2021-03-23,601966.XSHG,49.91,49.91,48.85,50.93,11028361.0,549513825.0,0.8654
2021-03-23,601968.XSHG,7.92,7.78,7.61,8.1,5169444.0,40441724.8,0.6336
2021-03-23,601969.XSHG,5.78,5.62,5.59,5.8,9775398.0,55229511.04,0.5041
2021-03-23,601975.XSHG,2.4,2.37,2.35,2.41,37393370.0,88727572.32,1.0431
2021-03-23,601985.XSHG,6.31,6.08,6.06,6.32,99894221.0,613545409.02,0.7065
2021-03-23,601988.XSHG,6.33,6.33,6.29,6.35,72191811.0,456097331.05,0.0659
2021-03-23,601989.XSHG,6.91,6.88,6.84,6.91,22968148.0,157870207.56,0.2118
2021-03-23,601990.XSHG,12.4,12.51,12.3,12.59,18468362.0,229996888.35,1.0903
2021-03-23,601991.XSHG,8.44,8.34,8.07,8.89,158077382.0,1337956742.18,4.1871
2021-03-23,601992.XSHG,6.67,6.67,6.65,6.83,19102760.0,128488088.12,0.5183
2021-03-23,601995.XSHG,50.46,50.67,49.15,51.48,21397926.0,1074653288.5,8.2212
2021-03-23,601996.XSHG,17.13,16.02,15.49,17.13,23365809.0,377891771.21,9.6003
2021-03-23,601997.XSHG,13.12,13.12,12.99,13.2,14347100.0,187913464.61,0.7298
2021-03-23,601998.XSHG,8.25,8.21,8.16,8.3,12893560.0,105938900.9,0.0583
2021-03-23,601999.XSHG,6.42,6.39,6.32,6.43,1744063.0,11112480.72,0.3432
2021-03-23,603000.XSHG,71.14,70.51,70.47,72.27,2732127.0,194779894.68,1.0352
2021-03-23,603001.XSHG,9.19,9.19,9.14,9.38,911117.0,8397514.9,0.2921
2021-03-23,603002.XSHG,10.28,9.88,9.85,10.33,5254974.0,52651318.3,1.3741
2021-03-23,603003.XSHG,7.54,7.45,7.41,7.56,2784585.0,20792878.54,0.6765
2021-03-23,603005.XSHG,81.18,82.63,81.18,84.84,5541703.0,461201387.1,2.4596
2021-03-23,603006.XSHG,19.84,20.02,19.65,20.21,594184.0,11891536.5,0.6399
2021-03-23,603007.XSHG,13.18,14.44,12.93,14.44,2561708.0,35227948.0,1.9707
2021-03-23,603008.XSHG,40.74,39.98,39.52,41.18,2813183.0,112602250.3,1.1443
2021-03-23,603009.XSHG,14.24,14.09,14.06,14.55,1671176.0,23837139.06,1.3145
2021-03-23,603010.XSHG,92.79,93.56,92.31,96.5,2999159.0,281520588.73,2.7785
2021-03-23,603011.XSHG,10.38,10.25,10.19,10.46,1666175.0,17154302.0,0.7766
2021-03-23,603012.XSHG,12.62,12.41,12.39,12.66,2034741.0,25398395.0,0.6579
2021-03-23,603013.XSHG,15.45,15.19,15.01,15.52,1697505.0,25886471.0,2.9887
2021-03-23,603015.XSHG,12.92,12.6,12.54,12.92,1066510.0,13461150.0,0.5559
2021-03-23,603016.XSHG,36.37,35.5,34.83,36.94,1968084.0,70334350.0,1.429
2021-03-23,603017.XSHG,44.76,44.45,44.22,44.85,311379.0,13858194.0,0.5046
2021-03-23,603018.XSHG,66.72,66.15,65.64,67.12,641639.0,42615042.24,0.6533
2021-03-23,603019.XSHG,115.98,115.02,114.71,116.73,2815679.0,325126520.28,0.8589
2021-03-23,603020.XSHG,20.06,19.84,19.78,20.47,1322403.0,26630918.31,0.8923
2021-03-23,603021.XSHG,14.52,14.31,14.07,14.6,681443.0,9748019.2,0.5676
2021-03-23,603022.XSHG,27.26,27.13,26.67,27.61,428729.0,11558057.5,0.5446
2021-03-23,603023.XSHG,28.33,27.65,27.44,28.33,195892.0,5427966.35,0.2385
2021-03-23,603025.XSHG,47.1,45.41,45.16,47.35,3840733.0,176244089.81,0.9526
2021-03-23,603026.XSHG,71.56,68.72,67.89,71.86,6624694.0,458680125.74,3.4806
2021-03-23,603027.XSHG,147.07,143.56,141.83,148.08,1995300.0,288356940.31,1.2142
2021-03-23,603028.XSHG,12.76,12.55,12.43,12.76,1211904.0,15200403.6,0.5542
2021-03-23,603029.XSHG,12.27,12.2,12.13,12.42,415107.0,5079496.0,0.4541
2021-03-23,603030.XSHG,14.13,13.95,13.8,14.13,1010007.0,14045747.0,0.5729
2021-03-23,603031.XSHG,40.65,40.63,39.8,41.4,429294.0,17468262.2,0.5428
2021-03-23,603032.XSHG,14.82,14.42,14.31,15.21,4053742.0,59147350.72,3.0653
2021-03-23,603033.XSHG,58.4,58.37,58.01,58.88,154509.0,9019439.24,0.1755
2021-03-23,603035.XSHG,12.39,12.27,12.21,12.41,2904012.0,35691039.0,0.9271
2021-03-23,603036.XSHG,8.35,8.24,8.14,8.37,837788.0,6913290.0,0.4207
2021-03-23,603037.XSHG,23.73,23.58,23.44,23.73,270513.0,6365434.8,0.3766
2021-03-23,603038.XSHG,36.9,36.53,35.12,37.07,502021.0,18167097.65,0.7848
2021-03-23,603039.XSHG,251.41,260.67,250.14,263.26,201676.0,52222110.64,0.2908
2021-03-23,603040.XSHG,51.95,51.54,51.22,52.28,239619.0,12362739.62,0.4093
2021-03-23,603041.XSHG,20.33,19.94,19.79,20.38,754382.0,15087376.2,0.7735
2021-03-23,603042.XSHG,13.3,13.36,13.26,13.46,1558252.0,20845942.0,1.1572
2021-03-23,603043.XSHG,38.2,38.21,37.63,38.6,1330658.0,50635539.93,0.3419
2021-03-23,603045.XSHG,17.11,16.49,16.21,17.26,4639544.0,77092263.29,6.9492
2021-03-23,603050.XSHG,15.7,15.26,15.19,15.8,1511852.0,23242100.47,1.1727
2021-03-23,603053.XSHG,10.73,11.28,10.68,11.46,11516825.0,128966077.54,2.0842
2021-03-23,603055.XSHG,8.91,8.94,8.82,9.15,2016450.0,18052904.8,0.3805
2021-03-23,603056.XSHG,13.5,13.57,13.39,13.61,3974973.0,53619252.52,0.4239
2021-03-23,603058.XSHG,8.12,8.37,8.12,8.37,5831560.0,48608315.0,1.432
2021-03-23,603059.XSHG,28.43,27.79,27.5,28.43,489063.0,13656117.75,0.6183
2021-03-23,603060.XSHG,57.19,54.55,53.76,57.45,8466845.0,468707508.66,3.9821
2021-03-23,603063.XSHG,16.52,15.9,15.87,16.68,7558749.0,121715138.57,1.7913
2021-03-23,603066.XSHG,24.63,24.57,24.48,24.97,391187.0,9641177.0,0.4016
2021-03-23,603067.XSHG,15.97,15.58,15.27,15.97,5288758.0,82198672.84,2.5105
2021-03-23,603068.XSHG,57.26,55.02,54.67,57.73,1265947.0,70870131.36,1.3537
2021-03-23,603069.XSHG,20.12,20.38,19.71,21.15,14441543.0,294669715.11,4.6682
2021-03-23,603076.XSHG,47.8,49.4,47.2,50.5,1204253.0,58953608.55,1.6399
2021-03-23,603077.XSHG,21.31,20.9,20.62,21.31,12963362.0,271152441.9,2.0448
2021-03-23,603078.XSHG,68.07,68.26,67.88,72.14,4736950.0,332234365.72,7.9975
2021-03-23,603079.XSHG,43.39,42.66,42.54,43.55,436949.0,18736288.4,0.5069
2021-03-23,603080.XSHG,11.37,11.61,11.28,12.0,5285568.0,61447023.36,3.7747
2021-03-23,603081.XSHG,11.67,11.77,11.6,11.86,2453402.0,28833743.0,0.627
2021-03-23,603083.XSHG,26.68,26.28,26.05,26.83,1663523.0,43913201.53,1.4675
2021-03-23,603085.XSHG,18.41,17.88,17.8,18.41,3186598.0,57606094.2,2.2665
2021-03-23,603086.XSHG,30.4,30.24,30.08,30.66,396433.0,12050423.6,0.5053
2021-03-23,603087.XSHG,177.52,178.37,175.62,179.84,578383.0,102765277.06,1.4422
2021-03-23,603088.XSHG,21.35,21.26,21.05,21.56,245206.0,5210216.52,0.3289
2021-03-23,603089.XSHG,23.2,22.11,21.78,23.33,1507250.0,33597332.47,1.4187
2021-03-23,603090.XSHG,14.51,13.93,13.75,14.53,4362208.0,61259260.0,4.4728
2021-03-23,603093.XSHG,15.59,15.59,15.36,15.66,2375030.0,36834210.0,2.1563
2021-03-23,603095.XSHG,22.85,22.73,22.66,22.97,475000.0,10820108.0,1.4394
2021-03-23,603096.XSHG,51.26,53.18,50.55,53.51,378316.0,19840156.21,0.2895
2021-03-23,603098.XSHG,22.32,21.32,21.12,24.25,47206855.0,1074359783.67,12.3651
2021-03-23,603099.XSHG,8.94,8.64,8.62,8.94,1512514.0,13243343.0,0.5819
2021-03-23,603100.XSHG,16.61,16.07,15.95,16.61,6217260.0,100656988.96,1.7133
2021-03-23,603101.XSHG,9.4,9.6,9.38,9.68,1265604.0,12103687.91,0.5345
2021-03-23,603103.XSHG,22.9,22.93,22.77,23.25,2318116.0,53157504.9,0.5262
2021-03-23,603105.XSHG,8.52,8.3,8.26,8.52,9607463.0,80431801.9,3.1415
2021-03-23,603106.XSHG,9.7,9.8,9.61,10.04,3267633.0,32109426.89,1.1739
2021-03-23,603108.XSHG,59.07,59.51,59.01,60.39,592498.0,35351216.33,0.5623
2021-03-23,603109.XSHG,21.54,21.27,21.25,21.74,679636.0,14540429.0,1.4671
2021-03-23,603110.XSHG,52.83,52.92,52.53,54.16,753608.0,39972492.2,0.778
2021-03-23,603111.XSHG,14.2,14.1,13.99,14.2,1174952.0,16536934.95,0.3622
2021-03-23,603112.XSHG,11.14,10.9,10.86,11.29,3732521.0,41200049.5,7.016
2021-03-23,603113.XSHG,21.53,20.12,19.58,21.56,15129932.0,308802190.67,2.2082
2021-03-23,603115.XSHG,16.07,15.41,15.29,16.17,2470162.0,38656513.0,4.9246
2021-03-23,603116.XSHG,9.06,8.92,8.88,9.14,1499260.0,13442952.6,0.3997
2021-03-23,603117.XSHG,5.29,5.18,5.14,5.29,2186564.0,11341202.8,0.5087
2021-03-23,603118.XSHG,20.75,20.73,20.61,20.85,1426620.0,29548702.98,0.4402
2021-03-23,603121.XSHG,14.59,14.28,14.23,14.64,1040828.0,14966933.96,1.2846
2021-03-23,603123.XSHG,7.9,7.81,7.8,7.93,1265921.0,9921660.77,0.2803
2021-03-23,603126.XSHG,19.36,20.46,19.13,20.46,76350797.0,1538263495.37,19.7768
2021-03-23,603127.XSHG,365.41,374.7,365.16,375.81,562147.0,208565036.88,0.6871
2021-03-23,603128.XSHG,41.63,40.4,39.98,42.55,6413937.0,262736406.08,1.3648
2021-03-23,603129.XSHG,138.51,133.87,132.42,140.45,1185311.0,160152880.76,0.9139
2021-03-23,603131.XSHG,56.43,55.57,55.22,56.63,537872.0,29868199.44,0.524
2021-03-23,603133.XSHG,12.59,12.05,11.98,12.6,4963752.0,60483193.57,2.4
2021-03-23,603136.XSHG,48.04,47.62,46.41,48.34,887479.0,42020473.15,1.166
2021-03-23,603138.XSHG,36.45,36.48,35.64,36.82,543410.0,19636278.12,0.6665
2021-03-23,603139.XSHG,16.56,16.31,16.22,16.65,385659.0,6308216.36,0.3943
2021-03-23,603155.XSHG,36.89,36.01,36.0,37.31,1423000.0,51923596.0,3.659
2021-03-23,603156.XSHG,67.91,68.24,67.44,69.28,705013.0,48171139.72,0.1531
2021-03-23,603157.XSHG,2.11,2.15,2.04,2.15,7219849.0,15197583.0,5.239
2021-03-23,603158.XSHG,39.19,37.61,37.49,39.19,411638.0,15583885.72,0.3987
2021-03-23,603159.XSHG,18.83,18.55,18.16,18.93,677588.0,12524205.15,0.7071
2021-03-23,603160.XSHG,114.56,113.0,112.42,117.1,2810361.0,321959662.47,0.6324
2021-03-23,603161.XSHG,18.65,18.19,18.04,19.63,1861487.0,34103119.74,1.4419
2021-03-23,603165.XSHG,28.45,28.29,27.91,28.54,1720828.0,48666330.8,1.4309
2021-03-23,603166.XSHG,8.66,8.62,8.5,8.68,2111049.0,18155097.28,0.4757
2021-03-23,603167.XSHG,11.77,11.24,11.19,11.87,12672765.0,144713116.35,3.4448
2021-03-23,603168.XSHG,29.73,29.25,29.06,29.73,246726.0,7237901.66,0.3626
2021-03-23,603169.XSHG,7.18,6.88,6.78,7.21,13723654.0,95091228.73,2.1235
2021-03-23,603177.XSHG,12.58,12.04,11.98,12.6,2554399.0,31181731.8,1.2797
2021-03-23,603178.XSHG,9.05,8.71,8.68,9.05,1247838.0,10980591.0,0.6354
2021-03-23,603179.XSHG,60.59,60.03,59.32,60.98,386875.0,23202334.49,0.2341
2021-03-23,603180.XSHG,107.59,107.68,103.39,109.29,983113.0,104837355.28,1.4038
2021-03-23,603181.XSHG,38.58,38.16,38.03,38.75,462640.0,17743833.66,0.2413
2021-03-23,603183.XSHG,22.9,22.5,22.39,22.9,1075065.0,24203626.56,1.0791
2021-03-23,603185.XSHG,243.99,240.66,236.81,246.76,1113798.0,267800948.69,2.6264
2021-03-23,603186.XSHG,40.65,40.4,39.32,40.84,2918761.0,117022551.03,2.1278
2021-03-23,603187.XSHG,105.26,103.58,102.83,105.38,475450.0,49365036.49,0.728
2021-03-23,603188.XSHG,12.66,12.43,12.4,12.71,663767.0,8331044.0,0.249
2021-03-23,603189.XSHG,17.27,16.32,16.31,17.56,4811002.0,80187783.54,2.2052
2021-03-23,603192.XSHG,23.96,23.44,23.4,23.96,292794.0,6916285.0,1.1276
2021-03-23,603195.XSHG,182.8,179.17,177.27,183.59,1008610.0,181486343.07,1.3664
2021-03-23,603196.XSHG,5.73,5.66,5.57,5.74,1190700.0,6715471.0,0.5198
2021-03-23,603197.XSHG,34.9,34.72,34.55,35.13,378846.0,13190123.33,0.3383
2021-03-23,603198.XSHG,34.89,36.53,34.71,37.08,9623290.0,348894028.33,1.4227
2021-03-23,603199.XSHG,23.21,22.79,22.61,23.4,1141387.0,26237482.41,1.0656
2021-03-23,603200.XSHG,40.8,39.56,39.13,44.88,7759782.0,324266556.8,10.8175
2021-03-23,603203.XSHG,45.45,44.9,44.64,46.06,249618.0,11220688.4,0.2808
2021-03-23,603208.XSHG,145.5,145.11,144.0,147.18,395903.0,57619171.35,0.5168
2021-03-23,603212.XSHG,30.92,30.29,30.11,31.38,811676.0,24933474.51,2.0324
2021-03-23,603214.XSHG,28.83,27.89,27.84,28.83,1448281.0,40876580.38,2.6731
2021-03-23,603217.XSHG,36.33,35.83,35.72,36.4,226886.0,8142018.4,0.7054
2021-03-23,603218.XSHG,64.42,63.96,63.43,65.97,2237522.0,144634091.45,0.5135
2021-03-23,603220.XSHG,11.84,11.86,11.77,11.95,1736212.0,20596994.4,0.9478
2021-03-23,603221.XSHG,11.79,11.66,11.63,11.87,1018543.0,11935509.0,1.6975
2021-03-23,603222.XSHG,33.09,30.6,30.25,33.6,15350065.0,483091578.0,9.7392
2021-03-23,603223.XSHG,47.94,47.82,47.46,48.7,1179615.0,56644900.28,0.8349
2021-03-23,603225.XSHG,33.31,32.92,32.5,33.99,2686903.0,88537251.59,0.3964
2021-03-23,603226.XSHG,21.38,21.28,21.14,21.48,230408.0,4891722.01,0.2652
2021-03-23,603227.XSHG,9.88,9.74,9.64,9.93,4660571.0,45473679.0,1.4632
2021-03-23,603228.XSHG,54.45,54.24,54.0,54.83,785146.0,42642699.11,0.1914
2021-03-23,603229.XSHG,53.36,54.54,53.16,54.83,1564627.0,84992089.0,0.9869
2021-03-23,603232.XSHG,50.05,50.51,49.65,51.61,1162584.0,58883155.45,1.7378
2021-03-23,603233.XSHG,129.7,132.02,129.38,133.96,1194210.0,157362484.27,0.2913
2021-03-23,603236.XSHG,268.34,257.22,253.76,268.34,1002403.0,258306268.92,1.6973
2021-03-23,603238.XSHG,27.84,27.5,27.29,28.07,654005.0,17967188.22,0.5583
2021-03-23,603239.XSHG,52.95,52.28,52.21,53.55,174797.0,9185829.0,0.2164
2021-03-23,603256.XSHG,10.28,10.33,10.16,10.4,4240127.0,43478257.0,3.1554
2021-03-23,603258.XSHG,28.45,28.33,27.98,28.78,1944785.0,55009151.12,0.8383
2021-03-23,603259.XSHG,246.53,243.94,240.36,249.85,7246584.0,1773335195.22,1.0143
2021-03-23,603260.XSHG,70.59,68.09,67.26,70.88,3787671.0,259717770.27,0.5841
2021-03-23,603266.XSHG,21.15,21.01,20.89,21.3,649689.0,13711114.44,0.6671
2021-03-23,603267.XSHG,177.7,177.41,174.71,182.09,1318353.0,234546022.39,1.1816
2021-03-23,603268.XSHG,24.26,23.73,23.29,24.27,767433.0,18206747.0,0.8793
2021-03-23,603269.XSHG,11.95,11.71,11.66,11.95,440275.0,5169583.46,0.4431
2021-03-23,603277.XSHG,16.91,16.99,16.37,16.99,2839823.0,47485987.4,0.7333
2021-03-23,603278.XSHG,11.9,11.8,11.68,11.91,916918.0,10836776.56,0.456
2021-03-23,603279.XSHG,22.81,22.12,22.07,22.81,3260441.0,73037334.68,1.805
2021-03-23,603283.XSHG,27.37,26.36,26.19,27.37,2374237.0,63520069.3,1.4031
2021-03-23,603286.XSHG,14.28,14.18,14.05,14.31,507398.0,7180460.0,0.5848
2021-03-23,603288.XSHG,712.81,703.34,694.1,721.81,1471020.0,1034280645.0,0.215
2021-03-23,603289.XSHG,10.95,10.91,10.81,10.99,422964.0,4605831.4,0.217
2021-03-23,603290.XSHG,173.27,172.79,169.49,176.6,1551230.0,267781807.55,1.968
2021-03-23,603297.XSHG,55.62,56.19,55.38,57.28,607525.0,34372906.92,1.5806
2021-03-23,603298.XSHG,36.36,36.74,35.77,37.75,6087736.0,224333533.2,1.0699
2021-03-23,603299.XSHG,8.44,7.93,7.9,8.46,18627217.0,150893794.79,3.468
2021-03-23,603300.XSHG,24.18,24.74,24.18,24.88,2597141.0,64003947.99,0.841
2021-03-23,603301.XSHG,105.47,105.31,104.29,106.81,998530.0,105596988.56,1.8555
2021-03-23,603303.XSHG,28.36,27.69,27.64,28.87,1112101.0,31328544.36,0.4932
2021-03-23,603305.XSHG,33.69,32.97,32.77,33.69,2652738.0,87637997.97,0.6015
2021-03-23,603306.XSHG,49.61,50.73,49.59,51.7,1153389.0,58487890.8,0.8265
2021-03-23,603308.XSHG,27.37,26.66,26.39,27.37,2558082.0,68381886.09,0.5383
2021-03-23,603309.XSHG,33.13,33.81,32.94,33.94,445682.0,14941093.8,0.4636
2021-03-23,603311.XSHG,12.47,12.37,12.26,12.81,2261213.0,28317496.0,1.1307
2021-03-23,603313.XSHG,52.04,46.73,46.73,52.38,6633581.0,321380312.68,2.6231
2021-03-23,603315.XSHG,26.59,26.84,26.45,27.0,1304647.0,34950270.0,1.2125
2021-03-23,603316.XSHG,7.21,7.3,7.05,7.93,13264732.0,97094234.1,6.63
2021-03-23,603317.XSHG,66.25,64.9,63.91,66.7,2160439.0,140731344.94,2.5273
2021-03-23,603318.XSHG,19.93,19.99,19.68,20.38,1405962.0,28178154.0,1.0554
2021-03-23,603319.XSHG,44.17,43.82,43.54,45.15,1558801.0,69138902.6,2.0214
2021-03-23,603320.XSHG,14.09,13.92,13.84,14.25,655022.0,9171776.5,0.6692
2021-03-23,603321.XSHG,7.38,7.25,7.23,7.4,1643179.0,11980901.0,0.5476
2021-03-23,603322.XSHG,30.82,30.49,30.29,30.9,760620.0,23227214.68,0.9589
2021-03-23,603323.XSHG,7.48,7.48,7.42,7.51,9571402.0,71478688.24,1.0235
2021-03-23,603326.XSHG,23.91,24.27,23.67,24.56,1561129.0,37764922.07,1.0072
2021-03-23,603327.XSHG,17.76,17.57,17.42,17.87,1022188.0,17975145.06,1.0072
2021-03-23,603328.XSHG,19.82,19.88,19.68,19.88,713855.0,14134653.73,0.1985
2021-03-23,603329.XSHG,12.74,12.67,12.54,12.81,1301375.0,16493633.63,1.0095
2021-03-23,603330.XSHG,79.38,78.96,78.56,80.87,330254.0,26142830.47,0.5655
2021-03-23,603331.XSHG,13.47,13.55,13.34,13.66,695058.0,9396977.4,0.5683
2021-03-23,603332.XSHG,19.77,18.98,18.73,19.81,3856598.0,73807167.25,13.6337
2021-03-23,603333.XSHG,9.63,9.34,9.32,9.68,5732170.0,54241638.35,1.7009
2021-03-23,603335.XSHG,7.7,7.64,7.57,7.72,1594223.0,12183663.15,0.636
2021-03-23,603336.XSHG,24.34,23.94,23.81,24.34,2447969.0,58755624.15,1.8224
2021-03-23,603337.XSHG,79.65,81.64,78.71,82.76,1700822.0,137540303.73,0.8561
2021-03-23,603338.XSHG,665.35,663.95,651.76,673.61,586749.0,388943445.32,0.8463
2021-03-23,603339.XSHG,14.69,14.88,14.61,14.91,1026243.0,15177922.2,0.5118
2021-03-23,603345.XSHG,200.92,203.6,200.19,206.05,1285248.0,261507585.95,0.551
2021-03-23,603348.XSHG,22.13,22.26,21.84,22.46,3210737.0,71140698.26,3.2595
2021-03-23,603351.XSHG,44.04,44.04,43.25,44.24,391509.0,17113096.04,1.3195
2021-03-23,603353.XSHG,39.2,38.14,37.97,39.57,1156528.0,44662683.02,3.4929
2021-03-23,603355.XSHG,34.81,35.43,34.73,35.99,1779689.0,63202473.94,0.4984
2021-03-23,603356.XSHG,12.15,11.93,11.89,12.15,725310.0,8688861.0,0.5619
2021-03-23,603357.XSHG,13.51,13.38,13.23,13.51,1261094.0,16870945.2,0.4098
2021-03-23,603358.XSHG,48.26,48.33,47.66,48.54,1197422.0,57632138.05,0.8168
2021-03-23,603359.XSHG,29.11,28.66,28.43,29.45,3953877.0,114029325.2,1.7999
2021-03-23,603360.XSHG,30.96,31.04,30.78,31.15,307069.0,9498127.84,0.25
2021-03-23,603363.XSHG,18.19,18.57,18.17,18.64,6416634.0,118415770.21,1.3461
2021-03-23,603365.XSHG,16.3,16.57,16.03,16.64,1438510.0,23628484.0,0.6012
2021-03-23,603366.XSHG,11.62,11.45,11.28,11.64,4680280.0,53335921.0,1.3985
2021-03-23,603367.XSHG,14.03,13.79,13.76,14.03,984390.0,13625370.56,0.2282
2021-03-23,603368.XSHG,59.27,59.07,58.61,59.38,520029.0,30623136.83,0.3961
2021-03-23,603369.XSHG,120.93,123.41,120.21,125.24,3048256.0,376126608.19,0.6536
2021-03-23,603377.XSHG,20.68,20.61,20.13,20.99,9136884.0,187394811.58,2.2023
2021-03-23,603378.XSHG,65.55,65.91,64.88,69.15,2873833.0,191730385.4,1.5109
2021-03-23,603379.XSHG,25.03,25.74,24.89,25.86,2133717.0,54166616.58,1.5702
2021-03-23,603380.XSHG,24.35,23.99,23.77,24.35,1819857.0,43742755.25,1.1824
2021-03-23,603383.XSHG,52.27,51.77,51.26,53.9,1878031.0,98481816.15,2.2439
2021-03-23,603385.XSHG,16.18,16.45,16.17,16.6,2287242.0,37468888.34,0.8615
2021-03-23,603386.XSHG,15.69,16.19,15.68,16.21,2305566.0,36948252.77,1.1109
2021-03-23,603387.XSHG,68.74,69.45,68.74,70.56,1380187.0,96047643.01,1.0736
2021-03-23,603388.XSHG,18.03,17.98,17.75,18.29,487500.0,8765370.45,0.4886
2021-03-23,603389.XSHG,4.74,4.8,4.74,4.8,797755.0,3814750.4,0.3692
2021-03-23,603390.XSHG,9.84,9.92,9.68,10.03,2546789.0,25099382.0,1.9962
2021-03-23,603392.XSHG,233.0,239.18,233.0,243.68,1013071.0,241191066.28,2.3236
2021-03-23,603393.XSHG,44.42,46.05,44.08,47.08,4320462.0,197784327.24,2.9521
2021-03-23,603396.XSHG,45.99,45.25,44.56,46.52,1177632.0,53381433.0,1.6004
2021-03-23,603398.XSHG,26.74,26.27,25.99,26.74,475492.0,12498087.6,0.4999
2021-03-23,603399.XSHG,6.94,6.45,6.36,6.98,19075947.0,125991312.15,5.3302
2021-03-23,603408.XSHG,16.18,15.97,15.83,16.23,864641.0,13811284.58,1.9564
2021-03-23,603416.XSHG,109.0,105.45,104.13,109.0,624723.0,65911997.2,0.9766
2021-03-23,603421.XSHG,12.15,12.14,12.01,12.3,881285.0,10681586.62,0.1955
2021-03-23,603429.XSHG,172.95,164.45,163.31,194.41,2228527.0,381202944.52,3.1011
2021-03-23,603439.XSHG,19.04,17.45,17.44,19.19,7923125.0,143673156.13,19.448
2021-03-23,603444.XSHG,386.62,382.24,380.04,392.77,831814.0,319644684.49,1.2677
2021-03-23,603456.XSHG,139.38,136.75,136.06,141.78,1952219.0,269765670.29,0.9267
2021-03-23,603458.XSHG,34.36,33.92,33.53,34.36,1871735.0,63692258.82,1.6038
2021-03-23,603466.XSHG,41.38,40.57,40.45,41.49,699201.0,28548955.48,0.4903
2021-03-23,603477.XSHG,14.06,14.1,13.92,14.57,2292062.0,32459061.0,0.976
2021-03-23,603486.XSHG,157.68,155.15,152.68,159.43,1391768.0,216744017.01,1.0952
2021-03-23,603488.XSHG,12.45,12.19,12.15,12.45,682728.0,8368534.0,0.351
2021-03-23,603489.XSHG,182.57,180.23,178.81,184.23,369966.0,66890700.83,0.5226
2021-03-23,603496.XSHG,36.92,37.02,36.12,37.33,457468.0,16804472.23,0.4641
2021-03-23,603499.XSHG,16.0,16.08,15.7,16.14,903417.0,14375526.58,0.9006
2021-03-23,603500.XSHG,19.39,19.13,19.03,19.42,2146834.0,41095967.92,1.7855
2021-03-23,603501.XSHG,260.62,254.75,250.66,260.9,3108380.0,793976712.19,0.3981
2021-03-23,603505.XSHG,26.12,25.71,25.6,26.16,3843303.0,99290839.51,1.6652
2021-03-23,603506.XSHG,35.14,34.85,34.69,35.44,256827.0,8989905.64,0.3328
2021-03-23,603507.XSHG,22.23,21.56,21.55,22.32,1365055.0,29669287.0,1.1083
2021-03-23,603508.XSHG,31.24,30.47,30.31,31.38,655054.0,20124176.81,0.42
2021-03-23,603515.XSHG,38.5,39.0,38.44,39.16,1121644.0,43616385.41,0.2031
2021-03-23,603516.XSHG,51.7,51.74,50.66,53.35,846698.0,44016161.53,0.9253
2021-03-23,603517.XSHG,107.93,107.86,106.55,109.29,1169464.0,126286118.74,0.2801
2021-03-23,603518.XSHG,7.86,7.79,7.66,7.96,1446484.0,11277791.2,0.8392
2021-03-23,603519.XSHG,50.88,50.79,50.07,51.6,356683.0,18170672.0,0.4998
2021-03-23,603520.XSHG,123.98,124.91,123.57,128.42,885374.0,111474663.11,0.7490000000000001
2021-03-23,603527.XSHG,16.51,16.29,16.14,16.61,612945.0,9992667.52,0.5143
2021-03-23,603528.XSHG,24.7,24.32,23.64,25.41,5347096.0,130057535.71,2.6615
2021-03-23,603530.XSHG,20.98,20.27,20.16,21.32,3561531.0,73215779.0,8.967
2021-03-23,603533.XSHG,35.16,35.17,34.79,36.34,6262482.0,222598021.06,1.5817
2021-03-23,603535.XSHG,38.26,37.68,37.48,39.31,1184686.0,44960180.61,0.8022
2021-03-23,603536.XSHG,20.2,19.9,19.84,20.6,1241638.0,24881856.5,1.0612
2021-03-23,603538.XSHG,39.7,38.97,38.48,40.26,2008094.0,79025664.0,1.6666
2021-03-23,603551.XSHG,12.31,12.29,12.24,12.39,598786.0,7377362.52,0.456
2021-03-23,603555.XSHG,3.07,3.11,3.06,3.17,3343858.0,10366305.0,0.5846
2021-03-23,603556.XSHG,19.56,19.26,19.14,19.57,784271.0,15117092.23,0.2272
2021-03-23,603557.XSHG,9.38,10.14,9.1,10.22,24289955.0,234859241.01,5.2051
2021-03-23,603558.XSHG,34.82,35.22,34.7,35.26,277700.0,9726698.0,0.2707
2021-03-23,603559.XSHG,19.72,20.01,19.61,20.34,1618009.0,32229496.48,1.7008
2021-03-23,603565.XSHG,31.89,31.66,31.05,31.96,1477533.0,46500724.27,2.2163
2021-03-23,603566.XSHG,44.5,44.18,43.68,44.8,1159006.0,51032891.23,0.7621
2021-03-23,603567.XSHG,26.74,27.53,26.59,27.87,1414625.0,38912605.92,0.3556
2021-03-23,603568.XSHG,62.44,59.53,59.12,62.99,4473460.0,272078411.76,0.9844
2021-03-23,603569.XSHG,11.18,11.1,11.05,11.25,711616.0,7918905.8,0.1955
2021-03-23,603577.XSHG,19.96,19.64,19.4,20.41,994299.0,19767829.8,0.8708
2021-03-23,603578.XSHG,20.67,20.94,20.42,20.94,996045.0,20639435.0,1.1209
2021-03-23,603579.XSHG,71.19,70.11,69.93,72.49,452489.0,32078730.15,0.6993
2021-03-23,603580.XSHG,21.06,21.1,20.79,21.18,224663.0,4718602.4,0.3429999999999999
2021-03-23,603583.XSHG,145.83,144.37,143.46,146.98,284074.0,41134226.67,0.4003
2021-03-23,603585.XSHG,31.7,31.37,31.23,31.74,286857.0,9030738.2,0.3128
2021-03-23,603586.XSHG,15.98,15.73,15.65,16.03,434370.0,6880707.36,0.2303
2021-03-23,603587.XSHG,27.17,26.87,26.6,27.4,1414254.0,38053305.04,1.6794
2021-03-23,603588.XSHG,77.33,75.62,74.81,78.02,4255045.0,324841871.4,2.2666
2021-03-23,603589.XSHG,61.22,63.92,61.22,65.01,7660773.0,488115676.36,1.3975
2021-03-23,603590.XSHG,35.93,35.33,35.04,36.27,910664.0,32329324.25,1.1499
2021-03-23,603595.XSHG,38.28,38.65,38.2,38.95,626671.0,24207484.0,0.7645
2021-03-23,603596.XSHG,29.28,28.45,28.18,29.38,1643758.0,46877259.48,0.9651
2021-03-23,603598.XSHG,21.31,21.75,21.31,23.12,3966832.0,87417355.5,2.9826
2021-03-23,603599.XSHG,61.68,61.04,60.03,61.88,1255786.0,76287021.6,0.5613
2021-03-23,603600.XSHG,36.22,36.71,36.02,37.26,2006099.0,73456275.98,1.9035
2021-03-23,603601.XSHG,102.73,100.97,100.23,102.91,532407.0,53798093.86,0.6853
2021-03-23,603602.XSHG,28.89,29.2,28.73,29.79,1533205.0,44651899.91,1.9296
2021-03-23,603603.XSHG,5.78,6.4,5.58,6.4,41035799.0,251755055.0,16.2331
2021-03-23,603605.XSHG,158.12,159.55,157.61,161.62,1070483.0,170624707.34,0.5442
2021-03-23,603606.XSHG,91.83,92.03,90.32,92.19,2145329.0,195906784.45,1.3061
2021-03-23,603607.XSHG,30.09,31.97,29.91,32.62,3636687.0,116330856.67,4.1451
2021-03-23,603608.XSHG,9.57,9.33,9.19,9.57,3842586.0,35925196.4,1.4078
2021-03-23,603609.XSHG,19.36,19.31,19.12,19.36,2015865.0,38768560.28,0.3548
2021-03-23,603610.XSHG,38.49,37.97,37.65,38.78,590890.0,22491888.36,0.8105
2021-03-23,603611.XSHG,40.12,39.54,39.39,40.18,374205.0,14863208.81,0.4267
2021-03-23,603612.XSHG,27.11,25.42,25.25,27.15,12692726.0,327893953.77,4.323
2021-03-23,603613.XSHG,203.94,207.86,203.94,210.79,755696.0,157016858.58,0.9125
2021-03-23,603615.XSHG,9.85,9.62,9.6,9.85,840600.0,8144422.0,0.3921
2021-03-23,603616.XSHG,12.3,12.24,11.82,12.56,5297030.0,64441784.0,3.6241
2021-03-23,603617.XSHG,21.37,20.95,20.85,21.47,764600.0,16065390.04,0.7767
2021-03-23,603618.XSHG,21.08,20.67,20.52,21.36,6317912.0,132274878.47,2.8725
2021-03-23,603619.XSHG,9.56,9.15,9.05,9.57,8301444.0,76818104.18,2.0989
2021-03-23,603626.XSHG,18.38,18.01,17.87,18.5,2165506.0,39268430.08,0.9214
2021-03-23,603628.XSHG,9.43,9.1,8.88,9.43,10517767.0,95208503.2,3.8744
2021-03-23,603629.XSHG,36.84,36.76,36.53,36.92,458934.0,16825628.0,1.5547
2021-03-23,603630.XSHG,21.63,22.01,21.59,22.72,4103721.0,91057424.87,2.4874
2021-03-23,603633.XSHG,19.63,19.48,19.44,19.9,598636.0,11700153.14,0.4821
2021-03-23,603636.XSHG,46.51,47.03,46.41,47.65,894485.0,42122196.82,0.7185
2021-03-23,603637.XSHG,18.55,18.5,18.4,18.85,440215.0,8194021.2,0.4469
2021-03-23,603638.XSHG,201.06,197.16,194.17,202.37,421492.0,83292745.4,0.2454
2021-03-23,603639.XSHG,53.72,54.51,53.49,55.11,1210878.0,65748694.56,1.0376
2021-03-23,603648.XSHG,8.34,8.26,8.22,8.37,1620655.0,13452771.0,0.4566
2021-03-23,603650.XSHG,35.72,36.08,35.27,37.4,3002404.0,109513287.17,2.3618
2021-03-23,603655.XSHG,23.39,22.06,21.99,24.31,7567925.0,172968888.59,7.2334
2021-03-23,603656.XSHG,25.66,25.12,25.08,25.76,285897.0,7227140.36,0.3865
2021-03-23,603657.XSHG,27.62,27.81,27.49,28.49,589143.0,16457265.4,2.1599
2021-03-23,603658.XSHG,112.71,112.43,110.22,114.73,1838434.0,206468356.97,0.4494
2021-03-23,603659.XSHG,92.59,91.78,90.25,93.61,1975453.0,181601170.36,0.4539
2021-03-23,603660.XSHG,15.42,15.58,15.16,16.22,9712903.0,153734538.27,3.9106
2021-03-23,603661.XSHG,70.11,69.91,69.28,71.17,850991.0,59516426.35,3.0587
2021-03-23,603662.XSHG,37.49,37.01,36.82,37.51,336918.0,12532145.2,0.6259
2021-03-23,603663.XSHG,24.55,22.66,22.63,24.55,1614670.0,37795431.6,1.2106
2021-03-23,603665.XSHG,26.65,26.87,26.59,27.35,1483192.0,39921942.52,1.4913
2021-03-23,603666.XSHG,181.17,181.27,178.01,182.84,385744.0,69940489.96,1.9368
2021-03-23,603667.XSHG,10.61,10.54,10.44,10.7,1147644.0,12082945.0,0.6016
2021-03-23,603668.XSHG,10.58,10.46,10.41,10.63,1732339.0,18194304.32,0.7271
2021-03-23,603669.XSHG,25.39,25.32,25.11,25.54,344146.0,8723424.12,0.1493
2021-03-23,603676.XSHG,8.62,8.37,8.31,8.62,1648498.0,13859222.0,0.3942
2021-03-23,603677.XSHG,29.49,29.26,29.02,30.06,602508.0,17736955.0,0.8104
2021-03-23,603678.XSHG,145.39,143.62,141.9,146.99,1319940.0,190580564.53,0.7379
2021-03-23,603679.XSHG,27.05,26.7,26.51,27.22,571697.0,15291163.8,0.5707
2021-03-23,603680.XSHG,30.32,30.75,30.32,30.81,3816616.0,116388490.91,2.8414
2021-03-23,603681.XSHG,22.38,22.08,21.94,22.63,3296555.0,72943264.19,5.4438
2021-03-23,603682.XSHG,8.39,8.16,8.12,8.39,2835949.0,23352405.0,3.1148
2021-03-23,603683.XSHG,15.7,15.86,15.69,16.25,2129070.0,33874037.0,1.7066
2021-03-23,603685.XSHG,18.47,18.38,18.28,18.54,230064.0,4227707.0,0.2413
2021-03-23,603686.XSHG,58.08,57.2,55.79,58.52,4849482.0,277581104.76,3.4222
2021-03-23,603687.XSHG,9.62,9.28,9.17,9.94,4710255.0,44526371.88,3.3286
2021-03-23,603688.XSHG,28.07,27.6,27.48,28.32,1221220.0,33965410.31,0.5456
2021-03-23,603689.XSHG,10.64,10.78,10.51,11.03,7830892.0,84768409.23,2.4423
2021-03-23,603690.XSHG,31.08,31.56,30.99,31.98,5077206.0,160162655.98,2.0361
2021-03-23,603693.XSHG,14.14,13.55,13.4,14.14,13454740.0,183594628.23,7.2719
2021-03-23,603696.XSHG,20.47,20.34,20.31,20.98,1015656.0,20903819.03,0.9597
2021-03-23,603697.XSHG,17.26,17.37,17.06,17.41,1899470.0,32755195.97,2.145
2021-03-23,603698.XSHG,24.29,22.77,22.38,24.35,13120001.0,307892676.12,3.2828
2021-03-23,603699.XSHG,16.55,16.36,16.15,16.72,3440459.0,56325993.84,0.5329999999999999
2021-03-23,603700.XSHG,35.59,35.39,35.04,35.75,704644.0,24872575.5,0.912
2021-03-23,603701.XSHG,29.31,28.75,28.57,29.49,920455.0,26685983.4,1.2422
2021-03-23,603703.XSHG,32.53,32.33,32.15,32.58,509907.0,16491353.0,0.5607
2021-03-23,603706.XSHG,15.42,15.49,15.23,16.32,2086664.0,32972470.0,3.727
2021-03-23,603707.XSHG,89.1,87.37,86.85,90.82,1055561.0,93333173.66,0.252
2021-03-23,603708.XSHG,40.44,39.44,39.02,40.84,3163380.0,125648953.22,0.9424
2021-03-23,603709.XSHG,26.16,26.89,25.62,27.36,1083454.0,28685384.0,1.3825
2021-03-23,603711.XSHG,20.73,21.11,20.67,21.43,1322736.0,27841698.02,0.3324
2021-03-23,603712.XSHG,35.49,35.76,34.09,35.91,8840490.0,309430480.6,1.1526
2021-03-23,603713.XSHG,115.15,113.44,113.23,118.5,1107644.0,128081738.55,1.624
2021-03-23,603716.XSHG,49.95,50.38,49.74,51.01,243585.0,12251060.0,0.4462
2021-03-23,603717.XSHG,13.13,13.98,13.05,14.46,6963919.0,98707001.37,4.0753
2021-03-23,603718.XSHG,36.52,37.68,36.15,37.82,15160531.0,562611090.76,5.4721
2021-03-23,603719.XSHG,49.66,49.38,48.86,50.47,701080.0,34637640.7,0.3144
2021-03-23,603721.XSHG,14.83,14.69,14.55,14.98,1514107.0,22316747.0,1.539
2021-03-23,603722.XSHG,28.19,27.97,27.85,28.27,316696.0,8842379.0,0.3743
2021-03-23,603725.XSHG,12.97,12.88,12.58,12.97,3617833.0,46112648.8,2.5447
2021-03-23,603726.XSHG,26.18,25.84,25.78,26.18,272425.0,7052153.6,0.3126
2021-03-23,603727.XSHG,16.57,16.3,16.16,16.6,912417.0,14896728.0,0.3998
2021-03-23,603728.XSHG,20.55,20.47,20.32,21.31,2947133.0,61038503.12,0.9289
2021-03-23,603729.XSHG,17.95,17.74,17.66,18.11,520838.0,9287869.4,0.7857
2021-03-23,603730.XSHG,35.48,35.25,34.94,36.01,780360.0,27659962.04,0.2059
2021-03-23,603733.XSHG,28.08,27.75,27.57,28.62,5213809.0,146574287.9,3.5161
2021-03-23,603737.XSHG,511.58,507.68,493.15,514.19,283739.0,143082727.44,0.287
2021-03-23,603738.XSHG,52.34,54.46,51.95,54.46,2115872.0,112613728.85,3.0277
2021-03-23,603739.XSHG,23.84,23.46,23.25,23.84,1063802.0,24977417.6,1.4521
2021-03-23,603755.XSHG,59.49,62.01,59.49,62.01,569054.0,35114391.36,1.6755
2021-03-23,603757.XSHG,43.63,42.94,42.71,43.69,534730.0,23049095.6,0.6793
2021-03-23,603758.XSHG,9.69,9.8,9.59,9.88,1677331.0,16360758.5,0.3921
2021-03-23,603766.XSHG,10.19,10.04,9.98,10.22,2779343.0,27955751.72,0.4068
2021-03-23,603767.XSHG,10.08,9.98,9.93,10.13,596990.0,5972151.2,0.2965
2021-03-23,603768.XSHG,16.86,16.96,16.65,16.97,714231.0,12042327.0,0.3588
2021-03-23,603773.XSHG,25.4,25.27,25.17,25.71,405810.0,10287794.22,0.6473
2021-03-23,603776.XSHG,41.13,40.12,39.79,41.19,1760357.0,70874807.36,1.8987
2021-03-23,603777.XSHG,17.25,17.21,17.07,17.54,1132340.0,19595927.77,0.4902
2021-03-23,603778.XSHG,27.39,30.67,26.88,30.67,3800027.0,112581027.53,4.7962
2021-03-23,603779.XSHG,9.06,9.03,8.94,9.06,264648.0,2378358.45,0.1276
2021-03-23,603786.XSHG,68.4,66.45,65.13,68.4,1104277.0,73238462.04,2.7701
2021-03-23,603787.XSHG,22.43,21.78,21.71,22.63,1336491.0,29512640.96,0.6798
2021-03-23,603788.XSHG,22.15,21.74,21.5,22.15,943547.0,20525611.8,0.6926
2021-03-23,603789.XSHG,17.52,17.73,17.46,17.81,2554450.0,44890129.82,1.2979
2021-03-23,603790.XSHG,14.17,13.91,13.88,14.2,566362.0,7924353.9,1.2273
2021-03-23,603797.XSHG,16.53,16.37,16.27,16.7,1806967.0,29781320.53,0.813
2021-03-23,603798.XSHG,19.3,19.09,18.89,19.3,546499.0,10418729.0,0.569
2021-03-23,603799.XSHG,125.13,124.28,122.16,128.25,13519603.0,1688013724.65,2.1889
2021-03-23,603800.XSHG,9.45,9.68,9.45,9.86,1495051.0,14428062.0,0.7882
2021-03-23,603801.XSHG,87.81,89.76,84.95,91.95,5151370.0,459238254.21,3.5199
2021-03-23,603803.XSHG,9.22,9.19,9.15,9.31,1234285.0,11354673.25,0.3067
2021-03-23,603806.XSHG,155.54,155.1,152.36,156.55,1961380.0,302327646.15,0.5083
2021-03-23,603808.XSHG,29.68,29.68,29.34,29.76,753038.0,22274415.65,0.4801
2021-03-23,603809.XSHG,39.55,39.93,39.36,40.08,428335.0,17011290.64,0.4333
2021-03-23,603810.XSHG,39.01,40.93,39.01,41.03,2063304.0,83497117.9,5.3045
2021-03-23,603811.XSHG,52.86,53.86,52.82,54.0,1208167.0,64595402.84,1.4998
2021-03-23,603813.XSHG,13.85,13.51,13.49,13.86,509859.0,6930253.0,0.591
2021-03-23,603815.XSHG,10.75,10.42,10.35,10.81,8158590.0,85904481.87,5.0202
2021-03-23,603816.XSHG,120.6,119.98,116.97,120.6,1680155.0,199979641.32,0.4066
2021-03-23,603817.XSHG,6.55,6.91,6.47,7.08,45641822.0,315529643.9,10.364
2021-03-23,603818.XSHG,19.39,18.6,18.4,19.56,3794884.0,71411225.46,1.3293
2021-03-23,603819.XSHG,18.89,18.6,18.51,19.02,377743.0,7058872.08,0.3309
2021-03-23,603822.XSHG,21.69,21.02,21.02,21.85,873880.0,18687600.0,1.2277
2021-03-23,603823.XSHG,22.49,22.75,22.49,23.11,2297823.0,52360368.73,1.0654
2021-03-23,603825.XSHG,21.87,21.39,21.19,21.91,2228735.0,47817331.0,1.4276
2021-03-23,603826.XSHG,54.25,55.2,54.12,55.55,1361837.0,74884625.1,0.3841
2021-03-23,603828.XSHG,20.89,20.1,20.01,20.99,1370507.0,27928731.69,1.1622
2021-03-23,603829.XSHG,11.2,10.88,10.79,11.26,1304299.0,14341986.98,1.8484
2021-03-23,603833.XSHG,227.83,227.79,224.39,231.56,2072457.0,472411912.06,0.494
2021-03-23,603838.XSHG,12.7,12.54,12.39,12.76,398138.0,4966982.9,0.2868
2021-03-23,603839.XSHG,13.48,13.26,13.24,13.48,774855.0,10326345.86,0.305
2021-03-23,603843.XSHG,5.83,5.66,5.63,5.84,4802107.0,27335931.4,1.2191
2021-03-23,603848.XSHG,13.87,13.59,13.48,13.88,1110308.0,15120909.49,0.2882
2021-03-23,603855.XSHG,23.74,24.04,23.63,24.42,3511071.0,84147759.28,1.1878
2021-03-23,603856.XSHG,21.89,21.45,21.26,21.98,3175247.0,68197325.22,1.6855
2021-03-23,603858.XSHG,46.25,46.21,45.13,46.31,2660063.0,121478667.76,0.4665
2021-03-23,603859.XSHG,34.19,34.54,33.77,34.71,1768811.0,60675585.55,1.3805
2021-03-23,603860.XSHG,22.05,21.69,21.41,22.05,345825.0,7480022.03,0.527
2021-03-23,603861.XSHG,8.04,7.84,7.8,8.04,1124673.0,8893813.0,0.2826
2021-03-23,603863.XSHG,10.32,10.13,10.02,10.32,3530381.0,35802448.0,3.2766
2021-03-23,603866.XSHG,70.93,71.49,70.64,73.69,2296430.0,164765268.45,0.5095
2021-03-23,603867.XSHG,24.55,24.16,24.03,24.82,1221075.0,29670067.49,1.4682
2021-03-23,603868.XSHG,51.21,51.39,50.59,51.66,296981.0,15183419.48,0.0777
2021-03-23,603869.XSHG,12.97,12.97,12.81,13.11,6024885.0,77958957.19,1.8058
2021-03-23,603871.XSHG,62.13,62.47,61.9,62.96,266939.0,16658431.07,0.3511
2021-03-23,603876.XSHG,12.65,12.19,12.16,12.68,3344854.0,41241227.61,1.4202
2021-03-23,603877.XSHG,45.92,45.04,44.91,47.52,1565764.0,72298923.69,0.3783
2021-03-23,603878.XSHG,19.17,18.59,18.48,19.17,2057455.0,38358757.68,1.1418
2021-03-23,603879.XSHG,13.66,13.52,13.46,13.68,683855.0,9249941.4,0.4816
2021-03-23,603880.XSHG,22.88,22.77,22.7,23.06,285291.0,6501383.62,0.2916
2021-03-23,603881.XSHG,48.24,47.62,47.53,48.66,2129536.0,102266197.08,1.019
2021-03-23,603882.XSHG,124.06,121.42,120.35,125.12,2714083.0,332606432.71,0.5951
2021-03-23,603883.XSHG,95.26,97.52,94.98,100.37,1556478.0,152630091.13,0.5557
2021-03-23,603885.XSHG,46.18,45.38,45.02,47.27,4774517.0,219029625.5,0.7849
2021-03-23,603886.XSHG,19.54,19.61,19.38,19.69,1654950.0,32382953.76,0.7846
2021-03-23,603887.XSHG,29.48,29.06,28.85,30.0,1578881.0,46568811.56,1.0958
2021-03-23,603888.XSHG,47.13,47.63,46.92,48.31,1708361.0,81478020.29,0.8652
2021-03-23,603889.XSHG,21.62,21.1,21.01,21.62,251328.0,5317262.5,0.2145
2021-03-23,603890.XSHG,41.15,40.58,40.04,41.46,2069673.0,84419232.47,1.5526
2021-03-23,603893.XSHG,62.42,62.39,62.17,64.16,984578.0,62111145.1,0.5264
2021-03-23,603895.XSHG,23.26,22.98,22.86,23.26,270826.0,6223568.8,0.3534
2021-03-23,603896.XSHG,37.13,36.64,36.46,37.25,373571.0,13737597.15,0.2607
2021-03-23,603897.XSHG,18.01,17.88,17.72,18.01,716270.0,12769226.0,1.3401
2021-03-23,603898.XSHG,57.95,57.37,56.88,58.98,438733.0,25392971.28,0.4543
2021-03-23,603899.XSHG,161.71,161.61,159.97,163.78,1043352.0,168738060.44,0.2418
2021-03-23,603900.XSHG,10.3,10.19,10.14,10.35,811328.0,8271457.0,0.3753
2021-03-23,603901.XSHG,49.05,47.53,47.04,49.46,2270672.0,108924534.76,2.1641
2021-03-23,603903.XSHG,22.87,22.93,22.38,23.31,1757788.0,40131720.38,1.7238
2021-03-23,603906.XSHG,44.17,42.73,42.3,45.15,2410946.0,104944758.25,1.0406
2021-03-23,603908.XSHG,24.79,24.56,24.49,24.88,239434.0,5895521.0,0.3905
2021-03-23,603909.XSHG,24.22,24.35,23.93,24.44,452980.0,10963129.2,0.4479999999999999
2021-03-23,603912.XSHG,20.4,20.54,20.05,21.12,4576350.0,94434775.45,3.1232
2021-03-23,603915.XSHG,37.88,37.09,36.44,38.29,3225677.0,120244206.12,2.6213
2021-03-23,603916.XSHG,32.16,31.3,31.09,32.8,4546421.0,145149787.27,1.3738
2021-03-23,603917.XSHG,13.87,13.7,13.66,13.9,634676.0,8725756.6,0.5808
2021-03-23,603918.XSHG,27.21,26.63,26.52,27.4,596274.0,15939509.6,0.6809999999999999
2021-03-23,603919.XSHG,53.38,56.64,51.67,56.64,10855625.0,597080338.98,3.9369
2021-03-23,603920.XSHG,18.23,18.04,17.96,18.48,5361623.0,97625879.97,1.4372
2021-03-23,603922.XSHG,18.41,17.81,17.77,18.43,679540.0,12212020.0,0.5417
2021-03-23,603926.XSHG,16.68,16.4,16.24,16.83,455958.0,7487094.0,0.4086
2021-03-23,603927.XSHG,37.03,37.16,36.78,37.57,2213778.0,82217902.59,0.6873
2021-03-23,603928.XSHG,12.59,12.34,12.3,12.59,1055289.0,13072367.0,0.5551
2021-03-23,603929.XSHG,10.97,11.25,10.94,11.71,4170487.0,46992747.85,2.0445
2021-03-23,603931.XSHG,44.88,48.29,44.8,48.29,8318315.0,398195414.68,32.6799
2021-03-23,603933.XSHG,19.9,20.1,19.8,20.1,359488.0,7174165.12,0.3628
2021-03-23,603936.XSHG,24.4,24.64,24.32,24.96,3490022.0,85761501.11,1.7511
2021-03-23,603937.XSHG,10.1,9.89,9.84,10.1,1441374.0,14306912.0,0.7057
2021-03-23,603938.XSHG,26.58,27.07,26.58,27.63,936132.0,25464023.0,0.6369
2021-03-23,603939.XSHG,254.21,249.37,247.78,255.45,1172219.0,294160891.34,0.6295
2021-03-23,603948.XSHG,18.78,18.35,18.29,18.84,578314.0,10730865.0,0.7792
2021-03-23,603949.XSHG,23.45,22.33,22.3,23.46,2044864.0,46491249.2,5.5401
2021-03-23,603950.XSHG,23.37,22.71,22.34,23.37,2903502.0,66144579.71,5.2327
2021-03-23,603955.XSHG,18.98,18.78,18.56,19.33,1649240.0,31005475.94,1.6357
2021-03-23,603956.XSHG,15.74,16.13,15.74,16.18,1644123.0,26200754.68,1.898
2021-03-23,603958.XSHG,6.63,6.48,6.43,6.76,1649315.0,10759065.0,0.7839
2021-03-23,603959.XSHG,22.05,22.41,21.95,22.69,1106374.0,24717391.0,0.4479
2021-03-23,603960.XSHG,94.7,93.26,92.01,95.73,906949.0,84928505.11,1.1019
2021-03-23,603963.XSHG,17.3,16.99,16.81,17.65,1072955.0,18523668.55,1.0831
2021-03-23,603966.XSHG,23.35,23.0,22.36,23.76,3280092.0,75059195.3,2.0921
2021-03-23,603967.XSHG,13.58,13.29,13.22,13.58,710921.0,9504416.0,1.117
2021-03-23,603968.XSHG,39.09,39.0,38.4,39.58,874006.0,33929151.0,0.9526
2021-03-23,603969.XSHG,20.17,19.45,19.31,20.22,2370052.0,46551570.2,1.2717
2021-03-23,603970.XSHG,30.34,30.18,30.06,31.4,1347640.0,41034992.92,2.1119
2021-03-23,603976.XSHG,54.85,53.6,53.29,55.31,1331509.0,71939732.8,1.2664
2021-03-23,603977.XSHG,17.17,16.19,16.05,17.17,4100960.0,67777142.0,1.9724
2021-03-23,603978.XSHG,38.65,37.32,37.28,38.69,499745.0,18868148.0,0.6293
2021-03-23,603979.XSHG,25.81,25.15,24.76,25.92,4457885.0,112012362.8,1.2278
2021-03-23,603980.XSHG,10.4,10.3,10.26,10.44,897973.0,9272966.2,0.201
2021-03-23,603982.XSHG,15.66,15.47,15.37,15.71,2958531.0,45946359.96,3.6605
2021-03-23,603983.XSHG,59.35,57.34,55.43,61.08,6090551.0,356448622.14,7.9458
2021-03-23,603985.XSHG,69.4,67.31,67.2,69.69,802087.0,54728316.48,1.0552
2021-03-23,603986.XSHG,675.88,666.14,663.68,691.48,1217992.0,822072592.19,1.0984
2021-03-23,603987.XSHG,46.62,46.84,45.77,47.94,3724112.0,173967627.59,1.887
2021-03-23,603989.XSHG,59.41,60.5,59.04,60.85,830486.0,49934232.98,0.4629
2021-03-23,603990.XSHG,57.26,58.44,56.72,60.57,1624297.0,95934820.68,2.0645
2021-03-23,603991.XSHG,40.34,41.31,39.99,41.95,261982.0,10803753.4,0.3557
2021-03-23,603992.XSHG,17.1,16.82,16.8,17.28,462294.0,7855161.94,1.0429
2021-03-23,603993.XSHG,18.96,18.28,18.07,19.03,76140155.0,1403781440.23,1.4669
2021-03-23,603995.XSHG,34.66,35.89,34.36,36.19,2818256.0,99007186.31,2.8124
2021-03-23,603996.XSHG,5.05,5.22,4.83,5.22,2165078.0,11050306.0,1.1065
2021-03-23,603997.XSHG,14.01,13.99,13.86,14.06,1576520.0,22000506.98,0.3377
2021-03-23,603998.XSHG,21.32,21.16,20.96,21.37,437622.0,9239143.0,0.41
2021-03-23,603999.XSHG,12.92,12.77,12.67,12.99,928041.0,11883070.0,0.3956
2021-03-23,605001.XSHG,15.11,14.96,14.88,15.25,753300.0,11300094.0,0.997
2021-03-23,605003.XSHG,30.96,30.77,30.36,31.3,957300.0,29497410.0,4.3514
2021-03-23,605005.XSHG,20.3,19.89,19.6,23.6,28325488.0,607145909.89,70.6371
2021-03-23,605006.XSHG,12.01,11.39,11.23,12.1,24847836.0,288096289.84,24.8478
2021-03-23,605007.XSHG,22.3,22.14,21.7,22.45,3169190.0,69931991.5,7.921
2021-03-23,605008.XSHG,26.48,25.55,25.3,26.55,1824900.0,46963139.48,3.9672
2021-03-23,605009.XSHG,147.69,144.95,143.38,149.2,820050.0,119200550.5,3.0748
2021-03-23,605018.XSHG,14.8,14.22,14.04,14.95,9277973.0,133830804.09,22.26
2021-03-23,605050.XSHG,11.62,11.3,11.26,11.64,3612096.0,41266429.66,4.8161
2021-03-23,605055.XSHG,9.07,8.4,8.4,9.16,31771658.0,276123511.22,39.7146
2021-03-23,605058.XSHG,22.31,21.9,21.8,22.38,1013860.0,22334343.68,2.8375
2021-03-23,605060.XSHG,18.6,18.29,18.16,18.96,7562273.0,139766215.43,12.6038
2021-03-23,605066.XSHG,13.71,13.27,13.18,13.71,4151341.0,55550967.02,5.847
2021-03-23,605068.XSHG,34.16,33.72,33.41,34.49,591100.0,19963912.5,1.4243
2021-03-23,605077.XSHG,81.5,79.42,78.51,84.43,2461752.0,200359370.81,8.448
2021-03-23,605081.XSHG,49.02,50.65,48.26,54.67,4792292.0,240776680.39,24.5381
2021-03-23,605088.XSHG,17.65,17.64,17.57,18.02,1686908.0,29948941.17,4.2801
2021-03-23,605099.XSHG,30.45,29.08,29.08,30.67,2482241.0,73324307.41,6.1917
2021-03-23,605100.XSHG,43.1,42.32,42.17,43.19,561183.0,23864599.96,2.5861
2021-03-23,605108.XSHG,25.87,24.61,24.42,25.92,3697890.0,92627847.91,7.3958
2021-03-23,605111.XSHG,161.86,167.8,159.0,168.5,1936445.0,317709804.07,7.6539
2021-03-23,605116.XSHG,14.6,14.5,14.35,15.15,2570544.0,37927333.39,6.2696
2021-03-23,605118.XSHG,14.61,14.41,14.32,14.98,1576700.0,23101777.33,3.8456
2021-03-23,605122.XSHG,47.0,47.17,46.55,48.71,6423748.0,306914846.86,20.7888
2021-03-23,605123.XSHG,66.8,67.25,65.3,67.3,516200.0,34173030.0,1.9119
2021-03-23,605128.XSHG,30.65,30.3,30.1,30.65,359500.0,10884075.0,1.7975
2021-03-23,605133.XSHG,25.65,24.58,24.41,25.9,5980414.0,149899820.96,14.951
2021-03-23,605136.XSHG,29.7,29.96,29.3,31.05,5695126.0,171840070.92,14.2343
2021-03-23,605151.XSHG,18.59,18.54,18.4,18.86,2161638.0,40144203.86,6.4836
2021-03-23,605155.XSHG,24.98,23.8,23.71,25.41,4045004.0,97928811.87,16.8542
2021-03-23,605158.XSHG,11.97,11.72,11.71,12.2,4759304.0,56816281.88,4.8367
2021-03-23,605166.XSHG,10.63,10.09,10.02,10.73,9908095.0,101911860.23,12.5599
2021-03-23,605168.XSHG,145.74,149.26,144.66,151.74,1009488.0,150091003.8,5.8765
2021-03-23,605169.XSHG,19.46,21.41,19.21,21.41,12749762.0,264970103.88,31.8744
2021-03-23,605177.XSHG,33.28,32.56,32.47,33.28,761361.0,24940545.66,2.6808
2021-03-23,605178.XSHG,48.57,48.01,47.8,48.92,407085.0,19693111.4,2.2964
2021-03-23,605179.XSHG,17.31,16.68,16.65,17.34,5081993.0,86027999.88,8.3311
2021-03-23,605183.XSHG,17.63,16.69,16.61,17.63,8157127.0,138562985.76,16.7427
2021-03-23,605186.XSHG,20.27,19.99,19.92,20.45,1374810.0,27619531.16,4.0436
2021-03-23,605188.XSHG,9.38,9.12,9.08,9.44,3251100.0,30002193.0,6.5573
2021-03-23,605198.XSHG,22.1,21.28,21.25,22.1,831600.0,17969174.0,4.158
2021-03-23,605199.XSHG,20.92,20.26,20.05,21.05,3524319.0,72361288.68,8.7888
2021-03-23,605208.XSHG,25.71,24.0,23.42,26.14,21701191.0,530018176.32,46.1727
2021-03-23,605218.XSHG,14.18,13.88,13.81,14.25,2079497.0,29150810.07,3.9082
2021-03-23,605222.XSHG,21.82,21.24,21.15,21.97,3413175.0,73298828.1,6.8637
2021-03-23,605228.XSHG,11.5,10.82,10.76,12.12,29238075.0,337531356.36,36.5476
2021-03-23,605255.XSHG,17.33,16.55,16.23,17.39,7765900.0,129977405.37,23.168000000000003
2021-03-23,605258.XSHG,35.7,35.8,35.25,36.2,1971332.0,70621886.5,8.9606
2021-03-23,605266.XSHG,110.15,107.3,105.99,110.6,427900.0,46347017.0,3.2294
2021-03-23,605268.XSHG,15.4,14.97,14.77,15.59,11846633.0,180287744.75,17.6815
2021-03-23,605277.XSHG,21.88,21.34,21.07,21.98,2748610.0,59001959.93,8.2392
2021-03-23,605286.XSHG,23.89,23.89,23.89,23.89,213972.0,5111791.08,0.5095
2021-03-23,605288.XSHG,116.0,114.0,113.6,116.26,149000.0,17084557.0,1.192
2021-03-23,605298.XSHG,23.67,23.18,22.75,23.88,4972358.0,115735123.45,18.4161
2021-03-23,605299.XSHG,11.8,11.55,11.51,11.96,5263473.0,61600201.53,10.5269
2021-03-23,605303.XSHG,23.32,23.34,22.3,23.34,13937976.0,324840137.59,34.5775
2021-03-23,605318.XSHG,15.51,15.08,15.05,15.54,1531469.0,23303297.52,4.7424
2021-03-23,605333.XSHG,14.76,14.21,14.14,14.76,4055279.0,58368446.93,10.1129
2021-03-23,605336.XSHG,26.75,26.81,26.62,27.35,1587916.0,42846122.59,4.5111
2021-03-23,605337.XSHG,34.28,33.84,33.38,34.48,4783729.0,161919470.72,12.3611
2021-03-23,605338.XSHG,33.71,33.05,32.7,33.98,1530364.0,51073072.64,2.4683
2021-03-23,605358.XSHG,74.48,79.82,72.01,80.84,4698331.0,354499231.24,11.5779
2021-03-23,605366.XSHG,11.68,11.38,11.33,11.73,3587000.0,41140214.0,4.3217
2021-03-23,605368.XSHG,17.01,18.76,16.65,18.76,35141785.0,637348790.72,53.6516
2021-03-23,605369.XSHG,71.88,70.56,69.69,74.38,1786905.0,128299801.95,8.9345
2021-03-23,605376.XSHG,52.5,49.96,49.5,52.5,4298721.0,219390758.63,6.573
2021-03-23,605377.XSHG,20.44,20.09,19.78,20.44,3499037.0,70279923.33,6.8653
2021-03-23,605388.XSHG,17.38,17.03,16.94,17.47,1842352.0,31610221.88,2.6319
2021-03-23,605389.XSHG,62.41,62.41,62.41,62.41,174389.0,10883617.49,0.7167
2021-03-23,605398.XSHG,45.92,46.36,45.3,46.5,1290232.0,59356824.64,8.6741
2021-03-23,605399.XSHG,17.7,17.05,17.03,17.86,3595836.0,62329235.24,7.817
2021-03-23,605500.XSHG,19.12,18.77,18.61,19.25,4050941.0,76354502.34,8.1019
2021-03-23,688001.XSHG,34.32,34.46,34.17,34.8,576960.0,19895307.12,1.5052
2021-03-23,688002.XSHG,88.49,87.96,87.42,89.6,1991091.0,176304174.49,0.8715
2021-03-23,688003.XSHG,31.68,31.68,31.29,32.33,2295956.0,73049400.66,3.2406
2021-03-23,688004.XSHG,39.68,39.32,39.11,40.22,162105.0,6415808.6,1.2017
2021-03-23,688005.XSHG,54.39,52.65,51.6,55.14,3921860.0,207076808.85,1.435
2021-03-23,688006.XSHG,60.93,61.71,60.3,62.73,1195632.0,73906638.77,1.2611
2021-03-23,688007.XSHG,24.21,23.5,23.38,24.38,1179887.0,28087803.23,0.4176
2021-03-23,688008.XSHG,65.56,65.63,65.39,66.5,9198602.0,606360694.19,2.1892
2021-03-23,688009.XSHG,5.93,5.9,5.87,5.96,9726060.0,57391218.38,0.5066
2021-03-23,688010.XSHG,36.17,34.8,34.55,37.66,5264819.0,187345153.4,5.566
2021-03-23,688011.XSHG,38.45,37.86,37.76,38.96,570693.0,21809453.3,1.4055
2021-03-23,688012.XSHG,106.0,105.99,105.61,110.57,4299226.0,463749988.94,1.7519
2021-03-23,688013.XSHG,26.97,26.23,26.2,27.24,203772.0,5428398.25,1.2511
2021-03-23,688015.XSHG,39.08,38.75,38.55,39.47,545985.0,21285638.53,0.605
2021-03-23,688016.XSHG,262.57,261.16,256.57,264.09,161455.0,42092420.01,0.4386
2021-03-23,688017.XSHG,111.41,110.38,106.07,111.99,536124.0,58632630.47,1.8551
2021-03-23,688018.XSHG,104.38,104.62,103.93,107.12,330310.0,34851615.77,0.7476
2021-03-23,688019.XSHG,198.2,201.41,198.0,209.59,1897821.0,387546355.11,6.3569
2021-03-23,688020.XSHG,73.05,73.05,72.75,74.88,423197.0,31098100.57,1.1599
2021-03-23,688021.XSHG,61.09,57.65,57.15,61.64,911905.0,53566197.53,2.1334
2021-03-23,688022.XSHG,29.05,28.34,28.29,29.05,303364.0,8665763.26,0.5303
2021-03-23,688023.XSHG,250.37,249.81,245.35,253.35,321956.0,80238836.33,0.6243
2021-03-23,688025.XSHG,39.83,38.7,38.59,39.98,696610.0,27201012.16,1.4569
2021-03-23,688026.XSHG,59.47,61.62,58.58,62.92,1128237.0,69175650.86,2.3762
2021-03-23,688027.XSHG,184.48,181.27,180.08,185.7,258388.0,46980512.93,1.5199
2021-03-23,688028.XSHG,33.21,32.37,32.21,33.25,443494.0,14487808.67,1.2084
2021-03-23,688029.XSHG,187.49,186.68,180.66,189.23,375331.0,69352066.78,0.8807
2021-03-23,688030.XSHG,33.74,33.01,32.91,33.93,356271.0,11898983.55,0.3811
2021-03-23,688033.XSHG,13.65,13.58,13.39,13.79,2240424.0,30377345.75,0.7402
2021-03-23,688036.XSHG,208.24,204.3,199.23,208.24,1565360.0,318897396.39,0.4066
2021-03-23,688037.XSHG,81.43,84.16,81.43,85.48,809364.0,68082666.84,1.8579
2021-03-23,688039.XSHG,69.1,68.68,67.92,69.79,112120.0,7703174.0,0.2331
2021-03-23,688050.XSHG,173.01,168.32,167.4,176.73,757270.0,129188669.45,3.3703
2021-03-23,688051.XSHG,82.54,80.38,79.49,82.54,636157.0,51370377.17,2.7676
2021-03-23,688055.XSHG,6.53,6.72,6.51,6.88,16037992.0,107925963.39,5.6605
2021-03-23,688056.XSHG,38.42,39.2,38.26,39.97,488250.0,19164217.01,3.0232
2021-03-23,688057.XSHG,37.0,36.12,35.72,37.86,2498504.0,91720532.77,3.9178
2021-03-23,688058.XSHG,72.76,72.99,72.0,73.22,85241.0,6191564.2,0.3917
2021-03-23,688059.XSHG,122.79,123.0,118.0,128.79,686761.0,84694759.48,7.6714
2021-03-23,688060.XSHG,75.87,73.63,73.27,75.87,225893.0,16747195.24,1.5852
2021-03-23,688063.XSHG,168.88,161.52,159.5,169.5,1667143.0,272019850.52,4.6376
2021-03-23,688065.XSHG,81.35,80.57,80.28,81.47,333357.0,26959749.61,0.8293
2021-03-23,688066.XSHG,37.38,37.33,37.04,37.98,704644.0,26431786.88,0.7294
2021-03-23,688068.XSHG,42.84,43.18,42.53,43.7,490849.0,21166302.18,1.1459
2021-03-23,688069.XSHG,77.5,75.31,74.68,77.62,758720.0,57346680.25,5.3368
2021-03-23,688070.XSHG,37.98,36.62,36.5,38.67,1275501.0,47981453.36,7.0902
2021-03-23,688077.XSHG,40.6,38.51,38.05,40.97,1380738.0,54042736.22,7.267
2021-03-23,688078.XSHG,24.41,24.32,24.15,24.77,287393.0,7019697.72,0.847
2021-03-23,688079.XSHG,17.1,16.7,16.58,17.18,4989021.0,84065723.45,7.1541
2021-03-23,688080.XSHG,40.63,40.09,40.09,41.19,202452.0,8220335.13,0.5466
2021-03-23,688081.XSHG,25.7,25.37,25.24,25.76,259868.0,6636044.33,0.8472
2021-03-23,688083.XSHG,430.3,422.11,421.0,450.0,745628.0,322828975.82,5.5254
2021-03-23,688085.XSHG,30.0,30.01,29.95,31.4,1337194.0,40858572.03,3.0059
2021-03-23,688086.XSHG,26.84,26.73,26.47,27.25,1401997.0,37702992.96,1.3003
2021-03-23,688088.XSHG,52.01,52.34,51.73,52.56,2059271.0,107396005.68,0.7809999999999999
2021-03-23,688089.XSHG,43.22,41.4,40.9,43.57,1463072.0,61359800.77,2.2591
2021-03-23,688090.XSHG,35.5,34.62,34.6,35.51,172858.0,6023589.66,0.3816
2021-03-23,688092.XSHG,40.2,36.72,36.68,40.27,5293759.0,203406980.99,44.015
2021-03-23,688093.XSHG,25.15,25.14,24.73,25.38,744932.0,18680625.74,1.9046
2021-03-23,688095.XSHG,239.48,237.09,235.0,244.19,225679.0,53776497.12,1.9759
2021-03-23,688096.XSHG,18.48,17.73,17.63,18.61,1056869.0,18917520.29,4.2116
2021-03-23,688098.XSHG,14.12,13.97,13.93,14.2,1098567.0,15463599.91,0.4239
2021-03-23,688099.XSHG,85.21,88.96,85.21,89.99,2453552.0,217851049.51,1.1624
2021-03-23,688100.XSHG,22.42,22.04,21.85,22.45,629135.0,13884693.95,0.3848
2021-03-23,688101.XSHG,16.39,15.99,15.97,16.44,884510.0,14279238.95,0.4983
2021-03-23,688106.XSHG,24.87,24.69,24.61,25.59,3536938.0,89000682.46,3.2887
2021-03-23,688108.XSHG,10.92,10.73,10.6,10.93,1605841.0,17307168.73,0.5607
2021-03-23,688111.XSHG,302.39,296.32,295.32,305.53,1015418.0,303287929.98,0.471
2021-03-23,688116.XSHG,55.35,56.41,55.24,57.43,1523372.0,86028242.21,0.8648
2021-03-23,688118.XSHG,21.39,21.2,21.11,21.61,307759.0,6558047.9,0.4646
2021-03-23,688122.XSHG,51.92,50.97,50.13,52.81,2452009.0,126216347.56,0.7968
2021-03-23,688123.XSHG,44.92,44.27,43.64,45.85,961336.0,43092200.5,1.1682
2021-03-23,688126.XSHG,25.7,25.78,25.46,26.37,11330596.0,293226007.03,2.3723
2021-03-23,688127.XSHG,21.43,20.72,20.62,21.7,2214093.0,46675147.85,5.6983
2021-03-23,688128.XSHG,16.02,15.98,15.91,16.17,798947.0,12817833.1,0.8632
2021-03-23,688129.XSHG,18.5,18.18,18.04,18.55,538240.0,9836125.04,1.9717
2021-03-23,688133.XSHG,145.0,153.49,145.0,157.0,539634.0,82342893.1,3.4665
2021-03-23,688135.XSHG,33.35,33.38,33.02,33.98,779158.0,26085019.94,2.8124
2021-03-23,688136.XSHG,34.4,34.2,33.36,34.5,1182978.0,40071241.95,2.8917
2021-03-23,688138.XSHG,18.29,18.5,18.29,18.94,1466112.0,27368603.99,1.88
2021-03-23,688139.XSHG,82.48,83.27,82.47,85.68,1985932.0,166453027.09,1.1009
2021-03-23,688155.XSHG,90.11,87.86,86.66,93.75,772601.0,69127171.69,4.3273
2021-03-23,688156.XSHG,19.35,18.81,18.62,19.35,608265.0,11554622.05,2.7887
2021-03-23,688157.XSHG,90.0,88.5,87.0,90.81,198465.0,17547329.03,1.0498
2021-03-23,688158.XSHG,38.78,39.01,38.46,39.11,348457.0,13502596.35,0.1114
2021-03-23,688159.XSHG,23.76,23.81,23.57,24.25,325977.0,7775770.22,0.5269
2021-03-23,688160.XSHG,34.87,35.67,34.68,36.04,648384.0,22942070.49,3.4214
2021-03-23,688165.XSHG,10.44,10.25,10.23,10.49,1067493.0,11007114.63,0.8599
2021-03-23,688166.XSHG,44.94,44.61,44.38,45.94,921252.0,41617429.17,0.5113
2021-03-23,688168.XSHG,49.58,50.03,49.44,50.23,308079.0,15337233.83,1.1111
2021-03-23,688169.XSHG,993.56,986.54,984.33,1044.31,420132.0,426798631.9,1.0353
2021-03-23,688177.XSHG,22.5,22.14,22.08,22.66,821383.0,18351662.74,0.8564
2021-03-23,688178.XSHG,30.9,30.25,29.9,30.9,433587.0,13101164.54,1.1853
2021-03-23,688179.XSHG,90.02,92.39,89.51,93.17,519045.0,47585106.77,2.2629
2021-03-23,688180.XSHG,90.2,85.86,85.66,91.47,1961983.0,171941114.52,2.7029
2021-03-23,688181.XSHG,55.3,55.81,55.1,56.86,1261957.0,70880342.02,1.7064
2021-03-23,688183.XSHG,16.45,16.25,16.17,16.68,6400745.0,104969721.66,5.8186
2021-03-23,688185.XSHG,390.0,399.51,390.0,413.82,1132314.0,455342978.48,4.7135
2021-03-23,688186.XSHG,31.28,30.97,30.46,31.77,974682.0,30153485.19,1.0748
2021-03-23,688188.XSHG,270.34,266.51,262.9,274.34,197778.0,53040252.92,0.7734
2021-03-23,688189.XSHG,37.58,37.26,37.09,38.2,290878.0,10915697.59,0.8657
2021-03-23,688196.XSHG,63.77,59.78,57.18,63.77,2356353.0,141214828.57,8.3474
2021-03-23,688198.XSHG,134.41,135.23,131.09,139.46,636135.0,86259109.27,2.7945
2021-03-23,688199.XSHG,41.23,41.93,41.23,43.12,1479183.0,62452339.65,1.9238
2021-03-23,688200.XSHG,308.42,303.79,296.54,308.42,301664.0,91059558.51,0.8501
2021-03-23,688202.XSHG,269.8,258.16,257.0,271.32,347512.0,91649283.9,1.3363
2021-03-23,688208.XSHG,61.39,60.05,59.56,63.43,2437956.0,149805878.34,0.9849
2021-03-23,688215.XSHG,41.3,40.0,39.8,41.36,178359.0,7210358.03,1.8756
2021-03-23,688218.XSHG,15.59,15.62,15.53,15.76,959008.0,14982643.95,1.1763
2021-03-23,688219.XSHG,16.98,16.34,16.3,17.12,1398826.0,23167091.42,3.3714
2021-03-23,688221.XSHG,16.51,16.29,16.27,16.64,1069405.0,17505632.61,1.2943
2021-03-23,688222.XSHG,29.69,28.34,28.27,29.91,804392.0,23253793.98,2.1937
2021-03-23,688228.XSHG,39.74,40.06,39.59,40.07,267374.0,10653866.91,1.7692
2021-03-23,688229.XSHG,103.72,103.89,101.43,104.7,105600.0,10893354.18,1.0113
2021-03-23,688233.XSHG,35.59,36.0,35.59,36.46,604673.0,21816862.0,0.7439
2021-03-23,688256.XSHG,147.22,144.2,143.01,149.69,541806.0,79032075.8,1.6421
2021-03-23,688258.XSHG,38.62,38.55,38.25,39.54,674991.0,26244954.0,1.5956
2021-03-23,688266.XSHG,62.98,62.23,61.51,63.64,788850.0,49345126.72,0.593
2021-03-23,688268.XSHG,59.0,59.15,58.67,61.56,1617458.0,97412850.51,5.0113
2021-03-23,688277.XSHG,33.26,33.69,32.94,34.89,1294898.0,43778817.35,3.5155
2021-03-23,688278.XSHG,33.16,32.78,32.34,33.65,411440.0,13571997.28,0.2151
2021-03-23,688286.XSHG,88.4,87.15,86.58,88.68,159298.0,13971171.53,1.2581
2021-03-23,688288.XSHG,34.79,35.87,34.46,36.02,719358.0,25319635.13,1.414
2021-03-23,688289.XSHG,99.69,100.82,98.89,102.52,1118530.0,112346426.04,3.2313
2021-03-23,688298.XSHG,130.83,129.83,128.23,132.25,769339.0,99550425.32,1.2797
2021-03-23,688299.XSHG,26.79,27.19,26.57,27.68,3718512.0,101619873.86,1.682
2021-03-23,688300.XSHG,52.39,51.49,51.11,52.78,292773.0,15142915.86,0.565
2021-03-23,688301.XSHG,163.51,169.65,163.0,169.92,458047.0,76855986.73,2.8039
2021-03-23,688308.XSHG,47.8,44.72,43.93,48.8,2808803.0,129129354.06,12.3474
2021-03-23,688309.XSHG,30.51,30.76,30.44,31.7,550826.0,17055772.15,2.8987
2021-03-23,688310.XSHG,27.07,26.69,26.66,27.16,234597.0,6299306.84,0.6442
2021-03-23,688311.XSHG,71.22,69.99,69.31,71.92,275313.0,19544903.66,1.0033
2021-03-23,688312.XSHG,23.61,23.81,23.38,24.08,580572.0,13776568.35,1.7864
2021-03-23,688313.XSHG,18.54,18.31,18.27,18.78,1304515.0,24129307.59,2.9852
2021-03-23,688316.XSHG,69.33,72.0,66.0,74.0,2401057.0,166448400.75,22.1599
2021-03-23,688317.XSHG,57.0,56.08,55.77,57.0,1164899.0,65509643.27,2.8501
2021-03-23,688318.XSHG,158.59,161.42,157.4,164.3,425728.0,68533774.99,2.6492
2021-03-23,688321.XSHG,38.0,37.99,37.7,38.29,2094825.0,79527711.94,0.8367
2021-03-23,688328.XSHG,33.0,31.68,31.41,33.33,2528164.0,81276769.92,15.3284
2021-03-23,688330.XSHG,84.4,86.39,84.36,86.91,948188.0,81375052.67,4.0878
2021-03-23,688333.XSHG,133.36,127.12,126.49,134.01,612165.0,79106050.21,1.3813
2021-03-23,688335.XSHG,36.07,35.78,35.38,36.98,1043652.0,37781950.02,6.0206
2021-03-23,688336.XSHG,18.43,18.55,18.42,18.93,708652.0,13252381.99,1.1912
2021-03-23,688338.XSHG,48.83,48.05,47.83,48.97,292128.0,14117153.42,1.4908
2021-03-23,688339.XSHG,244.53,231.99,227.87,244.53,466544.0,108612593.42,2.8895
2021-03-23,688350.XSHG,23.12,23.2,22.5,23.6,2332760.0,53744661.95,9.3774
2021-03-23,688356.XSHG,90.2,92.45,89.41,93.78,302422.0,27688542.11,2.1223
2021-03-23,688357.XSHG,70.68,72.52,70.34,73.62,1131320.0,81852990.03,4.3554
2021-03-23,688358.XSHG,48.87,48.44,48.43,49.63,110802.0,5434488.62,0.5846
2021-03-23,688360.XSHG,30.7,29.6,29.5,30.88,237162.0,7113723.6,1.1655
2021-03-23,688363.XSHG,155.4,146.23,145.39,157.05,1877548.0,280433449.64,2.0166
2021-03-23,688365.XSHG,24.01,23.82,23.64,24.31,1462425.0,35096836.12,4.2808
2021-03-23,688366.XSHG,104.02,104.75,103.74,110.13,630450.0,67150564.31,1.6709
2021-03-23,688368.XSHG,182.21,188.23,182.21,193.06,160248.0,30192498.87,1.0647
2021-03-23,688369.XSHG,60.2,59.65,59.6,61.08,326500.0,19572899.58,0.5627
2021-03-23,688377.XSHG,16.24,15.96,15.92,16.29,392541.0,6308180.93,0.8490000000000001
2021-03-23,688378.XSHG,51.3,50.34,50.28,51.81,372846.0,19018964.94,2.3711
2021-03-23,688379.XSHG,22.46,21.66,21.61,22.58,535574.0,11763591.56,2.5626
2021-03-23,688386.XSHG,45.0,42.89,42.2,46.3,372011.0,16360335.78,2.6109
2021-03-23,688388.XSHG,72.29,72.9,71.48,73.71,1297590.0,93922143.09,0.7909
2021-03-23,688389.XSHG,23.9,23.57,23.39,24.11,990274.0,23388525.64,0.6415
2021-03-23,688390.XSHG,177.74,175.94,172.0,179.2,887846.0,155909722.72,4.2389
2021-03-23,688393.XSHG,34.5,33.92,33.76,34.63,265460.0,9058670.78,1.1972
2021-03-23,688396.XSHG,56.09,54.29,53.54,57.32,9602015.0,528365518.7,2.9195
2021-03-23,688398.XSHG,42.51,41.89,41.82,42.98,508597.0,21452686.52,1.4792
2021-03-23,688399.XSHG,151.43,151.4,146.88,153.93,523621.0,78139055.17,1.5719
2021-03-23,688408.XSHG,139.6,127.0,125.98,139.6,541584.0,70005987.21,1.7113
2021-03-23,688418.XSHG,20.7,20.53,20.41,21.14,499041.0,10354585.94,1.2128
2021-03-23,688456.XSHG,36.67,33.09,32.68,37.23,9947927.0,345457829.88,36.4445
2021-03-23,688466.XSHG,26.06,25.01,24.84,26.12,1630768.0,41343181.64,6.6935
2021-03-23,688488.XSHG,19.06,18.76,18.64,19.09,449999.0,8461185.25,0.8312
2021-03-23,688500.XSHG,38.8,39.25,38.7,39.79,357008.0,14023051.7,2.0238
2021-03-23,688505.XSHG,15.13,14.88,14.85,15.21,836387.0,12540483.03,0.8688
2021-03-23,688508.XSHG,72.59,72.0,71.6,73.95,603789.0,43944808.58,2.2538
2021-03-23,688510.XSHG,24.95,23.85,23.8,24.95,1206249.0,29288435.31,2.4396
2021-03-23,688513.XSHG,45.87,45.25,45.09,45.93,292541.0,13266028.15,1.1305
2021-03-23,688516.XSHG,68.35,67.66,66.46,69.01,263520.0,17872418.13,1.2546
2021-03-23,688518.XSHG,14.44,13.85,13.8,14.44,1104282.0,15535778.95,1.554
2021-03-23,688519.XSHG,29.62,28.9,28.7,29.76,734094.0,21367971.33,1.4422
2021-03-23,688520.XSHG,42.61,42.11,41.62,42.88,429615.0,18115056.76,0.895
2021-03-23,688521.XSHG,60.7,60.59,60.23,63.0,1091805.0,66837490.17,2.4147
2021-03-23,688526.XSHG,35.83,36.06,35.7,37.88,3363302.0,123714497.1,4.0039
2021-03-23,688528.XSHG,14.69,14.42,14.42,14.76,386032.0,5611996.9,0.9675
2021-03-23,688529.XSHG,30.14,29.65,29.52,30.42,831174.0,24780409.28,2.8538
2021-03-23,688536.XSHG,368.61,356.0,348.68,372.39,457092.0,163615130.89,2.4104
2021-03-23,688550.XSHG,84.56,83.57,83.4,85.4,327398.0,27574196.85,1.9233
2021-03-23,688551.XSHG,28.0,27.73,27.58,28.49,381042.0,10601068.64,2.0055
2021-03-23,688555.XSHG,31.16,30.85,30.82,31.68,274901.0,8556417.48,1.3925
2021-03-23,688556.XSHG,20.52,20.29,20.19,20.76,717624.0,14661969.05,1.8669
2021-03-23,688557.XSHG,36.16,36.02,35.72,36.87,523802.0,19050377.64,3.1673
2021-03-23,688558.XSHG,36.27,36.31,35.5,37.04,1239350.0,45004848.6,3.9533
2021-03-23,688559.XSHG,21.79,21.92,21.7,22.38,1094622.0,24089743.22,2.3045
2021-03-23,688560.XSHG,20.83,20.07,19.85,21.1,1694005.0,34529833.02,5.073
2021-03-23,688561.XSHG,102.66,100.22,99.66,103.5,795298.0,80197796.74,1.087
2021-03-23,688566.XSHG,23.28,22.68,22.56,23.38,471493.0,10803021.76,1.1815
2021-03-23,688567.XSHG,28.44,27.51,27.1,28.62,5276308.0,145875746.8,3.4193
2021-03-23,688568.XSHG,45.0,44.33,44.0,45.48,558248.0,24930270.68,1.1265
2021-03-23,688569.XSHG,19.16,19.13,19.13,19.31,620371.0,11915079.19,1.2322
2021-03-23,688571.XSHG,9.37,9.06,9.03,9.38,3028279.0,27836478.58,4.1667
2021-03-23,688577.XSHG,42.3,41.5,41.0,42.45,159359.0,6645016.81,1.2426
2021-03-23,688578.XSHG,28.8,29.5,28.4,30.4,2171433.0,64111536.11,3.1722
2021-03-23,688579.XSHG,13.1,13.0,13.0,13.28,720674.0,9455614.66,1.896
2021-03-23,688580.XSHG,108.97,106.01,105.01,109.4,203179.0,21674241.94,1.2387
2021-03-23,688585.XSHG,13.43,12.67,12.63,13.49,2081254.0,26940040.7,5.3333
2021-03-23,688586.XSHG,23.57,23.03,22.98,23.58,2100301.0,48827819.77,2.2618
2021-03-23,688588.XSHG,20.47,20.39,20.21,21.1,1060731.0,21901759.52,2.8034
2021-03-23,688589.XSHG,29.6,29.18,29.18,30.1,377743.0,11196260.89,1.4727
2021-03-23,688590.XSHG,17.1,16.72,16.61,17.15,625348.0,10528929.19,1.69
2021-03-23,688595.XSHG,52.77,50.65,49.9,53.35,1338845.0,68899237.52,6.5784
2021-03-23,688596.XSHG,16.36,16.14,16.07,16.52,1437571.0,23462666.32,2.5235
2021-03-23,688598.XSHG,168.91,163.3,159.39,171.41,664378.0,109433330.91,3.4775
2021-03-23,688599.XSHG,18.24,17.4,17.31,18.29,8527135.0,150500422.68,2.8504
2021-03-23,688600.XSHG,17.66,16.98,16.98,17.69,862251.0,14826421.13,2.7224
2021-03-23,688607.XSHG,33.69,32.88,32.61,33.78,800042.0,26363141.37,4.3532
2021-03-23,688608.XSHG,243.8,235.69,234.6,244.8,391942.0,93249053.64,1.7055
2021-03-23,688609.XSHG,12.88,13.54,11.9,15.0,64452623.0,842424296.36,79.8022
2021-03-23,688616.XSHG,16.35,15.52,15.52,16.48,8933647.0,142207202.38,26.1841
2021-03-23,688617.XSHG,194.29,200.77,194.29,204.0,148095.0,29778673.83,1.0787
2021-03-23,688618.XSHG,47.0,46.1,46.0,47.5,457507.0,21345980.7,4.2542
2021-03-23,688619.XSHG,26.5,26.74,26.44,27.14,2524305.0,67534667.99,5.8869
2021-03-23,688628.XSHG,31.19,31.32,30.9,32.38,2477809.0,78559925.72,9.907
2021-03-23,688656.XSHG,76.0,73.0,73.0,76.0,198170.0,14665940.3,1.544
2021-03-23,688658.XSHG,22.82,22.29,22.23,22.86,3015513.0,67673827.89,3.636
2021-03-23,688665.XSHG,63.27,62.58,61.0,65.59,1209952.0,76522705.71,8.4098
2021-03-23,688667.XSHG,123.0,118.97,116.68,129.6,2519312.0,315659276.44,21.2703
2021-03-23,688668.XSHG,27.22,26.5,26.29,27.45,806296.0,21498782.63,4.1701
2021-03-23,688669.XSHG,39.99,39.29,39.0,40.17,880219.0,34749735.62,4.6266
2021-03-23,688676.XSHG,17.6,17.5,17.3,18.46,6610591.0,117690191.15,19.2276
2021-03-23,688677.XSHG,70.5,73.32,70.5,76.78,2686454.0,198203469.13,15.1495
2021-03-23,688678.XSHG,20.6,19.7,19.62,20.76,1584235.0,31848017.53,4.4892
2021-03-23,688679.XSHG,16.53,16.05,15.85,16.54,3732839.0,60159636.18,12.4619
2021-03-23,688680.XSHG,116.09,112.0,110.57,117.49,685184.0,77426024.37,3.5443
2021-03-23,688686.XSHG,256.25,247.22,246.75,259.99,248988.0,62729699.45,1.4605
2021-03-23,688687.XSHG,27.34,26.48,26.33,27.34,1291330.0,34490944.01,3.3434
2021-03-23,688689.XSHG,23.85,23.61,23.32,24.24,2109432.0,50266156.56,7.2233
2021-03-23,688696.XSHG,480.01,462.07,460.0,484.15,699723.0,326637662.46,6.7722
2021-03-23,688698.XSHG,17.88,18.3,17.75,19.0,3102929.0,57081309.65,8.4724
2021-03-23,688699.XSHG,66.13,65.82,65.55,67.35,1319995.0,87757960.29,7.803999999999999
2021-03-23,688777.XSHG,74.88,75.14,73.35,76.51,1078281.0,80925115.44,2.7625
2021-03-23,688788.XSHG,107.0,108.9,107.0,113.8,717873.0,79407993.64,4.3164
2021-03-23,688819.XSHG,49.9,48.3,48.0,49.97,5653815.0,276031613.04,5.5946
2021-03-23,688981.XSHG,55.63,55.28,54.9,56.46,17453269.0,973278179.86,1.5930000000000002
2021-03-23,689009.XSHG,63.35,64.46,63.11,65.92,2228228.0,144158479.16,3.8641
