code,date,volume_turnover_ratio
600418.XSHG,2023-08-23,3442170.6354797804
603398.XSHG,2023-08-23,1092467.930842164
300550.XSHE,2023-08-23,943906.9359086918
603178.XSHG,2023-08-23,2245606.047590413
688505.XSHG,2023-08-23,6980016.149870802
001211.XSHE,2023-08-23,361529.09831783513
002408.XSHE,2023-08-23,3052107.4138937537
300191.XSHE,2023-08-23,536863.9053254438
600989.XSHG,2023-08-23,65066288.056206085
002586.XSHE,2023-08-23,1448327.310273619
688521.XSHG,2023-08-23,4848259.727466755
600986.XSHG,2023-08-23,2275145.2293527704
002960.XSHE,2023-08-23,2361354.5663852645
301366.XSHE,2023-08-23,201833.0732270789
002077.XSHE,2023-08-23,3950574.9252881743
002959.XSHE,2023-08-23,1150084.5521023767
600285.XSHG,2023-08-23,702060.6060606061
605258.XSHG,2023-08-23,364533.5405701367
301303.XSHE,2023-08-23,722862.939979273
600338.XSHG,2023-08-23,4821778.63886918
600640.XSHG,2023-08-23,800626.2104583603
600608.XSHG,2023-08-23,29848.129228220347
300800.XSHE,2023-08-23,534902.224212569
002194.XSHE,2023-08-23,1329423.5976789168
603881.XSHG,2023-08-23,2322171.516967998
301338.XSHE,2023-08-23,242640.92491456677
688502.XSHG,2023-08-23,120207.05273374313
002482.XSHE,2023-08-23,1803033.0837961845
002742.XSHE,2023-08-23,877112.293144208
300229.XSHE,2023-08-23,1481837.6710491013
301047.XSHE,2023-08-23,293107.81587890023
601086.XSHG,2023-08-23,5100190.218522373
601988.XSHG,2023-08-23,904767080.890973
688249.XSHG,2023-08-23,3511314.5771635408
603060.XSHG,2023-08-23,2087211.585665194
002724.XSHE,2023-08-23,2879912.9369003847
002839.XSHE,2023-08-23,14526088.022715539
688779.XSHG,2023-08-23,10149346.68225665
002115.XSHE,2023-08-23,1125493.987552118
003006.XSHE,2023-08-23,2034492.0028491872
300830.XSHE,2023-08-23,3059597.319280559
605005.XSHG,2023-08-23,499142.84053928405
002941.XSHE,2023-08-23,6229125.227865334
603315.XSHG,2023-08-23,1486168.3220073185
300521.XSHE,2023-08-23,792528.8288810338
000632.XSHE,2023-08-23,608711.6610423698
000019.XSHE,2023-08-23,684344.1945846719
002639.XSHE,2023-08-23,2103542.6152248583
301219.XSHE,2023-08-23,679904.7834958059
601998.XSHG,2023-08-23,186190634.59570113
000985.XSHE,2023-08-23,770614.4352025759
600824.XSHG,2023-08-23,317691.68575663655
300903.XSHE,2023-08-23,1520667.0052480109
300963.XSHE,2023-08-23,523520.9082575277
000922.XSHE,2023-08-23,2071847.228099873
301149.XSHE,2023-08-23,1820513.0158730159
688110.XSHG,2023-08-23,2709464.8854961833
600655.XSHG,2023-08-23,137766.36019469984
300561.XSHE,2023-08-23,297981.4690168693
688279.XSHG,2023-08-23,545107.7208535203
688767.XSHG,2023-08-23,359341.9074661767
688266.XSHG,2023-08-23,1436148.2292807596
600105.XSHG,2023-08-23,1190059.9520383691
000609.XSHE,2023-08-23,480883.66542133666
300706.XSHE,2023-08-23,615234.7094609819
301322.XSHE,2023-08-23,164409.2989434963
301088.XSHE,2023-08-23,542500.2041094026
600587.XSHG,2023-08-23,719461.9385533425
002461.XSHE,2023-08-23,10118567.961165048
002467.XSHE,2023-08-23,1144340.425531915
601727.XSHG,2023-08-23,110624344.31323804
000880.XSHE,2023-08-23,406936.9024856597
601799.XSHG,2023-08-23,2196535.1674020244
002080.XSHE,2023-08-23,3198978.772231784
605300.XSHG,2023-08-23,568680.501174628
603926.XSHG,2023-08-23,1059479.365079365
688013.XSHG,2023-08-23,382208.8689434852
603050.XSHG,2023-08-23,1226466.5746703465
300806.XSHE,2023-08-23,735459.0856703803
301323.XSHE,2023-08-23,233852.43464947082
600694.XSHG,2023-08-23,501581.19658119656
002980.XSHE,2023-08-23,649785.4289303914
300708.XSHE,2023-08-23,2076103.998944173
003029.XSHE,2023-08-23,1115789.3605918286
300377.XSHE,2023-08-23,613634.6703986499
300922.XSHE,2023-08-23,595154.6547225867
600118.XSHG,2023-08-23,700065.8303316358
600877.XSHG,2023-08-23,1983780.2107002686
605100.XSHG,2023-08-23,820209.2295658976
002673.XSHE,2023-08-23,15811343.33020931
301211.XSHE,2023-08-23,583983.9031255498
605598.XSHG,2023-08-23,524132.2817213228
688548.XSHG,2023-08-23,2432195.0630656495
002950.XSHE,2023-08-23,2200886.9987849332
300045.XSHE,2023-08-23,600596.4452863829
300249.XSHE,2023-08-23,720001.2748597654
300308.XSHE,2023-08-23,1595474.1943935028
600273.XSHG,2023-08-23,7338990.413421211
600295.XSHG,2023-08-23,2589754.8326261197
600429.XSHG,2023-08-23,10226197.844708484
688561.XSHG,2023-08-23,4637147.226753671
605003.XSHG,2023-08-23,207737.29934575097
300774.XSHE,2023-08-23,1212572.8193298667
300376.XSHE,2023-08-23,996470.2658262538
002758.XSHE,2023-08-23,573564.6543862849
688343.XSHG,2023-08-23,745310.8289557372
000506.XSHE,2023-08-23,3093515.4875210505
601375.XSHG,2023-08-23,32786734.310952023
002468.XSHE,2023-08-23,6642709.193245779
300425.XSHE,2023-08-23,788125.7427751529
688168.XSHG,2023-08-23,537197.5680980419
300185.XSHE,2023-08-23,4183931.806743835
688100.XSHG,2023-08-23,4811106.164383562
688117.XSHG,2023-08-23,465489.7965680813
001318.XSHE,2023-08-23,762295.7573632539
600790.XSHG,2023-08-23,1158371.675053918
603119.XSHG,2023-08-23,685953.822935654
688080.XSHG,2023-08-23,519898.1054787506
688091.XSHG,2023-08-23,764845.2806717462
688119.XSHG,2023-08-23,5522742.410657103
000530.XSHE,2023-08-23,560935.2201810671
600845.XSHG,2023-08-23,1426949.3087557603
603906.XSHG,2023-08-23,2691101.5772870663
300329.XSHE,2023-08-23,674268.9588688946
688660.XSHG,2023-08-23,5269578.1856689025
002641.XSHE,2023-08-23,1800693.5866983375
600058.XSHG,2023-08-23,2242214.765100671
600583.XSHG,2023-08-23,2108461.744966443
002233.XSHE,2023-08-23,3796866.4622247
300870.XSHE,2023-08-23,386658.00133002846
002188.XSHE,2023-08-23,1216552.6341997809
300086.XSHE,2023-08-23,886953.876981429
600315.XSHG,2023-08-23,1208343.6687337467
002280.XSHE,2023-08-23,1399740.7498564278
002537.XSHE,2023-08-23,1703923.3964005539
688184.XSHG,2023-08-23,281492.85714285716
688069.XSHG,2023-08-23,574794.3895441504
300776.XSHE,2023-08-23,399307.81129156996
300471.XSHE,2023-08-23,657521.484375
301072.XSHE,2023-08-23,333103.7779902604
000850.XSHE,2023-08-23,982197.3560945144
688160.XSHG,2023-08-23,266539.7414183822
603161.XSHG,2023-08-23,1279574.2343688211
605259.XSHG,2023-08-23,360176.7845230154
601677.XSHG,2023-08-23,6119323.237885462
002793.XSHE,2023-08-23,2985323.460639127
002511.XSHE,2023-08-23,1577509.99000999
300881.XSHE,2023-08-23,260313.32195919528
002621.XSHE,2023-08-23,979174.3904177955
688728.XSHG,2023-08-23,11119426.048565121
000608.XSHE,2023-08-23,649335.042461144
600184.XSHG,2023-08-23,1544353.6349396482
002745.XSHE,2023-08-23,4420809.182676652
600207.XSHG,2023-08-23,6760313.857086458
600059.XSHG,2023-08-23,1079652.3944502461
300408.XSHE,2023-08-23,4263585.551330798
300748.XSHE,2023-08-23,4291664.744329104
300142.XSHE,2023-08-23,1090366.601133341
300251.XSHE,2023-08-23,1045607.0862739449
003001.XSHE,2023-08-23,369999.06570434215
002150.XSHE,2023-08-23,590750.772854409
002702.XSHE,2023-08-23,538336.9665134603
603358.XSHG,2023-08-23,1390163.183509877
300129.XSHE,2023-08-23,1006684.6112435592
002138.XSHE,2023-08-23,1093605.5250863296
002168.XSHE,2023-08-23,521157.28328865056
300931.XSHE,2023-08-23,1030602.0957077217
603658.XSHG,2023-08-23,4127464.580873672
002074.XSHE,2023-08-23,2738284.2405321025
000567.XSHE,2023-08-23,1281996.0806270996
301012.XSHE,2023-08-23,534335.7906102238
600490.XSHG,2023-08-23,1412057.2483841183
300034.XSHE,2023-08-23,1211276.5113974232
603318.XSHG,2023-08-23,1258973.5363125443
002768.XSHE,2023-08-23,559552.7156549521
603122.XSHG,2023-08-23,1733753.420436337
000858.XSHE,2023-08-23,2039193.7615648955
600377.XSHG,2023-08-23,11110712.087912088
605177.XSHG,2023-08-23,544308.7320229118
002654.XSHE,2023-08-23,1260991.5377593564
603236.XSHG,2023-08-23,913319.1121360624
600811.XSHG,2023-08-23,2340695.685969685
300853.XSHE,2023-08-23,568031.4960629921
300407.XSHE,2023-08-23,546657.4726734089
300015.XSHE,2023-08-23,1234422.925935619
300231.XSHE,2023-08-23,319358.4351087012
002928.XSHE,2023-08-23,5334417.57036676
601169.XSHG,2023-08-23,47691982.75862069
300877.XSHE,2023-08-23,552434.7315928425
603858.XSHG,2023-08-23,5026907.481439178
000566.XSHE,2023-08-23,1166911.9040101042
002750.XSHE,2023-08-23,646589.2264488129
301318.XSHE,2023-08-23,193400.35550893142
601228.XSHG,2023-08-23,60738643.93338621
002444.XSHE,2023-08-23,2592539.837398374
600076.XSHG,2023-08-23,3167087.5290472503
301368.XSHE,2023-08-23,300324.7094031922
603666.XSHG,2023-08-23,736798.1134547361
002822.XSHE,2023-08-23,3160837.8354283674
600983.XSHG,2023-08-23,3100922.04526404
688381.XSHG,2023-08-23,1850328.9904650995
002044.XSHE,2023-08-23,3999605.137963844
001256.XSHE,2023-08-23,353202.003680229
002241.XSHE,2023-08-23,1286223.0789000257
600580.XSHG,2023-08-23,1760940.0907242296
300345.XSHE,2023-08-23,1024904.2036030883
002896.XSHE,2023-08-23,852001.6415468181
300898.XSHE,2023-08-23,519559.824762169
301099.XSHE,2023-08-23,284792.3896376402
603583.XSHG,2023-08-23,1279553.085835895
002081.XSHE,2023-08-23,860705.4525014053
600879.XSHG,2023-08-23,737887.2041944169
600649.XSHG,2023-08-23,1084712.405737099
001222.XSHE,2023-08-23,456970.8877931138
600666.XSHG,2023-08-23,1192839.1551584078
002478.XSHE,2023-08-23,2563505.9810859896
002570.XSHE,2023-08-23,4184344.6318250126
601669.XSHG,2023-08-23,102946481.63536645
300825.XSHE,2023-08-23,3145085.835677786
605033.XSHG,2023-08-23,331453.5047386694
300991.XSHE,2023-08-23,401287.9589461432
301311.XSHE,2023-08-23,598859.0909090909
600108.XSHG,2023-08-23,1997493.8088162455
600111.XSHG,2023-08-23,1800935.0813457589
002452.XSHE,2023-08-23,894104.9460205876
301155.XSHE,2023-08-23,875382.1297061697
002099.XSHE,2023-08-23,2209735.2342158863
300465.XSHE,2023-08-23,1383187.3014317334
600626.XSHG,2023-08-23,748096.314325452
600738.XSHG,2023-08-23,1007780.7546327305
603936.XSHG,2023-08-23,2549405.2330694813
601611.XSHG,2023-08-23,27568324.02234637
300455.XSHE,2023-08-23,1887766.231289923
600883.XSHG,2023-08-23,488971.5936446798
688153.XSHG,2023-08-23,899959.370904325
002876.XSHE,2023-08-23,799724.0328451706
300913.XSHE,2023-08-23,306881.0216666918
301016.XSHE,2023-08-23,294060.3067812333
688396.XSHG,2023-08-23,13087896.634615386
300130.XSHE,2023-08-23,567954.1153000153
600136.XSHG,2023-08-23,1950876.2434172032
600439.XSHG,2023-08-23,715262.958758986
000035.XSHE,2023-08-23,5223649.769585254
300122.XSHE,2023-08-23,2210616.345829112
688252.XSHG,2023-08-23,360773.20361528994
603557.XSHG,2023-08-23,4667044.919319668
600497.XSHG,2023-08-23,2234301.2625163253
600458.XSHG,2023-08-23,963914.2194744978
300660.XSHE,2023-08-23,932067.8235227402
300832.XSHE,2023-08-23,3519109.89010989
301261.XSHE,2023-08-23,197918.42978326083
600022.XSHG,2023-08-23,17762825.722664434
688737.XSHG,2023-08-23,465395.31079607416
000900.XSHE,2023-08-23,1056316.8856135854
603686.XSHG,2023-08-23,1315899.2546285165
601968.XSHG,2023-08-23,8506835.234474018
002575.XSHE,2023-08-23,1312650.585212675
300337.XSHE,2023-08-23,1589962.161717529
301210.XSHE,2023-08-23,164361.54593705613
300735.XSHE,2023-08-23,3779191.5550978375
002020.XSHE,2023-08-23,534335.339638865
600229.XSHG,2023-08-23,4152232.2333596125
600976.XSHG,2023-08-23,499579.01554404147
600255.XSHG,2023-08-23,1326257.7146063214
301098.XSHE,2023-08-23,712650.7251872215
002965.XSHE,2023-08-23,1115901.0039976807
300490.XSHE,2023-08-23,1591129.720334966
000932.XSHE,2023-08-23,23306082.60469397
688233.XSHG,2023-08-23,1575235.484674807
002574.XSHE,2023-08-23,2256986.4206128134
000761.XSHE,2023-08-23,15443632.138114208
002261.XSHE,2023-08-23,1105652.7031727016
002514.XSHE,2023-08-23,830750.7212925563
003018.XSHE,2023-08-23,723265.3008632908
000719.XSHE,2023-08-23,1581479.4394278205
600753.XSHG,2023-08-23,569674.158006761
600000.XSHG,2023-08-23,18892356.377799414
000885.XSHE,2023-08-23,3042790.5537795196
000799.XSHE,2023-08-23,1520150.0197394392
002192.XSHE,2023-08-23,838599.5098039216
603002.XSHG,2023-08-23,3362690.4376012967
603016.XSHG,2023-08-23,1312056.074766355
688041.XSHG,2023-08-23,8800994.274166387
603118.XSHG,2023-08-23,3130148.203475116
002820.XSHE,2023-08-23,1132663.3015143184
688105.XSHG,2023-08-23,1597628.3810270482
002266.XSHE,2023-08-23,4281961.070559611
600650.XSHG,2023-08-23,854964.1409416901
002306.XSHE,2023-08-23,1941053.6138445877
000909.XSHE,2023-08-23,1814597.2925962338
600897.XSHG,2023-08-23,569259.714707329
300454.XSHE,2023-08-23,2720111.384111384
000551.XSHE,2023-08-23,508249.0875912408
603099.XSHG,2023-08-23,2599086.6807610993
603357.XSHG,2023-08-23,2756037.783375315
002774.XSHE,2023-08-23,2445737.152485257
600449.XSHG,2023-08-23,1103182.027168234
000536.XSHE,2023-08-23,5780479.797979797
603171.XSHG,2023-08-23,889772.9729729729
688570.XSHG,2023-08-23,551413.6844245628
002133.XSHE,2023-08-23,2411531.214671524
301310.XSHE,2023-08-23,220970.27316550617
601001.XSHG,2023-08-23,7086189.328457447
002920.XSHE,2023-08-23,5324415.994387934
688799.XSHG,2023-08-23,552403.6680251946
301236.XSHE,2023-08-23,2984865.7042135303
301239.XSHE,2023-08-23,707253.1598047804
000615.XSHE,2023-08-23,804747.2523032164
002377.XSHE,2023-08-23,2110538.0631796997
300626.XSHE,2023-08-23,975196.102314251
603486.XSHG,2023-08-23,3918864.2384105963
605589.XSHG,2023-08-23,5990150.899139954
002320.XSHE,2023-08-23,1613687.0897155362
688428.XSHG,2023-08-23,2422922.6762820515
600547.XSHG,2023-08-23,1638485.4665986742
300098.XSHE,2023-08-23,987891.4077805766
002022.XSHE,2023-08-23,390242.83022817667
002097.XSHE,2023-08-23,1988928.509905254
300797.XSHE,2023-08-23,2436310.2340523177
301137.XSHE,2023-08-23,450197.0440475426
603159.XSHG,2023-08-23,938472.1697349241
603307.XSHG,2023-08-23,166219.56843612707
000503.XSHE,2023-08-23,924396.7732724157
600455.XSHG,2023-08-23,552721.7693598657
002219.XSHE,2023-08-23,1463285.3982300884
601916.XSHG,2023-08-23,172511766.38758424
603177.XSHG,2023-08-23,2017763.4647418102
601996.XSHG,2023-08-23,2455481.115961283
000419.XSHE,2023-08-23,327067.64271133946
600522.XSHG,2023-08-23,3936028.97473997
002919.XSHE,2023-08-23,780290.7317073172
600560.XSHG,2023-08-23,482835.24904214556
600679.XSHG,2023-08-23,1184554.9228233178
300310.XSHE,2023-08-23,896966.1347301742
600683.XSHG,2023-08-23,1135477.9638335712
300608.XSHE,2023-08-23,708031.2873995554
688123.XSHG,2023-08-23,1181528.063241107
300277.XSHE,2023-08-23,626081.4227181588
688636.XSHG,2023-08-23,298670.2353942144
601718.XSHG,2023-08-23,38996780.141843975
600137.XSHG,2023-08-23,620505.0505050505
000848.XSHE,2023-08-23,386150.44822658174
600282.XSHG,2023-08-23,7834769.808957094
603356.XSHG,2023-08-23,1290674.3772241992
300196.XSHE,2023-08-23,688160.1466992665
300203.XSHE,2023-08-23,4289692.960559161
301001.XSHE,2023-08-23,340971.37637028017
002431.XSHE,2023-08-23,1480627.4167394289
000833.XSHE,2023-08-23,2224491.6769844545
300617.XSHE,2023-08-23,504880.1571709234
300667.XSHE,2023-08-23,701173.3746130031
603198.XSHG,2023-08-23,6427225.939269171
605077.XSHG,2023-08-23,734301.6321406153
605337.XSHG,2023-08-23,586498.3206866526
002340.XSHE,2023-08-23,2103435.6704269596
002183.XSHE,2023-08-23,1718184.0939726555
300645.XSHE,2023-08-23,723668.9132266217
688262.XSHG,2023-08-23,1852121.1162937782
001298.XSHE,2023-08-23,237927.12532573112
688633.XSHG,2023-08-23,235495.4594017094
301510.XSHE,2023-08-23,344496.4613593317
601985.XSHG,2023-08-23,159421677.30405924
002892.XSHE,2023-08-23,550168.4730121258
600303.XSHG,2023-08-23,1021917.7205058427
003012.XSHE,2023-08-23,6035293.577691261
600653.XSHG,2023-08-23,1806.4633260711694
300056.XSHE,2023-08-23,645057.6479631054
688004.XSHG,2023-08-23,561790.4490377762
688536.XSHG,2023-08-23,439344.6707105719
688789.XSHG,2023-08-23,483626.99215785484
002197.XSHE,2023-08-23,1304798.4471806134
002539.XSHE,2023-08-23,1372611.1944027985
605158.XSHG,2023-08-23,3731638.8638412985
000625.XSHE,2023-08-23,5156497.299764205
002811.XSHE,2023-08-23,1406500.833134968
300520.XSHE,2023-08-23,1034526.8389662027
603759.XSHG,2023-08-23,1291905.671409082
000717.XSHE,2023-08-23,4485042.214384953
002026.XSHE,2023-08-23,1137831.6258351894
301519.XSHE,2023-08-23,390365.6754275776
301259.XSHE,2023-08-23,564161.1376579922
688049.XSHG,2023-08-23,904309.7997892518
300771.XSHE,2023-08-23,639838.7616897775
300499.XSHE,2023-08-23,654981.9494584837
688009.XSHG,2023-08-23,75353988.9025894
688503.XSHG,2023-08-23,258847.0012239902
002435.XSHE,2023-08-23,2811365.769562302
002191.XSHE,2023-08-23,2127445.242039389
601908.XSHG,2023-08-23,5564702.367780482
601992.XSHG,2023-08-23,33618767.85214226
300787.XSHE,2023-08-23,277050.6575742815
002647.XSHE,2023-08-23,1646107.1567690074
300055.XSHE,2023-08-23,775389.2215568862
300655.XSHE,2023-08-23,1046499.319264806
601388.XSHG,2023-08-23,4028055.2973977695
600179.XSHG,2023-08-23,15215641.70116673
300765.XSHE,2023-08-23,1948102.119460501
301266.XSHE,2023-08-23,373879.1739528687
300324.XSHE,2023-08-23,681727.8572910185
600668.XSHG,2023-08-23,395353.00794551644
002909.XSHE,2023-08-23,1211100.748719296
301043.XSHE,2023-08-23,175712.4387855044
002035.XSHE,2023-08-23,455656.17689231003
300200.XSHE,2023-08-23,1041741.1624745071
002249.XSHE,2023-08-23,1388358.885965708
002599.XSHE,2023-08-23,1133127.2933484556
002908.XSHE,2023-08-23,1007835.0033967391
603655.XSHG,2023-08-23,1033782.7781715095
600028.XSHG,2023-08-23,235004290.54054052
605333.XSHG,2023-08-23,4349210.38100497
002594.XSHE,2023-08-23,11367168.458781362
000738.XSHE,2023-08-23,7179769.303201507
003038.XSHE,2023-08-23,561995.0662966389
300268.XSHE,2023-08-23,659089.6830748484
605069.XSHG,2023-08-23,638523.8289957922
601111.XSHG,2023-08-23,96404980.41578789
300697.XSHE,2023-08-23,658925.8900460161
603833.XSHG,2023-08-23,4082246.121297602
300978.XSHE,2023-08-23,1262526.1076751496
603711.XSHG,2023-08-23,3863956.296722254
002918.XSHE,2023-08-23,800956.1211388868
002235.XSHE,2023-08-23,1198855.3366279444
600168.XSHG,2023-08-23,3026316.9590643276
301300.XSHE,2023-08-23,284769.93265261786
301265.XSHE,2023-08-23,744768.9209317287
002400.XSHE,2023-08-23,901545.4311687918
601098.XSHG,2023-08-23,11537130.734736117
300276.XSHE,2023-08-23,596511.0064893753
000920.XSHE,2023-08-23,1325761.9906572313
605299.XSHG,2023-08-23,1060054.1705140043
300409.XSHE,2023-08-23,846219.0132370638
002576.XSHE,2023-08-23,1174473.4007079464
300683.XSHE,2023-08-23,1199585.214743253
300070.XSHE,2023-08-23,1764743.4642807213
603977.XSHG,2023-08-23,2870289.6007020622
300959.XSHE,2023-08-23,363279.0204396452
600501.XSHG,2023-08-23,888980.2151108751
605488.XSHG,2023-08-23,283789.1101178383
688092.XSHG,2023-08-23,262593.53488912707
600249.XSHG,2023-08-23,1242979.0106787775
600252.XSHG,2023-08-23,873917.71019678
301052.XSHE,2023-08-23,544410.1750384292
301139.XSHE,2023-08-23,677453.7034277642
603815.XSHG,2023-08-23,5959145.273779492
605507.XSHG,2023-08-23,2862078.8141720896
002401.XSHE,2023-08-23,507494.89271529904
002936.XSHE,2023-08-23,47511296.2962963
600162.XSHG,2023-08-23,3634741.0759175466
601900.XSHG,2023-08-23,7356459.536893522
300411.XSHE,2023-08-23,745662.118157854
603429.XSHG,2023-08-23,714487.1899811737
300945.XSHE,2023-08-23,752251.2670045345
000813.XSHE,2023-08-23,5160360.8909830805
688320.XSHG,2023-08-23,842645.8440887972
300383.XSHE,2023-08-23,882200.044355733
300956.XSHE,2023-08-23,560536.5327581558
301076.XSHE,2023-08-23,395913.2349399663
000931.XSHE,2023-08-23,3684922.608475006
688500.XSHG,2023-08-23,740619.1760666993
001210.XSHE,2023-08-23,387478.00925925927
601658.XSHG,2023-08-23,557051114.1304348
002656.XSHE,2023-08-23,1151268.6271924041
600017.XSHG,2023-08-23,8989820.699449671
300461.XSHE,2023-08-23,448461.7970917038
600237.XSHG,2023-08-23,1342790.4807589808
300659.XSHE,2023-08-23,585790.8187116279
300080.XSHE,2023-08-23,4649301.834713427
002590.XSHE,2023-08-23,967965.8422621445
600019.XSHG,2023-08-23,70189073.95898074
600535.XSHG,2023-08-23,1187921.2137343625
688207.XSHG,2023-08-23,1250056.7427260655
300613.XSHE,2023-08-23,418149.3506493507
600722.XSHG,2023-08-23,1154040.1218892839
300482.XSHE,2023-08-23,676040.435745938
300532.XSHE,2023-08-23,533073.9249978741
688619.XSHG,2023-08-23,889353.1905641917
301159.XSHE,2023-08-23,311275.17617462773
300586.XSHE,2023-08-23,846483.4390415786
300563.XSHE,2023-08-23,624977.5179856116
000953.XSHE,2023-08-23,1403810.1807802094
603701.XSHG,2023-08-23,732921.1775878443
002875.XSHE,2023-08-23,1007945.5473624504
603211.XSHG,2023-08-23,676665.7108194551
688108.XSHG,2023-08-23,4086043.711798481
600909.XSHG,2023-08-23,38375700.030012004
300300.XSHE,2023-08-23,1007380.6561085973
301065.XSHE,2023-08-23,300070.0024852953
002851.XSHE,2023-08-23,1785098.957546457
600409.XSHG,2023-08-23,2791586.3583516343
601318.XSHG,2023-08-23,38609482.4858757
002255.XSHE,2023-08-23,1561695.4177897575
002368.XSHE,2023-08-23,1117151.0163538968
300078.XSHE,2023-08-23,659034.9574841409
600744.XSHG,2023-08-23,4939298.676748582
002625.XSHE,2023-08-23,2658904.694167852
301091.XSHE,2023-08-23,740220.2210819932
603313.XSHG,2023-08-23,2682669.200717981
688676.XSHG,2023-08-23,1861018.5112864173
603878.XSHG,2023-08-23,1610537.217362601
603305.XSHG,2023-08-23,4607473.610133708
300601.XSHE,2023-08-23,3586126.691932864
301468.XSHE,2023-08-23,312991.4635046373
300452.XSHE,2023-08-23,338703.94803613116
300132.XSHE,2023-08-23,829090.22475535
300184.XSHE,2023-08-23,1202632.1365509122
002748.XSHE,2023-08-23,1135028.4826514758
300702.XSHE,2023-08-23,762611.7647058824
301263.XSHE,2023-08-23,1441364.5258850737
600791.XSHG,2023-08-23,614034.643494274
603090.XSHG,2023-08-23,950675.4477030885
600572.XSHG,2023-08-23,1597773.2922553914
603980.XSHG,2023-08-23,4162642.3544465774
603332.XSHG,2023-08-23,1099339.5707209685
688177.XSHG,2023-08-23,4141127.135566896
603013.XSHG,2023-08-23,4254464.569431204
603036.XSHG,2023-08-23,1911237.8561292435
002278.XSHE,2023-08-23,1531263.575108997
301152.XSHE,2023-08-23,277056.82991426135
002579.XSHE,2023-08-23,1239088.0470143773
300635.XSHE,2023-08-23,717637.7164737621
600893.XSHG,2023-08-23,6730841.915550978
603586.XSHG,2023-08-23,1680261.355695318
688388.XSHG,2023-08-23,2834356.385018535
002607.XSHE,2023-08-23,5661861.051756885
600624.XSHG,2023-08-23,368121.2121212121
300340.XSHE,2023-08-23,508637.1697937086
688139.XSHG,2023-08-23,3106255.1911785766
300358.XSHE,2023-08-23,967145.7383374254
300835.XSHE,2023-08-23,462347.73688934476
002023.XSHE,2023-08-23,738572.0262167063
688087.XSHG,2023-08-23,724240.8770085598
000554.XSHE,2023-08-23,604732.6552420153
603855.XSHG,2023-08-23,2700027.382256298
300677.XSHE,2023-08-23,827567.0794633643
301005.XSHE,2023-08-23,239047.89995280793
301399.XSHE,2023-08-23,208642.8857305868
600751.XSHG,2023-08-23,4109041.8341249544
002910.XSHE,2023-08-23,1667524.7221157532
688023.XSHG,2023-08-23,784549.5915985998
002008.XSHE,2023-08-23,740674.6031746032
000796.XSHE,2023-08-23,1993467.2254289556
002327.XSHE,2023-08-23,391313.3999816564
002448.XSHE,2023-08-23,805263.6096859841
300827.XSHE,2023-08-23,555045.4333039098
600488.XSHG,2023-08-23,1526106.0910307898
688182.XSHG,2023-08-23,952232.4909747292
603320.XSHG,2023-08-23,947175.6499682943
002413.XSHE,2023-08-23,2515670.1998454235
300863.XSHE,2023-08-23,218400.4412575841
301209.XSHE,2023-08-23,198550.1211024632
603866.XSHG,2023-08-23,4169039.8506215913
603927.XSHG,2023-08-23,3985926.6287160027
688120.XSHG,2023-08-23,757538.2128159906
002364.XSHE,2023-08-23,793025.7948410318
002777.XSHE,2023-08-23,794217.1511510704
300012.XSHE,2023-08-23,782070.6575073602
688065.XSHG,2023-08-23,2841901.2797074956
603101.XSHG,2023-08-23,2367709.985337682
688238.XSHG,2023-08-23,2732904.1852560015
002445.XSHE,2023-08-23,3304663.7319638054
002871.XSHE,2023-08-23,325370.4837721984
601880.XSHG,2023-08-23,68482447.12990937
300880.XSHE,2023-08-23,566464.999367649
603032.XSHG,2023-08-23,1346654.711200777
603111.XSHG,2023-08-23,3243742.746615087
603599.XSHG,2023-08-23,2062247.2133757963
300973.XSHE,2023-08-23,699516.5515598953
605577.XSHG,2023-08-23,1849537.8252008155
601398.XSHG,2023-08-23,1204886021.3903744
002865.XSHE,2023-08-23,1347183.988447132
603057.XSHG,2023-08-23,407714.5749746897
300398.XSHE,2023-08-23,936182.124191691
603108.XSHG,2023-08-23,1032947.4835886214
301119.XSHE,2023-08-23,208587.1687063593
600885.XSHG,2023-08-23,1829803.2961190857
603777.XSHG,2023-08-23,2299715.683989746
688683.XSHG,2023-08-23,618370.4214257582
002718.XSHE,2023-08-23,230870.7459899856
300713.XSHE,2023-08-23,291109.7238290512
603693.XSHG,2023-08-23,5762888.0866426
605123.XSHG,2023-08-23,537892.9521276596
300569.XSHE,2023-08-23,831774.3417023883
300108.XSHE,2023-08-23,1067919.939194325
301321.XSHE,2023-08-23,616135.0829795445
601999.XSHG,2023-08-23,4959537.60666799
600804.XSHG,2023-08-23,1710914.4220256435
002660.XSHE,2023-08-23,959773.8902772819
000599.XSHE,2023-08-23,1337374.9522718594
300861.XSHE,2023-08-23,1779628.3371139416
688670.XSHG,2023-08-23,310130.6997576914
301161.XSHE,2023-08-23,287550.7022953066
300026.XSHE,2023-08-23,549936.7275737686
000407.XSHE,2023-08-23,708649.1718649173
301362.XSHE,2023-08-23,240209.21297443018
688313.XSHG,2023-08-23,4557883.681239333
300606.XSHE,2023-08-23,750603.07268975
603709.XSHG,2023-08-23,778743.3264887063
000400.XSHE,2023-08-23,1257131.2309257376
000525.XSHE,2023-08-23,746592.5925925926
600606.XSHG,2023-08-23,850373.9565943239
000938.XSHE,2023-08-23,4039616.3630813067
300656.XSHE,2023-08-23,469509.331096666
603931.XSHG,2023-08-23,992149.2204899776
301314.XSHE,2023-08-23,104244.80020168916
300051.XSHE,2023-08-23,581662.1675951984
688079.XSHG,2023-08-23,1759939.260790902
603296.XSHG,2023-08-23,594574.8978817437
000829.XSHE,2023-08-23,621426.1801138265
600759.XSHG,2023-08-23,5058081.12652375
688578.XSHG,2023-08-23,2067679.6430220034
002676.XSHE,2023-08-23,1535403.1967311623
600386.XSHG,2023-08-23,1360470.9219858157
300688.XSHE,2023-08-23,665413.4976081494
601100.XSHG,2023-08-23,3860711.5135834413
600421.XSHG,2023-08-23,1018720.9095754131
301269.XSHE,2023-08-23,2671007.7519379845
603826.XSHG,2023-08-23,3544729.5597484275
000987.XSHE,2023-08-23,6176651.95808053
002709.XSHE,2023-08-23,972901.9544759913
002170.XSHE,2023-08-23,872854.752851711
603015.XSHG,2023-08-23,1848704.2253521127
600939.XSHG,2023-08-23,17709878.220140517
600420.XSHG,2023-08-23,1266153.664859769
301039.XSHE,2023-08-23,6750857.343640196
603186.XSHG,2023-08-23,1338055.66174784
301234.XSHE,2023-08-23,181107.32700269113
300805.XSHE,2023-08-23,2715548.095168588
688697.XSHG,2023-08-23,759303.5139738818
002101.XSHE,2023-08-23,1293092.423152051
301178.XSHE,2023-08-23,307917.7327009215
603102.XSHG,2023-08-23,348532.2602190756
301378.XSHE,2023-08-23,113924.10719931872
002746.XSHE,2023-08-23,1642470.6688361738
002285.XSHE,2023-08-23,1368191.2629866065
603823.XSHG,2023-08-23,2053403.2258064516
002553.XSHE,2023-08-23,495462.3029778858
000816.XSHE,2023-08-23,1911682.2429906544
300585.XSHE,2023-08-23,781656.8390822157
601866.XSHG,2023-08-23,69776477.03906785
003030.XSHE,2023-08-23,492698.42558026296
002119.XSHE,2023-08-23,988033.9525944907
688201.XSHG,2023-08-23,414170.03966236144
301136.XSHE,2023-08-23,1027557.2754663656
002154.XSHE,2023-08-23,767955.1521623065
301086.XSHE,2023-08-23,209078.57546636518
600570.XSHG,2023-08-23,425376.8748813366
300433.XSHE,2023-08-23,8498864.476832718
601019.XSHG,2023-08-23,15920559.91285403
300804.XSHE,2023-08-23,169829.38786742074
300964.XSHE,2023-08-23,326008.97438255145
000065.XSHE,2023-08-23,510692.7301718538
600502.XSHG,2023-08-23,1176614.0431996828
301046.XSHE,2023-08-23,582178.4144093037
301169.XSHE,2023-08-23,279070.0453608716
600823.XSHG,2023-08-23,676051.5278609946
301262.XSHE,2023-08-23,391541.66996313236
300172.XSHE,2023-08-23,723075.2547256934
600327.XSHG,2023-08-23,494958.39292679756
301156.XSHE,2023-08-23,327578.5106728162
600858.XSHG,2023-08-23,743318.0807948752
600138.XSHG,2023-08-23,1354636.4816617982
300733.XSHE,2023-08-23,1357715.9420289856
003020.XSHE,2023-08-23,405820.8071961179
688002.XSHG,2023-08-23,4437593.664850136
001368.XSHE,2023-08-23,277770.4297180401
300131.XSHE,2023-08-23,554150.9597845913
300250.XSHE,2023-08-23,378552.98444881727
603048.XSHG,2023-08-23,368552.24930426007
601199.XSHG,2023-08-23,1975071.9751699043
605218.XSHG,2023-08-23,865489.2718958847
300153.XSHE,2023-08-23,727148.9817792069
002547.XSHE,2023-08-23,1804488.4038199182
002196.XSHE,2023-08-23,1718023.869877482
600566.XSHG,2023-08-23,3909698.715108551
603192.XSHG,2023-08-23,1002729.1531997415
002465.XSHE,2023-08-23,3191800.8678881386
002195.XSHE,2023-08-23,1868735.2510970256
300895.XSHE,2023-08-23,460121.4902516481
000965.XSHE,2023-08-23,3878368.8865764826
605118.XSHG,2023-08-23,3963211.603211603
688303.XSHG,2023-08-23,4696526.416122004
300503.XSHE,2023-08-23,849762.4710705371
300353.XSHE,2023-08-23,672070.3296703297
300061.XSHE,2023-08-23,1043043.7861730445
600847.XSHG,2023-08-23,821897.5284816036
688230.XSHG,2023-08-23,143255.2721922511
688038.XSHG,2023-08-23,807937.9603491352
688819.XSHG,2023-08-23,1246941.784594526
688070.XSHG,2023-08-23,381361.63091434655
600075.XSHG,2023-08-23,1143455.447884661
600348.XSHG,2023-08-23,2279471.6071037054
688360.XSHG,2023-08-23,827834.697217676
600530.XSHG,2023-08-23,1209372.0644151196
603725.XSHG,2023-08-23,1402961.237553343
688130.XSHG,2023-08-23,161196.48513334015
301325.XSHE,2023-08-23,247838.5436968894
600760.XSHG,2023-08-23,2793391.411042945
000666.XSHE,2023-08-23,1502448.979591837
000603.XSHE,2023-08-23,1377891.2234156362
603685.XSHG,2023-08-23,926585.6818918044
300332.XSHE,2023-08-23,4025634.2799074124
300566.XSHE,2023-08-23,760778.16984239
600428.XSHG,2023-08-23,3261999.3188010897
300160.XSHE,2023-08-23,962022.9007633587
000610.XSHE,2023-08-23,735718.1563657164
300059.XSHE,2023-08-23,1643760.808833311
688359.XSHG,2023-08-23,497463.27176531724
688686.XSHG,2023-08-23,228551.39784946234
000627.XSHE,2023-08-23,1510610.7331821618
002399.XSHE,2023-08-23,3263805.162364696
301278.XSHE,2023-08-23,258758.38926174497
002543.XSHE,2023-08-23,1132799.5840915
300467.XSHE,2023-08-23,404866.81958134443
603109.XSHG,2023-08-23,1398890.9809828657
600356.XSHG,2023-08-23,1378437.7467754672
300188.XSHE,2023-08-23,538427.791872098
301168.XSHE,2023-08-23,495019.86862379365
603051.XSHG,2023-08-23,482029.7981416213
300096.XSHE,2023-08-23,733566.68103758
002831.XSHE,2023-08-23,2205038.3330057007
002041.XSHE,2023-08-23,644605.4292929292
002042.XSHE,2023-08-23,2218539.515674864
688234.XSHG,2023-08-23,2148448.8135593217
601963.XSHG,2023-08-23,6045492.518703242
300937.XSHE,2023-08-23,408101.3042304467
600503.XSHG,2023-08-23,5283242.245935974
688278.XSHG,2023-08-23,4023012.5523012555
300998.XSHE,2023-08-23,346147.36484958156
601368.XSHG,2023-08-23,7834314.000350447
601700.XSHG,2023-08-23,1831383.773928897
300878.XSHE,2023-08-23,213955.5765595463
603121.XSHG,2023-08-23,1709977.1689497717
603978.XSHG,2023-08-23,823554.3705077672
688420.XSHG,2023-08-23,210453.1529969366
002900.XSHE,2023-08-23,973221.9954892063
002457.XSHE,2023-08-23,1218797.236895571
000526.XSHE,2023-08-23,476584.76658476656
300487.XSHE,2023-08-23,518172.6475938482
002658.XSHE,2023-08-23,644304.2209176478
300317.XSHE,2023-08-23,2983165.4957064795
002474.XSHE,2023-08-23,803233.7242783903
600276.XSHG,2023-08-23,986651.84086978
300831.XSHE,2023-08-23,1831810.944363104
601212.XSHG,2023-08-23,73549613.64322367
601222.XSHG,2023-08-23,4016701.6545098736
603950.XSHG,2023-08-23,2147528.5171102663
300955.XSHE,2023-08-23,430648.2290392631
688626.XSHG,2023-08-23,514243.0264745546
600493.XSHG,2023-08-23,1021673.8402678143
002230.XSHE,2023-08-23,1567496.069634572
002877.XSHE,2023-08-23,744056.3660156061
688529.XSHG,2023-08-23,462701.6174010039
000937.XSHE,2023-08-23,2627209.757370206
002723.XSHE,2023-08-23,1084108.4037103695
002668.XSHE,2023-08-23,2193533.3994708993
002121.XSHE,2023-08-23,901455.0138345577
000025.XSHE,2023-08-23,1428980.2899495033
301105.XSHE,2023-08-23,125000.0
301205.XSHE,2023-08-23,180083.54466720895
300477.XSHE,2023-08-23,1437962.3477297896
688007.XSHG,2023-08-23,4556433.6711193
605099.XSHG,2023-08-23,380108.26455139887
600754.XSHG,2023-08-23,2849581.838426327
688172.XSHG,2023-08-23,1259054.2050852193
600903.XSHG,2023-08-23,8032341.907530302
601018.XSHG,2023-08-23,100272759.85663083
300382.XSHE,2023-08-23,538836.6907581117
301116.XSHE,2023-08-23,1158532.1776379638
301273.XSHE,2023-08-23,178253.53942687827
000830.XSHE,2023-08-23,1675432.5898565138
688111.XSHG,2023-08-23,4582083.648750947
300318.XSHE,2023-08-23,1236559.870550162
000633.XSHE,2023-08-23,514721.2101137242
603660.XSHG,2023-08-23,2452671.116346028
600271.XSHG,2023-08-23,921858.3212032994
300058.XSHE,2023-08-23,1196600.1521856666
600113.XSHG,2023-08-23,838162.14985197
002935.XSHE,2023-08-23,991367.1184443135
603214.XSHG,2023-08-23,939364.7949024293
600809.XSHG,2023-08-23,1706137.7777777778
601107.XSHG,2023-08-23,15540153.929246556
688113.XSHG,2023-08-23,408115.0866838805
002148.XSHE,2023-08-23,427267.02090388886
000929.XSHE,2023-08-23,743308.5476499079
301048.XSHE,2023-08-23,1314106.9846387054
001267.XSHE,2023-08-23,3530998.987201915
603626.XSHG,2023-08-23,2705261.518494484
301106.XSHE,2023-08-23,202386.3686852979
601155.XSHG,2023-08-23,14269637.967045719
603912.XSHG,2023-08-23,1439097.5313638202
000698.XSHE,2023-08-23,2512136.023294509
301025.XSHE,2023-08-23,944572.2017752761
688268.XSHG,2023-08-23,1180591.603053435
600008.XSHG,2023-08-23,7920213.768725804
300506.XSHE,2023-08-23,1181749.3606138106
301113.XSHE,2023-08-23,177987.12085178003
300568.XSHE,2023-08-23,1612065.3846153845
002137.XSHE,2023-08-23,1197987.8571428573
600815.XSHG,2023-08-23,2785753.0795072787
603797.XSHG,2023-08-23,2713106.4977420974
000725.XSHE,2023-08-23,70234076.91195606
603222.XSHG,2023-08-23,1875260.0368073068
688579.XSHG,2023-08-23,3912451.7119119437
600551.XSHG,2023-08-23,1224802.1994806782
001206.XSHE,2023-08-23,557722.9815414964
688175.XSHG,2023-08-23,385617.1884299488
600149.XSHG,2023-08-23,1315469.720787484
688131.XSHG,2023-08-23,437225.97853731154
301212.XSHE,2023-08-23,265699.8746319135
600498.XSHG,2023-08-23,3037244.1953562847
688211.XSHG,2023-08-23,631618.8037314798
688292.XSHG,2023-08-23,805562.0736336368
002542.XSHE,2023-08-23,841699.2529009697
001218.XSHE,2023-08-23,501647.38588467403
600089.XSHG,2023-08-23,912977.4633985853
002366.XSHE,2023-08-23,3847764.559659091
000737.XSHE,2023-08-23,1839447.331727722
600196.XSHG,2023-08-23,1466306.9647463458
605018.XSHG,2023-08-23,886471.3343480467
688389.XSHG,2023-08-23,4116526.2126408624
600928.XSHG,2023-08-23,28046856.64689715
300738.XSHE,2023-08-23,681628.1669983676
002809.XSHE,2023-08-23,509958.2230887063
300828.XSHE,2023-08-23,763084.159036749
688237.XSHG,2023-08-23,310038.51709195954
002943.XSHE,2023-08-23,709071.6702069074
300163.XSHE,2023-08-23,745617.2839506173
002271.XSHE,2023-08-23,587500.6308352258
601233.XSHG,2023-08-23,7181802.3337550955
601886.XSHG,2023-08-23,4416768.182450285
000797.XSHE,2023-08-23,2179458.102035422
000812.XSHE,2023-08-23,1095584.4490216272
688392.XSHG,2023-08-23,181025.4418333657
003816.XSHE,2023-08-23,351472497.70009196
688553.XSHG,2023-08-23,2826604.5272969375
601121.XSHG,2023-08-23,1966325.428423057
300154.XSHE,2023-08-23,595692.2511935366
603733.XSHG,2023-08-23,6453939.865215138
001328.XSHE,2023-08-23,414166.2785169962
000919.XSHE,2023-08-23,1302990.8946951702
603505.XSHG,2023-08-23,2274657.6939381096
600079.XSHG,2023-08-23,1067037.6679916715
300947.XSHE,2023-08-23,328310.62780450337
688022.XSHG,2023-08-23,1073862.7902854104
002470.XSHE,2023-08-23,7409597.578015837
000410.XSHE,2023-08-23,5806117.948717949
300302.XSHE,2023-08-23,530719.8735465895
300489.XSHE,2023-08-23,455047.9151309253
300614.XSHE,2023-08-23,887007.8591042515
301221.XSHE,2023-08-23,429558.56349463307
003032.XSHE,2023-08-23,1736673.4955185659
688315.XSHG,2023-08-23,1095211.542633977
300640.XSHE,2023-08-23,753386.2946457405
002887.XSHE,2023-08-23,380459.65503117465
002206.XSHE,2023-08-23,787867.1239837399
002696.XSHE,2023-08-23,945866.7927965805
002797.XSHE,2023-08-23,24994064.56850256
300002.XSHE,2023-08-23,1175615.2849740933
300416.XSHE,2023-08-23,738621.1646837821
301228.XSHE,2023-08-23,543338.6443382812
001209.XSHE,2023-08-23,275686.9804280945
600841.XSHG,2023-08-23,3231756.238003839
600298.XSHG,2023-08-23,1027047.7427736279
001311.XSHE,2023-08-23,350023.21901904786
600094.XSHG,2023-08-23,6191032.669161526
002051.XSHE,2023-08-23,2251210.4390454907
601898.XSHG,2023-08-23,68407626.61737522
603025.XSHG,2023-08-23,3883279.8817240987
688459.XSHG,2023-08-23,865959.0294816373
000819.XSHE,2023-08-23,348273.84553337365
002458.XSHE,2023-08-23,815249.3818739875
600462.XSHG,2023-08-23,1330511.2366933895
300823.XSHE,2023-08-23,506187.8474669173
603068.XSHG,2023-08-23,1482551.4089870527
600871.XSHG,2023-08-23,54664265.38598363
688628.XSHG,2023-08-23,437981.3924315283
003013.XSHE,2023-08-23,555125.8070355398
000997.XSHE,2023-08-23,896631.8768795329
301238.XSHE,2023-08-23,2123263.286635535
600895.XSHG,2023-08-23,743892.4694708276
301193.XSHE,2023-08-23,568135.9731042212
002487.XSHE,2023-08-23,1359499.1299440342
002075.XSHE,2023-08-23,7473810.352327099
002648.XSHE,2023-08-23,2723146.0229521175
600531.XSHG,2023-08-23,985816.511909568
002307.XSHE,2023-08-23,2599542.1527624917
301233.XSHE,2023-08-23,180030.56615307982
600477.XSHG,2023-08-23,728056.1829474872
002174.XSHE,2023-08-23,2937206.4240850187
301377.XSHE,2023-08-23,498503.7874653453
300432.XSHE,2023-08-23,1464817.3418621179
600846.XSHG,2023-08-23,282636.16212792904
603185.XSHG,2023-08-23,1510116.0915833602
002376.XSHE,2023-08-23,1280933.1191588785
300024.XSHE,2023-08-23,636060.7465801067
000411.XSHE,2023-08-23,945319.7169219743
601598.XSHG,2023-08-23,43768925.05048106
301190.XSHE,2023-08-23,700345.5008488965
002688.XSHE,2023-08-23,1243438.7396577129
600496.XSHG,2023-08-23,1979214.7685907437
600109.XSHG,2023-08-23,3641776.0306420727
600505.XSHG,2023-08-23,1088157.9424017388
002135.XSHE,2023-08-23,3391478.1716964548
301111.XSHE,2023-08-23,693868.7199127637
000686.XSHE,2023-08-23,1666620.6053769505
002907.XSHE,2023-08-23,3035460.6770720743
300949.XSHE,2023-08-23,170046.69598740296
688166.XSHG,2023-08-23,4164963.3450991036
301100.XSHE,2023-08-23,476506.93772184575
600784.XSHG,2023-08-23,777878.8066353058
002845.XSHE,2023-08-23,779524.9681381069
300533.XSHE,2023-08-23,665518.532493542
002615.XSHE,2023-08-23,518818.9611699445
300537.XSHE,2023-08-23,838439.6276226206
002286.XSHE,2023-08-23,1016529.5987286452
603817.XSHG,2023-08-23,4914241.95159566
002727.XSHE,2023-08-23,1813192.3186614697
000861.XSHE,2023-08-23,1168337.061894109
688358.XSHG,2023-08-23,756081.8861706173
300469.XSHE,2023-08-23,625630.2910819901
300117.XSHE,2023-08-23,1057011.6413725847
002873.XSHE,2023-08-23,649722.0106626048
300326.XSHE,2023-08-23,636274.8766797074
300609.XSHE,2023-08-23,911878.7427933792
000333.XSHE,2023-08-23,13395527.00348432
300512.XSHE,2023-08-23,980108.5938962741
600559.XSHG,2023-08-23,1273711.4239306983
003002.XSHE,2023-08-23,743849.0278307281
688559.XSHG,2023-08-23,1301500.087827156
603630.XSHG,2023-08-23,1634093.1658878506
688075.XSHG,2023-08-23,133881.38206221093
000029.XSHE,2023-08-23,3751787.142857143
300039.XSHE,2023-08-23,776211.5560560208
601126.XSHG,2023-08-23,2779256.045781798
300032.XSHE,2023-08-23,1898737.129649086
688586.XSHG,2023-08-23,3933782.6552462527
301276.XSHE,2023-08-23,266196.0963987904
000534.XSHE,2023-08-23,1177325.8292828514
688630.XSHG,2023-08-23,693266.4482664482
605128.XSHG,2023-08-23,406481.6275924256
603707.XSHG,2023-08-23,4219268.292682927
300942.XSHE,2023-08-23,1076757.2840060631
688267.XSHG,2023-08-23,785189.5673201486
603887.XSHG,2023-08-23,1873274.5262163845
603991.XSHG,2023-08-23,736259.1240875913
002471.XSHE,2023-08-23,1824667.5115550915
300218.XSHE,2023-08-23,957269.9947726085
000969.XSHE,2023-08-23,1494347.041847042
000908.XSHE,2023-08-23,2762238.539306258
002999.XSHE,2023-08-23,1499109.205446679
300493.XSHE,2023-08-23,1287084.496845589
603889.XSHG,2023-08-23,1022657.4307304785
300239.XSHE,2023-08-23,943904.1740767863
300849.XSHE,2023-08-23,795086.9845360825
603788.XSHG,2023-08-23,1192324.0546218487
603235.XSHG,2023-08-23,427116.9422882214
300634.XSHE,2023-08-23,4235700.410015524
300570.XSHE,2023-08-23,969853.0488300844
300766.XSHE,2023-08-23,3590146.418678275
000807.XSHE,2023-08-23,4939202.636614927
600313.XSHG,2023-08-23,2542637.669321353
301008.XSHE,2023-08-23,199153.06290708217
600085.XSHG,2023-08-23,1173447.4175482264
600038.XSHG,2023-08-23,1886400.7956240675
600929.XSHG,2023-08-23,9868621.037485352
688679.XSHG,2023-08-23,577202.1978021978
300290.XSHE,2023-08-23,1020203.9142590866
002172.XSHE,2023-08-23,2539034.563065686
300971.XSHE,2023-08-23,533022.0902171895
688484.XSHG,2023-08-23,544903.3217649976
000963.XSHE,2023-08-23,1366709.7349075517
300103.XSHE,2023-08-23,482771.0502946638
688063.XSHG,2023-08-23,1022741.6121345084
600673.XSHG,2023-08-23,2133984.291324527
600765.XSHG,2023-08-23,1140142.7212178877
002032.XSHE,2023-08-23,834286.5264354747
300145.XSHE,2023-08-23,968198.2282207225
300275.XSHE,2023-08-23,537596.0869387254
603278.XSHG,2023-08-23,1972578.8593506718
688689.XSHG,2023-08-23,359420.00754053035
600406.XSHG,2023-08-23,1617311.7033603708
300444.XSHE,2023-08-23,1463139.966877042
300093.XSHE,2023-08-23,1179900.9713875344
600661.XSHG,2023-08-23,560357.672166782
000703.XSHE,2023-08-23,3759824.0079694507
000677.XSHE,2023-08-23,471331.9279417401
002423.XSHE,2023-08-23,21657088.562842496
300083.XSHE,2023-08-23,1642439.115773698
301011.XSHE,2023-08-23,460112.30508200696
301225.XSHE,2023-08-23,236392.31161762204
300919.XSHE,2023-08-23,2856890.2726672324
600070.XSHG,2023-08-23,506023.8828642559
688030.XSHG,2023-08-23,1782097.2270972272
600476.XSHG,2023-08-23,784564.5025884986
603058.XSHG,2023-08-23,3628568.152501075
300244.XSHE,2023-08-23,521087.30505757174
002024.XSHE,2023-08-23,896171.032357473
600467.XSHG,2023-08-23,1593339.4132054823
001319.XSHE,2023-08-23,536539.6995708154
300439.XSHE,2023-08-23,882607.7547339946
300652.XSHE,2023-08-23,845088.6524822696
600107.XSHG,2023-08-23,1390504.333365314
300315.XSHE,2023-08-23,2130945.0204690667
603128.XSHG,2023-08-23,4335556.144067797
603559.XSHG,2023-08-23,951273.020096632
601929.XSHG,2023-08-23,15044112.457110848
002375.XSHE,2023-08-23,2155410.5592713817
600665.XSHG,2023-08-23,1517992.7045336112
688058.XSHG,2023-08-23,389021.7672972272
300494.XSHE,2023-08-23,1081825.0355868759
300068.XSHE,2023-08-23,3184546.422595203
688217.XSHG,2023-08-23,375039.7175639894
688631.XSHG,2023-08-23,335428.8630332721
603083.XSHG,2023-08-23,1170798.9564149787
603877.XSHG,2023-08-23,3885850.8403361347
688071.XSHG,2023-08-23,416782.1666925345
688036.XSHG,2023-08-23,7689150.364403529
002027.XSHE,2023-08-23,9819161.416771663
603336.XSHG,2023-08-23,1327152.453400952
300346.XSHE,2023-08-23,464169.96459071024
000046.XSHE,2023-08-23,1526153.9141581575
301386.XSHE,2023-08-23,326972.9049715757
688006.XSHG,2023-08-23,4226772.735831293
601881.XSHG,2023-08-23,60617517.9898549
688539.XSHG,2023-08-23,280340.6697774291
300722.XSHE,2023-08-23,765066.9720313692
300836.XSHE,2023-08-23,324789.14853612677
301035.XSHE,2023-08-23,838388.3495145631
605055.XSHG,2023-08-23,989473.6842105263
601608.XSHG,2023-08-23,27259255.41941564
301028.XSHE,2023-08-23,1033074.2183787893
000626.XSHE,2023-08-23,467821.6890143496
001301.XSHE,2023-08-23,639727.9559648565
600200.XSHG,2023-08-23,639994.6478270177
300220.XSHE,2023-08-23,347547.4872462824
600084.XSHG,2023-08-23,1565475.9850445786
688693.XSHG,2023-08-23,164458.66569376958
688365.XSHG,2023-08-23,3996298.841547222
603988.XSHG,2023-08-23,690508.6136177194
600100.XSHG,2023-08-23,1390813.934014403
688314.XSHG,2023-08-23,254213.90374331552
301390.XSHE,2023-08-23,149999.67621373595
601702.XSHG,2023-08-23,2722340.6559405937
603976.XSHG,2023-08-23,1033835.0474683543
002698.XSHE,2023-08-23,2963284.418057578
301082.XSHE,2023-08-23,643245.6164881568
603607.XSHG,2023-08-23,803570.4550617097
600597.XSHG,2023-08-23,5421862.357080036
600609.XSHG,2023-08-23,473265.9812248547
605169.XSHG,2023-08-23,369262.8150504649
000793.XSHE,2023-08-23,1509186.6781743413
301015.XSHE,2023-08-23,1116278.7620064034
300174.XSHE,2023-08-23,941987.7970456005
300342.XSHE,2023-08-23,944001.1152934615
688247.XSHG,2023-08-23,428682.7351574105
600745.XSHG,2023-08-23,5223178.233438485
601877.XSHG,2023-08-23,11339032.258064516
300788.XSHE,2023-08-23,1788842.0525099535
300571.XSHE,2023-08-23,376889.34353317914
688259.XSHG,2023-08-23,565964.0881884991
002642.XSHE,2023-08-23,1306069.7142013144
300907.XSHE,2023-08-23,358445.8838278312
002497.XSHE,2023-08-23,1548531.1420300682
300429.XSHE,2023-08-23,619848.8519672321
603045.XSHG,2023-08-23,944106.5633325261
603267.XSHG,2023-08-23,1623442.8041367333
000978.XSHE,2023-08-23,1146856.4582879546
002645.XSHE,2023-08-23,895812.2646584185
002140.XSHE,2023-08-23,598869.7621744054
600415.XSHG,2023-08-23,1300760.9041706463
301045.XSHE,2023-08-23,520311.6646761076
301196.XSHE,2023-08-23,360255.6095304187
688367.XSHG,2023-08-23,640972.8199320498
000058.XSHE,2023-08-23,2105703.140237956
688425.XSHG,2023-08-23,14145072.783987524
603195.XSHG,2023-08-23,5593580.080753701
601518.XSHG,2023-08-23,11656370.996978851
000888.XSHE,2023-08-23,828417.9667050571
605266.XSHG,2023-08-23,324961.01364522416
002823.XSHE,2023-08-23,804871.0849627964
300557.XSHE,2023-08-23,631258.4118438762
300247.XSHE,2023-08-23,1270591.2076806468
600288.XSHG,2023-08-23,950608.4126189285
600737.XSHG,2023-08-23,1651834.3991921914
603056.XSHG,2023-08-23,9244941.221084567
301312.XSHE,2023-08-23,111214.10970644954
688698.XSHG,2023-08-23,447203.7045322357
688600.XSHG,2023-08-23,1290628.7240599957
688323.XSHG,2023-08-23,971046.511627907
001333.XSHE,2023-08-23,313837.0618550704
300199.XSHE,2023-08-23,798324.1305821951
300412.XSHE,2023-08-23,575695.044472681
603898.XSHG,2023-08-23,889426.1637239165
688046.XSHG,2023-08-23,1590563.7982195844
301391.XSHE,2023-08-23,158525.43945564204
601696.XSHG,2023-08-23,27428564.61269802
002177.XSHE,2023-08-23,855805.3334641356
688528.XSHG,2023-08-23,657183.7276677933
688588.XSHG,2023-08-23,3821133.149037816
002094.XSHE,2023-08-23,1300787.9788759232
300254.XSHE,2023-08-23,1493965.1389566064
002926.XSHE,2023-08-23,25157882.152006835
300717.XSHE,2023-08-23,608402.8700504916
002001.XSHE,2023-08-23,689884.4537815126
002889.XSHE,2023-08-23,873813.0429145598
603466.XSHG,2023-08-23,1357425.3604268362
688170.XSHG,2023-08-23,643772.9779411764
301073.XSHE,2023-08-23,374669.4756554307
600699.XSHG,2023-08-23,3227797.904569553
301089.XSHE,2023-08-23,766128.9698443848
300549.XSHE,2023-08-23,473207.7149366305
000541.XSHE,2023-08-23,330227.8481012658
605339.XSHG,2023-08-23,652458.4046027056
002864.XSHE,2023-08-23,629568.5589519651
002559.XSHE,2023-08-23,645007.776639733
002564.XSHE,2023-08-23,2642984.867769764
300010.XSHE,2023-08-23,1557963.8009049774
600835.XSHG,2023-08-23,1318769.4572991165
688189.XSHG,2023-08-23,1388988.7371195783
002356.XSHE,2023-08-23,2378736.0200539916
601512.XSHG,2023-08-23,13415433.021806853
603886.XSHG,2023-08-23,1785738.985364374
300632.XSHE,2023-08-23,977172.4397590362
600491.XSHG,2023-08-23,1396475.484261501
688400.XSHG,2023-08-23,2216345.30886534
688577.XSHG,2023-08-23,186135.8442270774
002145.XSHE,2023-08-23,5138868.802339492
603071.XSHG,2023-08-23,2197652.797704448
000600.XSHE,2023-08-23,1500849.6216897857
002538.XSHE,2023-08-23,1718386.1258420525
002782.XSHE,2023-08-23,1833877.4341351662
002846.XSHE,2023-08-23,914973.8245118192
603367.XSHG,2023-08-23,4047717.058222676
002661.XSHE,2023-08-23,906329.3704404215
300369.XSHE,2023-08-23,887374.8954974322
605180.XSHG,2023-08-23,272978.8753347218
300008.XSHE,2023-08-23,1245376.177371216
002672.XSHE,2023-08-23,1091474.058426503
601728.XSHG,2023-08-23,179152533.39834225
605117.XSHG,2023-08-23,568427.4040288863
002451.XSHE,2023-08-23,1433725.1202854677
300671.XSHE,2023-08-23,1182716.3620347942
688103.XSHG,2023-08-23,615258.2105141
688448.XSHG,2023-08-23,169244.35892950848
605338.XSHG,2023-08-23,840450.1068050046
002767.XSHE,2023-08-23,852955.2628256386
300166.XSHE,2023-08-23,492080.49068485963
603716.XSHG,2023-08-23,571089.3830246812
002422.XSHE,2023-08-23,1712287.5424915017
600816.XSHG,2023-08-23,1620071.4729645744
300926.XSHE,2023-08-23,386166.579127473
300414.XSHE,2023-08-23,800427.0087643006
600862.XSHG,2023-08-23,1803507.0170200062
002485.XSHE,2023-08-23,1837577.6516972785
603096.XSHG,2023-08-23,1201272.8162808588
603848.XSHG,2023-08-23,3677346.8146571387
003005.XSHE,2023-08-23,371323.2892520259
003026.XSHE,2023-08-23,540662.9544021854
000959.XSHE,2023-08-23,25693027.28453876
603818.XSHG,2023-08-23,2855037.8289473685
603960.XSHG,2023-08-23,826268.4216447294
300762.XSHE,2023-08-23,1522498.4384759527
688159.XSHG,2023-08-23,915450.5563391318
605389.XSHG,2023-08-23,234907.93402530925
603530.XSHG,2023-08-23,4204241.815048822
688318.XSHG,2023-08-23,652303.8998799064
600166.XSHG,2023-08-23,2504504.1793313073
600721.XSHG,2023-08-23,2599496.46566018
600981.XSHG,2023-08-23,4447454.773869347
000517.XSHE,2023-08-23,1884648.9488298295
600359.XSHG,2023-08-23,2407186.3276365153
688429.XSHG,2023-08-23,297551.1277009621
300779.XSHE,2023-08-23,934806.7860508955
300692.XSHE,2023-08-23,1279529.924787966
301446.XSHE,2023-08-23,199999.5668120253
605288.XSHG,2023-08-23,487048.24375793483
301187.XSHE,2023-08-23,451610.2737619194
002339.XSHE,2023-08-23,868233.7487781036
300872.XSHE,2023-08-23,1410353.8175046553
002294.XSHE,2023-08-23,961321.2533031332
300953.XSHE,2023-08-23,453857.8140235794
000068.XSHE,2023-08-23,4415306.6899729865
002343.XSHE,2023-08-23,1478705.5863110216
603416.XSHG,2023-08-23,968980.1935964259
002631.XSHE,2023-08-23,1520270.7468879668
688322.XSHG,2023-08-23,1831836.907598623
300705.XSHE,2023-08-23,741357.4351978172
002234.XSHE,2023-08-23,1388847.2038062552
002341.XSHE,2023-08-23,1149150.1322751322
300693.XSHE,2023-08-23,709945.2098178938
688373.XSHG,2023-08-23,3444026.3757733637
603329.XSHG,2023-08-23,1473512.2295692365
001308.XSHE,2023-08-23,406137.7971858321
002659.XSHE,2023-08-23,2945538.6977332253
000009.XSHE,2023-08-23,2528297.455968689
002664.XSHE,2023-08-23,1261270.935960591
301285.XSHE,2023-08-23,515978.96048169426
601882.XSHG,2023-08-23,4877877.187190492
002314.XSHE,2023-08-23,5607915.492957747
600519.XSHG,2023-08-23,1700000.0
300845.XSHE,2023-08-23,662758.561447715
600486.XSHG,2023-08-23,793730.6445804825
000582.XSHE,2023-08-23,2690040.032025621
688328.XSHG,2023-08-23,473306.112925805
002439.XSHE,2023-08-23,873737.3246284206
301036.XSHE,2023-08-23,392433.07460795186
601339.XSHG,2023-08-23,5166509.216589862
688595.XSHG,2023-08-23,562928.2156086345
300423.XSHE,2023-08-23,934185.8582885733
300948.XSHE,2023-08-23,460384.55419441353
000531.XSHE,2023-08-23,507385.24238524237
000521.XSHE,2023-08-23,1445072.5810075952
002349.XSHE,2023-08-23,1014679.2946792947
603360.XSHG,2023-08-23,1106041.5224913496
603421.XSHG,2023-08-23,4396156.609195403
600221.XSHG,2023-08-23,102251546.51879236
600720.XSHG,2023-08-23,616076.3209393346
603778.XSHG,2023-08-23,1018660.765965657
000708.XSHE,2023-08-23,12291220.196353436
002985.XSHE,2023-08-23,934857.4864702345
300620.XSHE,2023-08-23,1039337.0026733764
600850.XSHG,2023-08-23,587103.694874851
600967.XSHG,2023-08-23,3092958.5152838426
603180.XSHG,2023-08-23,704022.2817804404
603880.XSHG,2023-08-23,976065.1260504202
002961.XSHE,2023-08-23,4216199.253646952
688060.XSHG,2023-08-23,594491.3080649758
000935.XSHE,2023-08-23,2996383.405821345
300391.XSHE,2023-08-23,925461.4394614394
300684.XSHE,2023-08-23,562900.6021389413
301358.XSHE,2023-08-23,1326993.9907765407
002371.XSHE,2023-08-23,1110186.1217883877
600660.XSHG,2023-08-23,228356.37823371988
603538.XSHG,2023-08-23,1216841.046277666
688616.XSHG,2023-08-23,531963.5445877734
000758.XSHE,2023-08-23,1152696.084683076
002863.XSHE,2023-08-23,2880986.904535965
002601.XSHE,2023-08-23,1389119.9517781797
605566.XSHG,2023-08-23,602298.6397676907
300543.XSHE,2023-08-23,453162.3354708066
300133.XSHE,2023-08-23,634913.3051301913
300077.XSHE,2023-08-23,1098110.5786951713
002857.XSHE,2023-08-23,784725.4316500066
601698.XSHG,2023-08-23,41934567.453115545
002025.XSHE,2023-08-23,682888.5160896752
002029.XSHE,2023-08-23,721023.2142857142
300801.XSHE,2023-08-23,702560.3112840467
600882.XSHG,2023-08-23,2026415.2460598263
003015.XSHE,2023-08-23,1831627.6142525175
603757.XSHG,2023-08-23,721060.393258427
688516.XSHG,2023-08-23,509367.09842550225
001259.XSHE,2023-08-23,184844.07820326387
300092.XSHE,2023-08-23,637223.9943542696
000936.XSHE,2023-08-23,1333098.3660033806
605090.XSHG,2023-08-23,1803959.0214945662
002326.XSHE,2023-08-23,1391924.2122058237
603232.XSHG,2023-08-23,661248.0988593155
600372.XSHG,2023-08-23,14719522.627458466
300134.XSHE,2023-08-23,1642603.0219780218
002098.XSHE,2023-08-23,1532600.5221932114
603536.XSHG,2023-08-23,1208774.8421338084
000716.XSHE,2023-08-23,1738314.4329896907
603280.XSHG,2023-08-23,267580.6276350676
002881.XSHE,2023-08-23,723699.7843084389
002096.XSHE,2023-08-23,743735.9339834958
600225.XSHG,2023-08-23,15855937.940761637
000996.XSHE,2023-08-23,849965.1723522058
688522.XSHG,2023-08-23,362395.19861921074
300263.XSHE,2023-08-23,919870.5269515326
600292.XSHG,2023-08-23,1819740.0506096159
601778.XSHG,2023-08-23,35351198.276054576
688017.XSHG,2023-08-23,664885.3000550559
688668.XSHG,2023-08-23,447074.9561810496
000612.XSHE,2023-08-23,1177440.051020408
301063.XSHE,2023-08-23,405618.6643573939
300844.XSHE,2023-08-23,104745.47877298998
000639.XSHE,2023-08-23,989917.6470588236
688678.XSHG,2023-08-23,869230.8779867099
600482.XSHG,2023-08-23,7000283.523123402
688317.XSHG,2023-08-23,1117563.543549931
603618.XSHG,2023-08-23,2142645.8982346836
688589.XSHG,2023-08-23,986582.9654157469
002374.XSHE,2023-08-23,1607441.1964649898
000751.XSHE,2023-08-23,4093626.0599445887
300623.XSHE,2023-08-23,902319.3798449612
600839.XSHG,2023-08-23,1391418.2557843886
301328.XSHE,2023-08-23,173751.33290680315
000962.XSHE,2023-08-23,1302692.6024597643
688711.XSHG,2023-08-23,790412.8707113782
601007.XSHG,2023-08-23,2620817.1394735426
600495.XSHG,2023-08-23,1597486.876014126
600507.XSHG,2023-08-23,897859.0604026846
688376.XSHG,2023-08-23,321456.9653948536
600199.XSHG,2023-08-23,1392510.2919161676
300753.XSHE,2023-08-23,463995.4158011604
603989.XSHG,2023-08-23,1751309.8901098901
002203.XSHE,2023-08-23,5039898.674980515
002635.XSHE,2023-08-23,816761.8751940391
000156.XSHE,2023-08-23,8599053.619302949
002848.XSHE,2023-08-23,1617769.0225077788
600766.XSHG,2023-08-23,529872.1486387049
603067.XSHG,2023-08-23,2370309.2565134503
300270.XSHE,2023-08-23,362030.4312777106
600621.XSHG,2023-08-23,27612.64954716559
300815.XSHE,2023-08-23,1270020.402958429
000039.XSHE,2023-08-23,452830.74450990895
603682.XSHG,2023-08-23,4244490.3264510315
605377.XSHG,2023-08-23,1109462.4949859607
601326.XSHG,2023-08-23,41131732.462368645
000415.XSHE,2023-08-23,2391727.2837854275
002699.XSHE,2023-08-23,1096780.9632742372
600392.XSHG,2023-08-23,1751480.9568775576
300209.XSHE,2023-08-23,1310857.965553403
300366.XSHE,2023-08-23,815633.7417164056
688026.XSHG,2023-08-23,981581.3796212805
000971.XSHE,2023-08-23,2223378.9406305007
300333.XSHE,2023-08-23,998904.3390287769
603901.XSHG,2023-08-23,1132298.2321291314
300460.XSHE,2023-08-23,1973025.6247015758
300192.XSHE,2023-08-23,604800.622261731
601186.XSHG,2023-08-23,84324167.28212704
601366.XSHG,2023-08-23,7402629.852378349
002713.XSHE,2023-08-23,1074195.150798344
002984.XSHE,2023-08-23,2878395.5185527806
300600.XSHE,2023-08-23,820954.5011374715
600730.XSHG,2023-08-23,1055333.0941274967
603237.XSHG,2023-08-23,245519.56521739133
605086.XSHG,2023-08-23,494936.52497947327
603601.XSHG,2023-08-23,757592.0459841541
002476.XSHE,2023-08-23,1167569.5945087073
600926.XSHG,2023-08-23,22746192.551505547
003011.XSHE,2023-08-23,383130.4887509697
300449.XSHE,2023-08-23,816177.6191007475
688981.XSHG,2023-08-23,19574933.36654627
600756.XSHG,2023-08-23,619167.2769118109
301456.XSHE,2023-08-23,345934.05100689374
688707.XSHG,2023-08-23,2748117.1548117152
603808.XSHG,2023-08-23,1649648.3566996094
601519.XSHG,2023-08-23,6890807.681922506
000776.XSHE,2023-08-23,9605554.386426412
000887.XSHE,2023-08-23,563165.2579422909
603516.XSHG,2023-08-23,889740.7407407408
601933.XSHG,2023-08-23,9898644.438371139
002348.XSHE,2023-08-23,1293149.3190661478
002630.XSHE,2023-08-23,1740041.7607704438
600256.XSHG,2023-08-23,1320744.0476190476
300716.XSHE,2023-08-23,1052201.3913453603
600515.XSHG,2023-08-23,27622200.922967695
000700.XSHE,2023-08-23,533277.7840333296
301345.XSHE,2023-08-23,232467.16769149018
600884.XSHG,2023-08-23,514857.8908002991
002158.XSHE,2023-08-23,1273894.6002595068
002276.XSHE,2023-08-23,2673379.7784923185
301257.XSHE,2023-08-23,357340.6346531873
600328.XSHG,2023-08-23,3314473.6579596144
000778.XSHE,2023-08-23,2450167.2162034856
300732.XSHE,2023-08-23,670451.4282306636
688349.XSHG,2023-08-23,1820527.64241304
002117.XSHE,2023-08-23,858328.0502564693
002416.XSHE,2023-08-23,3719136.6417403123
600228.XSHG,2023-08-23,1285290.5803535394
600373.XSHG,2023-08-23,2606248.4316185694
600803.XSHG,2023-08-23,2134950.6192193134
600538.XSHG,2023-08-23,1702372.4832214767
600539.XSHG,2023-08-23,1894531.4484510466
300201.XSHE,2023-08-23,969055.4047199928
600127.XSHG,2023-08-23,1273894.5988160204
600312.XSHG,2023-08-23,2037204.003079292
001231.XSHE,2023-08-23,351736.31601302564
300799.XSHE,2023-08-23,448313.2530120482
688638.XSHG,2023-08-23,89474.03384002189
000048.XSHE,2023-08-23,533282.8701783492
688658.XSHG,2023-08-23,1852516.9683257919
603967.XSHG,2023-08-23,2272430.963252881
002613.XSHE,2023-08-23,1635117.3317450862
301077.XSHE,2023-08-23,200365.57094454023
600171.XSHG,2023-08-23,2480253.0785562634
603909.XSHG,2023-08-23,1000644.3421679098
300740.XSHE,2023-08-23,1378254.1258220624
600795.XSHG,2023-08-23,641124.9323958897
603959.XSHG,2023-08-23,2469925.7425742573
688602.XSHG,2023-08-23,847283.8863772071
603768.XSHG,2023-08-23,1958515.6537753223
688209.XSHG,2023-08-23,2522460.331299041
688289.XSHG,2023-08-23,2169466.452273059
002153.XSHE,2023-08-23,360838.53769992385
002977.XSHE,2023-08-23,382598.66962305986
300983.XSHE,2023-08-23,191797.88484136312
002554.XSHE,2023-08-23,1271326.7045454546
001229.XSHE,2023-08-23,290628.42744923674
300214.XSHE,2023-08-23,1192659.2797783935
300463.XSHE,2023-08-23,1529202.3928215355
688045.XSHG,2023-08-23,343950.3804591086
688125.XSHG,2023-08-23,198314.2700740442
002923.XSHE,2023-08-23,698095.3062392673
300175.XSHE,2023-08-23,1053793.6322924974
000425.XSHE,2023-08-23,1004970.4142011834
600320.XSHG,2023-08-23,2408298.755186722
600829.XSHG,2023-08-23,606319.1910366449
688519.XSHG,2023-08-23,895038.0818053597
300573.XSHE,2023-08-23,654422.8217602831
600396.XSHG,2023-08-23,2235947.4091260633
688167.XSHG,2023-08-23,649749.9299523677
301186.XSHE,2023-08-23,213943.53472614344
000552.XSHE,2023-08-23,3223203.368683718
001203.XSHE,2023-08-23,4123693.186591616
000657.XSHE,2023-08-23,2218865.451725475
688003.XSHG,2023-08-23,1862575.5847119223
601989.XSHG,2023-08-23,130881662.36638409
603580.XSHG,2023-08-23,640763.1033933407
603800.XSHG,2023-08-23,1894891.5084498227
002743.XSHE,2023-08-23,2065316.1643835616
688283.XSHG,2023-08-23,577250.9277761918
300904.XSHE,2023-08-23,171621.25028623772
600933.XSHG,2023-08-23,8044141.55096512
002523.XSHE,2023-08-23,1853215.8033765934
000519.XSHE,2023-08-23,1701646.3465904314
300037.XSHE,2023-08-23,838984.3572885967
300235.XSHE,2023-08-23,363093.913407237
002628.XSHE,2023-08-23,1968673.2186732187
301217.XSHE,2023-08-23,2247877.92047037
300813.XSHE,2023-08-23,275398.3538826897
605122.XSHG,2023-08-23,411287.75307002984
600281.XSHG,2023-08-23,2655538.4342897628
603776.XSHG,2023-08-23,922694.2537043729
000027.XSHE,2023-08-23,2015114.770459082
002440.XSHE,2023-08-23,1707961.6834170853
688387.XSHG,2023-08-23,4835349.704411096
002284.XSHE,2023-08-23,1109185.4809437387
600305.XSHG,2023-08-23,998343.5582822086
688015.XSHG,2023-08-23,1773454.281567489
300211.XSHE,2023-08-23,455345.9989934575
002311.XSHE,2023-08-23,2356468.87966805
600148.XSHG,2023-08-23,495472.8434504792
300328.XSHE,2023-08-23,1219616.4248832064
300014.XSHE,2023-08-23,1034077.1971496438
002102.XSHE,2023-08-23,2528423.900789177
002821.XSHE,2023-08-23,1133463.3319203053
300846.XSHE,2023-08-23,3558600.397066755
600095.XSHG,2023-08-23,8295486.324835956
603567.XSHG,2023-08-23,4352388.669301713
603727.XSHG,2023-08-23,2618266.676961087
603917.XSHG,2023-08-23,1059916.545366327
300365.XSHE,2023-08-23,391557.9765740883
603255.XSHG,2023-08-23,605773.4693877551
301162.XSHE,2023-08-23,426321.87108450505
301013.XSHE,2023-08-23,1103975.28185912
001339.XSHE,2023-08-23,708577.7431906615
300838.XSHE,2023-08-23,971491.1035913109
688620.XSHG,2023-08-23,842744.5707326974
301379.XSHE,2023-08-23,247901.58176815513
000712.XSHE,2023-08-23,679768.3458944863
600035.XSHG,2023-08-23,4757245.296414626
300266.XSHE,2023-08-23,810484.6493896256
000722.XSHE,2023-08-23,1037348.4848484849
688157.XSHG,2023-08-23,408359.7299753343
300048.XSHE,2023-08-23,1331560.1851851852
600793.XSHG,2023-08-23,728954.5034404848
603260.XSHG,2023-08-23,7192449.4949494945
603879.XSHG,2023-08-23,1404411.6962331797
600029.XSHG,2023-08-23,74550653.42960288
002016.XSHE,2023-08-23,1163271.954674221
300016.XSHE,2023-08-23,650813.6431043005
301030.XSHE,2023-08-23,1047311.1998569471
300074.XSHE,2023-08-23,394583.7786486166
300368.XSHE,2023-08-23,636935.7721335416
002847.XSHE,2023-08-23,1088906.9129024209
603383.XSHG,2023-08-23,796363.5216156517
603506.XSHG,2023-08-23,722595.3079178886
603669.XSHG,2023-08-23,2244198.0360065466
600130.XSHG,2023-08-23,1272136.0347322721
300453.XSHE,2023-08-23,535618.1132075472
002108.XSHE,2023-08-23,929303.4657650042
301258.XSHE,2023-08-23,322398.26248439116
300041.XSHE,2023-08-23,683210.446481567
002561.XSHE,2023-08-23,2850193.205522996
600573.XSHG,2023-08-23,1875785.2766702324
600216.XSHG,2023-08-23,1499747.4608838868
300157.XSHE,2023-08-23,1136895.4014772456
301026.XSHE,2023-08-23,545929.4911863983
300088.XSHE,2023-08-23,1373727.040223204
002942.XSHE,2023-08-23,994010.9140518417
300855.XSHE,2023-08-23,1438271.0749840168
603098.XSHG,2023-08-23,4268094.981111711
688800.XSHG,2023-08-23,753728.3810603912
301107.XSHE,2023-08-23,205131.97324575073
000898.XSHE,2023-08-23,24054067.674586035
002655.XSHE,2023-08-23,1179731.8313228989
688489.XSHG,2023-08-23,169279.92684431025
600941.XSHG,2023-08-23,6989688.652929002
002124.XSHE,2023-08-23,930413.909276862
300466.XSHE,2023-08-23,774861.8055555556
603226.XSHG,2023-08-23,853186.337583343
603105.XSHG,2023-08-23,4855446.673401645
002432.XSHE,2023-08-23,1458965.344676592
002662.XSHE,2023-08-23,3076474.97626475
300222.XSHE,2023-08-23,995367.6698727893
605228.XSHG,2023-08-23,966916.5085388994
688733.XSHG,2023-08-23,1424885.3850818677
603085.XSHG,2023-08-23,1405813.953488372
000923.XSHE,2023-08-23,3617295.1090548583
002738.XSHE,2023-08-23,1990945.9288337345
688690.XSHG,2023-08-23,2038933.709287605
601567.XSHG,2023-08-23,2571481.4814814813
603116.XSHG,2023-08-23,3257377.579927155
603662.XSHG,2023-08-23,1133838.2824080717
002325.XSHE,2023-08-23,1620991.534268816
603579.XSHG,2023-08-23,602123.8611179512
002107.XSHE,2023-08-23,720085.0296315383
605111.XSHG,2023-08-23,784711.7132969676
301336.XSHE,2023-08-23,255985.47880690737
605398.XSHG,2023-08-23,188832.73063661592
600081.XSHG,2023-08-23,309656.7481402763
300137.XSHE,2023-08-23,1055917.48700365
000755.XSHE,2023-08-23,2230562.42011078
002308.XSHE,2023-08-23,2076588.3855753168
300475.XSHE,2023-08-23,1944635.8332240724
603041.XSHG,2023-08-23,1221719.6625567814
000820.XSHE,2023-08-23,1494342.4043062201
603080.XSHG,2023-08-23,1322649.5109828443
300313.XSHE,2023-08-23,909299.0093065145
600234.XSHG,2023-08-23,860756.3811305626
603088.XSHG,2023-08-23,676799.4154183412
000404.XSHE,2023-08-23,1657182.2734574317
300558.XSHE,2023-08-23,4073449.457452884
600141.XSHG,2023-08-23,3100836.8200836824
601500.XSHG,2023-08-23,9827374.79361585
600226.XSHG,2023-08-23,1084046.8227424747
688198.XSHG,2023-08-23,965410.9589041097
002436.XSHE,2023-08-23,1120512.4129993971
300081.XSHE,2023-08-23,970353.818712502
600898.XSHG,2023-08-23,933294.5956160242
300031.XSHE,2023-08-23,507202.95829291944
002986.XSHE,2023-08-23,812288.4150362717
000713.XSHE,2023-08-23,944710.5864432597
605001.XSHG,2023-08-23,2977223.0786623093
000926.XSHE,2023-08-23,2653027.7709510936
603458.XSHG,2023-08-23,1081637.6115305421
300699.XSHE,2023-08-23,3456672.926447574
300261.XSHE,2023-08-23,1005790.9568336109
600586.XSHG,2023-08-23,1044048.6330539909
603987.XSHG,2023-08-23,1938737.9504671511
600358.XSHG,2023-08-23,1428857.938718663
688671.XSHG,2023-08-23,166108.215086563
301289.XSHE,2023-08-23,192940.82420892242
300349.XSHE,2023-08-23,618872.9713484272
688255.XSHG,2023-08-23,480372.88434414665
600010.XSHG,2023-08-23,37258714.85107269
301060.XSHE,2023-08-23,1743631.1681070533
002009.XSHE,2023-08-23,688513.7289636846
601166.XSHG,2023-08-23,40852969.07216495
300840.XSHE,2023-08-23,1756715.126824232
600648.XSHG,2023-08-23,1240756.9515962924
688066.XSHG,2023-08-23,1846348.0837235975
002587.XSHE,2023-08-23,681640.2007990985
688687.XSHG,2023-08-23,1151129.7812754794
300807.XSHE,2023-08-23,479955.19168212544
300875.XSHE,2023-08-23,351229.6182620372
002157.XSHE,2023-08-23,1639290.9720718772
002691.XSHE,2023-08-23,1942100.6894570524
300958.XSHE,2023-08-23,752300.0078147386
688291.XSHG,2023-08-23,242204.02889838105
000977.XSHE,2023-08-23,2208074.761837627
300370.XSHE,2023-08-23,681777.8416714587
688345.XSHG,2023-08-23,250399.2288537232
002116.XSHE,2023-08-23,901848.2979209505
600831.XSHG,2023-08-23,1095222.5929844552
600800.XSHG,2023-08-23,638350.3167171578
300363.XSHE,2023-08-23,1260440.2715219185
601336.XSHG,2023-08-23,17018634.088200238
300375.XSHE,2023-08-23,748999.3644924605
301197.XSHE,2023-08-23,592596.5141871393
300457.XSHE,2023-08-23,956731.4483144069
300696.XSHE,2023-08-23,432321.9900129462
605068.XSHG,2023-08-23,506766.3770053476
000792.XSHE,2023-08-23,6903891.9582565995
300355.XSHE,2023-08-23,1314703.291796891
601088.XSHG,2023-08-23,69791035.2303523
605066.XSHG,2023-08-23,3808254.4838299677
600261.XSHG,2023-08-23,604103.8318912238
002363.XSHE,2023-08-23,1477542.4628450107
301327.XSHE,2023-08-23,240706.04484887878
300468.XSHE,2023-08-23,1071761.724249973
600054.XSHG,2023-08-23,1146910.1814826208
600233.XSHG,2023-08-23,6536087.5
600051.XSHG,2023-08-23,627804.7796712716
600988.XSHG,2023-08-23,3047449.818390365
300334.XSHE,2023-08-23,1333464.76784717
600612.XSHG,2023-08-23,19398.08738046128
603228.XSHG,2023-08-23,3931726.396917148
300821.XSHE,2023-08-23,11115838.735818477
301180.XSHE,2023-08-23,575524.9769659095
000573.XSHE,2023-08-23,760520.5725812331
002315.XSHE,2023-08-23,530168.4056379278
300746.XSHE,2023-08-23,2084368.0709534367
603003.XSHG,2023-08-23,3976698.149427935
002706.XSHE,2023-08-23,749109.8458547425
002963.XSHE,2023-08-23,1220188.7625565736
300071.XSHE,2023-08-23,821415.6272064016
000729.XSHE,2023-08-23,2987792.0903954804
002252.XSHE,2023-08-23,2753989.0496675796
300386.XSHE,2023-08-23,540700.7897261791
603828.XSHG,2023-08-23,1280267.719072165
688305.XSHG,2023-08-23,531771.1788979691
001331.XSHE,2023-08-23,296240.43390441546
688352.XSHG,2023-08-23,1513293.5258271645
002142.XSHE,2023-08-23,28376381.673881672
300194.XSHE,2023-08-23,1489206.8898404047
300019.XSHE,2023-08-23,443019.13536498934
000584.XSHE,2023-08-23,1529104.6406993186
600628.XSHG,2023-08-23,132768.07084729534
603052.XSHG,2023-08-23,169814.18344560132
600581.XSHG,2023-08-23,2296557.692307692
600082.XSHG,2023-08-23,1054370.820668693
002295.XSHE,2023-08-23,1581255.4451022004
002610.XSHE,2023-08-23,3570945.631067961
300589.XSHE,2023-08-23,549633.2836932242
300269.XSHE,2023-08-23,1240042.1940928272
000921.XSHE,2023-08-23,6252327.131352402
300335.XSHE,2023-08-23,1470796.504435261
688118.XSHG,2023-08-23,913022.8121770924
603181.XSHG,2023-08-23,1905410.047230571
300727.XSHE,2023-08-23,840240.4981747906
000607.XSHE,2023-08-23,2346751.488445625
002175.XSHE,2023-08-23,1972090.6127225615
002785.XSHE,2023-08-23,1674168.2887492352
300602.XSHE,2023-08-23,668996.6178128523
600290.XSHG,2023-08-23,1510583.2417856785
603718.XSHG,2023-08-23,2752480.438184663
300572.XSHE,2023-08-23,624035.0137101877
600399.XSHG,2023-08-23,5732439.773264053
002842.XSHE,2023-08-23,771335.0874214905
001965.XSHE,2023-08-23,50279175.98587404
001317.XSHE,2023-08-23,293488.1439084219
001373.XSHE,2023-08-23,171717.55592175684
603439.XSHG,2023-08-23,3995165.317601866
603678.XSHG,2023-08-23,1739453.6991670749
301388.XSHE,2023-08-23,250608.9665282189
600562.XSHG,2023-08-23,1692902.3950553697
300481.XSHE,2023-08-23,885536.0518498514
688558.XSHG,2023-08-23,1268966.9211195929
300869.XSHE,2023-08-23,1492620.9828685757
301512.XSHE,2023-08-23,133334.01781610883
002740.XSHE,2023-08-23,1335727.654081962
000705.XSHE,2023-08-23,499233.5281860259
600596.XSHG,2023-08-23,819717.9169249845
603639.XSHG,2023-08-23,1063572.2877074813
603806.XSHG,2023-08-23,3930302.3304639934
601515.XSHG,2023-08-23,4288315.727002967
600112.XSHG,2023-08-23,1261263.8911925692
301128.XSHE,2023-08-23,263636.8238356957
688019.XSHG,2023-08-23,532518.6830943244
600818.XSHG,2023-08-23,1101372.479263018
603937.XSHG,2023-08-23,1922890.7014681892
300164.XSHE,2023-08-23,789105.5840821565
600567.XSHG,2023-08-23,10671434.76547103
300798.XSHE,2023-08-23,3140620.418137388
002829.XSHE,2023-08-23,503222.09723784524
002292.XSHE,2023-08-23,1233136.6739404616
300882.XSHE,2023-08-23,432770.41394248925
301348.XSHE,2023-08-23,474215.7536227692
688205.XSHG,2023-08-23,466498.4576826682
600836.XSHG,2023-08-23,386303.5107587769
600865.XSHG,2023-08-23,650062.1931260229
300189.XSHE,2023-08-23,1479347.9728462663
002643.XSHE,2023-08-23,1513365.9439450027
301078.XSHE,2023-08-23,6217114.524596539
300183.XSHE,2023-08-23,651778.2586558046
300864.XSHE,2023-08-23,113297.34192024668
301087.XSHE,2023-08-23,642210.0555212832
600622.XSHG,2023-08-23,50810.99775203181
688227.XSHG,2023-08-23,623503.4518171963
300712.XSHE,2023-08-23,1403117.223313687
301125.XSHE,2023-08-23,281668.10313869134
688039.XSHG,2023-08-23,787747.2601813016
300726.XSHE,2023-08-23,2027681.7401259302
002421.XSHE,2023-08-23,965411.2945789037
000507.XSHE,2023-08-23,1598613.2014620511
300884.XSHE,2023-08-23,669811.8144869439
300580.XSHE,2023-08-23,1987322.234597573
000545.XSHE,2023-08-23,1977845.6648419565
300144.XSHE,2023-08-23,1495978.8443321756
600023.XSHG,2023-08-23,73662399.18325676
603885.XSHG,2023-08-23,7450369.945981339
603081.XSHG,2023-08-23,3777031.906999753
300307.XSHE,2023-08-23,3500723.610388899
601133.XSHG,2023-08-23,1250582.046521457
301051.XSHE,2023-08-23,406994.0763190522
603279.XSHG,2023-08-23,3528225.9287338895
300067.XSHE,2023-08-23,942584.5219228738
300223.XSHE,2023-08-23,1572270.9576953026
600206.XSHG,2023-08-23,1994609.5021151968
603520.XSHG,2023-08-23,1148007.0190364777
600353.XSHG,2023-08-23,763135.5427664219
688659.XSHG,2023-08-23,860423.8555325512
002972.XSHE,2023-08-23,822602.3577132716
600906.XSHG,2023-08-23,12822867.4665468
603163.XSHG,2023-08-23,197353.50373848027
300755.XSHE,2023-08-23,2239266.61197703
688225.XSHG,2023-08-23,1879881.349647757
002463.XSHE,2023-08-23,6060108.7154128635
301042.XSHE,2023-08-23,384348.7452264048
600215.XSHG,2023-08-23,2082667.2831759034
002520.XSHE,2023-08-23,700133.398724865
301126.XSHE,2023-08-23,1079371.9185423364
600016.XSHG,2023-08-23,11070988.6547812
600345.XSHG,2023-08-23,990612.951062778
600241.XSHG,2023-08-23,1168927.5766016713
601816.XSHG,2023-08-23,478066788.17733985
002759.XSHE,2023-08-23,1542349.96582365
600975.XSHG,2023-08-23,889292.7539478105
603115.XSHG,2023-08-23,2027061.5164520745
605188.XSHG,2023-08-23,4893053.115176917
300305.XSHE,2023-08-23,577849.6423679806
002091.XSHE,2023-08-23,2120556.2060889928
002686.XSHE,2023-08-23,831523.1862800407
600057.XSHG,2023-08-23,1805544.8275862068
688256.XSHG,2023-08-23,2526462.7618107167
603698.XSHG,2023-08-23,3923103.656693865
600169.XSHG,2023-08-23,2529113.1300021634
605050.XSHG,2023-08-23,1949429.1290558672
600629.XSHG,2023-08-23,1074744.0363331717
002689.XSHE,2023-08-23,2768048.920313396
603779.XSHG,2023-08-23,2259805.011805926
688371.XSHG,2023-08-23,806315.8559058894
000595.XSHE,2023-08-23,2207738.583630372
002350.XSHE,2023-08-23,1075594.5683802136
688363.XSHG,2023-08-23,1953317.3787569506
600050.XSHG,2023-08-23,181115705.6558683
603569.XSHG,2023-08-23,3754513.977304179
601600.XSHG,2023-08-23,126418428.97327708
002021.XSHE,2023-08-23,745652.9897423068
600812.XSHG,2023-08-23,3757405.3817545394
301313.XSHE,2023-08-23,254752.6862939171
688208.XSHG,2023-08-23,4434715.848581663
301370.XSHE,2023-08-23,662496.907059807
002007.XSHE,2023-08-23,367819.5673549656
601838.XSHG,2023-08-23,29841773.255813953
002798.XSHE,2023-08-23,950149.8493362651
000976.XSHE,2023-08-23,4315313.734093901
300206.XSHE,2023-08-23,499465.60112546163
000547.XSHE,2023-08-23,1375540.5782281305
301066.XSHE,2023-08-23,511857.45140388765
000912.XSHE,2023-08-23,6799586.943381019
603612.XSHG,2023-08-23,2838669.5100384895
002333.XSHE,2023-08-23,1149884.3872524379
600889.XSHG,2023-08-23,790253.4656713969
688611.XSHG,2023-08-23,135252.5199218956
688612.XSHG,2023-08-23,313196.61811898294
688137.XSHG,2023-08-23,168105.3105310531
300758.XSHE,2023-08-23,957979.057591623
600192.XSHG,2023-08-23,2478603.2764735688
688523.XSHG,2023-08-23,338381.74577076256
002729.XSHE,2023-08-23,631025.8083654701
600366.XSHG,2023-08-23,863756.4645039962
600589.XSHG,2023-08-23,1640573.0542572648
603893.XSHG,2023-08-23,4076240.900066181
000030.XSHE,2023-08-23,4294919.774011299
301308.XSHE,2023-08-23,1119075.6392712442
600106.XSHG,2023-08-23,1590739.843960183
605179.XSHG,2023-08-23,601757.6813839402
002982.XSHE,2023-08-23,650962.6354820308
301018.XSHE,2023-08-23,868620.1696512725
002131.XSHE,2023-08-23,1325673.2879410277
002891.XSHE,2023-08-23,1138253.3172496986
002933.XSHE,2023-08-23,1094400.4294149221
300419.XSHE,2023-08-23,477912.5334716156
603876.XSHG,2023-08-23,4670670.721112076
600435.XSHG,2023-08-23,1103523.6726667674
301092.XSHE,2023-08-23,425065.12664993154
002551.XSHE,2023-08-23,735022.73796456
300343.XSHE,2023-08-23,771961.7946462235
300631.XSHE,2023-08-23,726456.5792638923
300138.XSHE,2023-08-23,842183.7170662236
600693.XSHG,2023-08-23,705614.5990922843
603681.XSHG,2023-08-23,1822488.4019346563
301288.XSHE,2023-08-23,396729.2203477726
688135.XSHG,2023-08-23,873692.1944035345
600223.XSHG,2023-08-23,5316696.772479745
600739.XSHG,2023-08-23,481716.14100185526
002354.XSHE,2023-08-23,5633736.76350801
600796.XSHG,2023-08-23,340848.0168568743
002227.XSHE,2023-08-23,1192198.4054371978
688786.XSHG,2023-08-23,509643.8112199466
300395.XSHE,2023-08-23,660935.4034885949
002441.XSHE,2023-08-23,773203.1838227386
301103.XSHE,2023-08-23,615857.094365241
600969.XSHG,2023-08-23,1768333.066196506
002990.XSHE,2023-08-23,650391.2583715192
603489.XSHG,2023-08-23,1143146.529562982
001255.XSHE,2023-08-23,198828.77418572208
000949.XSHE,2023-08-23,2868780.773739742
002597.XSHE,2023-08-23,1065251.237438128
600750.XSHG,2023-08-23,335537.2451895599
002494.XSHE,2023-08-23,1061799.3576163466
300820.XSHE,2023-08-23,303994.12120688165
600708.XSHG,2023-08-23,1744051.5790182478
300022.XSHE,2023-08-23,797740.6725011516
002068.XSHE,2023-08-23,1230065.0835532101
603528.XSHG,2023-08-23,1983858.4474885846
000682.XSHE,2023-08-23,837697.9742173111
300011.XSHE,2023-08-23,595446.8802698145
301302.XSHE,2023-08-23,577204.9337781821
300198.XSHE,2023-08-23,890515.3865399049
300427.XSHE,2023-08-23,964747.2422823586
002563.XSHE,2023-08-23,2936193.7046004846
300867.XSHE,2023-08-23,1507548.138639281
600308.XSHG,2023-08-23,1396117.3993156094
300668.XSHE,2023-08-23,296529.5283392786
600316.XSHG,2023-08-23,1330869.029275809
600749.XSHG,2023-08-23,725146.1255845024
688161.XSHG,2023-08-23,751180.8082742769
600117.XSHG,2023-08-23,3786479.5640326976
300612.XSHE,2023-08-23,694807.8694565074
601010.XSHG,2023-08-23,3706290.132795428
002646.XSHE,2023-08-23,4316962.144685437
688567.XSHG,2023-08-23,12182825.788751716
300389.XSHE,2023-08-23,480561.3926658426
603629.XSHG,2023-08-23,1260704.62874565
600684.XSHG,2023-08-23,601009.291965712
002555.XSHE,2023-08-23,1272063.3026480281
301213.XSHE,2023-08-23,285032.36329911085
688286.XSHG,2023-08-23,534118.2496707157
002245.XSHE,2023-08-23,775200.5747814634
603860.XSHG,2023-08-23,646660.5881671876
605289.XSHG,2023-08-23,395399.9342753861
002248.XSHE,2023-08-23,1515443.3404603193
002843.XSHE,2023-08-23,1220752.5055206388
000739.XSHE,2023-08-23,910088.6313277654
600213.XSHG,2023-08-23,1399483.8332684066
002095.XSHE,2023-08-23,565924.2997310248
300968.XSHE,2023-08-23,1651044.2858760902
300243.XSHE,2023-08-23,417325.17332876835
000591.XSHE,2023-08-23,2461557.829540864
002049.XSHE,2023-08-23,1373589.9848035316
000006.XSHE,2023-08-23,261426.93103894423
300404.XSHE,2023-08-23,568631.8051575932
002627.XSHE,2023-08-23,2083164.3514342413
605020.XSHG,2023-08-23,1221837.065012139
002915.XSHE,2023-08-23,1312508.7498250033
002498.XSHE,2023-08-23,4066657.101865136
301296.XSHE,2023-08-23,628562.0557681794
300450.XSHE,2023-08-23,720229.3171164322
600528.XSHG,2023-08-23,4708852.558280352
688248.XSHG,2023-08-23,810761.3687819393
600512.XSHG,2023-08-23,2426659.081674116
688369.XSHG,2023-08-23,753304.5977011495
301256.XSHE,2023-08-23,1342632.5153529276
301397.XSHE,2023-08-23,237208.4842647459
603900.XSHG,2023-08-23,2063922.3218096457
000581.XSHE,2023-08-23,1388818.8105117567
000768.XSHE,2023-08-23,3234588.617886179
605168.XSHG,2023-08-23,647790.2557014512
600062.XSHG,2023-08-23,1199582.3348168435
600326.XSHG,2023-08-23,1110643.700247049
688329.XSHG,2023-08-23,439929.08454595687
002069.XSHE,2023-08-23,1065138.5332920207
300451.XSHE,2023-08-23,757571.0826703563
003004.XSHE,2023-08-23,328455.43734827894
300495.XSHE,2023-08-23,614061.1136448443
002342.XSHE,2023-08-23,3532475.884244373
300299.XSHE,2023-08-23,798857.4753891664
688443.XSHG,2023-08-23,827686.0081259523
300139.XSHE,2023-08-23,452549.887698687
300834.XSHE,2023-08-23,571913.4819532909
000661.XSHE,2023-08-23,509659.6125853768
605016.XSHG,2023-08-23,632159.4311377245
300085.XSHE,2023-08-23,465760.83869454084
600508.XSHG,2023-08-23,1976492.180712424
603153.XSHG,2023-08-23,543465.3220359385
301068.XSHE,2023-08-23,392419.2139737991
000750.XSHE,2023-08-23,4110332.6228404758
600266.XSHG,2023-08-23,3427810.9916852564
000795.XSHE,2023-08-23,2530301.007899755
301050.XSHE,2023-08-23,741131.3027898644
301272.XSHE,2023-08-23,138751.01394603364
600336.XSHG,2023-08-23,2460971.715328467
600208.XSHG,2023-08-23,12146429.003021147
002749.XSHE,2023-08-23,584073.5803785657
002763.XSHE,2023-08-23,764317.3450345489
688128.XSHG,2023-08-23,3793899.51179821
600834.XSHG,2023-08-23,907640.4958677687
003036.XSHE,2023-08-23,553751.2161223071
600037.XSHG,2023-08-23,2492230.4398598676
300242.XSHE,2023-08-23,1218067.380103052
300124.XSHE,2023-08-23,943471.6981132076
001872.XSHE,2023-08-23,3710329.67032967
002506.XSHE,2023-08-23,6004838.107098381
301093.XSHE,2023-08-23,939241.0860320575
301307.XSHE,2023-08-23,469545.35000544705
002830.XSHE,2023-08-23,312507.49054472224
300676.XSHE,2023-08-23,3978128.0991735538
600610.XSHG,2023-08-23,87186.79669917478
603703.XSHG,2023-08-23,1182410.0027480077
000403.XSHE,2023-08-23,791117.1366594359
003021.XSHE,2023-08-23,369569.7327056321
300502.XSHE,2023-08-23,727855.5422604156
600794.XSHG,2023-08-23,572790.3756274884
603366.XSHG,2023-08-23,3229568.9771652482
603020.XSHG,2023-08-23,1723596.5509416838
603969.XSHG,2023-08-23,1801603.3092470416
000822.XSHE,2023-08-23,3630954.580079985
001380.XSHE,2023-08-23,315721.3230852548
002532.XSHE,2023-08-23,4943676.994790238
688093.XSHG,2023-08-23,432200.39292730845
600131.XSHG,2023-08-23,2226749.6698736087
603038.XSHG,2023-08-23,702965.8427140149
002535.XSHE,2023-08-23,1618194.9440321974
300555.XSHE,2023-08-23,783068.2863979385
002362.XSHE,2023-08-23,1034487.7330716389
002603.XSHE,2023-08-23,3368986.4169582217
300262.XSHE,2023-08-23,785676.1935296722
000786.XSHE,2023-08-23,1365906.756222837
300575.XSHE,2023-08-23,525341.1764705882
600664.XSHG,2023-08-23,2374360.45524036
002562.XSHE,2023-08-23,1013633.5209505941
002034.XSHE,2023-08-23,1176755.046185426
300803.XSHE,2023-08-23,4024830.073679744
300723.XSHE,2023-08-23,815043.1217305245
603859.XSHG,2023-08-23,1638764.940239044
300672.XSHE,2023-08-23,1290599.719757123
605268.XSHG,2023-08-23,712425.6125284162
688309.XSHG,2023-08-23,795507.5552111585
603023.XSHG,2023-08-23,813157.7081265069
600239.XSHG,2023-08-23,838668.2887619212
688498.XSHG,2023-08-23,132026.37444279346
002048.XSHE,2023-08-23,667556.2613430127
603132.XSHG,2023-08-23,1533012.4752880223
000883.XSHE,2023-08-23,11235268.425841674
002232.XSHE,2023-08-23,1290734.227644807
600697.XSHG,2023-08-23,453562.337575798
002773.XSHE,2023-08-23,3394009.539424653
300287.XSHE,2023-08-23,1037702.0259503756
603218.XSHG,2023-08-23,4942836.908134359
003028.XSHE,2023-08-23,274541.2220065045
300584.XSHE,2023-08-23,523335.5964069354
603377.XSHG,2023-08-23,4080484.31372549
002952.XSHE,2023-08-23,532092.0894123946
300402.XSHE,2023-08-23,1919274.009541589
301071.XSHE,2023-08-23,359389.8926420529
301226.XSHE,2023-08-23,295707.2661146793
600379.XSHG,2023-08-23,1184069.696969697
603201.XSHG,2023-08-23,323429.4871794871
002816.XSHE,2023-08-23,996465.464711997
600521.XSHG,2023-08-23,778298.1882981883
000017.XSHE,2023-08-23,931081.8090001122
002531.XSHE,2023-08-23,2179721.9463753724
300040.XSHE,2023-08-23,743873.5581836764
300899.XSHE,2023-08-23,307961.00081634027
600590.XSHG,2023-08-23,1901949.7650885435
600710.XSHG,2023-08-23,1729562.9337835303
601006.XSHG,2023-08-23,63842249.667994685
002595.XSHE,2023-08-23,1092573.3882030179
688334.XSHG,2023-08-23,713949.3016564174
600690.XSHG,2023-08-23,1446898.6568986569
603948.XSHG,2023-08-23,1421903.2558139535
000158.XSHE,2023-08-23,5356412.614036348
000878.XSHE,2023-08-23,6406672.473867595
301024.XSHE,2023-08-23,116722.94999040625
600875.XSHG,2023-08-23,6235802.469135803
688288.XSHG,2023-08-23,984989.6423145975
300519.XSHE,2023-08-23,482590.53527629486
601901.XSHG,2023-08-23,78646259.80015373
600864.XSHG,2023-08-23,1964682.2344962596
002127.XSHE,2023-08-23,1923658.0796252927
688403.XSHG,2023-08-23,4259304.225599578
002701.XSHE,2023-08-23,2630232.6945639425
000718.XSHE,2023-08-23,2541495.937831155
002078.XSHE,2023-08-23,3107696.0110041266
000981.XSHE,2023-08-23,9629171.60464565
600114.XSHG,2023-08-23,921176.3647989768
603638.XSHG,2023-08-23,1812610.5044201768
001309.XSHE,2023-08-23,478286.6944187481
600452.XSHG,2023-08-23,1195477.6956637877
301160.XSHE,2023-08-23,399492.26328490983
603338.XSHG,2023-08-23,708634.708737864
300474.XSHE,2023-08-23,1079101.897062355
603587.XSHG,2023-08-23,3040330.1886792453
002903.XSHE,2023-08-23,635566.8078047929
300650.XSHE,2023-08-23,501505.76452777453
000989.XSHE,2023-08-23,1348665.066936095
002063.XSHE,2023-08-23,981339.3456778278
603825.XSHG,2023-08-23,1692466.1292364835
600096.XSHG,2023-08-23,7110013.037809648
000560.XSHE,2023-08-23,4253027.708215526
600955.XSHG,2023-08-23,3578952.644313861
002719.XSHE,2023-08-23,995294.0616090202
600776.XSHG,2023-08-23,1940316.0759140386
002425.XSHE,2023-08-23,2160322.8962818
688301.XSHG,2023-08-23,404646.60037624295
688290.XSHG,2023-08-23,381181.8614615568
300013.XSHE,2023-08-23,968808.4142394823
600020.XSHG,2023-08-23,5175159.748427672
600592.XSHG,2023-08-23,1158522.6311336718
000007.XSHE,2023-08-23,256281.3971742543
300627.XSHE,2023-08-23,1078206.788306847
002301.XSHE,2023-08-23,1480605.2938886725
603040.XSHG,2023-08-23,557581.7053131276
300294.XSHE,2023-08-23,881090.7410260361
688206.XSHG,2023-08-23,1449880.0928313565
000811.XSHE,2023-08-23,444019.98462720984
002548.XSHE,2023-08-23,1366053.8920684827
300405.XSHE,2023-08-23,570646.6075520574
300390.XSHE,2023-08-23,720429.498917929
002161.XSHE,2023-08-23,666534.7774830534
300165.XSHE,2023-08-23,576653.4608752772
301395.XSHE,2023-08-23,343621.8829999052
000731.XSHE,2023-08-23,466435.74963015865
002611.XSHE,2023-08-23,1457217.1945701358
300542.XSHE,2023-08-23,711859.8383835128
300981.XSHE,2023-08-23,469953.1988580522
003037.XSHE,2023-08-23,886758.0734512985
300891.XSHE,2023-08-23,2272376.4664059724
300119.XSHE,2023-08-23,545347.065462754
000413.XSHE,2023-08-23,10957326.109240007
002732.XSHE,2023-08-23,1420741.9254978846
002088.XSHE,2023-08-23,725583.3758286588
603017.XSHG,2023-08-23,572564.1522223299
002152.XSHE,2023-08-23,1444821.8318695107
600987.XSHG,2023-08-23,1480139.7679324895
002885.XSHE,2023-08-23,649082.9175576147
600919.XSHG,2023-08-23,109608754.40876184
300492.XSHE,2023-08-23,800440.251572327
300768.XSHE,2023-08-23,2460770.4086515456
605007.XSHG,2023-08-23,794821.3162063055
000088.XSHE,2023-08-23,2758287.167891464
300006.XSHE,2023-08-23,1058111.2653250056
603030.XSHG,2023-08-23,1887698.735917914
300912.XSHE,2023-08-23,613014.0899941563
002239.XSHE,2023-08-23,3566066.042228925
300703.XSHE,2023-08-23,677716.6029276012
600376.XSHG,2023-08-23,2431851.603531121
000063.XSHE,2023-08-23,2283159.3617169536
603078.XSHG,2023-08-23,622490.7271327594
603007.XSHG,2023-08-23,1347200.264375413
600073.XSHG,2023-08-23,2831112.412177986
603355.XSHG,2023-08-23,3227755.886592984
603566.XSHG,2023-08-23,1592315.3547133137
002850.XSHE,2023-08-23,1019823.5430694218
300221.XSHE,2023-08-23,1073358.4656084655
002163.XSHE,2023-08-23,1720558.9057214297
301326.XSHE,2023-08-23,166553.7267694741
002329.XSHE,2023-08-23,1000133.976671195
600161.XSHG,2023-08-23,1039755.8957385188
002728.XSHE,2023-08-23,628842.736528799
300873.XSHE,2023-08-23,651444.1482917373
600773.XSHG,2023-08-23,1310544.3548387096
603956.XSHG,2023-08-23,4823851.494696239
688179.XSHG,2023-08-23,517018.77934272296
002489.XSHE,2023-08-23,1544854.515828678
600618.XSHG,2023-08-23,275114.4538914323
000631.XSHE,2023-08-23,1115419.708029197
002638.XSHE,2023-08-23,2668534.296028881
605365.XSHG,2023-08-23,556544.8768864177
603990.XSHG,2023-08-23,891634.0258076325
300633.XSHE,2023-08-23,4254578.69370118
688435.XSHG,2023-08-23,184125.96687320294
688232.XSHG,2023-08-23,945175.6440281031
001213.XSHE,2023-08-23,10308366.82607726
300005.XSHE,2023-08-23,727502.937356997
300141.XSHE,2023-08-23,417645.9048553212
002677.XSHE,2023-08-23,955800.667955704
000558.XSHE,2023-08-23,2031198.0619585963
002837.XSHE,2023-08-23,739419.6192490746
001366.XSHE,2023-08-23,398899.9298834815
603556.XSHG,2023-08-23,3164315.3526970954
000767.XSHE,2023-08-23,2684932.091579356
000967.XSHE,2023-08-23,5854481.409001957
601798.XSHG,2023-08-23,3298082.374520594
603258.XSHG,2023-08-23,2214587.912087912
002584.XSHE,2023-08-23,1611973.4567080238
000049.XSHE,2023-08-23,356746.7516548174
003035.XSHE,2023-08-23,16294550.515219707
002518.XSHE,2023-08-23,987112.5439624854
002622.XSHE,2023-08-23,1447034.7361973925
688379.XSHG,2023-08-23,870450.4685898375
603168.XSHG,2023-08-23,677182.8724353256
300790.XSHE,2023-08-23,891071.0588235294
688788.XSHG,2023-08-23,459313.81660470885
600641.XSHG,2023-08-23,352062.56249107275
002037.XSHE,2023-08-23,1161306.1306130614
603283.XSHG,2023-08-23,1708101.624815362
600135.XSHG,2023-08-23,1899349.9158856042
603379.XSHG,2023-08-23,4190357.5749428687
688295.XSHG,2023-08-23,1259684.4477836213
301038.XSHE,2023-08-23,374893.969301476
301000.XSHE,2023-08-23,199230.9482257126
002679.XSHE,2023-08-23,1310563.4535367545
002824.XSHE,2023-08-23,873350.7808477776
002254.XSHE,2023-08-23,888857.8734285105
000422.XSHE,2023-08-23,657324.0732223347
603799.XSHG,2023-08-23,6954950.4950495055
601009.XSHG,2023-08-23,14775949.09090909
002632.XSHE,2023-08-23,932679.8493408662
600713.XSHG,2023-08-23,663148.4502446982
605196.XSHG,2023-08-23,3207606.757022196
002111.XSHE,2023-08-23,912931.488801054
002193.XSHE,2023-08-23,1257022.8741051161
300897.XSHE,2023-08-23,278635.4823819049
300384.XSHE,2023-08-23,381907.8544296042
601208.XSHG,2023-08-23,2989330.679005703
688047.XSHG,2023-08-23,2784017.0072344206
002522.XSHE,2023-08-23,995994.2270686337
300559.XSHE,2023-08-23,526454.5652647635
600052.XSHG,2023-08-23,2145629.7420333843
603328.XSHG,2023-08-23,3449441.6014449126
605366.XSHG,2023-08-23,3166072.782410918
300109.XSHE,2023-08-23,622460.0
601688.XSHG,2023-08-23,56136106.24086829
002086.XSHE,2023-08-23,1526324.3147027413
688102.XSHG,2023-08-23,2258216.446336545
301185.XSHE,2023-08-23,862866.2615310628
601868.XSHG,2023-08-23,139179273.06344882
688297.XSHG,2023-08-23,1832333.7977707009
000993.XSHE,2023-08-23,2414920.5420688307
600714.XSHG,2023-08-23,1086659.9108228618
600768.XSHG,2023-08-23,400308.57454942656
000576.XSHE,2023-08-23,681165.4441727792
301429.XSHE,2023-08-23,277431.1867946846
002305.XSHE,2023-08-23,5157581.653926338
603396.XSHG,2023-08-23,796508.9083029511
002812.XSHE,2023-08-23,2116464.7501711156
002426.XSHE,2023-08-23,5975122.54014246
000166.XSHE,2023-08-23,147360669.2913386
000401.XSHE,2023-08-23,2172446.123083759
000672.XSHE,2023-08-23,1136845.0986952158
603286.XSHG,2023-08-23,865849.7990268669
601128.XSHG,2023-08-23,21966243.868255083
603339.XSHG,2023-08-23,1928712.3560673161
603955.XSHG,2023-08-23,1008282.4964805255
000910.XSHE,2023-08-23,2120543.8382429844
688129.XSHG,2023-08-23,403172.28162194876
300230.XSHE,2023-08-23,882351.7344274524
603801.XSHG,2023-08-23,1394389.2314990512
000723.XSHE,2023-08-23,5704688.771665411
600550.XSHG,2023-08-23,2411709.6412556055
000950.XSHE,2023-08-23,7104117.870104545
688526.XSHG,2023-08-23,1218831.33640553
002061.XSHE,2023-08-23,7710899.224806202
300906.XSHE,2023-08-23,311767.27312402823
600593.XSHG,2023-08-23,670548.686244204
002945.XSHE,2023-08-23,26436531.631259125
300562.XSHE,2023-08-23,484123.8852735599
688333.XSHG,2023-08-23,813487.9175550818
603197.XSHG,2023-08-23,1384232.9156575762
000933.XSHE,2023-08-23,1595683.2058390062
603139.XSHG,2023-08-23,970634.0105761202
002970.XSHE,2023-08-23,444316.2461195574
000589.XSHE,2023-08-23,1492414.219899608
603203.XSHG,2023-08-23,816261.5955473097
000023.XSHE,2023-08-23,518143.3882961526
000153.XSHE,2023-08-23,540031.1665182547
301055.XSHE,2023-08-23,560908.7747768633
603679.XSHG,2023-08-23,1149800.2786809104
002947.XSHE,2023-08-23,856071.341907304
300421.XSHE,2023-08-23,888289.870080964
603798.XSHG,2023-08-23,919454.6701726306
300889.XSHE,2023-08-23,879523.2985898223
300577.XSHE,2023-08-23,398549.20527561713
301533.XSHE,2023-08-23,216370.03022419906
002171.XSHE,2023-08-23,2401856.3015312133
002065.XSHE,2023-08-23,919770.0305810397
002392.XSHE,2023-08-23,1054809.9173553719
688382.XSHG,2023-08-23,1115537.208441318
600780.XSHG,2023-08-23,999166.3887962655
300721.XSHE,2023-08-23,705734.7554406378
600556.XSHG,2023-08-23,4772233.324183365
300180.XSHE,2023-08-23,2078378.475015643
300282.XSHE,2023-08-23,826447.2594800463
603600.XSHG,2023-08-23,965824.9158249159
300488.XSHE,2023-08-23,503484.0336134454
300691.XSHE,2023-08-23,737563.8640429338
300694.XSHE,2023-08-23,2044235.087244691
301172.XSHE,2023-08-23,276651.5329312474
688560.XSHG,2023-08-23,1248569.4738151513
600746.XSHG,2023-08-23,1400575.682382134
000670.XSHE,2023-08-23,688724.4436403112
605378.XSHG,2023-08-23,316646.0528324935
000892.XSHE,2023-08-23,2858244.0362777226
002304.XSHE,2023-08-23,3344243.2150313156
300576.XSHE,2023-08-23,491401.92288631183
601616.XSHG,2023-08-23,4424928.846921133
002810.XSHE,2023-08-23,926689.3755068937
000680.XSHE,2023-08-23,1965845.8493421818
601939.XSHG,2023-08-23,43065923.51205116
688513.XSHG,2023-08-23,587493.6767072891
603170.XSHG,2023-08-23,1569610.9330484332
002151.XSHE,2023-08-23,699005.2356020943
601188.XSHG,2023-08-23,10316261.295180723
001287.XSHE,2023-08-23,1834527.0364434533
603335.XSHG,2023-08-23,2476069.069069069
688281.XSHG,2023-08-23,162120.46711739397
002184.XSHE,2023-08-23,733327.5742916379
300415.XSHE,2023-08-23,1018124.9330333226
002573.XSHE,2023-08-23,1304529.8064767092
688517.XSHG,2023-08-23,811848.5612747908
000876.XSHE,2023-08-23,2486777.7199375327
002733.XSHE,2023-08-23,1529731.1056933887
300428.XSHE,2023-08-23,1372229.9838796346
605058.XSHG,2023-08-23,414508.1668035404
300698.XSHE,2023-08-23,1233245.2374563992
600339.XSHG,2023-08-23,13179279.379157428
300232.XSHE,2023-08-23,916445.5511288181
600830.XSHG,2023-08-23,401251.1122975619
600546.XSHG,2023-08-23,1936112.5257075704
688051.XSHG,2023-08-23,763276.6963897347
300110.XSHE,2023-08-23,2155334.718006071
605133.XSHG,2023-08-23,620180.4973205677
002526.XSHE,2023-08-23,2950122.7698820685
003039.XSHE,2023-08-23,1207114.5757132408
600729.XSHG,2023-08-23,962558.494404883
605116.XSHG,2023-08-23,757921.5494791667
603916.XSHG,2023-08-23,3194998.472349527
605009.XSHG,2023-08-23,326799.565362755
301299.XSHE,2023-08-23,148116.1228739558
301383.XSHE,2023-08-23,275610.35725991474
001299.XSHE,2023-08-23,469000.3390945149
300551.XSHE,2023-08-23,576489.9075136704
600691.XSHG,2023-08-23,2515889.221556886
688395.XSHG,2023-08-23,379770.73780741973
300278.XSHE,2023-08-23,2954264.3942883466
300615.XSHE,2023-08-23,532722.5435931584
688608.XSHG,2023-08-23,791297.2730333296
600012.XSHG,2023-08-23,4191311.9533527694
000028.XSHE,2023-08-23,873174.3772241992
000782.XSHE,2023-08-23,1527919.6758851507
600360.XSHG,2023-08-23,1219475.731752501
300921.XSHE,2023-08-23,329125.33931707975
600851.XSHG,2023-08-23,373209.54584195785
002291.XSHE,2023-08-23,5084209.09148545
300323.XSHE,2023-08-23,2133281.158055784
301498.XSHE,2023-08-23,375601.616400552
600078.XSHG,2023-08-23,985336.630504148
000601.XSHE,2023-08-23,934340.5275779376
601333.XSHG,2023-08-23,42056614.246068455
688277.XSHG,2023-08-23,3097275.4758761656
000955.XSHE,2023-08-23,2186136.562773814
603087.XSHG,2023-08-23,3747846.909537454
002651.XSHE,2023-08-23,1786627.102900196
688598.XSHG,2023-08-23,934721.1490837047
002566.XSHE,2023-08-23,739622.889091739
688098.XSHG,2023-08-23,3972596.7235970725
300422.XSHE,2023-08-23,755183.7819873713
603272.XSHG,2023-08-23,387876.9065135474
600853.XSHG,2023-08-23,3131670.33603708
002324.XSHE,2023-08-23,828453.765227021
300791.XSHE,2023-08-23,651905.9684684684
600743.XSHG,2023-08-23,711488.777652188
603789.XSHG,2023-08-23,1968233.8847689675
688582.XSHG,2023-08-23,460724.01973079174
603392.XSHG,2023-08-23,4395764.934434191
600582.XSHG,2023-08-23,980468.6413572521
601456.XSHG,2023-08-23,23479687.99865625
300599.XSHE,2023-08-23,1915287.04728768
600172.XSHG,2023-08-23,1367765.4763761112
605198.XSHG,2023-08-23,829551.7413764374
300003.XSHE,2023-08-23,3586365.7407407407
688629.XSHG,2023-08-23,547502.146653704
603208.XSHG,2023-08-23,713712.8297748823
603239.XSHG,2023-08-23,742684.6178652048
688499.XSHG,2023-08-23,412057.68081291096
300264.XSHE,2023-08-23,890177.1937261552
600977.XSHG,2023-08-23,17246030.646235842
601995.XSHG,2023-08-23,9161670.663877124
688088.XSHG,2023-08-23,3991492.7812585128
000911.XSHE,2023-08-23,1713819.1093340688
300029.XSHE,2023-08-23,1956724.3689970963
688778.XSHG,2023-08-23,955573.8693467337
600036.XSHG,2023-08-23,36161313.46578366
603939.XSHG,2023-08-23,1884494.2044257114
603012.XSHG,2023-08-23,2955912.810827825
688176.XSHG,2023-08-23,2796032.828282828
300403.XSHE,2023-08-23,693494.2254907038
600533.XSHG,2023-08-23,1052718.629620523
600758.XSHG,2023-08-23,4745671.020040532
301177.XSHE,2023-08-23,379004.9964868452
601218.XSHG,2023-08-23,4120424.3697478995
605567.XSHG,2023-08-23,1213536.1808003318
301363.XSHE,2023-08-23,399277.43005806505
600031.XSHG,2023-08-23,1651889.6858768242
300969.XSHE,2023-08-23,197706.17089894033
605296.XSHG,2023-08-23,506911.92184399324
300700.XSHE,2023-08-23,728681.5336463223
600267.XSHG,2023-08-23,1608279.66205461
300548.XSHE,2023-08-23,699949.9746493155
002560.XSHE,2023-08-23,1070260.7739832466
688486.XSHG,2023-08-23,155462.53088114192
601949.XSHG,2023-08-23,16262180.551579349
002789.XSHE,2023-08-23,747906.7347710935
601665.XSHG,2023-08-23,20724428.058987644
300241.XSHE,2023-08-23,1402002.7624309391
002840.XSHE,2023-08-23,1900499.1023339317
600258.XSHG,2023-08-23,4527416.423239208
300756.XSHE,2023-08-23,274514.17982597486
600121.XSHG,2023-08-23,2460072.3138245735
000913.XSHE,2023-08-23,1653698.6788316844
600761.XSHG,2023-08-23,453225.638353309
600202.XSHG,2023-08-23,772839.2919912462
300497.XSHE,2023-08-23,737869.420813425
688076.XSHG,2023-08-23,1447458.879361484
300950.XSHE,2023-08-23,395519.3206989909
603327.XSHG,2023-08-23,3686348.333905874
002886.XSHE,2023-08-23,663040.4601348671
000066.XSHE,2023-08-23,2711152.554357433
688293.XSHG,2023-08-23,175675.28464490158
000516.XSHE,2023-08-23,428217.659137577
601857.XSHG,2023-08-23,1027637988.9298893
688306.XSHG,2023-08-23,4563973.997301606
003008.XSHE,2023-08-23,331349.80726872245
603706.XSHG,2023-08-23,1591027.5156187692
002398.XSHE,2023-08-23,906828.7081339713
300597.XSHE,2023-08-23,2504625.6956206146
301439.XSHE,2023-08-23,915271.9733934316
600387.XSHG,2023-08-23,1384699.4446259392
002657.XSHE,2023-08-23,921120.3928716079
002402.XSHE,2023-08-23,650429.6551724138
600265.XSHG,2023-08-23,782191.4734480178
300839.XSHE,2023-08-23,991899.2015968064
301360.XSHE,2023-08-23,119627.6939794572
300866.XSHE,2023-08-23,1460325.0178189594
300902.XSHE,2023-08-23,519461.83172267047
301330.XSHE,2023-08-23,494469.79631086637
300731.XSHE,2023-08-23,841555.7017100072
002006.XSHE,2023-08-23,583083.9090274004
600157.XSHG,2023-08-23,4356940.1725431355
002755.XSHE,2023-08-23,5177350.680070964
002927.XSHE,2023-08-23,883611.5762503279
002993.XSHE,2023-08-23,1790571.6463414633
002134.XSHE,2023-08-23,1963608.736259789
301267.XSHE,2023-08-23,597103.3056032396
002629.XSHE,2023-08-23,924614.5731293799
603721.XSHG,2023-08-23,963397.5327733456
002207.XSHE,2023-08-23,1269165.2433817252
601139.XSHG,2023-08-23,11459749.23009239
688426.XSHG,2023-08-23,206275.61608300908
300445.XSHE,2023-08-23,276242.27829546644
002912.XSHE,2023-08-23,616608.2416557897
601003.XSHG,2023-08-23,4592799.664710813
301332.XSHE,2023-08-23,845342.2610942083
002079.XSHE,2023-08-23,1605231.5362514788
000669.XSHE,2023-08-23,1863514.6443514645
600763.XSHG,2023-08-23,1327579.2253521127
000999.XSHE,2023-08-23,4545050.778605281
002246.XSHE,2023-08-23,3370812.682610107
002510.XSHE,2023-08-23,2145572.985908003
688535.XSHG,2023-08-23,163861.79246175085
300851.XSHE,2023-08-23,440990.55673009163
600163.XSHG,2023-08-23,4821075.071399429
300149.XSHE,2023-08-23,760375.1419337933
300786.XSHE,2023-08-23,465454.3780499033
605286.XSHG,2023-08-23,473592.4913162368
002281.XSHE,2023-08-23,2043666.762589928
600198.XSHG,2023-08-23,4858960.660514813
600526.XSHG,2023-08-23,1824040.271301399
603217.XSHG,2023-08-23,860301.1141222523
688353.XSHG,2023-08-23,366232.94304076064
688101.XSHG,2023-08-23,3208298.7021873505
605222.XSHG,2023-08-23,3980788.9601338166
600777.XSHG,2023-08-23,2086294.3224989448
600025.XSHG,2023-08-23,151587448.13278008
688480.XSHG,2023-08-23,198165.07095229955
600617.XSHG,2023-08-23,226378.06045684585
600330.XSHG,2023-08-23,2467887.2468527644
300999.XSHE,2023-08-23,5398954.74137931
600775.XSHG,2023-08-23,4563212.822366836
600470.XSHG,2023-08-23,2141131.615163268
688563.XSHG,2023-08-23,681070.696088364
600642.XSHG,2023-08-23,3586318.577374196
600516.XSHG,2023-08-23,3018216.9981916817
300259.XSHE,2023-08-23,752773.213841175
605208.XSHG,2023-08-23,940840.194358213
688377.XSHG,2023-08-23,1913695.5830950113
300513.XSHE,2023-08-23,916350.6571485756
000825.XSHE,2023-08-23,6930842.927631579
002330.XSHE,2023-08-23,3090524.325937717
002251.XSHE,2023-08-23,1739299.3843963314
000663.XSHE,2023-08-23,739881.033310673
603117.XSHG,2023-08-23,4274794.056308655
688151.XSHG,2023-08-23,980438.2811162473
300679.XSHE,2023-08-23,972151.7074644907
000420.XSHE,2023-08-23,3609162.3711340204
600071.XSHG,2023-08-23,488786.7258507715
301032.XSHE,2023-08-23,814381.6816667495
301057.XSHE,2023-08-23,439357.1186886725
000002.XSHE,2023-08-23,604960.2577873254
300146.XSHE,2023-08-23,374523.944728374
002858.XSHE,2023-08-23,718392.3263048739
300979.XSHE,2023-08-23,1385435.4215003867
688576.XSHG,2023-08-23,118679.97905915788
000927.XSHE,2023-08-23,28069926.28992629
600785.XSHG,2023-08-23,480517.26128622564
002217.XSHE,2023-08-23,5440510.281797411
688035.XSHG,2023-08-23,306324.7190206887
300802.XSHE,2023-08-23,730098.7063486129
002883.XSHE,2023-08-23,450699.0459670425
301315.XSHE,2023-08-23,208639.0467082474
603713.XSHG,2023-08-23,1609275.5214050494
000702.XSHE,2023-08-23,996011.3790300732
002385.XSHE,2023-08-23,3169324.0959783713
300654.XSHE,2023-08-23,935047.0645845801
603688.XSHG,2023-08-23,2244480.0672430354
000676.XSHE,2023-08-23,1097034.5372298413
300905.XSHE,2023-08-23,222154.90596149574
688107.XSHG,2023-08-23,1907568.2674199622
600280.XSHG,2023-08-23,982727.8730844853
605186.XSHG,2023-08-23,661027.4909814654
601966.XSHG,2023-08-23,13546635.675388498
301115.XSHE,2023-08-23,419352.84782225353
003022.XSHE,2023-08-23,2304766.527970412
600576.XSHG,2023-08-23,2136550.599743799
002712.XSHE,2023-08-23,1031679.8656107512
688050.XSHG,2023-08-23,1047346.8551526327
300686.XSHE,2023-08-23,1224234.6380931556
688273.XSHG,2023-08-23,323878.68952226394
300780.XSHE,2023-08-23,836251.2226746435
002010.XSHE,2023-08-23,3032907.580477674
600685.XSHG,2023-08-23,3990958.92169448
600461.XSHG,2023-08-23,1898862.6544760375
600527.XSHG,2023-08-23,619678.0684104628
600335.XSHG,2023-08-23,2659772.4922440536
000679.XSHE,2023-08-23,607035.8280873552
300260.XSHE,2023-08-23,490533.90196501836
301515.XSHE,2023-08-23,237085.22967737736
002076.XSHE,2023-08-23,1541404.3341887654
601788.XSHG,2023-08-23,30996156.91431076
600918.XSHG,2023-08-23,38815206.41649406
300729.XSHE,2023-08-23,1028536.9982625741
300387.XSHE,2023-08-23,690127.9510841873
601609.XSHG,2023-08-23,13971585.436332114
603326.XSHG,2023-08-23,1482136.9975389664
688215.XSHG,2023-08-23,157431.66287015943
688603.XSHG,2023-08-23,120163.1281049952
002800.XSHE,2023-08-23,706175.9609325771
002653.XSHE,2023-08-23,1580853.000674309
000555.XSHE,2023-08-23,3091025.562994522
600557.XSHG,2023-08-23,645504.9226441631
603399.XSHG,2023-08-23,3479813.610207656
002046.XSHE,2023-08-23,1026284.7317744155
300417.XSHE,2023-08-23,231879.15034606692
600727.XSHG,2023-08-23,953770.2607470049
002210.XSHE,2023-08-23,2568852.7960526315
002011.XSHE,2023-08-23,1477241.847826087
600602.XSHG,2023-08-23,18849.552572706936
601137.XSHG,2023-08-23,3408666.076435001
001324.XSHE,2023-08-23,338046.05810656556
300554.XSHE,2023-08-23,420080.6828811974
600307.XSHG,2023-08-23,14807068.426536992
300793.XSHE,2023-08-23,2017198.6301369863
002715.XSHE,2023-08-23,914328.1503829195
301118.XSHE,2023-08-23,519990.88533754635
002386.XSHE,2023-08-23,4215264.876632801
603028.XSHG,2023-08-23,2160120.1355375294
601288.XSHG,2023-08-23,1598773027.989822
603444.XSHG,2023-08-23,582724.1070540245
603308.XSHG,2023-08-23,4653750.637429883
600212.XSHG,2023-08-23,1880513.5658914729
601298.XSHG,2023-08-23,43811728.17281728
600030.XSHG,2023-08-23,18412021.45339175
600481.XSHG,2023-08-23,1858399.006034789
002427.XSHE,2023-08-23,4806465.256797583
301371.XSHE,2023-08-23,376322.0635245579
000851.XSHE,2023-08-23,4721161.486550708
600717.XSHG,2023-08-23,869643.9740197257
600361.XSHG,2023-08-23,843144.0980540657
601200.XSHG,2023-08-23,8265367.91165157
605580.XSHG,2023-08-23,472004.35885526455
300379.XSHE,2023-08-23,661106.1676698944
301287.XSHE,2023-08-23,166699.72301063503
001258.XSHE,2023-08-23,4657394.61030974
000078.XSHE,2023-08-23,1278543.525440077
002054.XSHE,2023-08-23,1088753.8157658468
603610.XSHG,2023-08-23,1406960.8575085325
001300.XSHE,2023-08-23,606567.1456888007
001227.XSHE,2023-08-23,25974706.970034752
600173.XSHG,2023-08-23,2844600.1239925604
002486.XSHE,2023-08-23,1978147.6106561625
002880.XSHE,2023-08-23,1044000.9021199819
000529.XSHE,2023-08-23,1642638.3138878434
300817.XSHE,2023-08-23,456774.373548228
002592.XSHE,2023-08-23,1019458.5063866468
600389.XSHG,2023-08-23,807750.7598784195
600594.XSHG,2023-08-23,468682.4146981627
688580.XSHG,2023-08-23,658575.8323057953
603993.XSHG,2023-08-23,50203297.785069734
300256.XSHE,2023-08-23,3244949.936088624
688287.XSHG,2023-08-23,2359296.5085982285
600178.XSHG,2023-08-23,2145705.2418333758
002951.XSHE,2023-08-23,3822223.0869001294
000826.XSHE,2023-08-23,1710741.9054737445
600483.XSHG,2023-08-23,7097183.590340413
002017.XSHE,2023-08-23,698232.7075098815
300837.XSHE,2023-08-23,690333.4461746784
003016.XSHE,2023-08-23,1309619.3010877112
688621.XSHG,2023-08-23,573689.4436217474
002703.XSHE,2023-08-23,2171504.9048467376
688355.XSHG,2023-08-23,383833.58506110124
001202.XSHE,2023-08-23,382336.1111748377
600262.XSHG,2023-08-23,1104063.38028169
300062.XSHE,2023-08-23,557950.3450464028
300004.XSHE,2023-08-23,1171662.198391421
000423.XSHE,2023-08-23,600758.2417582418
300588.XSHE,2023-08-23,895594.2247676533
300069.XSHE,2023-08-23,581808.0291044461
002030.XSHE,2023-08-23,479281.51469855505
600332.XSHG,2023-08-23,8716092.960592791
002089.XSHE,2023-08-23,741522.1895629548
002649.XSHE,2023-08-23,1005495.2952282347
600099.XSHG,2023-08-23,793389.3844129259
600925.XSHG,2023-08-23,6665909.320854939
688793.XSHG,2023-08-23,233411.03710751663
600620.XSHG,2023-08-23,15967.514124293784
002481.XSHE,2023-08-23,601826.3350998777
002967.XSHE,2023-08-23,3156511.9568012343
300359.XSHE,2023-08-23,761431.4908524717
688766.XSHG,2023-08-23,209112.06727948366
600736.XSHG,2023-08-23,406804.8403707518
603456.XSHG,2023-08-23,2297303.5714285714
002052.XSHE,2023-08-23,1092146.0411802165
001288.XSHE,2023-08-23,550501.9607843137
603477.XSHG,2023-08-23,4913802.076311177
600463.XSHG,2023-08-23,1022793.6617292456
688739.XSHG,2023-08-23,1787968.3131407269
600525.XSHG,2023-08-23,1025032.5839035516
688010.XSHG,2023-08-23,1508336.0295816965
601800.XSHG,2023-08-23,85813563.84689611
600999.XSHG,2023-08-23,35544336.15116857
002250.XSHE,2023-08-23,1502781.7890092258
002866.XSHE,2023-08-23,1026266.9319336268
688646.XSHG,2023-08-23,178893.06443280695
000570.XSHE,2023-08-23,851309.3201260694
000798.XSHE,2023-08-23,1587778.2930010145
603008.XSHG,2023-08-23,2408835.6276630615
603501.XSHG,2023-08-23,8662005.994927369
000886.XSHE,2023-08-23,3125655.0850524795
600603.XSHG,2023-08-23,66587.41258741259
600448.XSHG,2023-08-23,2881693.2148874253
300113.XSHE,2023-08-23,590932.7099938688
600400.XSHG,2023-08-23,1750776.6554433221
002492.XSHE,2023-08-23,1212331.7188889987
002043.XSHE,2023-08-23,850206.1730395334
601789.XSHG,2023-08-23,4442776.947705443
300901.XSHE,2023-08-23,1194959.863886223
601899.XSHG,2023-08-23,99407814.41965729
600232.XSHG,2023-08-23,1150240.2213558042
300545.XSHE,2023-08-23,547370.7696385968
300564.XSHE,2023-08-23,617499.6663255773
600984.XSHG,2023-08-23,4989939.93993994
000528.XSHE,2023-08-23,946962.8188499784
605151.XSHG,2023-08-23,610201.2995286024
600310.XSHG,2023-08-23,1173741.429970617
688057.XSHG,2023-08-23,1194253.8975501114
300126.XSHE,2023-08-23,541296.1194548138
600733.XSHG,2023-08-23,4775536.853536039
300102.XSHE,2023-08-23,1674051.8918918918
300094.XSHE,2023-08-23,4495960.048949563
002159.XSHE,2023-08-23,906914.2463551831
300678.XSHE,2023-08-23,1017477.3195632091
300996.XSHE,2023-08-23,519520.88523260533
002799.XSHE,2023-08-23,1246152.4058102588
000859.XSHE,2023-08-23,2359214.6596858636
002209.XSHE,2023-08-23,988487.5568225594
300975.XSHE,2023-08-23,2136605.898977033
002969.XSHE,2023-08-23,5235508.783559827
603035.XSHG,2023-08-23,3255403.7587773646
603813.XSHG,2023-08-23,845130.9212092359
002190.XSHE,2023-08-23,1349041.067761807
002640.XSHE,2023-08-23,1131765.4078337778
301163.XSHE,2023-08-23,281977.8121305811
600053.XSHG,2023-08-23,1899284.1977555354
603822.XSHG,2023-08-23,736079.1721419186
002957.XSHE,2023-08-23,3973066.014669927
000701.XSHE,2023-08-23,2382063.080969303
688623.XSHG,2023-08-23,134395.5525606469
600575.XSHG,2023-08-23,2113235.7247437774
600500.XSHG,2023-08-23,3524778.284293411
002813.XSHE,2023-08-23,1169113.5713489617
300925.XSHE,2023-08-23,688884.6555819478
000513.XSHE,2023-08-23,628505.1305970149
600826.XSHG,2023-08-23,654929.0444654683
601566.XSHG,2023-08-23,3271210.101718695
001226.XSHE,2023-08-23,183892.45671448373
300995.XSHE,2023-08-23,283722.84330006334
600822.XSHG,2023-08-23,1453226.4604294938
600887.XSHG,2023-08-23,681166.5098777045
603888.XSHG,2023-08-23,1928942.2415514677
688193.XSHG,2023-08-23,296756.84128225176
002488.XSHE,2023-08-23,1476512.5628140704
301505.XSHE,2023-08-23,197156.19713715703
603093.XSHG,2023-08-23,6028309.2105263155
301389.XSHE,2023-08-23,682353.6351073511
002132.XSHE,2023-08-23,2339063.3443410387
000791.XSHE,2023-08-23,4095871.1997384764
601000.XSHG,2023-08-23,9025138.48311324
300796.XSHE,2023-08-23,1412888.180764774
600692.XSHG,2023-08-23,188820.75760357382
300046.XSHE,2023-08-23,538283.666540928
603527.XSHG,2023-08-23,1151366.2951109149
000628.XSHE,2023-08-23,604164.97117667
605318.XSHG,2023-08-23,1211382.203419958
603001.XSHG,2023-08-23,2779083.0394357163
600833.XSHG,2023-08-23,234682.4577446093
688455.XSHG,2023-08-23,405593.991262194
688109.XSHG,2023-08-23,258290.91960670907
000543.XSHE,2023-08-23,3929954.6998867495
002530.XSHE,2023-08-23,1970438.612005235
002552.XSHE,2023-08-23,914092.4823480548
000605.XSHE,2023-08-23,939810.2012021879
002681.XSHE,2023-08-23,1278717.023976491
300629.XSHE,2023-08-23,764031.1952623237
002828.XSHE,2023-08-23,1097093.1692616774
603738.XSHG,2023-08-23,785759.8414557247
605199.XSHG,2023-08-23,3979651.9555077143
688155.XSHG,2023-08-23,762023.7138263666
002735.XSHE,2023-08-23,558636.5735395983
003009.XSHE,2023-08-23,438123.51099135465
002739.XSHE,2023-08-23,6928884.504639011
603009.XSHG,2023-08-23,1293506.601282535
300773.XSHE,2023-08-23,3470698.6915749284
000721.XSHE,2023-08-23,932837.9706897734
603337.XSHG,2023-08-23,2063269.6546656871
000800.XSHE,2023-08-23,17215428.983417448
300399.XSHE,2023-08-23,776756.5608743936
600151.XSHG,2023-08-23,3011658.415841584
600080.XSHG,2023-08-23,519794.5857706435
688677.XSHG,2023-08-23,527043.4154893266
603508.XSHG,2023-08-23,1724887.0056497175
002600.XSHE,2023-08-23,15884884.688746316
300238.XSHE,2023-08-23,650962.2501850481
600170.XSHG,2023-08-23,5065428.8990825685
300749.XSHE,2023-08-23,832334.2208697858
002323.XSHE,2023-08-23,2729645.332246229
002617.XSHE,2023-08-23,2419736.8421052634
688409.XSHG,2023-08-23,464726.821192053
002164.XSHE,2023-08-23,1522353.272079505
600992.XSHG,2023-08-23,1556002.345844504
603138.XSHG,2023-08-23,903831.7171565312
002050.XSHE,2023-08-23,2463946.6947748833
600297.XSHG,2023-08-23,12383296.127562642
601168.XSHG,2023-08-23,18268913.357802246
603043.XSHG,2023-08-23,3754406.0370009737
301135.XSHE,2023-08-23,482411.4130434782
002757.XSHE,2023-08-23,1086171.4754955021
300860.XSHE,2023-08-23,218782.1442700778
000301.XSHE,2023-08-23,23765395.656974606
002707.XSHE,2023-08-23,655030.8992306723
600322.XSHG,2023-08-23,3508817.7588996766
300044.XSHE,2023-08-23,898494.6371448284
301021.XSHE,2023-08-23,693354.1983367611
600779.XSHG,2023-08-23,713586.022262928
000523.XSHE,2023-08-23,2065361.0354223433
002270.XSHE,2023-08-23,3193007.4479117566
600033.XSHG,2023-08-23,3310968.0928208847
600880.XSHG,2023-08-23,306360.892801006
300212.XSHE,2023-08-23,748857.0503630394
300501.XSHE,2023-08-23,414579.0124631339
605108.XSHG,2023-08-23,1957224.4392459062
600309.XSHG,2023-08-23,776455.0264550265
603059.XSHG,2023-08-23,771104.5319972672
300233.XSHE,2023-08-23,1615585.36841002
688696.XSHG,2023-08-23,318008.89784269285
688285.XSHG,2023-08-23,876827.9648395292
603737.XSHG,2023-08-23,1016959.3673302426
002387.XSHE,2023-08-23,3855513.454146073
300516.XSHE,2023-08-23,1171613.1700860357
002331.XSHE,2023-08-23,720695.2467822033
300711.XSHE,2023-08-23,1399870.2568783413
603215.XSHG,2023-08-23,675823.9359038558
688152.XSHG,2023-08-23,118038.57575078441
688556.XSHG,2023-08-23,1616121.8227381988
603810.XSHG,2023-08-23,781367.4923651171
600681.XSHG,2023-08-23,1494042.4475611271
000727.XSHE,2023-08-23,5898901.26895698
001230.XSHE,2023-08-23,391366.69427371665
002893.XSHE,2023-08-23,1162225.726299694
300063.XSHE,2023-08-23,788681.5561959654
300458.XSHE,2023-08-23,1255372.009177319
601038.XSHG,2023-08-23,5537328.591749645
600961.XSHG,2023-08-23,3504730.233578243
688310.XSHG,2023-08-23,793685.664939551
688531.XSHG,2023-08-23,173482.29461756375
002066.XSHE,2023-08-23,724270.9556233857
603895.XSHG,2023-08-23,765075.3592709429
600238.XSHG,2023-08-23,1107556.2700964632
000831.XSHE,2023-08-23,2347533.890972022
000695.XSHE,2023-08-23,826066.164428431
688216.XSHG,2023-08-23,430170.6171991298
002322.XSHE,2023-08-23,701747.0305985998
002861.XSHE,2023-08-23,803744.7643979058
002033.XSHE,2023-08-23,952387.5170428723
002687.XSHE,2023-08-23,605158.0727548837
688187.XSHG,2023-08-23,2059411.7647058824
601828.XSHG,2023-08-23,29757678.09010397
603636.XSHG,2023-08-23,1213661.198890363
603322.XSHG,2023-08-23,793632.5522198097
688571.XSHG,2023-08-23,1762023.828953811
600499.XSHG,2023-08-23,610920.722528851
300594.XSHE,2023-08-23,891034.4228094575
603076.XSHG,2023-08-23,844370.7957342083
300760.XSHE,2023-08-23,11608013.587835653
688029.XSHG,2023-08-23,1314517.8335535007
002198.XSHE,2023-08-23,998496.4539007093
300173.XSHE,2023-08-23,1379378.591954023
002334.XSHE,2023-08-23,588682.9627583667
300042.XSHE,2023-08-23,569635.8102059087
002665.XSHE,2023-08-23,1786281.546654318
603896.XSHG,2023-08-23,1485227.6490066224
600177.XSHG,2023-08-23,977087.0337477798
000069.XSHE,2023-08-23,1451318.9623675558
000565.XSHE,2023-08-23,562651.3785106932
002882.XSHE,2023-08-23,2190395.0338600455
603918.XSHG,2023-08-23,1032085.8606096202
000988.XSHE,2023-08-23,986217.163949554
600518.XSHG,2023-08-23,2827417.400881057
300237.XSHE,2023-08-23,839525.2784022585
000803.XSHE,2023-08-23,684589.4281914894
688115.XSHG,2023-08-23,347006.27811557666
688485.XSHG,2023-08-23,331576.389954478
000548.XSHE,2023-08-23,1346948.2758620689
600132.XSHG,2023-08-23,842120.6938675788
600734.XSHG,2023-08-23,2152378.947368421
002756.XSHE,2023-08-23,1340395.5995110567
300285.XSHE,2023-08-23,643867.2475653511
300274.XSHE,2023-08-23,1653543.6634717786
300442.XSHE,2023-08-23,1939592.5759712784
603301.XSHG,2023-08-23,1036667.8401689843
300772.XSHE,2023-08-23,3726875.5846585594
600381.XSHG,2023-08-23,5772223.956707254
603353.XSHG,2023-08-23,1281108.0786026202
688599.XSHG,2023-08-23,21081202.384037316
688609.XSHG,2023-08-23,3251096.8869573437
000429.XSHE,2023-08-23,2842098.5290277656
002128.XSHE,2023-08-23,6094074.74382158
000655.XSHE,2023-08-23,993496.7802001707
002895.XSHE,2023-08-23,4538450.432420842
002931.XSHE,2023-08-23,783690.13507982
603386.XSHG,2023-08-23,2165776.6298539364
002519.XSHE,2023-08-23,950027.2479564033
002437.XSHE,2023-08-23,1380528.1531531531
300219.XSHE,2023-08-23,1326482.2233350025
603173.XSHG,2023-08-23,398021.65576359123
002438.XSHE,2023-08-23,1117219.0024587284
300510.XSHE,2023-08-23,1321675.0678557581
000651.XSHE,2023-08-23,258302.52918287937
605006.XSHG,2023-08-23,2238757.844622376
002536.XSHE,2023-08-23,869982.9674851205
603829.XSHG,2023-08-23,1522970.6968158744
002201.XSHE,2023-08-23,881949.9228262735
002446.XSHE,2023-08-23,1696004.2794678574
000036.XSHE,2023-08-23,1554953.0102790014
000839.XSHE,2023-08-23,1571859.027205276
000790.XSHE,2023-08-23,488177.6738749269
603131.XSHG,2023-08-23,1093350.1290401868
300020.XSHE,2023-08-23,913043.6228590433
603079.XSHG,2023-08-23,831756.9218241042
002288.XSHE,2023-08-23,1073241.9168591225
601116.XSHG,2023-08-23,4449142.4210626725
603199.XSHG,2023-08-23,1055124.8008497078
002242.XSHE,2023-08-23,1387605.3400083438
002019.XSHE,2023-08-23,579266.1230541142
002200.XSHE,2023-08-23,1014603.1746031746
300121.XSHE,2023-08-23,607529.9520766772
600004.XSHG,2023-08-23,9018214.463840399
603602.XSHG,2023-08-23,786521.3938250769
000685.XSHE,2023-08-23,770580.5447470818
300567.XSHE,2023-08-23,666043.3680653338
603359.XSHG,2023-08-23,2158382.199449663
000089.XSHE,2023-08-23,2799203.559510567
002546.XSHE,2023-08-23,751914.6800501882
002838.XSHE,2023-08-23,772324.3243243244
600639.XSHG,2023-08-23,1156012.8304821153
688585.XSHG,2023-08-23,828965.1696718558
300778.XSHE,2023-08-23,892958.1051215528
300792.XSHE,2023-08-23,753361.0126582278
002962.XSHE,2023-08-23,1372858.1789411223
300498.XSHE,2023-08-23,26229181.380417336
601865.XSHG,2023-08-23,16620000.0
600009.XSHG,2023-08-23,6269769.639692852
603755.XSHG,2023-08-23,959462.8168541212
600289.XSHG,2023-08-23,768299.9622213828
300311.XSHE,2023-08-23,731361.5897480301
300739.XSHE,2023-08-23,1173841.3823659725
300393.XSHE,2023-08-23,1552117.7223288547
601020.XSHG,2023-08-23,5466186.885801423
603615.XSHG,2023-08-23,2119671.2556373132
300193.XSHE,2023-08-23,1508107.50028112
000905.XSHE,2023-08-23,2932774.7322256896
300018.XSHE,2023-08-23,607560.6983722834
300810.XSHE,2023-08-23,756234.1744521087
301355.XSHE,2023-08-23,462649.7090977907
000707.XSHE,2023-08-23,1446820.7847295864
600475.XSHG,2023-08-23,1922909.2092417832
601956.XSHG,2023-08-23,3099950.0159523557
002580.XSHE,2023-08-23,753707.580912501
002787.XSHE,2023-08-23,1079307.2206915382
002279.XSHE,2023-08-23,787120.0349020244
600509.XSHG,2023-08-23,1837700.0692452271
001236.XSHE,2023-08-23,3257024.12763282
601158.XSHG,2023-08-23,27744194.08579758
688681.XSHG,2023-08-23,659843.1824222556
603696.XSHG,2023-08-23,1016474.3138634764
688218.XSHG,2023-08-23,1156958.29660899
002836.XSHE,2023-08-23,696020.7665292411
603297.XSHG,2023-08-23,801899.3802406125
600658.XSHG,2023-08-23,1551445.0811843362
300529.XSHE,2023-08-23,2487127.696793003
000622.XSHE,2023-08-23,541612.5636815291
300685.XSHE,2023-08-23,801990.6008727761
301421.XSHE,2023-08-23,274376.71329928987
601021.XSHG,2023-08-23,4768648.2558139535
002225.XSHE,2023-08-23,4241929.547844375
300381.XSHE,2023-08-23,743526.0899028688
600243.XSHG,2023-08-23,2747829.285380663
600478.XSHG,2023-08-23,1625869.5652173914
601225.XSHG,2023-08-23,62570155.68862275
600855.XSHG,2023-08-23,2671177.992005643
301361.XSHE,2023-08-23,290181.2525361829
002637.XSHE,2023-08-23,867409.9926524614
605189.XSHG,2023-08-23,397287.6151484135
300643.XSHE,2023-08-23,2203964.926426124
603221.XSHG,2023-08-23,2340493.928946185
002971.XSHE,2023-08-23,1224653.1816266328
301129.XSHE,2023-08-23,196333.85389554052
603507.XSHG,2023-08-23,1372286.4045684165
600619.XSHG,2023-08-23,137219.05748316934
601238.XSHG,2023-08-23,41524823.37549062
603133.XSHG,2023-08-23,2068265.3766413268
605368.XSHG,2023-08-23,1530559.7911227155
002429.XSHE,2023-08-23,4966592.178770949
001330.XSHE,2023-08-23,2748977.344241661
000890.XSHE,2023-08-23,1135596.982420684
600686.XSHG,2023-08-23,537255.0445373568
000408.XSHE,2023-08-23,2418994.011976048
002303.XSHE,2023-08-23,963291.2306026706
600425.XSHG,2023-08-23,2190791.456893586
603005.XSHG,2023-08-23,2341323.9683933277
000678.XSHE,2023-08-23,1032378.57532203
601011.XSHG,2023-08-23,7271165.419276005
603110.XSHG,2023-08-23,958532.2780698127
003025.XSHE,2023-08-23,365119.4051194051
601226.XSHG,2023-08-23,7239541.34038442
603137.XSHG,2023-08-23,320102.61889796774
300682.XSHE,2023-08-23,6882438.0475594485
601113.XSHG,2023-08-23,5207112.970711296
605555.XSHG,2023-08-23,668536.3541094866
300876.XSHE,2023-08-23,274684.98909168306
688325.XSHG,2023-08-23,307796.0020502306
688380.XSHG,2023-08-23,1272455.319859696
301306.XSHE,2023-08-23,358449.19337942597
603938.XSHG,2023-08-23,1448784.2426986643
605305.XSHG,2023-08-23,750287.5714004334
300106.XSHE,2023-08-23,1380744.3565661558
300946.XSHE,2023-08-23,185854.22636103153
688362.XSHG,2023-08-23,478471.74900624645
603758.XSHG,2023-08-23,3625561.158100195
688338.XSHG,2023-08-23,480624.8386263878
300616.XSHE,2023-08-23,692495.2308279283
601965.XSHG,2023-08-23,5400590.318772137
603683.XSHG,2023-08-23,1237165.7509157509
601618.XSHG,2023-08-23,143653642.91129646
002189.XSHE,2023-08-23,2468685.1211072663
002776.XSHE,2023-08-23,1169074.4471112634
002083.XSHE,2023-08-23,3025115.0937191714
002623.XSHE,2023-08-23,1926052.2975374463
603319.XSHG,2023-08-23,798703.3241244095
300123.XSHE,2023-08-23,1627621.5726849458
603097.XSHG,2023-08-23,393232.1137609243
689009.XSHG,2023-08-23,5117056.210160324
603606.XSHG,2023-08-23,1687697.9542719615
002975.XSHE,2023-08-23,348901.7241379311
600015.XSHG,2023-08-23,23281399.74779319
002287.XSHE,2023-08-23,3315630.9448319594
300842.XSHE,2023-08-23,857739.1485375247
002714.XSHE,2023-08-23,1926954.365079365
301292.XSHE,2023-08-23,428868.46504682605
600860.XSHG,2023-08-23,2547299.215443378
601231.XSHG,2023-08-23,9271553.07724081
301208.XSHE,2023-08-23,232790.2205626584
301511.XSHE,2023-08-23,581527.7008064904
301148.XSHE,2023-08-23,366823.32077144756
688543.XSHG,2023-08-23,331607.2327734239
002214.XSHE,2023-08-23,933465.6595819427
002299.XSHE,2023-08-23,4870505.971087366
688199.XSHG,2023-08-23,1071073.0223123732
688275.XSHG,2023-08-23,193720.7729468599
603179.XSHG,2023-08-23,1891250.272747109
688231.XSHG,2023-08-23,1161446.1057799598
600231.XSHG,2023-08-23,3089715.011286682
002855.XSHE,2023-08-23,2411578.2522562183
002650.XSHE,2023-08-23,1399715.862964767
300560.XSHE,2023-08-23,624558.4879779475
001219.XSHE,2023-08-23,437515.6279598409
300783.XSHE,2023-08-23,2735430.897986881
003027.XSHE,2023-08-23,427054.77827839693
603689.XSHG,2023-08-23,3013850.9623293304
688186.XSHG,2023-08-23,2054141.9074752408
301095.XSHE,2023-08-23,740453.1595623841
688393.XSHG,2023-08-23,912184.159098747
688418.XSHG,2023-08-23,1320927.139170141
300579.XSHE,2023-08-23,756577.9777948122
003041.XSHE,2023-08-23,309003.69246999867
300319.XSHE,2023-08-23,1031896.020697302
000561.XSHE,2023-08-23,2349830.7863842067
688351.XSHG,2023-08-23,673639.5285700597
000930.XSHE,2023-08-23,2906763.311959855
002156.XSHE,2023-08-23,5371906.366766796
603836.XSHG,2023-08-23,794744.7866678301
301006.XSHE,2023-08-23,614676.5357267747
600378.XSHG,2023-08-23,2379061.3193838997
600859.XSHG,2023-08-23,2412465.5230407
603213.XSHG,2023-08-23,1452961.4505063705
688132.XSHG,2023-08-23,348493.4388002377
603999.XSHG,2023-08-23,2296863.3515742724
688005.XSHG,2023-08-23,2808772.6980038635
600318.XSHG,2023-08-23,1612013.483655317
301037.XSHE,2023-08-23,256133.293677349
688787.XSHG,2023-08-23,292063.1631820179
000683.XSHE,2023-08-23,4156523.7590675685
003023.XSHE,2023-08-23,376800.8982968263
300001.XSHE,2023-08-23,1476458.6658155122
301090.XSHE,2023-08-23,2193498.046668778
002264.XSHE,2023-08-23,1383351.5767526713
688335.XSHG,2023-08-23,480220.1857432807
002345.XSHE,2023-08-23,1140579.6595982143
300610.XSHE,2023-08-23,695711.9228118538
002856.XSHE,2023-08-23,887285.9224715827
300957.XSHE,2023-08-23,2144353.8346613543
688261.XSHG,2023-08-23,415365.08337544213
603027.XSHG,2023-08-23,1630963.2616487455
002321.XSHE,2023-08-23,9978481.36915078
600874.XSHG,2023-08-23,6793593.488372093
301023.XSHE,2023-08-23,153356.09217945577
000815.XSHE,2023-08-23,1949162.1230666519
300162.XSHE,2023-08-23,514187.2509960159
002358.XSHE,2023-08-23,1090063.3490532835
600828.XSHG,2023-08-23,1415451.6994633274
300920.XSHE,2023-08-23,471908.5444396737
300025.XSHE,2023-08-23,545097.0437357872
603230.XSHG,2023-08-23,879251.0444727631
300719.XSHE,2023-08-23,1138297.7084536876
600662.XSHG,2023-08-23,162732.20920262934
300639.XSHE,2023-08-23,894713.0481862479
000409.XSHE,2023-08-23,1926354.7063177018
600540.XSHG,2023-08-23,1686041.827688111
002671.XSHE,2023-08-23,1125926.4788206755
000961.XSHE,2023-08-23,6058568.363907009
600770.XSHG,2023-08-23,619555.8639833449
601015.XSHG,2023-08-23,8291836.268641224
600876.XSHG,2023-08-23,2681716.7296598367
603135.XSHG,2023-08-23,863848.6508946426
688298.XSHG,2023-08-23,1087455.9341950645
601099.XSHG,2023-08-23,23883358.00167682
002666.XSHE,2023-08-23,952228.3026934587
001289.XSHE,2023-08-23,1316502.9054410988
603039.XSHG,2023-08-23,697919.6428571428
301335.XSHE,2023-08-23,221760.93467660088
002808.XSHE,2023-08-23,753421.9091830745
600367.XSHG,2023-08-23,665580.960299314
000957.XSHE,2023-08-23,1158256.287525717
603169.XSHG,2023-08-23,8029384.970209495
002862.XSHE,2023-08-23,596196.166854566
688768.XSHG,2023-08-23,332821.7967599411
301220.XSHE,2023-08-23,417981.7073170732
300737.XSHE,2023-08-23,4924594.634110681
300440.XSHE,2023-08-23,1054761.6952632351
605011.XSHG,2023-08-23,1185391.7141849643
603869.XSHG,2023-08-23,3328336.3590153223
688798.XSHG,2023-08-23,957981.7614590833
300625.XSHE,2023-08-23,1268593.0735930738
001260.XSHE,2023-08-23,280677.8097819147
300665.XSHE,2023-08-23,660569.1164327003
300374.XSHE,2023-08-23,864932.3722361707
301279.XSHE,2023-08-23,282128.10663514887
600702.XSHG,2023-08-23,938007.5721722669
603162.XSHG,2023-08-23,409831.97104365483
605388.XSHG,2023-08-23,4156914.66083151
600375.XSHG,2023-08-23,1744833.8516942216
600269.XSHG,2023-08-23,1814302.7005239823
002490.XSHE,2023-08-23,2649688.5779992333
300887.XSHE,2023-08-23,306928.1552485669
600098.XSHG,2023-08-23,5987054.140127388
603613.XSHG,2023-08-23,1623366.7359929413
301101.XSHE,2023-08-23,468259.4845062265
002223.XSHE,2023-08-23,1006301.8464008564
688200.XSHG,2023-08-23,608860.6856309263
301291.XSHE,2023-08-23,678861.8601855033
603385.XSHG,2023-08-23,2510924.234282644
000426.XSHE,2023-08-23,870521.2377926816
605369.XSHG,2023-08-23,195057.83188948725
002166.XSHE,2023-08-23,638808.2762327018
000505.XSHE,2023-08-23,1941975.7937755424
002897.XSHE,2023-08-23,961080.6984426616
001979.XSHE,2023-08-23,59364461.05428797
300179.XSHE,2023-08-23,548773.3762316509
600905.XSHG,2023-08-23,132522702.6421854
600506.XSHG,2023-08-23,1113872.0079374923
300523.XSHE,2023-08-23,846747.2881852828
000564.XSHE,2023-08-23,16561318.087318087
600671.XSHG,2023-08-23,400663.7453874538
301216.XSHE,2023-08-23,1832642.979791309
300321.XSHE,2023-08-23,393787.08758604317
300478.XSHE,2023-08-23,642958.0604709488
002589.XSHE,2023-08-23,1219515.1299394802
002213.XSHE,2023-08-23,980734.6326836582
601012.XSHG,2023-08-23,3888349.045888233
688270.XSHG,2023-08-23,623138.4032383085
603811.XSHG,2023-08-23,768852.6056810557
002524.XSHE,2023-08-23,1116534.9094939046
300781.XSHE,2023-08-23,603596.7998457757
603517.XSHG,2023-08-23,4234695.630829652
603055.XSHG,2023-08-23,5888132.460531383
688258.XSHG,2023-08-23,861320.471596999
300177.XSHE,2023-08-23,492903.8790103145
002405.XSHE,2023-08-23,5740513.185305625
002938.XSHE,2023-08-23,20793037.123648055
600901.XSHG,2023-08-23,23050747.279322855
001228.XSHE,2023-08-23,541616.8157056224
605028.XSHG,2023-08-23,375134.588651586
603908.XSHG,2023-08-23,572948.3824928639
605303.XSHG,2023-08-23,665864.141224446
000040.XSHE,2023-08-23,2290271.015158475
603596.XSHG,2023-08-23,4034132.39945775
603598.XSHG,2023-08-23,1329995.0916230367
688518.XSHG,2023-08-23,3325475.5636004605
301357.XSHE,2023-08-23,159402.83551437105
301305.XSHE,2023-08-23,562932.7831113202
301165.XSHE,2023-08-23,605936.4287154669
688378.XSHG,2023-08-23,451010.8361636746
301252.XSHE,2023-08-23,200000.25661423182
300939.XSHE,2023-08-23,424132.9549780254
001336.XSHE,2023-08-23,284395.74243025255
688386.XSHG,2023-08-23,463084.98773142986
603000.XSHG,2023-08-23,2573298.8723101765
000928.XSHE,2023-08-23,5423768.807092961
002428.XSHE,2023-08-23,1217977.7477071118
600191.XSHG,2023-08-23,1899068.621963506
301110.XSHE,2023-08-23,227700.35934012086
600565.XSHG,2023-08-23,2026674.9824090067
600579.XSHG,2023-08-23,2645061.0948191592
603871.XSHG,2023-08-23,873874.1438356164
002955.XSHE,2023-08-23,1036921.6939672393
300824.XSHE,2023-08-23,2019775.561097257
300976.XSHE,2023-08-23,197506.86813186813
600011.XSHG,2023-08-23,21977838.997030683
000762.XSHE,2023-08-23,943162.2152162275
300605.XSHE,2023-08-23,567121.3065558634
601689.XSHG,2023-08-23,7038009.084027252
600726.XSHG,2023-08-23,5345123.720136519
600405.XSHG,2023-08-23,776612.5251172137
601858.XSHG,2023-08-23,7041059.905958027
688520.XSHG,2023-08-23,993562.4244517355
300661.XSHE,2023-08-23,595111.9514379541
301408.XSHE,2023-08-23,563461.0589435372
301393.XSHE,2023-08-23,233947.97991790765
301176.XSHE,2023-08-23,407916.59596130997
601890.XSHG,2023-08-23,3366036.0024829297
300747.XSHE,2023-08-23,1145430.1396014795
600167.XSHG,2023-08-23,5637393.790849674
600218.XSHG,2023-08-23,1962193.9106024615
300354.XSHE,2023-08-23,243730.49066612264
600039.XSHG,2023-08-23,5189025.769956003
600731.XSHG,2023-08-23,639768.7592867756
603496.XSHG,2023-08-23,1125648.5778984053
300204.XSHE,2023-08-23,598853.8300703288
002736.XSHE,2023-08-23,74479711.26474176
001234.XSHE,2023-08-23,255535.46410950323
001269.XSHE,2023-08-23,341511.5958034235
300628.XSHE,2023-08-23,397609.111181905
600064.XSHG,2023-08-23,609634.3311860553
600517.XSHG,2023-08-23,2628732.706142778
603086.XSHG,2023-08-23,738203.2949953373
000501.XSHE,2023-08-23,940982.4245155476
000042.XSHE,2023-08-23,499425.64559216384
300496.XSHE,2023-08-23,916575.3424657534
601177.XSHG,2023-08-23,3858911.8501775917
002259.XSHE,2023-08-23,2908940.3973509935
002420.XSHE,2023-08-23,3816317.951959545
600965.XSHG,2023-08-23,3765293.9464493594
601065.XSHG,2023-08-23,1542690.2538065934
603603.XSHG,2023-08-23,8064167.863203237
688021.XSHG,2023-08-23,757160.4458268534
300150.XSHE,2023-08-23,1065740.4165937335
600302.XSHG,2023-08-23,1148020.5742708568
301282.XSHE,2023-08-23,371208.134821873
688235.XSHG,2023-08-23,1104549.6200268215
688271.XSHG,2023-08-23,5884702.117756574
002878.XSHE,2023-08-23,613934.2153619992
002300.XSHE,2023-08-23,944699.8807473168
001367.XSHE,2023-08-23,166584.37969015262
002176.XSHE,2023-08-23,1317052.6878844611
300380.XSHE,2023-08-23,602826.7145943672
000620.XSHE,2023-08-23,5806148.71056421
300486.XSHE,2023-08-23,1718964.8287513438
603499.XSHG,2023-08-23,1006142.9653953019
002244.XSHE,2023-08-23,4081501.0640039286
003019.XSHE,2023-08-23,829012.6922138149
301017.XSHE,2023-08-23,1075992.2543481907
301029.XSHE,2023-08-23,2049934.7093513058
300581.XSHE,2023-08-23,467042.94271492446
002346.XSHE,2023-08-23,1722318.309859155
002484.XSHE,2023-08-23,1647076.4866979655
300351.XSHE,2023-08-23,575042.6343154246
002644.XSHE,2023-08-23,895496.9668688754
601390.XSHG,2023-08-23,154433302.4082116
301123.XSHE,2023-08-23,739665.9148576261
603992.XSHG,2023-08-23,3850908.599242834
601595.XSHG,2023-08-23,3558644.862219933
301200.XSHE,2023-08-23,397084.5106601593
300710.XSHE,2023-08-23,606548.1620606387
603533.XSHG,2023-08-23,4285957.1292904625
002605.XSHE,2023-08-23,706749.6470750266
603722.XSHG,2023-08-23,835155.138489481
002568.XSHE,2023-08-23,807558.0176673154
301509.XSHE,2023-08-23,203986.69764549963
300850.XSHE,2023-08-23,795571.8304394219
600128.XSHG,2023-08-23,791496.174863388
300552.XSHE,2023-08-23,664586.744124637
002162.XSHE,2023-08-23,4200244.557329464
300447.XSHE,2023-08-23,583227.4459974586
300430.XSHE,2023-08-23,659692.5858951175
300943.XSHE,2023-08-23,646163.3374864354
301353.XSHE,2023-08-23,190000.12022337504
002028.XSHE,2023-08-23,295369.7817334181
301499.XSHE,2023-08-23,327817.6622081914
688776.XSHG,2023-08-23,242376.71160547715
300470.XSHE,2023-08-23,517461.51092015754
688165.XSHG,2023-08-23,5217710.461080814
300910.XSHE,2023-08-23,879093.4882464199
600155.XSHG,2023-08-23,7780109.732824427
603261.XSHG,2023-08-23,254945.9332393042
301112.XSHE,2023-08-23,357098.5939570067
002058.XSHE,2023-08-23,600107.0648215587
002833.XSHE,2023-08-23,737061.6232464929
601058.XSHG,2023-08-23,5760034.331489605
688219.XSHG,2023-08-23,3159578.8392398558
301059.XSHE,2023-08-23,338599.5281325332
000518.XSHE,2023-08-23,1226804.525222552
002790.XSHE,2023-08-23,857234.2995169082
603665.XSHG,2023-08-23,1009900.3265165837
600160.XSHG,2023-08-23,2415294.3018159047
603387.XSHG,2023-08-23,1218881.292728403
688685.XSHG,2023-08-23,558277.1768733951
603555.XSHG,2023-08-23,14299368.482039398
002515.XSHE,2023-08-23,801816.3029603064
001282.XSHE,2023-08-23,278084.67423063156
300047.XSHE,2023-08-23,1029397.0306780385
002055.XSHE,2023-08-23,984668.6574020903
300997.XSHE,2023-08-23,871982.8286933551
000652.XSHE,2023-08-23,528926.8423883808
300927.XSHE,2023-08-23,469907.3482428115
600873.XSHG,2023-08-23,3455028.2182209087
600480.XSHG,2023-08-23,2809513.853904282
000586.XSHE,2023-08-23,498039.233493779
300168.XSHE,2023-08-23,1661233.6051045728
300641.XSHE,2023-08-23,2732164.1474784575
600577.XSHG,2023-08-23,800323.99114951
603113.XSHG,2023-08-23,7653417.391304349
600792.XSHG,2023-08-23,1465614.5419525702
300811.XSHE,2023-08-23,475901.0560146924
600990.XSHG,2023-08-23,559359.2090809228
301283.XSHE,2023-08-23,197652.00332000302
600827.XSHG,2023-08-23,1817232.4292796734
300859.XSHE,2023-08-23,1545378.7936123516
601555.XSHG,2023-08-23,37713538.556786135
688146.XSHG,2023-08-23,587735.9698174223
600705.XSHG,2023-08-23,833632.5828194465
688169.XSHG,2023-08-23,660615.1071929473
601069.XSHG,2023-08-23,6601482.136540502
688236.XSHG,2023-08-23,763198.3767008833
300992.XSHE,2023-08-23,432310.1816074189
300065.XSHE,2023-08-23,749967.5268444752
688072.XSHG,2023-08-23,686447.5061039414
002057.XSHE,2023-08-23,1261243.6575623448
600611.XSHG,2023-08-23,16843.144292893037
300900.XSHE,2023-08-23,1319091.3327120224
300994.XSHE,2023-08-23,608414.2411916961
300977.XSHE,2023-08-23,111176.23115674143
000753.XSHE,2023-08-23,896556.4232123718
600398.XSHG,2023-08-23,4235471.758664955
002979.XSHE,2023-08-23,1399923.7753615065
300217.XSHE,2023-08-23,942859.721505931
688501.XSHG,2023-08-23,619141.7085427135
300890.XSHE,2023-08-23,854591.0172516359
000958.XSHE,2023-08-23,11556787.62641285
301223.XSHE,2023-08-23,477373.82271034765
688337.XSHG,2023-08-23,377209.026128266
000034.XSHE,2023-08-23,1729088.9277389278
300147.XSHE,2023-08-23,1247742.5341656825
000668.XSHE,2023-08-23,385373.27404633746
300167.XSHE,2023-08-23,450406.5413418921
301138.XSHE,2023-08-23,289681.0929101069
300680.XSHE,2023-08-23,669503.2846226036
688656.XSHG,2023-08-23,176057.98090040928
300215.XSHE,2023-08-23,371932.11488250655
603291.XSHG,2023-08-23,421389.5775686589
600604.XSHG,2023-08-23,266629.8051606108
300596.XSHE,2023-08-23,1376131.1255314387
600337.XSHG,2023-08-23,1068406.7745803357
600956.XSHG,2023-08-23,20439004.52488688
600259.XSHG,2023-08-23,3134973.6346516004
002916.XSHE,2023-08-23,2876424.268502582
600110.XSHG,2023-08-23,976903.4643830283
000728.XSHE,2023-08-23,14846902.030008826
600599.XSHG,2023-08-23,752701.6773162939
301009.XSHE,2023-08-23,966316.163410302
000055.XSHE,2023-08-23,670620.6668867613
600900.XSHG,2023-08-23,64695606.469002694
300286.XSHE,2023-08-23,251826.04470359575
601878.XSHG,2023-08-23,36141853.939321265
603963.XSHG,2023-08-23,984396.2273026626
000544.XSHE,2023-08-23,2440095.8844765346
603856.XSHG,2023-08-23,1777353.668590272
603890.XSHG,2023-08-23,1485648.596321394
301062.XSHE,2023-08-23,2370411.359121187
002626.XSHE,2023-08-23,750471.1458042932
002898.XSHE,2023-08-23,898995.5577492596
600119.XSHG,2023-08-23,1043778.5988347307
002730.XSHE,2023-08-23,1477251.3089005237
600125.XSHG,2023-08-23,750124.4419112757
601568.XSHG,2023-08-23,20473141.897861816
688025.XSHG,2023-08-23,932276.0070052539
002092.XSHE,2023-08-23,7364086.021505376
300052.XSHE,2023-08-23,972601.6431430378
300255.XSHE,2023-08-23,1173307.3566084788
301356.XSHE,2023-08-23,291384.2085057373
688185.XSHG,2023-08-23,1141827.3241954707
688439.XSHG,2023-08-23,446296.76334594365
002297.XSHE,2023-08-23,1902053.8783093358
301248.XSHE,2023-08-23,651409.3657966322
300730.XSHE,2023-08-23,753783.8685283213
301448.XSHE,2023-08-23,200000.0284123196
301070.XSHE,2023-08-23,344171.8821553961
000532.XSHE,2023-08-23,704452.4158125914
002940.XSHE,2023-08-23,819480.9582309582
300962.XSHE,2023-08-23,1161739.911370228
002899.XSHE,2023-08-23,1178217.842541147
300952.XSHE,2023-08-23,439335.93568474374
603929.XSHG,2023-08-23,1969838.2516360045
688469.XSHG,2023-08-23,10405967.188358044
601360.XSHG,2023-08-23,34803993.55456842
002606.XSHE,2023-08-23,994811.5235774688
600235.XSHG,2023-08-23,1585007.4701195217
002700.XSHE,2023-08-23,696876.5813888108
601328.XSHG,2023-08-23,163762222.2222222
600936.XSHG,2023-08-23,16285013.259785723
603227.XSHG,2023-08-23,3077117.5978238126
000539.XSHE,2023-08-23,1347952.8196190712
688336.XSHG,2023-08-23,927397.8819969743
300982.XSHE,2023-08-23,643239.8510823284
000838.XSHE,2023-08-23,803767.7621111538
002620.XSHE,2023-08-23,773442.7651139742
300410.XSHE,2023-08-23,749534.5622119816
601330.XSHG,2023-08-23,9235824.317362186
688097.XSHG,2023-08-23,929068.7349265512
002459.XSHE,2023-08-23,12595523.318872016
002550.XSHE,2023-08-23,897803.8834951456
600088.XSHG,2023-08-23,1101514.06116845
688468.XSHG,2023-08-23,2630882.4082784574
300538.XSHE,2023-08-23,404174.03925905447
688385.XSHG,2023-08-23,3149085.2150980714
002695.XSHE,2023-08-23,1094481.409001957
688390.XSHG,2023-08-23,569961.7783142225
600682.XSHG,2023-08-23,854221.0904733373
000837.XSHE,2023-08-23,1714772.7005064187
301010.XSHE,2023-08-23,500018.16014982125
688181.XSHG,2023-08-23,941187.9367414492
002038.XSHE,2023-08-23,382887.48800877074
000960.XSHE,2023-08-23,4764214.417744917
002772.XSHE,2023-08-23,1726194.4125526214
603321.XSHG,2023-08-23,2871494.450523683
002807.XSHE,2023-08-23,14666504.667207792
688408.XSHG,2023-08-23,726855.5843195267
000975.XSHE,2023-08-23,2332921.4814814813
300151.XSHE,2023-08-23,383137.61467889906
300690.XSHE,2023-08-23,403187.6925255816
688226.XSHG,2023-08-23,828166.6192373364
688515.XSHG,2023-08-23,193476.93275234714
002973.XSHE,2023-08-23,1999223.6877523554
301004.XSHE,2023-08-23,237148.0544947879
600916.XSHG,2023-08-23,7765828.919112383
688331.XSHG,2023-08-23,1603157.6923076923
603363.XSHG,2023-08-23,5544825.639739087
002825.XSHE,2023-08-23,846319.7586726999
002067.XSHE,2023-08-23,3829007.759616972
300479.XSHE,2023-08-23,972489.3756129454
600220.XSHG,2023-08-23,2045117.3020527859
601686.XSHG,2023-08-23,5294107.545873811
603290.XSHG,2023-08-23,1688561.058424072
000590.XSHE,2023-08-23,464447.0294107434
600346.XSHG,2023-08-23,6586543.00168634
600021.XSHG,2023-08-23,11677753.739930956
600993.XSHG,2023-08-23,349246.59702437476
301002.XSHE,2023-08-23,428307.01471694064
000151.XSHE,2023-08-23,963090.8521303257
300871.XSHE,2023-08-23,529617.8512396695
002403.XSHE,2023-08-23,2091598.831141724
300320.XSHE,2023-08-23,572775.7070817803
600150.XSHG,2023-08-23,13500605.247465713
600973.XSHG,2023-08-23,1554119.7042366108
300301.XSHE,2023-08-23,1418158.9231437256
002527.XSHE,2023-08-23,1879256.2795175412
688188.XSHG,2023-08-23,1023219.8044780827
300592.XSHE,2023-08-23,1563610.6905948087
002911.XSHE,2023-08-23,4672559.000462749
300565.XSHE,2023-08-23,1427540.2298850573
601369.XSHG,2023-08-23,7325137.6794539895
002795.XSHE,2023-08-23,883159.1886908421
603150.XSHG,2023-08-23,494472.5085910653
603160.XSHG,2023-08-23,4457332.601536772
688607.XSHG,2023-08-23,652687.129164765
603659.XSHG,2023-08-23,4793263.888888889
688655.XSHG,2023-08-23,698341.5953132042
301133.XSHE,2023-08-23,304966.7113827197
300112.XSHE,2023-08-23,569253.8906180525
300027.XSHE,2023-08-23,1525792.7981926324
301301.XSHE,2023-08-23,2207255.263229198
300812.XSHE,2023-08-23,489254.5950563532
688156.XSHG,2023-08-23,695380.4860355458
605500.XSHG,2023-08-23,485069.70375902415
300709.XSHE,2023-08-23,775856.234508029
301117.XSHE,2023-08-23,425088.0814263853
301207.XSHE,2023-08-23,930236.9077306733
300893.XSHE,2023-08-23,245789.3820713664
301331.XSHE,2023-08-23,168951.52514537115
300546.XSHE,2023-08-23,390128.38481807476
000060.XSHE,2023-08-23,929987.1349543291
688557.XSHG,2023-08-23,427901.5084294588
688106.XSHG,2023-08-23,4705359.177435042
300420.XSHE,2023-08-23,1090260.2342107897
002268.XSHE,2023-08-23,984903.9005087621
300822.XSHE,2023-08-23,952078.4850558977
600881.XSHG,2023-08-23,618897.6377952757
301041.XSHE,2023-08-23,611405.7316298439
000100.XSHE,2023-08-23,49525098.039215684
600819.XSHG,2023-08-23,2155999.2925362573
300653.XSHE,2023-08-23,750584.1197526846
601717.XSHG,2023-08-23,5835493.879273956
300208.XSHE,2023-08-23,667419.3548387097
603136.XSHG,2023-08-23,828525.4237288137
002434.XSHE,2023-08-23,1841733.6330429895
300271.XSHE,2023-08-23,938964.7363312844
688272.XSHG,2023-08-23,257470.17259353644
605599.XSHG,2023-08-23,5462102.995486254
600468.XSHG,2023-08-23,875130.5258581508
000598.XSHE,2023-08-23,997557.5060532687
001316.XSHE,2023-08-23,279398.79032258067
002981.XSHE,2023-08-23,839455.1239559858
300511.XSHE,2023-08-23,1360695.095095095
600186.XSHG,2023-08-23,3291329.4286661507
600351.XSHG,2023-08-23,1018082.1781190785
600748.XSHG,2023-08-23,2723915.9001314063
688307.XSHG,2023-08-23,189368.34883366365
600735.XSHG,2023-08-23,753823.7159162967
000862.XSHE,2023-08-23,1798943.389592124
002318.XSHE,2023-08-23,1556379.234491861
002602.XSHE,2023-08-23,7142096.491228071
301079.XSHE,2023-08-23,445362.48893281445
301227.XSHE,2023-08-23,215323.55001659231
605008.XSHG,2023-08-23,4543345.259391771
301127.XSHE,2023-08-23,2451145.6280468833
600647.XSHG,2023-08-23,101085.40338535942
300017.XSHE,2023-08-23,954433.0335009563
600755.XSHG,2023-08-23,787788.1619937696
002826.XSHE,2023-08-23,1684037.3999447972
600060.XSHG,2023-08-23,2089112.338858195
002302.XSHE,2023-08-23,2954207.336027355
002337.XSHE,2023-08-23,1121792.2784121805
002588.XSHE,2023-08-23,1046426.6235733764
002367.XSHE,2023-08-23,603271.5487832613
300253.XSHE,2023-08-23,523060.85205462214
603773.XSHG,2023-08-23,900291.4233674399
300604.XSHE,2023-08-23,650070.0320980449
300303.XSHE,2023-08-23,765580.4580752973
601101.XSHG,2023-08-23,3335161.127577726
688316.XSHG,2023-08-23,359308.1898117869
301181.XSHE,2023-08-23,289505.12988924875
300967.XSHE,2023-08-23,1028952.4543514346
300394.XSHE,2023-08-23,723264.7042457293
603077.XSHG,2023-08-23,6217572.87705957
000155.XSHE,2023-08-23,8250291.53298926
002466.XSHE,2023-08-23,1819403.0357951971
601127.XSHG,2023-08-23,14504472.693032015
600103.XSHG,2023-08-23,4232531.05273875
601179.XSHG,2023-08-23,44625052.03405866
688223.XSHG,2023-08-23,19612205.246267617
300742.XSHE,2023-08-23,624744.9379431008
600408.XSHG,2023-08-23,2384783.19027979
688366.XSHG,2023-08-23,1355127.4749118523
600268.XSHG,2023-08-23,936176.0440835267
002462.XSHE,2023-08-23,1622080.7061790668
603323.XSHG,2023-08-23,9034899.066637725
300035.XSHE,2023-08-23,739917.3721639011
002360.XSHE,2023-08-23,460270.0329308452
002293.XSHE,2023-08-23,982735.576923077
688061.XSHG,2023-08-23,183152.67785771383
300644.XSHE,2023-08-23,470869.7494250091
002571.XSHE,2023-08-23,741281.7103109657
600982.XSHG,2023-08-23,2481551.618814905
001238.XSHE,2023-08-23,273785.930547554
600585.XSHG,2023-08-23,7081724.55330255
600843.XSHG,2023-08-23,1642941.7169860855
603073.XSHG,2023-08-23,285480.0955719196
000711.XSHE,2023-08-23,971610.6116803923
603042.XSHG,2023-08-23,1581673.422329217
300961.XSHE,2023-08-23,1225459.8286811402
600236.XSHG,2023-08-23,10147336.024217963
002792.XSHE,2023-08-23,1027687.4755793333
688525.XSHG,2023-08-23,387296.34788928594
688116.XSHG,2023-08-23,2312588.8921539816
300932.XSHE,2023-08-23,627700.3816793893
300847.XSHE,2023-08-23,1945042.281931263
301396.XSHE,2023-08-23,226823.0573514804
300207.XSHE,2023-08-23,2489139.81042654
002414.XSHE,2023-08-23,2363336.1134278565
600563.XSHG,2023-08-23,774128.2959464778
601872.XSHG,2023-08-23,50557727.717923604
688213.XSHG,2023-08-23,2056188.472095151
600061.XSHG,2023-08-23,6742554.487179487
301081.XSHE,2023-08-23,664185.3019990989
001205.XSHE,2023-08-23,824673.0227796263
002556.XSHE,2023-08-23,1619138.1456129432
300892.XSHE,2023-08-23,312607.95970046177
300076.XSHE,2023-08-23,509525.1996222203
300456.XSHE,2023-08-23,1012121.7784345256
688028.XSHG,2023-08-23,899950.6877757593
600998.XSHG,2023-08-23,16486778.27126751
688244.XSHG,2023-08-23,99200.24219794637
688663.XSHG,2023-08-23,833317.8560613707
600605.XSHG,2023-08-23,40612.0422591151
600688.XSHG,2023-08-23,17906377.254662182
603103.XSHG,2023-08-23,4405235.920852358
688081.XSHG,2023-08-23,725419.9436838528
601216.XSHG,2023-08-23,5181357.078449054
002370.XSHE,2023-08-23,1521170.5511714688
600133.XSHG,2023-08-23,1975391.214824983
601236.XSHG,2023-08-23,40849040.0
000970.XSHE,2023-08-23,677326.0179035518
688512.XSHG,2023-08-23,484657.6623984097
003040.XSHE,2023-08-23,2133838.7660069847
300856.XSHE,2023-08-23,1056768.170704601
688700.XSHG,2023-08-23,976950.4010010808
000629.XSHE,2023-08-23,10995191.394244203
600438.XSHG,2023-08-23,3700752.4995614802
603317.XSHG,2023-08-23,4218227.582590456
600352.XSHG,2023-08-23,1631928.6125503744
002072.XSHE,2023-08-23,2327132.8504338134
601108.XSHG,2023-08-23,40435653.806439504
301158.XSHE,2023-08-23,765413.9121612776
600997.XSHG,2023-08-23,3285111.747851003
603229.XSHG,2023-08-23,1769397.0931275794
301003.XSHE,2023-08-23,375640.0449943757
688221.XSHG,2023-08-23,2057187.9205921937
603699.XSHG,2023-08-23,5819657.461092463
002818.XSHE,2023-08-23,1308429.1244788566
601136.XSHG,2023-08-23,2711185.0092872884
002231.XSHE,2023-08-23,951948.906928252
600601.XSHG,2023-08-23,7852.4070337273
000572.XSHE,2023-08-23,3529302.9963146932
001207.XSHE,2023-08-23,622332.807462789
002149.XSHE,2023-08-23,1495219.2632753947
688162.XSHG,2023-08-23,475588.90404729417
301387.XSHE,2023-08-23,165427.33208669262
600390.XSHG,2023-08-23,7013521.7316612275
000869.XSHE,2023-08-23,936377.5280898876
002805.XSHE,2023-08-23,1015553.2600109376
600963.XSHG,2023-08-23,3803557.6310762046
601106.XSHG,2023-08-23,68106673.78157239
601628.XSHG,2023-08-23,159877386.17200676
002173.XSHE,2023-08-23,1391525.0948376833
300396.XSHE,2023-08-23,500290.8917501192
600644.XSHG,2023-08-23,464107.3919107392
300296.XSHE,2023-08-23,1072832.3600137408
002005.XSHE,2023-08-23,1739193.0729550482
600742.XSHG,2023-08-23,331780.4255319149
000733.XSHE,2023-08-23,2313605.9964151867
600536.XSHG,2023-08-23,930301.1059062153
603928.XSHG,2023-08-23,1733120.879120879
688251.XSHG,2023-08-23,346771.30239002424
600537.XSHG,2023-08-23,2653605.982852494
600571.XSHG,2023-08-23,392722.64013588935
688568.XSHG,2023-08-23,2430668.985270049
002424.XSHE,2023-08-23,1110121.4231927712
600523.XSHG,2023-08-23,1917397.494305239
300483.XSHE,2023-08-23,1443398.541164339
002616.XSHE,2023-08-23,1014311.264088547
688191.XSHG,2023-08-23,713697.5102192493
688260.XSHG,2023-08-23,677462.3371719841
688037.XSHG,2023-08-23,921960.9120521173
300091.XSHE,2023-08-23,878129.1504465309
300210.XSHE,2023-08-23,808635.974670546
300227.XSHE,2023-08-23,735754.0328548172
000823.XSHE,2023-08-23,1754058.0122280675
600156.XSHG,2023-08-23,2119851.6526416237
300736.XSHE,2023-08-23,520083.31650171685
600176.XSHG,2023-08-23,2161533.9116719244
603324.XSHG,2023-08-23,433697.49064189655
600416.XSHG,2023-08-23,3259290.745290745
603676.XSHG,2023-08-23,4060956.685795142
000968.XSHE,2023-08-23,5036634.2205323195
003042.XSHE,2023-08-23,516995.40067220945
600193.XSHG,2023-08-23,634903.981264637
600715.XSHG,2023-08-23,4772977.925417917
688327.XSHG,2023-08-23,5365939.800849794
000428.XSHE,2023-08-23,772402.5595182083
688651.XSHG,2023-08-23,157762.6904433467
300556.XSHE,2023-08-23,985711.1410601977
601008.XSHG,2023-08-23,7293312.662826112
600866.XSHG,2023-08-23,506556.27009646303
601059.XSHG,2023-08-23,3237195.2286100234
600707.XSHG,2023-08-23,15753897.300855825
688084.XSHG,2023-08-23,182297.23480995098
600635.XSHG,2023-08-23,145925.9988191301
002100.XSHE,2023-08-23,1092793.1560592852
300689.XSHE,2023-08-23,575881.9749384171
000550.XSHE,2023-08-23,1476455.4386661372
002410.XSHE,2023-08-23,733274.3231810491
603628.XSHG,2023-08-23,2677350.571725572
688319.XSHG,2023-08-23,2882340.292088522
002796.XSHE,2023-08-23,1000824.827207397
301486.XSHE,2023-08-23,305122.98691220453
688121.XSHG,2023-08-23,1382436.942772232
300507.XSHE,2023-08-23,442428.52579460153
301297.XSHE,2023-08-23,749621.0262475067
301097.XSHE,2023-08-23,180678.39079393068
688078.XSHG,2023-08-23,700238.1607929515
603903.XSHG,2023-08-23,972240.615773935
002186.XSHE,2023-08-23,1294393.7560503387
603966.XSHG,2023-08-23,1495715.6791026578
601002.XSHG,2023-08-23,8523088.524590164
300782.XSHE,2023-08-23,806154.0978243089
600422.XSHG,2023-08-23,711763.0190410644
600459.XSHG,2023-08-23,1276505.7712486885
002290.XSHE,2023-08-23,923543.321299639
300662.XSHE,2023-08-23,1921650.0994035783
000504.XSHE,2023-08-23,895803.8585209004
300789.XSHE,2023-08-23,308762.0595105108
301203.XSHE,2023-08-23,163904.17665183157
300630.XSHE,2023-08-23,914586.5642100361
000789.XSHE,2023-08-23,1164320.241691843
301102.XSHE,2023-08-23,484373.3666185591
603680.XSHG,2023-08-23,3990265.1515151514
002073.XSHE,2023-08-23,1012054.4893762851
600724.XSHG,2023-08-23,803804.2406311637
002382.XSHE,2023-08-23,1432162.6054358012
300637.XSHE,2023-08-23,1180578.4204671858
603488.XSHG,2023-08-23,1796836.7634620806
001337.XSHE,2023-08-23,596588.6073749696
300965.XSHE,2023-08-23,162683.74884147657
301151.XSHE,2023-08-23,530875.146439343
002351.XSHE,2023-08-23,681950.9735474363
600363.XSHG,2023-08-23,1372338.517238542
688031.XSHG,2023-08-23,281259.3431483579
002761.XSHE,2023-08-23,3488469.1969914353
603130.XSHG,2023-08-23,346883.7418054196
000973.XSHE,2023-08-23,2449950.602647698
301230.XSHE,2023-08-23,171821.4740138984
300582.XSHE,2023-08-23,943600.4098360656
603158.XSHG,2023-08-23,1165506.9878085044
300673.XSHE,2023-08-23,589701.1594360677
603897.XSHG,2023-08-23,1855870.3535811424
600588.XSHG,2023-08-23,606794.154789825
600675.XSHG,2023-08-23,875199.6328591097
600250.XSHG,2023-08-23,1048051.7054356997
603216.XSHG,2023-08-23,530976.3331517463
603277.XSHG,2023-08-23,3505118.230358505
000571.XSHE,2023-08-23,692408.0560420316
300940.XSHE,2023-08-23,470739.177451425
301365.XSHE,2023-08-23,292482.6989619377
300531.XSHE,2023-08-23,887929.3691518261
603029.XSHG,2023-08-23,896634.2786778004
300246.XSHE,2023-08-23,354494.2477725054
603151.XSHG,2023-08-23,408414.1116242836
002283.XSHE,2023-08-23,2321828.708925483
301260.XSHE,2023-08-23,1212193.813467311
002614.XSHE,2023-08-23,827506.2560153995
603608.XSHG,2023-08-23,2631929.0187891442
300657.XSHE,2023-08-23,1289359.1271660402
600613.XSHG,2023-08-23,166959.84282330473
688718.XSHG,2023-08-23,566211.03117506
603331.XSHG,2023-08-23,1328347.290640394
601229.XSHG,2023-08-23,42752362.98932384
603726.XSHG,2023-08-23,795762.8262826282
002819.XSHE,2023-08-23,1769683.1059811125
300858.XSHE,2023-08-23,678551.5746525564
600968.XSHG,2023-08-23,94208357.82195333
605080.XSHG,2023-08-23,331978.9521848547
301376.XSHE,2023-08-23,334556.11439480155
000056.XSHE,2023-08-23,1917489.4692502106
002685.XSHE,2023-08-23,2808497.880072683
600886.XSHG,2023-08-23,1350005.5157198014
002015.XSHE,2023-08-23,1879248.8626464042
603997.XSHG,2023-08-23,6670375.849660136
300476.XSHE,2023-08-23,1752618.6771904528
002355.XSHE,2023-08-23,2955355.4175293306
002989.XSHE,2023-08-23,1247425.8230592061
600355.XSHG,2023-08-23,846094.9349311861
603019.XSHG,2023-08-23,3603744.4020874198
600868.XSHG,2023-08-23,526411.5386961029
688183.XSHG,2023-08-23,2917791.842475387
000619.XSHE,2023-08-23,385741.8205377389
300054.XSHE,2023-08-23,566031.2917382179
300344.XSHE,2023-08-23,1346484.7038130534
688680.XSHG,2023-08-23,517691.99746499973
600741.XSHG,2023-08-23,596685.9567901235
600778.XSHG,2023-08-23,743402.8876582278
300161.XSHE,2023-08-23,1089491.2069742973
300515.XSHE,2023-08-23,846403.6560343219
300316.XSHE,2023-08-23,1320465.965213657
002178.XSHE,2023-08-23,1089254.2810807838
002879.XSHE,2023-08-23,888862.4531698535
002240.XSHE,2023-08-23,5146355.384615384
300116.XSHE,2023-08-23,4546769.292443375
603922.XSHG,2023-08-23,1249979.31925894
300818.XSHE,2023-08-23,405590.252444185
600995.XSHG,2023-08-23,1229837.4523138166
000980.XSHE,2023-08-23,20559161.0743761
688662.XSHG,2023-08-23,526928.6048532656
000636.XSHE,2023-08-23,591832.7605956472
600201.XSHG,2023-08-23,706499.2686494393
600299.XSHG,2023-08-23,8510494.791666668
002309.XSHE,2023-08-23,2300505.0505050505
002849.XSHE,2023-08-23,874778.0841412434
600129.XSHG,2023-08-23,1830073.394495413
600787.XSHG,2023-08-23,667425.1218945902
000966.XSHE,2023-08-23,3313101.334786162
603558.XSHG,2023-08-23,855334.1622629779
002507.XSHE,2023-08-23,1534198.8304093569
600368.XSHG,2023-08-23,2990260.5266863825
688138.XSHG,2023-08-23,2624745.2547452548
688347.XSHG,2023-08-23,1039735.7973607694
002598.XSHE,2023-08-23,1147316.1178006674
600219.XSHG,2023-08-23,15794404.699738903
600732.XSHG,2023-08-23,2305405.631213969
300304.XSHE,2023-08-23,1005262.6892252894
600056.XSHG,2023-08-23,1076302.134942798
600651.XSHG,2023-08-23,2207.020702070207
002533.XSHE,2023-08-23,1184138.706185996
300980.XSHE,2023-08-23,336547.4152687436
605136.XSHG,2023-08-23,1925757.7171811454
688122.XSHG,2023-08-23,4466348.6029272005
600066.XSHG,2023-08-23,414035.9094457455
301150.XSHE,2023-08-23,335779.9145299145
300397.XSHE,2023-08-23,1109653.6028846723
301027.XSHE,2023-08-23,996324.2967745067
301319.XSHE,2023-08-23,144794.9978832188
601162.XSHG,2023-08-23,76184423.32930863
002109.XSHE,2023-08-23,2677823.930564166
300352.XSHE,2023-08-23,622805.049088359
300500.XSHE,2023-08-23,603146.6981828926
300715.XSHE,2023-08-23,716842.7628056398
600985.XSHG,2023-08-23,5552201.659221442
002872.XSHE,2023-08-23,1411748.9851150205
603585.XSHG,2023-08-23,849218.3854409707
000726.XSHE,2023-08-23,688245.5600041064
688661.XSHG,2023-08-23,352449.7943382531
603300.XSHG,2023-08-23,3187971.785383904
300049.XSHE,2023-08-23,633991.8484775833
300236.XSHE,2023-08-23,1087814.1213625085
688777.XSHG,2023-08-23,3631480.3045349224
301333.XSHE,2023-08-23,353528.47259180417
000736.XSHE,2023-08-23,1525951.5759200964
002407.XSHE,2023-08-23,1190056.064785975
600211.XSHG,2023-08-23,1063461.1383563678
002693.XSHE,2023-08-23,1171182.117497719
600595.XSHG,2023-08-23,4950697.934809654
603690.XSHG,2023-08-23,3155725.416707762
603190.XSHG,2023-08-23,297030.1040875113
300720.XSHE,2023-08-23,593026.8199233717
600637.XSHG,2023-08-23,6165485.69810252
600867.XSHG,2023-08-23,534566.1320010518
301372.XSHE,2023-08-23,162579.24044628968
003043.XSHE,2023-08-23,286382.2972119462
301255.XSHE,2023-08-23,165824.1477374382
600615.XSHG,2023-08-23,23485.235144002916
300886.XSHE,2023-08-23,252862.68186878573
002669.XSHE,2023-08-23,1352935.2917365409
002540.XSHE,2023-08-23,991646.3819429078
002905.XSHE,2023-08-23,1501406.5691773938
600227.XSHG,2023-08-23,2220288.1355932206
002762.XSHE,2023-08-23,360084.7816871556
603100.XSHG,2023-08-23,3338563.3680555555
688533.XSHG,2023-08-23,397516.76164934627
000004.XSHE,2023-08-23,169605.76270922174
001338.XSHE,2023-08-23,1250336.318051576
000983.XSHE,2023-08-23,3871807.516155342
300298.XSHE,2023-08-23,719763.1734754293
002003.XSHE,2023-08-23,357171.74302533915
600600.XSHG,2023-08-23,3993028.340080972
300280.XSHE,2023-08-23,1570379.8911803993
300743.XSHE,2023-08-23,432629.70760233916
600190.XSHG,2023-08-23,6529415.653864852
002917.XSHE,2023-08-23,1050456.6335905916
600552.XSHG,2023-08-23,1068232.6007326008
300923.XSHE,2023-08-23,307190.1916965198
600279.XSHG,2023-08-23,4771300.549983825
000681.XSHE,2023-08-23,1325116.147820394
300718.XSHE,2023-08-23,575421.3847350678
300136.XSHE,2023-08-23,624530.7245490676
002483.XSHE,2023-08-23,2745485.0238257316
000903.XSHE,2023-08-23,1590089.522324908
300114.XSHE,2023-08-23,988801.1094017464
603129.XSHG,2023-08-23,1421048.0233483682
688590.XSHG,2023-08-23,1208864.5484334156
603196.XSHG,2023-08-23,2132252.3575064675
000756.XSHE,2023-08-23,2128417.19976258
002469.XSHE,2023-08-23,668956.2674802949
002612.XSHE,2023-08-23,1138671.075999755
603345.XSHG,2023-08-23,2805802.3106546854
300553.XSHE,2023-08-23,402075.2427184466
002609.XSHE,2023-08-23,818603.4567901235
600097.XSHG,2023-08-23,1551452.273138924
002779.XSHE,2023-08-23,781682.4966078697
300745.XSHE,2023-08-23,1009240.8868846298
000982.XSHE,2023-08-23,2519878.8311869884
002783.XSHE,2023-08-23,795751.3494689186
002204.XSHE,2023-08-23,3960175.8852117565
002978.XSHE,2023-08-23,2747325.7187869237
000710.XSHE,2023-08-23,888400.4292672188
000893.XSHE,2023-08-23,3981310.301898537
002721.XSHE,2023-08-23,3152931.116389549
000538.XSHE,2023-08-23,625355.3299492386
002512.XSHE,2023-08-23,1513789.6311640486
000070.XSHE,2023-08-23,2549633.2302253647
601952.XSHG,2023-08-23,9333494.19124218
688593.XSHG,2023-08-23,683739.7637646704
688391.XSHG,2023-08-23,128305.83432556558
001268.XSHE,2023-08-23,347113.68909512763
603667.XSHG,2023-08-23,2273891.5269327792
301067.XSHE,2023-08-23,243380.77192982455
300327.XSHE,2023-08-23,1100404.5545880776
300158.XSHE,2023-08-23,1737900.403768506
600529.XSHG,2023-08-23,806046.2962962963
002211.XSHE,2023-08-23,2838327.913563411
001266.XSHE,2023-08-23,206731.44511060574
600598.XSHG,2023-08-23,6505342.305441779
301381.XSHE,2023-08-23,314109.27497394674
300638.XSHE,2023-08-23,580409.3031773646
002860.XSHE,2023-08-23,606814.7822261329
600287.XSHG,2023-08-23,838034.776520014
688141.XSHG,2023-08-23,523077.93170286756
000014.XSHE,2023-08-23,216716.7862002168
002572.XSHE,2023-08-23,317157.07267917873
601636.XSHG,2023-08-23,7201478.293767143
000665.XSHE,2023-08-23,1898494.7341381968
300724.XSHE,2023-08-23,2696389.8506816705
603225.XSHG,2023-08-23,7388843.349753696
688055.XSHG,2023-08-23,33095986.193293884
601077.XSHG,2023-08-23,69631723.01991662
300972.XSHE,2023-08-23,736151.7356554933
300636.XSHE,2023-08-23,745771.8909043455
300514.XSHE,2023-08-23,743015.6359393232
301309.XSHE,2023-08-23,244607.9837180258
600371.XSHG,2023-08-23,717474.1798298906
603006.XSHG,2023-08-23,829285.194351434
600703.XSHG,2023-08-23,2342099.774520857
603275.XSHG,2023-08-23,364468.0004169944
000059.XSHE,2023-08-23,8723209.934395501
603588.XSHG,2023-08-23,2344043.2840948123
002988.XSHE,2023-08-23,2260646.47562135
002012.XSHE,2023-08-23,888790.5232135339
600869.XSHG,2023-08-23,2076281.5437902028
301049.XSHE,2023-08-23,253927.22591393575
300322.XSHE,2023-08-23,997371.3235294117
002045.XSHE,2023-08-23,809161.2063549053
600365.XSHG,2023-08-23,1556026.3036692084
600426.XSHG,2023-08-23,1696660.8513607814
000520.XSHE,2023-08-23,1401948.7363756138
002269.XSHE,2023-08-23,5572184.107327142
300148.XSHE,2023-08-23,1317650.9330406147
601997.XSHG,2023-08-23,19602867.122473247
688190.XSHG,2023-08-23,543982.0664357041
002670.XSHE,2023-08-23,6961211.413684623
002274.XSHE,2023-08-23,2659691.483936767
002901.XSHE,2023-08-23,3306863.3435062733
600667.XSHG,2023-08-23,3754637.8378378376
000592.XSHE,2023-08-23,2915466.343110361
300441.XSHE,2023-08-23,910957.9392231837
300607.XSHE,2023-08-23,531450.1983282779
002383.XSHE,2023-08-23,1276729.3233082707
002347.XSHE,2023-08-23,1253833.3972392639
300338.XSHE,2023-08-23,688014.7322113663
300674.XSHE,2023-08-23,4213564.494436973
601888.XSHG,2023-08-23,8801322.000330087
001314.XSHE,2023-08-23,346901.4730034247
300240.XSHE,2023-08-23,1000255.0495369156
603708.XSHG,2023-08-23,3252860.0230414746
301235.XSHE,2023-08-23,496184.4406205845
601928.XSHG,2023-08-23,17342335.184737988
002139.XSHE,2023-08-23,616385.3013530136
002167.XSHE,2023-08-23,872755.2267610164
601991.XSHG,2023-08-23,45339869.61245925
603518.XSHG,2023-08-23,2394062.248765361
002708.XSHE,2023-08-23,1260291.9094187822
300707.XSHE,2023-08-23,607403.0554507733
603617.XSHG,2023-08-23,1324674.7542355156
300491.XSHE,2023-08-23,846293.1309056163
002085.XSHE,2023-08-23,2657680.986475736
002014.XSHE,2023-08-23,475200.2027369488
300099.XSHE,2023-08-23,388869.81402002857
000062.XSHE,2023-08-23,1347849.829351536
300819.XSHE,2023-08-23,864862.94945284
301277.XSHE,2023-08-23,328732.73316399346
002868.XSHE,2023-08-23,1105675.0902527077
600180.XSHG,2023-08-23,3608805.4330160203
601319.XSHG,2023-08-23,317064829.01554406
300862.XSHE,2023-08-23,845840.2782334798
603316.XSHG,2023-08-23,1972271.0068130204
603637.XSHG,2023-08-23,938116.5724227926
688126.XSHG,2023-08-23,27201585.06516379
002491.XSHE,2023-08-23,2797311.103228095
600469.XSHG,2023-08-23,2059653.286794648
603919.XSHG,2023-08-23,2779928.4180386546
688511.XSHG,2023-08-23,401536.19909502263
301201.XSHE,2023-08-23,517840.1125253643
300181.XSHE,2023-08-23,778629.691343331
300590.XSHE,2023-08-23,607096.6383014575
300075.XSHE,2023-08-23,603263.3905547778
301488.XSHE,2023-08-23,198946.26638866312
301141.XSHE,2023-08-23,201684.84184949895
603729.XSHG,2023-08-23,662921.5568261611
000779.XSHE,2023-08-23,1507898.0530169723
300675.XSHE,2023-08-23,1422697.3828898175
603568.XSHG,2023-08-23,4596370.37037037
603369.XSHG,2023-08-23,4505741.029641185
600210.XSHG,2023-08-23,1671606.0606060605
600764.XSHG,2023-08-23,839816.4383561644
603069.XSHG,2023-08-23,3093511.458556436
688048.XSHG,2023-08-23,603576.7093254474
300159.XSHE,2023-08-23,810429.7012120837
300522.XSHE,2023-08-23,424419.23551171395
300213.XSHE,2023-08-23,854096.8252572333
605155.XSHG,2023-08-23,321742.4589413073
300360.XSHE,2023-08-23,638110.4033970276
002815.XSHE,2023-08-23,1905403.2180364197
301290.XSHE,2023-08-23,235861.72738565074
600165.XSHG,2023-08-23,1377410.4912572857
300883.XSHE,2023-08-23,2357248.8674768102
688550.XSHG,2023-08-23,492216.5991902834
301367.XSHE,2023-08-23,158475.90361445784
002513.XSHE,2023-08-23,1055007.3276177915
300171.XSHE,2023-08-23,625149.5087569414
601860.XSHG,2023-08-23,30579560.611323375
600388.XSHG,2023-08-23,1195348.4091506705
002237.XSHE,2023-08-23,1091588.7521968365
603899.XSHG,2023-08-23,4206844.311377245
603982.XSHG,2023-08-23,2397338.1926758583
300916.XSHE,2023-08-23,122115.7894736842
300435.XSHE,2023-08-23,1089360.3291118818
603511.XSHG,2023-08-23,503698.2562795182
300896.XSHE,2023-08-23,483997.6338361432
688356.XSHG,2023-08-23,357306.9260517989
600769.XSHG,2023-08-23,686987.5052943667
688610.XSHG,2023-08-23,135201.60567721588
003017.XSHE,2023-08-23,407627.2938743861
002130.XSHE,2023-08-23,599149.0347490348
605277.XSHG,2023-08-23,540858.2632065912
002683.XSHE,2023-08-23,2373125.2659951765
000045.XSHE,2023-08-23,1537254.4418370768
605588.XSHG,2023-08-23,229534.83196082796
300097.XSHE,2023-08-23,739572.4513754022
603605.XSHG,2023-08-23,1944225.5573364417
300622.XSHE,2023-08-23,527350.6377265607
300125.XSHE,2023-08-23,575920.9585121602
002372.XSHE,2023-08-23,1636198.5079468049
002578.XSHE,2023-08-23,1655053.423626787
600782.XSHG,2023-08-23,2355515.2537607197
001283.XSHE,2023-08-23,198712.20400728597
001223.XSHE,2023-08-23,166799.99391431353
002567.XSHE,2023-08-23,2568222.535516755
002747.XSHE,2023-08-23,1271462.5182181103
300279.XSHE,2023-08-23,746487.8250103178
600182.XSHG,2023-08-23,1431112.5982934583
601022.XSHG,2023-08-23,1290116.41474886
601198.XSHG,2023-08-23,28934351.203361772
002236.XSHE,2023-08-23,441254.74928467564
600825.XSHG,2023-08-23,827070.5380302903
300769.XSHE,2023-08-23,470652.4125975152
002624.XSHE,2023-08-23,5251524.701873936
688339.XSHG,2023-08-23,580898.5921689398
301280.XSHE,2023-08-23,153072.30700844567
002087.XSHE,2023-08-23,3448708.98695206
600257.XSHG,2023-08-23,735854.1473305863
002378.XSHE,2023-08-23,4265245.77917227
605166.XSHG,2023-08-23,3003130.7189542484
300446.XSHE,2023-08-23,569865.325509919
601827.XSHG,2023-08-23,15547926.605504585
000788.XSHE,2023-08-23,1582370.4839809134
300540.XSHE,2023-08-23,721245.4245973646
603200.XSHG,2023-08-23,713862.2754491018
000895.XSHE,2023-08-23,1400669.3306693307
688212.XSHG,2023-08-23,911889.7304168212
300990.XSHE,2023-08-23,126137.48219142598
002633.XSHE,2023-08-23,981109.0590082187
002317.XSHE,2023-08-23,650185.2965097775
300587.XSHE,2023-08-23,1082740.5589929593
000899.XSHE,2023-08-23,2523558.0790158506
000016.XSHE,2023-08-23,655513.7795275591
603535.XSHG,2023-08-23,1459373.5264398789
301286.XSHE,2023-08-23,395818.38796124514
600251.XSHG,2023-08-23,885052.2338297399
002180.XSHE,2023-08-23,2638146.886496798
300777.XSHE,2023-08-23,3989987.2029250455
688192.XSHG,2023-08-23,1183299.225663717
300989.XSHE,2023-08-23,148977.5376490216
000498.XSHE,2023-08-23,4918276.097339095
600872.XSHG,2023-08-23,663619.645660462
688067.XSHG,2023-08-23,402140.5820977485
688311.XSHG,2023-08-23,1136287.7719207068
600331.XSHG,2023-08-23,2263066.918714556
688618.XSHG,2023-08-23,166755.86854460093
300966.XSHE,2023-08-23,588027.9984499128
300258.XSHE,2023-08-23,1024549.8188801117
603986.XSHG,2023-08-23,1178724.9491722335
688398.XSHG,2023-08-23,772745.1399273659
601068.XSHG,2023-08-23,25454730.556364696
600301.XSHG,2023-08-23,905897.3167615286
300437.XSHE,2023-08-23,606343.7754035536
301293.XSHE,2023-08-23,341242.9198013187
600801.XSHG,2023-08-23,1206051.8962075848
000623.XSHE,2023-08-23,510263.4336177219
605088.XSHG,2023-08-23,1516533.959915441
605167.XSHG,2023-08-23,2194883.2289727535
301218.XSHE,2023-08-23,371596.2997689098
688573.XSHG,2023-08-23,195223.39910312084
301382.XSHE,2023-08-23,361866.739862512
301329.XSHE,2023-08-23,407829.2640990371
603882.XSHG,2023-08-23,4415589.318600369
600854.XSHG,2023-08-23,806508.705176986
605060.XSHG,2023-08-23,774399.1917377638
002126.XSHE,2023-08-23,1335674.1878483077
000735.XSHE,2023-08-23,1897751.4792899408
603187.XSHG,2023-08-23,940444.4444444444
300648.XSHE,2023-08-23,487075.5728912725
002112.XSHE,2023-08-23,780098.6476306632
603500.XSHG,2023-08-23,1147384.9087442115
301182.XSHE,2023-08-23,353607.2944029097
688488.XSHG,2023-08-23,4189805.750658472
000157.XSHE,2023-08-23,848862.5440563922
002802.XSHE,2023-08-23,895937.1594624047
000759.XSHE,2023-08-23,898302.536231884
300245.XSHE,2023-08-23,760578.6159145471
300095.XSHE,2023-08-23,805294.8793407887
000766.XSHE,2023-08-23,2878377.990150094
002059.XSHE,2023-08-23,4428251.675041876
002357.XSHE,2023-08-23,710135.361897304
002692.XSHE,2023-08-23,1727173.7704918033
600980.XSHG,2023-08-23,864271.0814673654
603663.XSHG,2023-08-23,1471462.7706389718
002106.XSHE,2023-08-23,1878935.3464963222
002948.XSHE,2023-08-23,23648622.916666668
300484.XSHE,2023-08-23,373165.98860862484
300761.XSHE,2023-08-23,3118700.126376603
300879.XSHE,2023-08-23,544929.7161082018
002165.XSHE,2023-08-23,936170.00863475
002558.XSHE,2023-08-23,4628396.667641041
301069.XSHE,2023-08-23,1386658.8208921766
688210.XSHG,2023-08-23,519421.54406741064
601028.XSHG,2023-08-23,3267599.4897959186
603089.XSHG,2023-08-23,1021843.906047716
300504.XSHE,2023-08-23,2031596.183836345
600569.XSHG,2023-08-23,10262051.855163164
300547.XSHE,2023-08-23,423987.0265261207
688613.XSHG,2023-08-23,1037365.6747261831
001914.XSHE,2023-08-23,1073327.1923360354
600711.XSHG,2023-08-23,3109700.6548175868
000557.XSHE,2023-08-23,1773895.8097395243
688509.XSHG,2023-08-23,3819874.7553816047
301096.XSHE,2023-08-23,672107.8606255203
300687.XSHE,2023-08-23,711547.0582802254
000785.XSHE,2023-08-23,8407221.57547536
301398.XSHE,2023-08-23,192063.2596470314
688068.XSHG,2023-08-23,591755.8774139378
002480.XSHE,2023-08-23,1867360.4843561975
601599.XSHG,2023-08-23,2736117.679218205
300190.XSHE,2023-08-23,664481.6739970678
300848.XSHE,2023-08-23,394071.4046262152
301349.XSHE,2023-08-23,167844.16178798222
688229.XSHG,2023-08-23,438548.46777151624
000037.XSHE,2023-08-23,576352.4894183357
300434.XSHE,2023-08-23,899561.9470301737
000697.XSHE,2023-08-23,1524931.0259884223
600960.XSHG,2023-08-23,2140860.392286138
601163.XSHG,2023-08-23,6974083.291010666
001215.XSHE,2023-08-23,449766.47157675144
002806.XSHE,2023-08-23,862040.3833491843
601138.XSHG,2023-08-23,175457339.09287256
688099.XSHG,2023-08-23,4152667.789946644
688202.XSHG,2023-08-23,555688.5047012436
000925.XSHE,2023-08-23,1569841.06191599
603915.XSHG,2023-08-23,4462784.108407761
001360.XSHE,2023-08-23,499755.60606463574
600712.XSHG,2023-08-23,846487.9032258064
300169.XSHE,2023-08-23,977441.0439629791
603095.XSHG,2023-08-23,1216483.5164835164
300578.XSHE,2023-08-23,1053093.5325419568
002062.XSHE,2023-08-23,971984.3422076543
603309.XSHG,2023-08-23,1030554.8695151067
001201.XSHE,2023-08-23,534720.9035848748
603172.XSHG,2023-08-23,327096.3124341007
300107.XSHE,2023-08-23,342785.2348993289
603259.XSHG,2023-08-23,10593324.501246884
300111.XSHE,2023-08-23,4996587.105224858
600917.XSHG,2023-08-23,13783719.972546328
300007.XSHE,2023-08-23,670667.4252919059
300595.XSHE,2023-08-23,534601.8322762508
300611.XSHE,2023-08-23,707494.3944312439
002717.XSHE,2023-08-23,1083069.874239009
000630.XSHE,2023-08-23,3410286.966919091
300618.XSHE,2023-08-23,1177884.9407783418
600971.XSHG,2023-08-23,1032557.176412412
603393.XSHG,2023-08-23,1357927.6839757883
300030.XSHE,2023-08-23,649732.9284435101
600510.XSHG,2023-08-23,1597186.854783207
688622.XSHG,2023-08-23,382705.68140225305
300152.XSHE,2023-08-23,1032862.0011472589
002199.XSHE,2023-08-23,923543.1315383295
300669.XSHE,2023-08-23,869939.8336577596
000032.XSHE,2023-08-23,1533320.5967976712
300509.XSHE,2023-08-23,585745.3692469465
301229.XSHE,2023-08-23,331743.8143833638
600863.XSHG,2023-08-23,3122394.3135054247
600814.XSHG,2023-08-23,1090663.8746703893
300101.XSHE,2023-08-23,687274.4566509726
002090.XSHE,2023-08-23,687690.7523044901
601377.XSHG,2023-08-23,32785042.96645085
000809.XSHE,2023-08-23,2851805.7702215356
688173.XSHG,2023-08-23,1939013.3354500714
688357.XSHG,2023-08-23,567509.1557440247
601777.XSHG,2023-08-23,19234370.172005355
688257.XSHG,2023-08-23,655354.0175019889
688375.XSHG,2023-08-23,1674817.9535467671
603206.XSHG,2023-08-23,851304.4205895714
000012.XSHE,2023-08-23,570477.9161947905
002160.XSHE,2023-08-23,3621396.0227840515
300257.XSHE,2023-08-23,1476180.1509217692
002663.XSHE,2023-08-23,1801130.1534036433
300527.XSHE,2023-08-23,4805559.916878319
002056.XSHE,2023-08-23,1742402.502329296
600630.XSHG,2023-08-23,1389930.742593305
301295.XSHE,2023-08-23,170705.58240961828
301007.XSHE,2023-08-23,1215470.5288698976
605178.XSHG,2023-08-23,441898.463250717
688163.XSHG,2023-08-23,401705.93779453344
300187.XSHE,2023-08-23,667635.8087487284
300591.XSHE,2023-08-23,2349939.2283073827
688627.XSHG,2023-08-23,199620.81822756067
601528.XSHG,2023-08-23,5830687.490107107
300176.XSHE,2023-08-23,848872.3026899202
002922.XSHE,2023-08-23,1524503.8886101355
002867.XSHE,2023-08-23,3984789.8832684825
688090.XSHG,2023-08-23,660809.6245787287
000430.XSHE,2023-08-23,718823.829700342
002202.XSHE,2023-08-23,4149806.6150973593
603717.XSHG,2023-08-23,2050538.4448776261
300388.XSHE,2023-08-23,1168759.1119946984
300205.XSHE,2023-08-23,747714.2223700255
000563.XSHE,2023-08-23,2871727.565824826
300593.XSHE,2023-08-23,1070170.0078616352
600217.XSHG,2023-08-23,3064517.161140198
301237.XSHE,2023-08-23,356958.93136279663
301061.XSHE,2023-08-23,189772.4970783015
002332.XSHE,2023-08-23,3642341.1785524683
002890.XSHE,2023-08-23,616648.3248589538
600159.XSHG,2023-08-23,1592218.7045492982
002788.XSHE,2023-08-23,1210108.6819952254
300530.XSHE,2023-08-23,657945.5164585698
603269.XSHG,2023-08-23,941568.0964444833
002093.XSHE,2023-08-23,822923.2836550208
000715.XSHE,2023-08-23,798531.4571688548
002344.XSHE,2023-08-23,2856695.9732723758
002722.XSHE,2023-08-23,1631516.6097485253
688682.XSHG,2023-08-23,218222.29606246884
600958.XSHG,2023-08-23,62704151.70278638
688562.XSHG,2023-08-23,657955.3770221247
601615.XSHG,2023-08-23,20142776.891522333
002141.XSHE,2023-08-23,1406952.8415961307
301317.XSHE,2023-08-23,388134.8691325979
002277.XSHE,2023-08-23,2191672.824991602
002534.XSHE,2023-08-23,3187039.181625169
600645.XSHG,2023-08-23,223782.6659146456
688280.XSHG,2023-08-23,4552567.434210527
002430.XSHE,2023-08-23,4177932.7183939232
000952.XSHE,2023-08-23,1339037.5996015936
300485.XSHE,2023-08-23,634474.3935309972
000061.XSHE,2023-08-23,748585.1528384279
600197.XSHG,2023-08-23,1167428.404441847
002263.XSHE,2023-08-23,4155896.6716343765
002475.XSHE,2023-08-23,2088672.518810462
603389.XSHG,2023-08-23,2141509.2948980425
688016.XSHG,2023-08-23,698721.9193020719
002456.XSHE,2023-08-23,1583845.1851851852
605162.XSHG,2023-08-23,960665.3992395437
301122.XSHE,2023-08-23,334399.7175141243
002517.XSHE,2023-08-23,3055245.585653805
002181.XSHE,2023-08-23,5024001.724881414
300143.XSHE,2023-08-23,1510708.4045362745
002505.XSHE,2023-08-23,4189646.60408614
002265.XSHE,2023-08-23,3176069.856178456
603619.XSHG,2023-08-23,3853019.3206212902
002956.XSHE,2023-08-23,746937.9552876162
002412.XSHE,2023-08-23,640403.8428838634
688239.XSHG,2023-08-23,1027388.62475788
301022.XSHE,2023-08-23,320444.3836116434
300951.XSHE,2023-08-23,357450.8446413736
300993.XSHE,2023-08-23,415858.4298584298
003031.XSHE,2023-08-23,352618.2254916679
300508.XSHE,2023-08-23,298697.08322183567
000998.XSHE,2023-08-23,1168704.073482428
301268.XSHE,2023-08-23,1692523.0272528727
603609.XSHG,2023-08-23,5587434.82538121
600966.XSHG,2023-08-23,1827173.244490005
002384.XSHE,2023-08-23,1866786.4850785148
002996.XSHE,2023-08-23,1235721.336370539
000821.XSHE,2023-08-23,2330596.2770302226
001313.XSHE,2023-08-23,2159112.6691668024
600584.XSHG,2023-08-23,3672983.4529505577
002104.XSHE,2023-08-23,874409.7606820394
301246.XSHE,2023-08-23,442393.80687861954
603786.XSHG,2023-08-23,3896103.5758323055
688410.XSHG,2023-08-23,347419.3419421901
300284.XSHE,2023-08-23,2236297.606503086
601918.XSHG,2023-08-23,16206701.267350633
603212.XSHG,2023-08-23,4311028.148652096
600718.XSHG,2023-08-23,692582.1648906338
300795.XSHE,2023-08-23,552700.3779486511
603268.XSHG,2023-08-23,872770.9872397581
002267.XSHE,2023-08-23,3810140.110785272
002958.XSHE,2023-08-23,43379570.55214724
603661.XSHG,2023-08-23,936866.9181034483
000757.XSHE,2023-08-23,1066041.4471373374
603388.XSHG,2023-08-23,1128415.5799880677
603165.XSHG,2023-08-23,1188145.0948062653
688433.XSHG,2023-08-23,345571.44348189124
300281.XSHE,2023-08-23,634137.5859912445
603700.XSHG,2023-08-23,1390007.544322897
600820.XSHG,2023-08-23,970461.3166746756
300695.XSHE,2023-08-23,653879.7423049392
301058.XSHE,2023-08-23,1987285.2364299835
002122.XSHE,2023-08-23,2337222.576937811
600321.XSHG,2023-08-23,1935101.2891344384
301157.XSHE,2023-08-23,141726.74667327135
600857.XSHG,2023-08-23,388294.78111259796
002869.XSHE,2023-08-23,930292.97021532
000159.XSHE,2023-08-23,1489921.1993080915
002766.XSHE,2023-08-23,4176020.029074463
300816.XSHE,2023-08-23,468963.32124143495
300087.XSHE,2023-08-23,518011.0636157908
603712.XSHG,2023-08-23,7592276.898734177
301231.XSHE,2023-08-23,210196.51118955415
002508.XSHE,2023-08-23,1325293.083235639
300226.XSHE,2023-08-23,386791.659125705
002495.XSHE,2023-08-23,733020.8024654774
603127.XSHG,2023-08-23,815962.8378378379
688062.XSHG,2023-08-23,2013043.2862190811
300252.XSHE,2023-08-23,1071536.071463249
000514.XSHE,2023-08-23,1611829.9142916244
600067.XSHG,2023-08-23,621843.4486670448
688450.XSHG,2023-08-23,147949.259112694
300763.XSHE,2023-08-23,710934.3936381709
688265.XSHG,2023-08-23,485372.0238095238
002125.XSHE,2023-08-23,1499479.4323979593
601811.XSHG,2023-08-23,6454830.426356589
600419.XSHG,2023-08-23,967399.918577826
603238.XSHG,2023-08-23,1156033.9673048789
300128.XSHE,2023-08-23,1096830.2421432252
300741.XSHE,2023-08-23,4568085.106382978
600719.XSHG,2023-08-23,735879.9673277106
603656.XSHG,2023-08-23,739339.3987341771
002577.XSHE,2023-08-23,1204655.0874599656
301191.XSHE,2023-08-23,166203.91644358254
600188.XSHG,2023-08-23,6988510.062573989
002222.XSHE,2023-08-23,1580092.395167022
688220.XSHG,2023-08-23,2237853.677469435
603368.XSHG,2023-08-23,1217259.6720608722
300225.XSHE,2023-08-23,600560.1389491968
300283.XSHE,2023-08-23,490707.5758893625
301469.XSHE,2023-08-23,207698.9146091835
601766.XSHG,2023-08-23,177708959.0747331
603633.XSHG,2023-08-23,1534533.4745264149
301192.XSHE,2023-08-23,473727.8865054269
300541.XSHE,2023-08-23,973717.7660749444
300649.XSHE,2023-08-23,511450.1461887331
603809.XSHG,2023-08-23,965155.2053486151
000553.XSHE,2023-08-23,5115730.145175064
601607.XSHG,2023-08-23,14989504.92670031
002725.XSHE,2023-08-23,731684.2174978475
301085.XSHE,2023-08-23,313880.28252111323
603176.XSHG,2023-08-23,1490730.7847082496
603739.XSHG,2023-08-23,1731510.5529391242
603011.XSHG,2023-08-23,2354463.01369863
002238.XSHE,2023-08-23,2412863.4932394885
603979.XSHG,2023-08-23,3694871.19710922
603156.XSHG,2023-08-23,3791147.4435196198
300528.XSHE,2023-08-23,3069266.74738361
300295.XSHE,2023-08-23,432593.4976777421
600343.XSHG,2023-08-23,2081033.7124289195
600048.XSHG,2023-08-23,4861938.337801608
002187.XSHE,2023-08-23,2071610.838171803
002992.XSHE,2023-08-23,592933.5346231775
600789.XSHG,2023-08-23,3117890.764647468
000752.XSHE,2023-08-23,522080.2476629841
300406.XSHE,2023-08-23,992732.1269652921
688114.XSHG,2023-08-23,348449.5852319196
002991.XSHE,2023-08-23,471679.7748755322
002039.XSHE,2023-08-23,1157999.1166077738
002226.XSHE,2023-08-23,1357992.9851909587
603983.XSHG,2023-08-23,3899521.6680294354
688399.XSHG,2023-08-23,521117.36334405147
603868.XSHG,2023-08-23,3578180.291153415
000948.XSHE,2023-08-23,1492276.8974860238
601118.XSHG,2023-08-23,41193943.85484423
688701.XSHG,2023-08-23,667136.7558464557
002913.XSHE,2023-08-23,1240745.3857075248
600810.XSHG,2023-08-23,1451155.7958769854
002272.XSHE,2023-08-23,969921.6982773622
601606.XSHG,2023-08-23,7130512.630239883
603061.XSHG,2023-08-23,149657.86470222037
002937.XSHE,2023-08-23,1720395.5471340597
000533.XSHE,2023-08-23,3033155.5929352394
300291.XSHE,2023-08-23,1015300.6974601921
688569.XSHG,2023-08-23,1272680.701754386
301188.XSHE,2023-08-23,1473463.6453717726
300918.XSHE,2023-08-23,1048242.085837316
603949.XSHG,2023-08-23,1401531.604993814
000338.XSHE,2023-08-23,2431750.8917954816
600561.XSHG,2023-08-23,1014451.97879423
002316.XSHE,2023-08-23,945353.1840778803
002313.XSHE,2023-08-23,1390242.0948616602
002929.XSHE,2023-08-23,1670703.5045669496
600698.XSHG,2023-08-23,1370785.135512713
600283.XSHG,2023-08-23,2094937.1517429051
301020.XSHE,2023-08-23,714982.11159321
600391.XSHG,2023-08-23,1403255.087393397
688059.XSHG,2023-08-23,245520.0506924957
002047.XSHE,2023-08-23,4112137.1720546326
002835.XSHE,2023-08-23,611141.5290815248
603021.XSHG,2023-08-23,1200553.2525510204
002310.XSHE,2023-08-23,559598.8644876395
002791.XSHE,2023-08-23,1057607.0832560726
000801.XSHE,2023-08-23,688816.8604651163
000897.XSHE,2023-08-23,2694536.918102494
601588.XSHG,2023-08-23,20815190.880884934
600293.XSHG,2023-08-23,3490289.8397976393
002179.XSHE,2023-08-23,1412122.734613314
002004.XSHE,2023-08-23,837648.5568760611
000877.XSHE,2023-08-23,2344977.104614301
600460.XSHG,2023-08-23,945546.9010793368
600319.XSHG,2023-08-23,2144011.1885366575
002634.XSHE,2023-08-23,542643.6071649166
300988.XSHE,2023-08-23,270344.12265758094
300072.XSHE,2023-08-23,1139513.0748422001
300438.XSHE,2023-08-23,785778.3674500885
300583.XSHE,2023-08-23,1032434.9043805524
300701.XSHE,2023-08-23,677092.3284502698
301166.XSHE,2023-08-23,401758.0724673404
688472.XSHG,2023-08-23,4224173.723159044
002741.XSHE,2023-08-23,1100740.6955460648
002884.XSHE,2023-08-23,509705.3267850397
300681.XSHE,2023-08-23,596391.2149258117
688096.XSHG,2023-08-23,1019824.2157902712
688148.XSHG,2023-08-23,3849033.259867762
002253.XSHE,2023-08-23,540058.4506462502
601668.XSHG,2023-08-23,191284007.06535453
002123.XSHE,2023-08-23,934292.6671741286
688479.XSHG,2023-08-23,334950.21972838097
002608.XSHE,2023-08-23,13873216.180371353
002995.XSHE,2023-08-23,400544.1742614708
688552.XSHG,2023-08-23,761188.2475299012
002455.XSHE,2023-08-23,786233.6098474712
688510.XSHG,2023-08-23,1650798.8241308795
300658.XSHE,2023-08-23,790788.738448313
601975.XSHG,2023-08-23,48528156.109709345
600935.XSHG,2023-08-23,18082576.14213198
600369.XSHG,2023-08-23,12597291.109128755
002443.XSHE,2023-08-23,1263662.82879341
688085.XSHG,2023-08-23,2021237.1010319174
688203.XSHG,2023-08-23,727699.5696961795
601969.XSHG,2023-08-23,19815849.665095508
688253.XSHG,2023-08-23,654292.9463381708
600456.XSHG,2023-08-23,1734868.0425265792
002415.XSHE,2023-08-23,4071179.8319327733
002734.XSHE,2023-08-23,950427.0462633452
600444.XSHG,2023-08-23,692897.8656352957
600104.XSHG,2023-08-23,10933296.529968455
002521.XSHE,2023-08-23,1130912.6126126125
000917.XSHE,2023-08-23,1781181.3038793104
002129.XSHE,2023-08-23,7600641.746609328
300118.XSHE,2023-08-23,2670739.2825896763
002352.XSHE,2023-08-23,13755082.92682927
688150.XSHG,2023-08-23,1492192.2351192178
002493.XSHE,2023-08-23,6182202.150537634
300135.XSHE,2023-08-23,573684.3107387662
000011.XSHE,2023-08-23,1187976.6241651487
600657.XSHG,2023-08-23,1685904.5294277188
600277.XSHG,2023-08-23,6429497.979153371
300857.XSHE,2023-08-23,2050184.0781511993
300915.XSHE,2023-08-23,160613.15046389672
301121.XSHE,2023-08-23,295029.46758565574
603861.XSHG,2023-08-23,4028097.851654383
600689.XSHG,2023-08-23,605650.7652885908
300050.XSHE,2023-08-23,614009.1937765206
600189.XSHG,2023-08-23,2595915.1268576593
000856.XSHE,2023-08-23,1167092.5666953528
002296.XSHE,2023-08-23,672933.8752196836
301339.XSHE,2023-08-23,595929.9182131487
600248.XSHG,2023-08-23,3614986.975558388
601156.XSHG,2023-08-23,7578403.712770297
002390.XSHE,2023-08-23,1735747.8281286687
002902.XSHE,2023-08-23,987734.6308788024
301487.XSHE,2023-08-23,544588.9195503349
600395.XSHG,2023-08-23,3419457.528957529
300248.XSHE,2023-08-23,386982.6484018265
600805.XSHG,2023-08-23,695808.6876155267
688350.XSHG,2023-08-23,592539.7678417885
600246.XSHG,2023-08-23,1649176.2336354482
600706.XSHG,2023-08-23,860858.7073494967
000416.XSHE,2023-08-23,529088.6541846695
688332.XSHG,2023-08-23,333084.0223034032
301170.XSHE,2023-08-23,237094.5785045245
600797.XSHG,2023-08-23,810225.4379284083
600848.XSHG,2023-08-23,8285091.633466136
002694.XSHE,2023-08-23,1311301.943198804
600817.XSHG,2023-08-23,409573.002754821
301202.XSHE,2023-08-23,323101.55556108936
001332.XSHE,2023-08-23,189975.3103837472
301075.XSHE,2023-08-23,268008.9623992063
301380.XSHE,2023-08-23,168680.79421458513
002212.XSHE,2023-08-23,3567985.570222186
300292.XSHE,2023-08-23,1187210.6885919836
002752.XSHE,2023-08-23,4814667.8966789665
600340.XSHG,2023-08-23,1594131.1547803048
600306.XSHG,2023-08-23,1032341.6965352449
002256.XSHE,2023-08-23,915540.5125371278
603123.XSHG,2023-08-23,5568753.211166296
688180.XSHG,2023-08-23,5025499.131106391
002396.XSHE,2023-08-23,1777420.1613819753
603333.XSHG,2023-08-23,4053468.0093331696
002591.XSHE,2023-08-23,624764.8794030886
603995.XSHG,2023-08-23,2123580.4475559443
002082.XSHE,2023-08-23,1896135.1351351351
002500.XSHE,2023-08-23,29452743.7286203
605081.XSHG,2023-08-23,567045.83032533
300350.XSHE,2023-08-23,1284022.0030115852
301337.XSHE,2023-08-23,247054.7335411898
300854.XSHE,2023-08-23,454642.9571169284
688581.XSHG,2023-08-23,128358.7349535448
002925.XSHE,2023-08-23,3709127.559055118
301019.XSHE,2023-08-23,369976.1652542373
603065.XSHG,2023-08-23,413540.375329612
605499.XSHG,2023-08-23,1544109.477124183
300970.XSHE,2023-08-23,335360.17821708036
300928.XSHE,2023-08-23,421127.71473292896
605183.XSHG,2023-08-23,1275621.2574850298
600116.XSHG,2023-08-23,2968446.961446308
688143.XSHG,2023-08-23,200824.34089515635
300459.XSHE,2023-08-23,2178596.5041128085
600558.XSHG,2023-08-23,1241839.7751229797
300808.XSHE,2023-08-23,826004.9132504222
603125.XSHG,2023-08-23,470321.3518182967
603787.XSHG,2023-08-23,1886212.8712871287
600513.XSHG,2023-08-23,433860.49220911606
002373.XSHE,2023-08-23,3343048.714998082
600203.XSHG,2023-08-23,3517613.217967599
603037.XSHG,2023-08-23,645607.3221890294
000783.XSHE,2023-08-23,8500442.289812723
002946.XSHE,2023-08-23,8277538.389948813
600970.XSHG,2023-08-23,1227170.4206022443
002418.XSHE,2023-08-23,2269243.869691188
603183.XSHG,2023-08-23,1009315.4788924195
600272.XSHG,2023-08-23,1240975.0181736846
001896.XSHE,2023-08-23,9556130.79667063
300984.XSHE,2023-08-23,180493.0675909879
000901.XSHE,2023-08-23,1213481.184718844
000010.XSHE,2023-08-23,392816.6379033859
000972.XSHE,2023-08-23,2360682.186234818
603578.XSHG,2023-08-23,928465.0908938244
002397.XSHE,2023-08-23,444888.8888888889
002433.XSHE,2023-08-23,1767052.6187899003
600543.XSHG,2023-08-23,1301491.357116587
688197.XSHG,2023-08-23,517431.7266079689
003003.XSHE,2023-08-23,898383.6980987501
603767.XSHG,2023-08-23,1854631.551906724
001286.XSHE,2023-08-23,7037556.326670251
600837.XSHG,2023-08-23,3570018.163471241
001225.XSHE,2023-08-23,157399.27531625453
603188.XSHG,2023-08-23,2638627.3355892305
002674.XSHE,2023-08-23,2159334.5164152617
601633.XSHG,2023-08-23,16043581.71571697
002817.XSHE,2023-08-23,810970.5228031146
688052.XSHG,2023-08-23,578976.988940421
600325.XSHG,2023-08-23,1981746.5388711395
002247.XSHE,2023-08-23,991586.8903692738
002778.XSHE,2023-08-23,866661.5901455767
601666.XSHG,2023-08-23,6975138.000216896
000417.XSHE,2023-08-23,403077.9580530273
000852.XSHE,2023-08-23,1621228.8422477995
002449.XSHE,2023-08-23,1987764.0079103494
688300.XSHG,2023-08-23,833376.7324653507
003033.XSHE,2023-08-23,230602.70850093858
603968.XSHG,2023-08-23,825019.4855806703
601279.XSHG,2023-08-23,1951384.404147531
688001.XSHG,2023-08-23,4302926.330150068
600676.XSHG,2023-08-23,705089.7805364664
300348.XSHE,2023-08-23,526880.0165708663
301053.XSHE,2023-08-23,228780.88060293533
688601.XSHG,2023-08-23,335968.4377838329
300066.XSHE,2023-08-23,471501.43334925943
000488.XSHE,2023-08-23,1726274.3316895927
300985.XSHE,2023-08-23,361886.8218018915
002472.XSHE,2023-08-23,1460835.7797014175
603816.XSHG,2023-08-23,3971914.838709677
688195.XSHG,2023-08-23,803692.5134502569
603018.XSHG,2023-08-23,902175.1123019939
603648.XSHG,2023-08-23,3182968.421052632
002105.XSHE,2023-08-23,2123810.7202680064
603985.XSHG,2023-08-23,950172.0653970975
600959.XSHG,2023-08-23,36112092.70386266
002780.XSHE,2023-08-23,667817.3447972378
002997.XSHE,2023-08-23,1182355.457609541
603033.XSHG,2023-08-23,1497101.2345679011
688033.XSHG,2023-08-23,5557826.199740596
300120.XSHE,2023-08-23,1178416.1447459986
301373.XSHE,2023-08-23,264146.3983668708
300936.XSHE,2023-08-23,258990.9971122813
000635.XSHE,2023-08-23,667116.0979228487
600578.XSHG,2023-08-23,11295426.290276589
002593.XSHE,2023-08-23,1684136.3042531572
000005.XSHE,2023-08-23,1034817.8280863106
002565.XSHE,2023-08-23,1260968.045112782
300197.XSHE,2023-08-23,628169.4644284572
300785.XSHE,2023-08-23,329170.93225876713
002852.XSHE,2023-08-23,910311.8514779293
300195.XSHE,2023-08-23,935137.7675727723
300534.XSHE,2023-08-23,854954.7140208245
300043.XSHE,2023-08-23,444069.4125026134
688496.XSHG,2023-08-23,823337.6228959695
601187.XSHG,2023-08-23,10619584.74167069
002545.XSHE,2023-08-23,2005788.5029203813
603577.XSHG,2023-08-23,1314392.9194714534
603288.XSHG,2023-08-23,6664307.304785894
688565.XSHG,2023-08-23,685719.5406171903
600158.XSHG,2023-08-23,1467264.939622252
603697.XSHG,2023-08-23,2713453.4717980046
300288.XSHE,2023-08-23,410912.345326727
603303.XSHG,2023-08-23,2063837.5486381322
603289.XSHG,2023-08-23,1819920.1022690956
002208.XSHE,2023-08-23,1125533.5642889596
002258.XSHE,2023-08-23,1468429.5468653012
603066.XSHG,2023-08-23,951996.1293889964
688575.XSHG,2023-08-23,1843177.3093614383
000875.XSHE,2023-08-23,17370441.384895727
601818.XSHG,2023-08-23,254233129.98405102
002479.XSHE,2023-08-23,1993631.658784688
301316.XSHE,2023-08-23,398828.0726561248
600123.XSHG,2023-08-23,1243213.112556144
600143.XSHG,2023-08-23,1223311.7303953338
300621.XSHE,2023-08-23,1272172.8030099436
002388.XSHE,2023-08-23,1239518.1518151816
000691.XSHE,2023-08-23,1039773.9475945017
600861.XSHG,2023-08-23,1308331.1872263714
301320.XSHE,2023-08-23,429647.35760067723
688077.XSHG,2023-08-23,781146.331738437
600844.XSHG,2023-08-23,1185546.5305175215
002731.XSHE,2023-08-23,1383108.3287969516
002216.XSHE,2023-08-23,643528.5645703312
688299.XSHG,2023-08-23,2812428.6535146525
300331.XSHE,2023-08-23,650501.8403806447
605255.XSHG,2023-08-23,306905.0630958625
000020.XSHE,2023-08-23,753883.2306963524
600120.XSHG,2023-08-23,424186.67264976446
301040.XSHE,2023-08-23,689760.7405958667
600716.XSHG,2023-08-23,1958234.4322344323
002760.XSHE,2023-08-23,863947.9795633999
600798.XSHG,2023-08-23,1421447.1836479949
600678.XSHG,2023-08-23,833731.25
603365.XSHG,2023-08-23,2136323.2440822665
002243.XSHE,2023-08-23,6881035.36372193
688082.XSHG,2023-08-23,744167.0461790691
688312.XSHG,2023-08-23,1355939.8699891658
000802.XSHE,2023-08-23,2051655.4896635814
600783.XSHG,2023-08-23,1160260.1054481547
002275.XSHE,2023-08-23,2835356.652949245
002205.XSHE,2023-08-23,883076.1770410861
600329.XSHG,2023-08-23,1694034.8354106743
603611.XSHG,2023-08-23,783518.4006671202
603519.XSHG,2023-08-23,648418.4667513765
300826.XSHE,2023-08-23,723010.0909842845
002596.XSHE,2023-08-23,2128995.9121103734
603166.XSHG,2023-08-23,4267842.750766535
688196.XSHG,2023-08-23,1100269.3602693602
603803.XSHG,2023-08-23,3979484.0425531915
300518.XSHE,2023-08-23,965663.4909833277
002921.XSHE,2023-08-23,775935.4219948848
002690.XSHE,2023-08-23,808831.8882466281
603306.XSHG,2023-08-23,1458505.2048456809
002394.XSHE,2023-08-23,686602.5233383359
605376.XSHG,2023-08-23,1718634.8300025954
002682.XSHE,2023-08-23,2158324.85633133
002870.XSHE,2023-08-23,1060697.731755424
600278.XSHG,2023-08-23,3031460.970464135
002040.XSHE,2023-08-23,1568495.2837251085
002636.XSHE,2023-08-23,2701185.85808986
002502.XSHE,2023-08-23,1250449.899334056
603209.XSHG,2023-08-23,1174877.6177432183
688419.XSHG,2023-08-23,198355.05251923832
688008.XSHG,2023-08-23,11176395.598497048
002675.XSHE,2023-08-23,1417859.477124183
000828.XSHE,2023-08-23,2603581.081081081
600821.XSHG,2023-08-23,3679413.2349440614
002775.XSHE,2023-08-23,947001.1894142135
688372.XSHG,2023-08-23,186391.91607026674
002391.XSHE,2023-08-23,757216.8763878609
000021.XSHE,2023-08-23,956540.0638800167
603589.XSHG,2023-08-23,5082197.293447293
601801.XSHG,2023-08-23,7758719.519979574
300929.XSHE,2023-08-23,588046.1679601299
002282.XSHE,2023-08-23,2226006.2138116085
002036.XSHE,2023-08-23,1480172.947286993
002939.XSHE,2023-08-23,32767937.529804483
601211.XSHG,2023-08-23,58818155.69972197
603191.XSHG,2023-08-23,1820125.708651713
603843.XSHG,2023-08-23,4861539.383375095
605319.XSHG,2023-08-23,693613.2232716882
300424.XSHE,2023-08-23,1309577.4354704414
002453.XSHE,2023-08-23,1470310.7080944125
688566.XSHG,2023-08-23,1760380.6623524935
603126.XSHG,2023-08-23,3739661.7129448573
600354.XSHG,2023-08-23,1769376.1638733705
600382.XSHG,2023-08-23,1186258.8851477741
688699.XSHG,2023-08-23,337580.6099424995
002053.XSHE,2023-08-23,3894401.5895278165
002667.XSHE,2023-08-23,665168.6862522884
300473.XSHE,2023-08-23,1415991.3959162708
603863.XSHG,2023-08-23,2029715.547473698
002393.XSHE,2023-08-23,1513698.5937032483
603219.XSHG,2023-08-23,1063431.0160427806
603668.XSHG,2023-08-23,3059499.890805853
688625.XSHG,2023-08-23,811828.1402142162
001270.XSHE,2023-08-23,507511.39742319135
003007.XSHE,2023-08-23,291228.36362837354
603408.XSHG,2023-08-23,1034296.9379532635
000902.XSHE,2023-08-23,3180593.322123469
000688.XSHE,2023-08-23,2224714.601072217
300413.XSHE,2023-08-23,5890109.568097847
688416.XSHG,2023-08-23,198757.30752716586
603390.XSHG,2023-08-23,3454281.917612185
300770.XSHE,2023-08-23,1179892.505525417
601577.XSHG,2023-08-23,17011407.54369825
603330.XSHG,2023-08-23,818170.1869937164
002827.XSHE,2023-08-23,1639917.9246665689
000050.XSHE,2023-08-23,2799088.282504013
688073.XSHG,2023-08-23,137905.8415491827
002369.XSHE,2023-08-23,1317307.4160531515
002002.XSHE,2023-08-23,2842841.384556866
002528.XSHE,2023-08-23,1622631.9537648251
603282.XSHG,2023-08-23,334999.76786294626
688282.XSHG,2023-08-23,350631.1433005691
000026.XSHE,2023-08-23,382521.8970998508
300079.XSHE,2023-08-23,1003183.4158811312
300036.XSHE,2023-08-23,809395.8361077819
600638.XSHG,2023-08-23,323334.07079646015
301167.XSHE,2023-08-23,467909.9620968318
000659.XSHE,2023-08-23,762325.9112182669
300127.XSHE,2023-08-23,876059.9057861523
688475.XSHG,2023-08-23,890867.9190330567
300908.XSHE,2023-08-23,362662.8677036809
603529.XSHG,2023-08-23,1032156.0216827715
603867.XSHG,2023-08-23,1338206.9500064591
300033.XSHE,2023-08-23,298974.06177557795
688302.XSHG,2023-08-23,428440.74369795824
605089.XSHG,2023-08-23,257034.7299257616
301131.XSHE,2023-08-23,226887.67388746626
002569.XSHE,2023-08-23,896788.1515899521
300750.XSHE,2023-08-23,21317442.773054283
000096.XSHE,2023-08-23,1778939.909297052
600489.XSHG,2023-08-23,3806270.633788465
601958.XSHG,2023-08-23,21143399.780541334
300272.XSHE,2023-08-23,722304.2099633252
603022.XSHG,2023-08-23,783026.778469029
600323.XSHG,2023-08-23,2150479.4520547944
601825.XSHG,2023-08-23,40032242.37427865
600623.XSHG,2023-08-23,593414.6341463414
300809.XSHE,2023-08-23,717830.4239401496
002365.XSHE,2023-08-23,719835.4346383543
688018.XSHG,2023-08-23,788234.1296027451
600927.XSHG,2023-08-23,5155757.039858523
600774.XSHG,2023-08-23,454269.97874722915
000882.XSHE,2023-08-23,9212765.5759749
300100.XSHE,2023-08-23,1073839.6150761826
300525.XSHE,2023-08-23,671238.4884090187
600696.XSHG,2023-08-23,1011428.139183056
688095.XSHG,2023-08-23,283861.8748470262
300084.XSHE,2023-08-23,687056.8501224045
300371.XSHE,2023-08-23,290990.3912579288
301132.XSHE,2023-08-23,424792.45184595924
688321.XSHG,2023-08-23,4112692.8728875825
601311.XSHG,2023-08-23,3826985.4194281385
600195.XSHG,2023-08-23,1576136.9528747904
301195.XSHE,2023-08-23,252180.80615403858
002328.XSHE,2023-08-23,1850275.856389987
301189.XSHE,2023-08-23,405153.76458112407
002379.XSHE,2023-08-23,1152357.801460903
603220.XSHG,2023-08-23,3203408.1707634632
605399.XSHG,2023-08-23,1776492.9424538545
000524.XSHE,2023-08-23,1350981.1546515108
688722.XSHG,2023-08-23,1243264.1323815049
002144.XSHE,2023-08-23,1192124.1614428682
300448.XSHE,2023-08-23,613946.3945273074
002726.XSHE,2023-08-23,2313240.2645113887
300021.XSHE,2023-08-23,626061.4432533982
688432.XSHG,2023-08-23,1501203.5455802227
300752.XSHE,2023-08-23,504496.55875605403
300868.XSHE,2023-08-23,597771.1851513769
300938.XSHE,2023-08-23,304290.0226187484
600063.XSHG,2023-08-23,1326777.5628626691
000638.XSHE,2023-08-23,698576.2103424857
002460.XSHE,2023-08-23,881765.1135926069
300535.XSHE,2023-08-23,507542.8228845495
000692.XSHE,2023-08-23,424762.43586883787
301232.XSHE,2023-08-23,127730.41594634563
002361.XSHE,2023-08-23,827278.2147430035
300670.XSHE,2023-08-23,818054.0780141845
688269.XSHG,2023-08-23,569147.0180305132
002888.XSHE,2023-08-23,400377.8773680994
603112.XSHG,2023-08-23,1512269.8886777083
688458.XSHG,2023-08-23,180485.027414593
600808.XSHG,2023-08-23,23620171.17425539
603256.XSHG,2023-08-23,8461154.185022026
600126.XSHG,2023-08-23,5758362.227960162
002976.XSHE,2023-08-23,528928.0760848029
688147.XSHG,2023-08-23,396423.21006272064
300911.XSHE,2023-08-23,406263.3451957295
002932.XSHE,2023-08-23,409661.16763805196
300224.XSHE,2023-08-23,1680291.095890411
600549.XSHG,2023-08-23,1025779.0821771611
603189.XSHG,2023-08-23,2626469.7096984973
300472.XSHE,2023-08-23,1032219.3497066719
301130.XSHE,2023-08-23,574980.1709703004
603281.XSHG,2023-08-23,650191.0757676165
603348.XSHG,2023-08-23,2547332.2166387495
002218.XSHE,2023-08-23,2454851.1066398392
300935.XSHE,2023-08-23,276159.60574462236
688133.XSHG,2023-08-23,591822.2839291912
600397.XSHG,2023-08-23,2466876.258251791
600757.XSHG,2023-08-23,1516705.0588609609
601579.XSHG,2023-08-23,4385695.851029076
688466.XSHG,2023-08-23,1018679.0767962632
301222.XSHE,2023-08-23,280725.54749792546
300289.XSHE,2023-08-23,1613991.4407988589
002786.XSHE,2023-08-23,1633807.9329577307
688606.XSHG,2023-08-23,220715.75791643249
000637.XSHE,2023-08-23,213654.05076759384
000863.XSHE,2023-08-23,1607047.2208822428
002084.XSHE,2023-08-23,1946305.679423727
688136.XSHG,2023-08-23,670542.5935973956
600403.XSHG,2023-08-23,3860816.263190565
603730.XSHG,2023-08-23,3485584.415584415
688308.XSHG,2023-08-23,768413.7129575828
301198.XSHE,2023-08-23,452212.05971477024
605358.XSHG,2023-08-23,3331791.316526611
002060.XSHE,2023-08-23,2938313.5739976023
301153.XSHE,2023-08-23,620076.1816435362
002338.XSHE,2023-08-23,734572.0128542215
001296.XSHE,2023-08-23,284312.5227594578
001696.XSHE,2023-08-23,316554.89138358366
300843.XSHE,2023-08-23,1400122.3747312718
002769.XSHE,2023-08-23,646756.0022333892
002541.XSHE,2023-08-23,1180735.4875404357
000001.XSHE,2023-08-23,1528852.7349228612
002968.XSHE,2023-08-23,622032.1981424149
600548.XSHG,2023-08-23,5008181.818181818
600568.XSHG,2023-08-23,1312453.90070922
600616.XSHG,2023-08-23,17515.997224577906
603565.XSHG,2023-08-23,1920903.6037635363
300234.XSHE,2023-08-23,578616.2244509332
300930.XSHE,2023-08-23,291460.1748061824
605298.XSHG,2023-08-23,313598.6317941017
688056.XSHG,2023-08-23,259282.39245575506
600674.XSHG,2023-08-23,2048646.9933184853
300082.XSHE,2023-08-23,819647.3214285714
301428.XSHE,2023-08-23,233950.88809544846
000402.XSHE,2023-08-23,804834.523036989
002516.XSHE,2023-08-23,1054067.670570738
600728.XSHG,2023-08-23,1649473.1775619148
688478.XSHG,2023-08-23,293543.6461296807
000568.XSHE,2023-08-23,431883.1168831169
688228.XSHG,2023-08-23,652462.1144984048
002582.XSHE,2023-08-23,732393.8676366477
300155.XSHE,2023-08-23,399094.4642391587
301369.XSHE,2023-08-23,113777.18770084226
603070.XSHG,2023-08-23,801780.1266286431
000656.XSHE,2023-08-23,7141195.593943551
300619.XSHE,2023-08-23,713524.4335244335
300053.XSHE,2023-08-23,1234268.1376368783
301270.XSHE,2023-08-23,198854.0703052729
002983.XSHE,2023-08-23,792705.794112132
002185.XSHE,2023-08-23,3049451.338994121
002215.XSHE,2023-08-23,934547.4016458122
603920.XSHG,2023-08-23,3382435.418844259
002585.XSHE,2023-08-23,2275554.567681707
601921.XSHG,2023-08-23,3920762.8426338974
002557.XSHE,2023-08-23,1484009.6841134427
603298.XSHG,2023-08-23,5736788.689724817
603650.XSHG,2023-08-23,5675534.591194969
688032.XSHG,2023-08-23,196536.9710729244
300401.XSHE,2023-08-23,1033172.8799672265
688639.XSHG,2023-08-23,688775.628402641
688171.XSHG,2023-08-23,495581.0915424811
300751.XSHE,2023-08-23,405274.78171545966
002737.XSHE,2023-08-23,1109527.6522487625
300987.XSHE,2023-08-23,721037.4505226834
002353.XSHE,2023-08-23,824694.3363122977
600185.XSHG,2023-08-23,2581408.40056953
600350.XSHG,2023-08-23,16987471.688174877
002312.XSHE,2023-08-23,728927.6507991065
603595.XSHG,2023-08-23,1177870.8771929825
301171.XSHE,2023-08-23,3078256.156761909
603155.XSHG,2023-08-23,362079.8898071626
600083.XSHG,2023-08-23,2279909.4510469725
688596.XSHG,2023-08-23,2752671.8737916634
002678.XSHE,2023-08-23,4857655.310621242
002103.XSHE,2023-08-23,1779149.1639477976
300505.XSHE,2023-08-23,821429.4506847208
000810.XSHE,2023-08-23,2029795.3309881678
001212.XSHE,2023-08-23,413857.2328742461
002335.XSHE,2023-08-23,673759.5209329202
002110.XSHE,2023-08-23,9882651.135358302
688348.XSHG,2023-08-23,404419.93880673125
601117.XSHG,2023-08-23,48769913.778237626
603026.XSHG,2023-08-23,1881825.259515571
600333.XSHG,2023-08-23,2292884.8167539267
603266.XSHG,2023-08-23,959286.4012310059
600979.XSHG,2023-08-23,2170234.544005465
002404.XSHE,2023-08-23,836949.098621421
002716.XSHE,2023-08-23,5715529.506871463
301031.XSHE,2023-08-23,359598.83762137644
603380.XSHG,2023-08-23,1507924.8886059835
300986.XSHE,2023-08-23,497151.7271534762
600704.XSHG,2023-08-23,2234604.9256028733
688326.XSHG,2023-08-23,607072.8542914172
688027.XSHG,2023-08-23,801680.0939912723
300347.XSHE,2023-08-23,452026.81136291096
000818.XSHE,2023-08-23,3230000.0
300385.XSHE,2023-08-23,733389.2226306824
600032.XSHG,2023-08-23,2062887.0648174356
001217.XSHE,2023-08-23,1293171.2748190758
600152.XSHG,2023-08-23,1708913.1684876364
688665.XSHG,2023-08-23,210192.46575342465
301183.XSHE,2023-08-23,399917.6041392129
301298.XSHE,2023-08-23,798701.1841437011
300293.XSHE,2023-08-23,590170.6996811104
001323.XSHE,2023-08-23,378242.3304975509
605098.XSHG,2023-08-23,281619.9229172843
002380.XSHE,2023-08-23,421928.9282146425
000593.XSHE,2023-08-23,564319.5705556507
002501.XSHE,2023-08-23,4695303.856248738
688053.XSHG,2023-08-23,422746.67620580696
600072.XSHG,2023-08-23,1728523.9674575503
300228.XSHE,2023-08-23,837956.499312242
000889.XSHE,2023-08-23,1668560.7287449392
603883.XSHG,2023-08-23,2972217.4558653687
002395.XSHE,2023-08-23,820904.2514926984
301033.XSHE,2023-08-23,372846.3925523662
300009.XSHE,2023-08-23,609270.5099778271
301281.XSHE,2023-08-23,181713.65580424265
600007.XSHG,2023-08-23,5024234.577303885
600222.XSHG,2023-08-23,1402425.9113558878
600183.XSHG,2023-08-23,1787739.6637891869
603838.XSHG,2023-08-23,1534896.1134197018
600115.XSHG,2023-08-23,97188589.74358974
300182.XSHE,2023-08-23,717583.099423844
600383.XSHG,2023-08-23,2439096.0509554143
603515.XSHG,2023-08-23,5036332.547169811
000597.XSHE,2023-08-23,2798514.7193142697
300357.XSHE,2023-08-23,855602.5724671452
300073.XSHE,2023-08-23,1165061.0991710161
300364.XSHE,2023-08-23,1304011.4092922632
000951.XSHE,2023-08-23,2441945.710322964
300759.XSHE,2023-08-23,6208073.1003526775
300814.XSHE,2023-08-23,500149.4104892262
300888.XSHE,2023-08-23,1266413.6760426771
300480.XSHE,2023-08-23,681783.6378737541
601601.XSHG,2023-08-23,45272026.84563758
002771.XSHE,2023-08-23,639475.0198255352
603233.XSHG,2023-08-23,3926469.038208169
002262.XSHE,2023-08-23,1007819.7793216183
300265.XSHE,2023-08-23,1401454.0588760036
301419.XSHE,2023-08-23,246723.97435528852
688083.XSHG,2023-08-23,348405.9443668233
600055.XSHG,2023-08-23,364299.0950944594
603551.XSHG,2023-08-23,3347928.2100698627
601699.XSHG,2023-08-23,3961748.7765089725
600153.XSHG,2023-08-23,1428363.2172131147
002496.XSHE,2023-08-23,798225.24313578
300339.XSHE,2023-08-23,1223107.9556140683
601678.XSHG,2023-08-23,4630681.27416682
601808.XSHG,2023-08-23,24823005.65770863
600838.XSHG,2023-08-23,288233.49858431483
002064.XSHE,2023-08-23,4140309.433962264
300057.XSHE,2023-08-23,2785170.519707853
603677.XSHG,2023-08-23,705308.6419753087
603223.XSHG,2023-08-23,1396444.1053033194
300865.XSHE,2023-08-23,271580.4668405426
688456.XSHG,2023-08-23,630434.2950351718
600446.XSHG,2023-08-23,567631.1965121912
300426.XSHE,2023-08-23,787589.1404053855
300642.XSHE,2023-08-23,486424.6730511791
600511.XSHG,2023-08-23,935400.6786739755
600370.XSHG,2023-08-23,1566087.3233495043
603299.XSHG,2023-08-23,6975461.71976935
601016.XSHG,2023-08-23,23628527.276984315
300373.XSHE,2023-08-23,1020451.1228093557
600018.XSHG,2023-08-23,146680318.25795645
000709.XSHE,2023-08-23,9095022.62443439
300400.XSHE,2023-08-23,767603.9735099338
003010.XSHE,2023-08-23,699596.591641055
300140.XSHE,2023-08-23,1011936.4335686472
600633.XSHG,2023-08-23,1581684.8306332843
300341.XSHE,2023-08-23,1202024.9087395319
002966.XSHE,2023-08-23,28103314.406443946
002136.XSHE,2023-08-23,995348.9662827806
300170.XSHE,2023-08-23,1417295.1024042743
300909.XSHE,2023-08-23,398866.27906976745
301175.XSHE,2023-08-23,6169128.78699807
688597.XSHG,2023-08-23,1255013.1164742918
000559.XSHE,2023-08-23,683504.5987947986
600487.XSHG,2023-08-23,2296859.9759615385
300539.XSHE,2023-08-23,744808.7719298246
300462.XSHE,2023-08-23,660446.5991593428
300418.XSHE,2023-08-23,2688797.295101434
002409.XSHE,2023-08-23,999352.4815511503
605138.XSHG,2023-08-23,2849723.9369535926
001216.XSHE,2023-08-23,607742.8275146906
000537.XSHE,2023-08-23,2714462.0980091887
300536.XSHE,2023-08-23,914548.8364045334
688617.XSHG,2023-08-23,446614.21319796954
688772.XSHG,2023-08-23,7480415.707609681
600663.XSHG,2023-08-23,2074696.387394312
603616.XSHG,2023-08-23,1893836.9239160074
000836.XSHE,2023-08-23,1367560.4367039253
688127.XSHG,2023-08-23,1689355.616093881
300917.XSHE,2023-08-23,499829.66368735017
300105.XSHE,2023-08-23,785256.9549129779
002146.XSHE,2023-08-23,3231692.48853432
002182.XSHE,2023-08-23,1657288.4547487348
300725.XSHE,2023-08-23,657993.7019318113
301199.XSHE,2023-08-23,460484.0294384813
688296.XSHG,2023-08-23,588709.0391008389
002381.XSHE,2023-08-23,532481.9633717703
300378.XSHE,2023-08-23,1150988.086445522
601066.XSHG,2023-08-23,35531588.31583752
688551.XSHG,2023-08-23,521428.5714285714
603970.XSHG,2023-08-23,1226273.0627306274
600894.XSHG,2023-08-23,2160769.0014903126
603378.XSHG,2023-08-23,1956287.8698573618
300775.XSHE,2023-08-23,5235073.837066207
688011.XSHG,2023-08-23,993556.119571348
600888.XSHG,2023-08-23,1008583.7775536665
603719.XSHG,2023-08-23,3903987.964989059
000031.XSHE,2023-08-23,2091225.8908139914
301109.XSHE,2023-08-23,615736.8255762829
688370.XSHG,2023-08-23,229557.0559050688
000868.XSHE,2023-08-23,1450469.8266861557
601619.XSHG,2023-08-23,22374142.068965517
688667.XSHG,2023-08-23,232101.84962767235
002841.XSHE,2023-08-23,2784226.207694533
000421.XSHE,2023-08-23,539856.303069889
301418.XSHE,2023-08-23,173862.32937377365
002949.XSHE,2023-08-23,1367433.7016574587
603657.XSHG,2023-08-23,863056.6865017226
601089.XSHG,2023-08-23,2009670.3183133525
300894.XSHE,2023-08-23,1328934.3607305936
600410.XSHG,2023-08-23,867190.5016008537
300833.XSHE,2023-08-23,515676.86188451515
603958.XSHG,2023-08-23,2123394.2149408166
603819.XSHG,2023-08-23,1136382.1243523315
603933.XSHG,2023-08-23,987979.152656355
002583.XSHE,2023-08-23,2269065.7187129706
000690.XSHE,2023-08-23,444774.86559139786
603311.XSHG,2023-08-23,2163027.5562001453
002652.XSHE,2023-08-23,1014311.2683908185
000546.XSHE,2023-08-23,3467228.1245388817
300624.XSHE,2023-08-23,740520.6395652627
600908.XSHG,2023-08-23,15215374.62652264
000990.XSHE,2023-08-23,3836531.127313517
002419.XSHE,2023-08-23,2750846.153846154
688020.XSHG,2023-08-23,788680.8888888889
000510.XSHE,2023-08-23,498853.23265691363
000860.XSHE,2023-08-23,2469509.07868191
002544.XSHE,2023-08-23,1039185.1488788138
002859.XSHE,2023-08-23,957878.2310425089
600771.XSHG,2023-08-23,657358.5771658061
300517.XSHE,2023-08-23,676346.1034994328
300306.XSHE,2023-08-23,337727.27272727276
600284.XSHG,2023-08-23,2622375.9736158866
688592.XSHG,2023-08-23,127376.55623549272
688401.XSHG,2023-08-23,736891.0256410256
688012.XSHG,2023-08-23,6181999.836011807
688368.XSHG,2023-08-23,608288.5121309558
001322.XSHE,2023-08-23,955735.7334057493
300941.XSHE,2023-08-23,556150.2764612954
002224.XSHE,2023-08-23,893147.6897689769
000720.XSHE,2023-08-23,1718704.9062049063
000915.XSHE,2023-08-23,685867.0414273493
600802.XSHG,2023-08-23,1108568.191627104
301206.XSHE,2023-08-23,664189.2322395667
300436.XSHE,2023-08-23,668677.4575602053
600479.XSHG,2023-08-23,281522.3097112861
688246.XSHG,2023-08-23,1013342.5097499426
300651.XSHE,2023-08-23,439248.82977932977
301083.XSHE,2023-08-23,546366.18024402
301503.XSHE,2023-08-23,200000.05047445992
301108.XSHE,2023-08-23,339203.64181168604
600300.XSHG,2023-08-23,2159587.1319291624
600892.XSHG,2023-08-23,923155.360430534
600230.XSHG,2023-08-23,1849000.600240096
600362.XSHG,2023-08-23,12157040.920716112
300267.XSHE,2023-08-23,1355739.570164349
300663.XSHE,2023-08-23,1192752.8620606838
002930.XSHE,2023-08-23,2188037.270814548
688508.XSHG,2023-08-23,1113867.2182821117
300664.XSHE,2023-08-23,4892771.627618457
688669.XSHG,2023-08-23,460770.13333333336
300885.XSHE,2023-08-23,285162.6427642041
688112.XSHG,2023-08-23,291444.4498374023
600027.XSHG,2023-08-23,39873267.056530215
603590.XSHG,2023-08-23,1517379.346133887
002803.XSHE,2023-08-23,919654.2153874151
000509.XSHE,2023-08-23,978402.7991124765
300443.XSHE,2023-08-23,439342.5405226596
600026.XSHG,2023-08-23,19478450.985996
002120.XSHE,2023-08-23,4419245.610650203
301120.XSHE,2023-08-23,975204.9722295689
603790.XSHG,2023-08-23,1396941.7475728155
000090.XSHE,2023-08-23,2086525.9926681684
002389.XSHE,2023-08-23,1527012.4656665963
301215.XSHE,2023-08-23,7589264.60559218
688383.XSHG,2023-08-23,312383.652791955
002765.XSHE,2023-08-23,2414851.5095502157
003000.XSHE,2023-08-23,2121076.2096003057
603728.XSHG,2023-08-23,3165203.938115331
600962.XSHG,2023-08-23,1385125.4480286737
603031.XSHG,2023-08-23,790844.793713163
002998.XSHE,2023-08-23,1502586.2248982007
601005.XSHG,2023-08-23,79738388.06497175
002801.XSHE,2023-08-23,268139.0296886314
300666.XSHE,2023-08-23,2055961.640916356
000008.XSHE,2023-08-23,978392.374900715
002549.XSHE,2023-08-23,739299.5886654479
002298.XSHE,2023-08-23,2032898.5860555829
601869.XSHG,2023-08-23,3827706.737120211
000617.XSHE,2023-08-23,16562280.994803268
603010.XSHG,2023-08-23,1022402.7161138678
600996.XSHG,2023-08-23,11501349.469692482
600187.XSHG,2023-08-23,3550674.6626686654
300598.XSHE,2023-08-23,815985.2055121398
688538.XSHG,2023-08-23,57521377.6646516
002169.XSHE,2023-08-23,967091.5805022155
300933.XSHE,2023-08-23,2332040.939193257
603766.XSHG,2023-08-23,6489135.783945987
300841.XSHE,2023-08-23,514907.61511216057
300960.XSHE,2023-08-23,243256.68948536014
600643.XSHG,2023-08-23,1775018.8138326462
002697.XSHE,2023-08-23,1347706.6870592234
000650.XSHE,2023-08-23,519852.49119565845
002454.XSHE,2023-08-23,2132534.9087003223
603687.XSHG,2023-08-23,4127315.573770492
301359.XSHE,2023-08-23,212409.3232649169
002319.XSHE,2023-08-23,975153.6926147705
002228.XSHE,2023-08-23,1148251.1415525114
300464.XSHE,2023-08-23,1237301.828051409
002229.XSHE,2023-08-23,948530.154604681
603053.XSHG,2023-08-23,8035171.242570054
301056.XSHE,2023-08-23,647831.3199171793
600520.XSHG,2023-08-23,676468.7094520411
002705.XSHE,2023-08-23,4020035.3278869507
002529.XSHE,2023-08-23,2000078.7101688462
001208.XSHE,2023-08-23,2463086.0754787135
600938.XSHG,2023-08-23,24786428.400669377
002953.XSHE,2023-08-23,1052005.8385188598
002114.XSHE,2023-08-23,1775949.5810154215
600433.XSHG,2023-08-23,2033034.5572354211
002853.XSHE,2023-08-23,437867.83789179474
601061.XSHG,2023-08-23,4782647.413425333
601919.XSHG,2023-08-23,65602951.82904744
300115.XSHE,2023-08-23,975183.3740831296
300767.XSHE,2023-08-23,686204.1903927581
688178.XSHG,2023-08-23,829261.7384555686
600740.XSHG,2023-08-23,1794492.056551523
002031.XSHE,2023-08-23,1302594.385285576
603106.XSHG,2023-08-23,2763767.3961438816
301518.XSHE,2023-08-23,332434.01563578856
300852.XSHE,2023-08-23,531247.0500558936
688276.XSHG,2023-08-23,2403334.4359907378
301179.XSHE,2023-08-23,321904.65267423633
600101.XSHG,2023-08-23,569099.606077659
605336.XSHG,2023-08-23,406571.3813615334
000777.XSHE,2023-08-23,535255.6524309148
603998.XSHG,2023-08-23,1006504.9167684298
600807.XSHG,2023-08-23,1201732.404692082
603063.XSHG,2023-08-23,4332835.362509598
301080.XSHE,2023-08-23,407388.96775501926
603167.XSHG,2023-08-23,3505893.536121673
001278.XSHE,2023-08-23,308101.0741228931
002221.XSHE,2023-08-23,3317481.5137016093
002906.XSHE,2023-08-23,4570209.742120343
300647.XSHE,2023-08-23,1624479.977089399
688361.XSHG,2023-08-23,599276.9526034713
600545.XSHG,2023-08-23,4460762.254372706
600725.XSHG,2023-08-23,1496927.7474195505
002442.XSHE,2023-08-23,1869007.271108473
300603.XSHE,2023-08-23,978373.4651756666
688507.XSHG,2023-08-23,90706.5852708144
600423.XSHG,2023-08-23,2196892.6695021265
300829.XSHE,2023-08-23,723197.9385045422
000995.XSHE,2023-08-23,1052864.2064640617
002155.XSHE,2023-08-23,4401205.823197012
002832.XSHE,2023-08-23,727492.5373134329
002987.XSHE,2023-08-23,1541798.0573751975
002753.XSHE,2023-08-23,659678.1447645818
002273.XSHE,2023-08-23,921852.0252868182
603839.XSHG,2023-08-23,2160987.3340454753
688158.XSHG,2023-08-23,3551255.605381166
605056.XSHG,2023-08-23,1448278.2734506873
002289.XSHE,2023-08-23,1732410.6530892
002406.XSHE,2023-08-23,1215040.2042118697
300314.XSHE,2023-08-23,488824.60445929714
688089.XSHG,2023-08-23,1158726.2298148263
000099.XSHE,2023-08-23,1811361.1232358504
688222.XSHG,2023-08-23,3978752.2245037644
688330.XSHG,2023-08-23,545638.2320168379
000596.XSHE,2023-08-23,1163864.760857614
600006.XSHG,2023-08-23,5302478.298611111
600636.XSHG,2023-08-23,323526.36569178035
603351.XSHG,2023-08-23,640567.2105672106
002581.XSHE,2023-08-23,1390544.850498339
601399.XSHG,2023-08-23,72126114.54239191
688506.XSHG,2023-08-23,348739.800543971
000906.XSHE,2023-08-23,1288986.612123466
002336.XSHE,2023-08-23,3135805.4249036317
600436.XSHG,2023-08-23,913954.384837777
600654.XSHG,2023-08-23,9240.0
600380.XSHG,2023-08-23,1650327.5488069414
601990.XSHG,2023-08-23,28645493.686868686
603182.XSHG,2023-08-23,403504.7526200341
605287.XSHG,2023-08-23,619201.4205499833
