code,open_close_diff
600543.XSHG,0.0002926605473220615
601107.XSHG,-0.0013959406965138792
000955.XSHE,0.002629749946685272
600882.XSHG,0.012378325206856795
000403.XSHE,0.11007630180412396
300791.XSHE,0.06369705612889617
600592.XSHG,-0.0010090702707556789
603041.XSHG,-0.007858077080980064
002566.XSHE,-0.0035282906854459738
002828.XSHE,0.0010808780864715096
600811.XSHG,-0.02132519781295024
000567.XSHE,-0.011656172599801349
688313.XSHG,0.0055873946492038485
300879.XSHE,-0.014621341772397845
002019.XSHE,0.09489450660095278
000797.XSHE,0.005168096699931644
002231.XSHE,0.004648629931353836
603268.XSHG,-0.00038130765450399527
300742.XSHE,-0.018823981723565603
002902.XSHE,0.005990849266705016
601118.XSHG,0.0003937210966654057
600209.XSHG,-0.0016380790703024012
600855.XSHG,0.019473977032862674
000026.XSHE,0.02630228144030468
601579.XSHG,-0.0019275863686511875
300074.XSHE,-0.01861422515561916
002789.XSHE,-0.003111921242537142
000886.XSHE,0.00012210251152033847
300114.XSHE,0.06308466554100696
600993.XSHG,0.06490809813941581
300880.XSHE,-0.0213782287580797
601019.XSHG,-0.002083925269441249
600153.XSHG,-0.03511706234911325
605168.XSHG,-0.028188797003165088
002759.XSHE,-0.036424617049648535
600222.XSHG,0.0029714541155570788
002386.XSHE,-0.0025255381676621905
600089.XSHG,-0.027512146211076956
000909.XSHE,0.000595071622964525
300789.XSHE,-0.021275484299215434
600163.XSHG,-0.0009019823170000705
603733.XSHG,0.005096718565594899
688128.XSHG,0.0020419903704431883
300729.XSHE,0.005101698186831887
300895.XSHE,-0.010307240184344516
688126.XSHG,0.022592681720813315
300079.XSHE,-0.0015399266963126914
600995.XSHG,0.003985188225164091
300165.XSHE,-0.021250484646382652
002452.XSHE,-0.0011144219129949715
300085.XSHE,0.004624230525405433
300306.XSHE,-0.07266062002805591
603926.XSHG,-0.01085586532819433
601698.XSHG,0.0039924453888473925
300276.XSHE,-0.1020206926821002
603833.XSHG,-0.02370256196472654
601866.XSHG,-0.002429773233798282
688577.XSHG,0.012776872168954456
300857.XSHE,-0.01266763446261653
600584.XSHG,-0.007881297453817146
300622.XSHE,-0.014353534639781462
300355.XSHE,-0.004667955423128353
600311.XSHG,-0.006377271308745672
603179.XSHG,-0.0374881805441131
601985.XSHG,-0.0013468331539773014
603605.XSHG,-0.014080674338587146
300597.XSHE,-0.009086556813285846
000981.XSHE,-0.0022224494752459208
605218.XSHG,0.003081241549530995
601808.XSHG,0.0044272375925432424
300852.XSHE,-0.025580599383559197
002986.XSHE,0.006852839276497225
603029.XSHG,-0.003086721617204561
688379.XSHG,0.0059186230063805545
688139.XSHG,-0.008012675490174384
000993.XSHE,-0.0017000204344653803
300367.XSHE,0.005047900392589746
002305.XSHE,-0.0011592326904315592
002080.XSHE,-0.019030821031046346
300508.XSHE,-0.011905004447638558
002332.XSHE,0.008486645429073018
002014.XSHE,-0.004589582370905166
002938.XSHE,-0.028411424039370383
002780.XSHE,-0.0064376767716785395
603658.XSHG,-0.00020211124640310868
000656.XSHE,-0.01103150178763446
000301.XSHE,-0.007784168394131762
002263.XSHE,0.000166687929795184
603123.XSHG,0.00620353031155497
000931.XSHE,-0.0024484139113793175
605366.XSHG,-0.002407343030278459
300411.XSHE,-0.016601808743281786
603790.XSHG,-0.0028229609888149087
600565.XSHG,0.0007805500460684352
600613.XSHG,-0.002335123138965142
002832.XSHE,-0.0329490218124883
300347.XSHE,-0.01898975774293318
300130.XSHE,0.0102106411618013
300699.XSHE,-0.0331758010655749
300832.XSHE,0.05400379607371555
002763.XSHE,-0.008180744068324957
002422.XSHE,0.008893923785265906
601377.XSHG,-0.004907812375630552
601699.XSHG,0.005885306661767963
601567.XSHG,-0.009310762102649276
300652.XSHE,-0.019949982655711906
000802.XSHE,0.0028707016049922705
300495.XSHE,0.01496992714881918
300454.XSHE,-0.06814331247372177
000027.XSHE,-0.0004592230169135702
601515.XSHG,0.0016916701795756568
300181.XSHE,-0.010014328651196249
300246.XSHE,0.03656773865500076
600979.XSHG,-0.001589558236365274
600351.XSHG,0.0022758035276003205
600800.XSHG,-0.004509852847085216
603818.XSHG,0.00019784937679052212
600031.XSHG,0.25221315817602885
603758.XSHG,-0.0015361315122428135
002485.XSHE,-0.0026839134351373155
300883.XSHE,-0.010040775834419993
300808.XSHE,-0.011580347988092508
000969.XSHE,-0.0016852129903286463
300549.XSHE,-0.020841264813974702
600133.XSHG,-0.0014914751402540062
600836.XSHG,-0.028215491731161186
300376.XSHE,-0.06283847337124396
600714.XSHG,-0.004393363969525782
603557.XSHG,0.0009591233720308502
603212.XSHG,-0.0021680621338295318
300841.XSHE,0.13957227496719074
000529.XSHE,0.0026482174742614934
000978.XSHE,0.0005738824436320989
600785.XSHG,0.06014862627844339
300197.XSHE,0.027012480243941553
300875.XSHE,0.01645584429124997
600387.XSHG,0.001918139082478054
603015.XSHG,-0.004285830852122252
002010.XSHE,0.011979298035004032
002403.XSHE,0.000975975048933831
600724.XSHG,-0.0018706607592616962
603828.XSHG,-0.0033420983754849248
688518.XSHG,0.008984751407602175
688108.XSHG,0.004848289967264023
603859.XSHG,-0.026424116522956544
605338.XSHG,0.010840452943997396
300221.XSHE,-0.015186417471338923
300776.XSHE,0.006172953158297659
002870.XSHE,-0.008038515963174158
600477.XSHG,-0.0014027571356496186
600824.XSHG,-0.0020825734910201225
600241.XSHG,-0.0008652084881658139
002250.XSHE,-0.05237420563529428
603825.XSHG,-0.0060317315528053235
600603.XSHG,0.22351750221710626
300863.XSHE,-0.13471940138361235
000880.XSHE,-0.006028881108192821
600967.XSHG,0.028383686357921514
600723.XSHG,0.005313175776863933
002885.XSHE,-0.018941501659036776
002913.XSHE,0.0027120129228286652
002496.XSHE,-0.0019195161532328446
601919.XSHG,0.004731537634004323
000606.XSHE,0.003969398745294133
000793.XSHE,0.0033773540545450095
002933.XSHE,0.004095986960373077
002038.XSHE,0.03110242905302784
002239.XSHE,0.0025271876947920123
600421.XSHG,0.007969329693345253
300052.XSHE,5.170662477354095e-05
603530.XSHG,-0.0009351717705214945
000507.XSHE,0.0018618265804695123
300432.XSHE,-0.04664662419982122
601162.XSHG,-0.0001883968934728232
603809.XSHG,-0.005489124045521403
600777.XSHG,0.007922792640386853
605050.XSHG,0.00036996613500330866
300638.XSHE,-0.0011879926318466905
600516.XSHG,0.012054158239961588
000557.XSHE,-0.0035358865470242248
000697.XSHE,0.002859358164708124
002316.XSHE,0.004183232033851703
002144.XSHE,-0.007133254292299535
003002.XSHE,-0.008725936224969541
300413.XSHE,-0.05458684182397234
601117.XSHG,-0.002212170496236358
000570.XSHE,0.0021860434310430623
002207.XSHE,0.004901370118283101
002730.XSHE,-0.002483619024026694
601116.XSHG,-0.0018617737357423548
002244.XSHE,-0.0015411521579758816
002368.XSHE,0.06844392374057455
600705.XSHG,-0.06778164182391559
300787.XSHE,0.012917951033664924
600621.XSHG,-0.2989420554210842
603797.XSHG,0.0022089289095152064
600489.XSHG,-0.015347677688291731
002605.XSHE,0.0032412003376729977
002560.XSHE,-0.0033040334459465063
000409.XSHE,-0.0014382944828524413
300226.XSHE,0.011600794048156884
002336.XSHE,-0.002051601646199364
600676.XSHG,0.006941151103637683
300255.XSHE,0.010127594884375493
300147.XSHE,0.019954851494569437
300785.XSHE,0.013560855442230567
300886.XSHE,-0.023426847532918335
000885.XSHE,-0.00012713023219908205
600292.XSHG,0.0021865427949957776
601015.XSHG,-0.006216506609996915
600798.XSHG,-0.005502504502133694
300545.XSHE,-0.008593338432244097
603368.XSHG,-0.0022495567215714374
002556.XSHE,-0.04064454132927449
000897.XSHE,0.003251757609954169
300234.XSHE,-0.002810239931588477
600725.XSHG,0.005563224589658553
002141.XSHE,0.0007572074802616076
002881.XSHE,0.0026088442809691914
300476.XSHE,-0.016960833962554357
603196.XSHG,-0.0035939135796333307
002282.XSHE,-0.003981924913818668
300418.XSHE,-0.003561094791536727
002441.XSHE,-0.005634706501793302
000816.XSHE,0.0051927976250274385
002138.XSHE,-0.06612131615980642
002045.XSHE,0.01061878151659791
000585.XSHE,-0.0021298374088604545
000100.XSHE,-0.007996616533996644
600071.XSHG,-0.009354835447094739
603113.XSHG,-0.004450858479767331
688378.XSHG,0.02221177117273414
003006.XSHE,-0.015726235376419997
300761.XSHE,-0.012355804307019276
300159.XSHE,0.011116374983511491
688600.XSHG,0.006674530145260874
300398.XSHE,0.06633113421980529
603108.XSHG,0.011193662278494814
603517.XSHG,0.006309959105927026
600129.XSHG,0.024042401151700064
603811.XSHG,0.02899760623802717
603161.XSHG,-0.003209785122568218
600970.XSHG,0.07914092458173672
300065.XSHE,0.034407191284639926
688178.XSHG,0.006040109223541555
000966.XSHE,0.00017511413775957423
600797.XSHG,0.01864998495304466
603393.XSHG,0.022667997958767328
002048.XSHE,-0.024465723551189696
002011.XSHE,-0.0016646770060634963
601798.XSHG,-0.004569762401191951
002115.XSHE,0.004327160768841435
603559.XSHG,0.0012912841825018302
600936.XSHG,-0.0014883647281590884
600210.XSHG,-0.004886413954975403
600155.XSHG,-0.0035607692272318376
300238.XSHE,0.03495737462373164
600090.XSHG,0.001525617698337406
600845.XSHG,0.11535109297120522
000753.XSHE,-0.002438593422446147
300533.XSHE,0.006100817005884896
688085.XSHG,0.03242383385676715
300472.XSHE,-0.014472949759462655
002624.XSHE,0.01578990930980605
300434.XSHE,0.00045801631882590914
688567.XSHG,-0.008027362671252068
002110.XSHE,-8.655343346916677e-05
002382.XSHE,0.06958272318921946
603967.XSHG,0.002671508828958031
688077.XSHG,-0.007915263006255594
600588.XSHG,-0.6126205979531154
002662.XSHE,-0.008398396976731826
002169.XSHE,-0.005635784289496374
601318.XSHG,0.03231315817602792
603012.XSHG,0.0004839759252366904
600145.XSHG,0.00041896152056443035
601800.XSHG,0.0016071847319177961
002540.XSHE,-0.008024570969500244
300510.XSHE,-0.004912410645805276
300462.XSHE,-0.020179451230548394
601968.XSHG,-0.00455434405267883
600396.XSHG,0.00963028331647977
002535.XSHE,-0.000734892888843834
600612.XSHG,-0.6140394145439662
002777.XSHE,0.03299550216089794
300731.XSHE,-0.0018481991625452412
002770.XSHE,-0.0008376336194878245
603829.XSHG,0.00027753244391298323
600117.XSHG,-0.002151571505124706
000923.XSHE,-0.008743885658108878
600879.XSHG,0.024703258373221793
688339.XSHG,-0.057047498936447325
002564.XSHE,-0.0052978709268310335
000728.XSHE,-0.004739301439315512
600982.XSHG,-0.0015067174248776724
000526.XSHE,0.01125578043150023
600239.XSHG,0.0057319279807958225
300439.XSHE,0.0051422351850420505
002363.XSHE,-0.0018949926806953617
600825.XSHG,0.025914614386835694
002503.XSHE,-0.020611042250521686
002504.XSHE,-0.0027904982967198524
300266.XSHE,0.017360413131230216
601336.XSHG,0.030013158176027743
601788.XSHG,0.0025746221218462904
002279.XSHE,0.014810069968562021
000856.XSHE,-0.0003679216432161767
002489.XSHE,0.00898901773038812
002319.XSHE,-0.003274200395931038
603167.XSHG,-0.0036224995848538836
600909.XSHG,0.0002341137113493435
300078.XSHE,-0.0128062297586819
603535.XSHG,0.004979607721472306
600821.XSHG,0.0066861411600878315
000524.XSHE,0.005484856955563954
002521.XSHE,-0.001777410349453097
600580.XSHG,-0.031756399046392374
300576.XSHE,-0.023213229205051665
603516.XSHG,-0.0027699595210441018
603958.XSHG,-0.0026669413586283366
300767.XSHE,-0.002857434708097432
603700.XSHG,0.0016733451337605798
002909.XSHE,-0.002761077553176938
002849.XSHE,-0.007171751284987068
300286.XSHE,-0.30359307254760975
300710.XSHE,-0.01306076142238765
603868.XSHG,0.0030268336793209728
000700.XSHE,-0.003473677909557901
002771.XSHE,0.001364995646042371
002218.XSHE,-0.010826471345909394
002325.XSHE,-0.0004223560769003633
002004.XSHE,0.02259837778031562
600184.XSHG,0.007934127885204664
300896.XSHE,-0.26818763888946917
300022.XSHE,0.0017086581951581956
600508.XSHG,-0.0017242486203195683
603133.XSHG,-6.279718659378498e-05
600313.XSHG,-0.0008324905076911543
300003.XSHE,0.07047556619758766
000680.XSHE,0.0026224471687857722
002101.XSHE,-0.009197848468126584
300298.XSHE,0.0012289978879794499
600495.XSHG,0.003290924023949156
603001.XSHG,0.0006201787255241953
000820.XSHE,-0.003211360673698327
601890.XSHG,0.0004335896856876083
603866.XSHG,-0.012686822669774533
600860.XSHG,-0.0029361241311120995
000952.XSHE,-0.0056836248046317666
600550.XSHG,0.001533300768015471
000921.XSHE,-0.0022671002031764923
603127.XSHG,0.08618217452999442
002135.XSHE,-0.0008240212840828795
000420.XSHE,0.0012345314218776978
600075.XSHG,0.014427664887206898
300692.XSHE,-0.008068603275376927
300117.XSHE,-0.006299618135841504
600186.XSHG,-0.006022214395402057
603887.XSHG,0.015029669347599056
002949.XSHE,0.00366411155121072
300069.XSHE,-0.013681126986821534
603358.XSHG,-0.007983888924048
300881.XSHE,-0.024590618395086358
603579.XSHG,0.002369958965729306
300628.XSHE,-0.038380871020653254
600086.XSHG,-0.0002991948565648022
600219.XSHG,-0.0024770410917156482
688365.XSHG,0.0030949133527496077
300384.XSHE,-0.005636385247261092
300845.XSHE,-0.012919631798426137
600353.XSHG,0.005876998198545777
300798.XSHE,-0.013358413754635874
300058.XSHE,0.004873036473484655
002635.XSHE,0.039135923890464
300718.XSHE,-0.024826498996812916
600896.XSHG,-0.0007046867775607254
002846.XSHE,-0.002469062551643241
300196.XSHE,-0.015500894069589113
600857.XSHG,0.0007780625985833456
300157.XSHE,-0.0016290179599685892
002955.XSHE,0.017432964518073107
600372.XSHG,0.007784135838195788
002873.XSHE,-0.0001894581065320631
002116.XSHE,-0.0006205466227385175
002829.XSHE,0.0017949554034381086
002692.XSHE,-0.0006426547170800779
300254.XSHE,-0.000281852510198825
600844.XSHG,0.000987491625149945
601718.XSHG,-0.00040570281913569967
300428.XSHE,-0.025622417069929654
300427.XSHE,0.015070428927633111
603508.XSHG,0.0038109297923068354
688081.XSHG,0.0024196362093807946
300153.XSHE,-0.04635200423198982
603701.XSHG,-0.008553964951785186
300885.XSHE,-0.030598517889434046
688169.XSHG,-0.491557713227299
300594.XSHE,-0.007586717587744787
600641.XSHG,-0.0682577312328297
002875.XSHE,-0.0024053227061225555
600381.XSHG,-0.0019360754854828746
601212.XSHG,-0.0011149419563610684
688012.XSHG,0.0673845959287979
300585.XSHE,-0.023258967469513073
002836.XSHE,-0.004804082755291686
300129.XSHE,0.007293909870431428
000069.XSHE,-0.09557583895025713
601006.XSHG,0.001696727801326587
601996.XSHG,-0.008128613397103166
603300.XSHG,-0.0023801681206729155
000669.XSHE,-0.0036828072715778468
603978.XSHG,0.005693855444197092
688051.XSHG,0.02265802129916817
688030.XSHG,0.0010247836378037938
300175.XSHE,0.0015260902869592878
300297.XSHE,0.040864727949025556
603838.XSHG,-0.00266631735375315
300184.XSHE,0.019278958268698167
603819.XSHG,0.0025865155818786192
603699.XSHG,0.003948825902539609
000413.XSHE,-0.000907162861619397
003015.XSHE,-0.002047686561546846
300244.XSHE,-0.025200594965303084
603963.XSHG,-0.00363309461934284
688093.XSHG,0.0006319645521186052
300385.XSHE,-0.014791201361392628
603126.XSHG,0.0023914325954877704
603260.XSHG,-0.011059895728654982
688008.XSHG,-0.016459203622713487
300732.XSHE,-0.0126646598148679
688018.XSHG,0.0639828200286186
600260.XSHG,0.00996777084846022
002793.XSHE,0.01283588695666483
300177.XSHE,-0.07863407445207149
603169.XSHG,0.0008654574877897153
002645.XSHE,0.00659613010585015
300171.XSHE,0.02470117008454634
000801.XSHE,-0.0003413578498437438
002125.XSHE,0.006581291070732873
603227.XSHG,-0.003018252656268123
300541.XSHE,-0.008955534119831333
603639.XSHG,-0.005329419594876537
002858.XSHE,-0.0049286097441927305
002706.XSHE,0.019962771771786132
300630.XSHE,-0.08580069012886649
600566.XSHG,0.004186239990634925
600173.XSHG,-0.0034232237948721225
300737.XSHE,0.007081980399336654
000821.XSHE,-0.010021659079999287
300278.XSHE,0.0018644347759641114
300864.XSHE,-0.005834348456862519
600875.XSHG,0.0009517445376010666
688020.XSHG,-0.01702399231982044
002749.XSHE,0.019351972146931566
000985.XSHE,-0.035231233591594316
600888.XSHG,-0.014001210200378391
002745.XSHE,-0.01033091012683846
601177.XSHG,-0.0013120385635659055
300327.XSHE,-0.033610181113417806
000712.XSHE,0.01596843076094237
603085.XSHG,-0.0021651738045352113
002421.XSHE,-0.003340371709340868
002354.XSHE,0.0022929041238717975
300673.XSHE,-0.021750870916550268
300029.XSHE,-0.005879641421129051
600962.XSHG,0.0017538407676675138
601918.XSHG,-0.0018127971419024242
603995.XSHG,0.007374296529395766
000810.XSHE,-0.015149992663560678
300265.XSHE,-0.01445317410467942
300292.XSHE,0.0255414758676797
300035.XSHE,-0.04776920246792339
300727.XSHE,-0.0009070716662783972
600446.XSHG,0.06625106106491256
601021.XSHG,0.01789202253328412
000928.XSHE,-0.0009368269698552965
600983.XSHG,-0.016691389998611843
600030.XSHG,0.021613158176027707
688002.XSHG,-0.01870532260266696
603331.XSHG,-0.003008393543627316
000400.XSHE,-0.05995167937856516
600651.XSHG,0.614195631437158
300154.XSHE,-0.0314376272504766
601169.XSHG,0.0007401289330540322
002050.XSHE,0.016539089105342457
002919.XSHE,0.012949502780287546
600096.XSHG,-0.003196520372386184
000695.XSHE,-0.0006601149728808903
688065.XSHG,0.010463777518345648
300828.XSHE,-0.017868510451364557
002695.XSHE,0.007549072181117131
002801.XSHE,0.006761219917409652
300407.XSHE,-0.03107220324135971
300447.XSHE,-0.008633434658742554
603009.XSHG,-0.0036928708239645385
300414.XSHE,-0.058739476566395256
300641.XSHE,-0.007751709307783013
688026.XSHG,0.015335227618515987
300457.XSHE,-0.05092289228526973
603303.XSHG,-0.008443045666350487
300578.XSHE,-0.01053944079533532
600393.XSHG,-0.001631807623408395
600177.XSHG,-0.038327972186959575
000987.XSHE,0.023279111012383214
002085.XSHE,-0.02966252653347381
002247.XSHE,0.0015559530402630946
603187.XSHG,-0.031397256793257666
600216.XSHG,0.03293939512482758
002548.XSHE,-0.0010087564795178098
603789.XSHG,-0.0024748105612816085
002407.XSHE,-0.06621365322335412
000929.XSHE,-0.00349493007306753
600989.XSHG,0.003942611098957281
688398.XSHG,0.02202001290948599
601186.XSHG,0.0013488537934455431
000858.XSHE,0.24951315817602449
300575.XSHE,-0.020587177588963987
600961.XSHG,0.0016219783083841971
300532.XSHE,0.0009707295430623698
600243.XSHG,-0.0009732391289939794
300466.XSHE,-0.01772875449019541
600343.XSHG,0.009760562419788822
002623.XSHE,-0.022822668691326067
601577.XSHG,0.0006886943690877867
300118.XSHE,-0.03846719061232754
600644.XSHG,-0.0059698641456236295
002551.XSHE,0.018084860321307843
688003.XSHG,0.00327670131133689
000977.XSHE,0.13343561098887174
300143.XSHE,-0.01208609276853395
300486.XSHE,0.008965195044208967
300080.XSHE,-0.0024968239910827493
300274.XSHE,-0.4368207528607936
002786.XSHE,-0.0030588852558283385
300733.XSHE,-0.00600799921454025
300440.XSHE,0.0021132283625702212
688301.XSHG,0.0015109618351464757
001965.XSHE,-0.0005131716249301904
002065.XSHE,0.08299593863005653
600054.XSHG,-0.0008745854892865118
002630.XSHE,-0.002959303644145499
000563.XSHE,-0.0027016986527639278
300626.XSHE,-0.01198218048936489
603536.XSHG,0.0043192026822528595
000055.XSHE,-0.0049112349172007585
603377.XSHG,-0.0003782252417161746
002258.XSHE,0.017408067273388034
600502.XSHG,0.0022349381124377923
300288.XSHE,-0.017242592170689245
002299.XSHE,-0.027860526163778335
601069.XSHG,-0.0025207212085763516
300861.XSHE,-0.011959437040794735
603444.XSHG,-0.002925492285297666
000537.XSHE,0.004017389288013946
300174.XSHE,0.006173909007106163
601777.XSHG,-0.0033557023507308605
002179.XSHE,-0.07906660822035447
603217.XSHG,0.0005907204597759429
600615.XSHG,0.2606649911787963
000030.XSHE,8.413034475733398e-05
600685.XSHG,0.018612328116808262
600389.XSHG,0.0030680192406595894
600693.XSHG,0.002798031357831896
300135.XSHE,-0.017143140980533936
603776.XSHG,0.011686300757734679
300387.XSHE,0.0019847416728471434
600790.XSHG,-0.0031026194836110575
300423.XSHE,-0.02720007615998585
600560.XSHG,-0.010389184252360791
600408.XSHG,-0.0015222830848744576
300815.XSHE,0.027067217947918755
002921.XSHE,-0.008068858700303437
002164.XSHE,-0.017671472012687185
600498.XSHG,0.03767388195868165
688011.XSHG,0.02238701779847899
300674.XSHE,0.01192592828852404
000702.XSHE,-0.0027781969552424565
600273.XSHG,-0.000800061233031833
300036.XSHE,-0.002859744914880665
300392.XSHE,0.0003710020838745575
603379.XSHG,0.003884818708405724
300793.XSHE,-0.007155243149774332
601990.XSHG,-0.0026288098391665416
000333.XSHE,-0.203086841823972
002467.XSHE,-0.0057832554856572975
002291.XSHE,-0.027707300739587548
600168.XSHG,-0.002331723583268503
002357.XSHE,-0.007518489063543845
002107.XSHE,0.025531842914463573
600363.XSHG,0.02035187633372479
002345.XSHE,0.0012672218126858902
002740.XSHE,-0.0019474067149137554
000861.XSHE,-0.011923910619231868
603920.XSHG,-0.012697339444728752
300664.XSHE,-0.002144896521557702
601799.XSHG,-0.07128151433034584
000587.XSHE,0.0007008915371993921
600977.XSHG,0.0025407260732156654
002475.XSHE,-0.5321868418239739
002539.XSHE,-0.021269133053497986
688488.XSHG,0.005873186562306161
600107.XSHG,-0.0006436263684151927
600120.XSHG,0.04066682859917419
600528.XSHG,-0.0024840725056150532
688100.XSHG,-0.0025354720987841133
600501.XSHG,0.0205428525949765
000686.XSHE,0.00748396409093277
002772.XSHE,-0.0027013135594085406
300890.XSHE,-0.02152459905819011
300055.XSHE,0.01263121013978869
300310.XSHE,0.004363844866313417
000498.XSHE,-0.0005590732293316134
300593.XSHE,-0.00971653045737024
000156.XSHE,0.000588448302366928
600301.XSHG,-0.0063980870030969925
002612.XSHE,-0.01886591402893692
002327.XSHE,-0.001645156112490841
603689.XSHG,-0.0028329821892736614
600183.XSHG,0.025601495813543346
000419.XSHE,-0.00556230514253476
600426.XSHG,-0.06121743962355207
000625.XSHE,-0.07609688321889396
603115.XSHG,-0.001905678110262557
600112.XSHG,-0.0036527087747142226
600594.XSHG,-0.0002478201228887666
603387.XSHG,0.028769151454597033
603667.XSHG,-0.006725413752669305
300352.XSHE,0.010231937715550747
300285.XSHE,-0.1087544903238973
002374.XSHE,-0.006462432047698798
600072.XSHG,0.009136788605168566
600080.XSHG,-0.002659578524509147
605222.XSHG,-0.002304760645159284
600650.XSHG,0.0019313698127453333
000560.XSHE,5.581861742151887e-05
300251.XSHE,0.04631941028995846
300650.XSHE,0.007967056208504346
300882.XSHE,-0.017177496140738338
600880.XSHG,0.033104078970779785
002120.XSHE,-0.0319506795491574
600206.XSHG,-0.013554992328640783
600731.XSHG,0.004254004545393833
003000.XSHE,0.0019423801569743273
600428.XSHG,-0.01049064106564755
603778.XSHG,0.0017142227597764085
002815.XSHE,0.015294087986705679
605066.XSHG,-0.00020718934978361742
003007.XSHE,0.003584682718129763
002307.XSHE,-0.0023676293457273435
000813.XSHE,-0.004708567828225709
000421.XSHE,0.020921103496448316
300375.XSHE,-0.045372897748089586
600055.XSHG,0.0449920856399352
002558.XSHE,-0.005107024682411776
000503.XSHE,0.0306952688321995
688368.XSHG,0.021867329563652196
601827.XSHG,-0.001359570752756231
603607.XSHG,0.0013316310795140297
600870.XSHG,0.010303021725943495
000868.XSHE,-0.007522403696337157
603690.XSHG,0.012218459393346839
002734.XSHE,0.014405624668002048
000070.XSHE,0.011056020642306081
000815.XSHE,0.0010379545990180927
601200.XSHG,-0.0015036836577190628
603233.XSHG,-0.01568717295702534
000605.XSHE,-0.0013087885976673364
600482.XSHG,0.023826847142296173
600111.XSHG,0.0038488962066105152
000166.XSHE,1.3158176027777734e-05
300312.XSHE,-0.006487441209356969
300024.XSHE,-0.04103557083994862
600630.XSHG,0.0040090177040677764
600917.XSHG,-0.0011796458602294198
603712.XSHG,0.01604755304736922
002405.XSHE,0.019176051872635626
002445.XSHE,-0.0003248793566823834
002999.XSHE,-0.002388905568467042
600526.XSHG,0.003767402329748594
002595.XSHE,-0.021794936338623092
600760.XSHG,-0.05372395872361934
003009.XSHE,0.024768403110038785
300872.XSHE,-0.011602146593749706
603997.XSHG,-0.007370698643943539
000636.XSHE,-0.23226312353708806
300006.XSHE,-0.005676009911329898
002028.XSHE,-0.046465610245547774
000028.XSHE,0.04355159604930543
603099.XSHG,-0.0006536778605683328
300538.XSHE,0.01683899669097098
002660.XSHE,-0.01019002095368528
002940.XSHE,-0.016894024456341084
601128.XSHG,-0.0023351367997242966
600079.XSHG,-0.21592522069536838
002705.XSHE,-0.06850113871949527
000534.XSHE,-0.008231716927090746
000619.XSHE,-0.0045979913264370025
000630.XSHE,-0.0034649744676056205
002161.XSHE,0.019457336950906734
002162.XSHE,-0.0011517051417763828
300018.XSHE,-0.013409016583547127
300395.XSHE,0.06797472136203402
002806.XSHE,-0.004641686280869012
688390.XSHG,-0.03156419533232965
600308.XSHG,-0.0002750409620226697
300467.XSHE,-0.013843172284347907
300901.XSHE,-0.002788580427875711
688569.XSHG,0.0018157201879185699
000723.XSHE,-0.004597312518778226
603328.XSHG,0.0026903056631322098
600346.XSHG,-0.03688684182397224
603629.XSHG,-0.00304127344722738
688056.XSHG,-0.0012785718901293926
002700.XSHE,0.0030161828911657537
002069.XSHE,-0.005164248746444479
601696.XSHG,0.0024452397760814184
600559.XSHG,-0.08250372264390317
300833.XSHE,0.0006052833011705241
300618.XSHE,-0.020804881619098384
600558.XSHG,-0.0031814611090692302
603185.XSHG,0.026853025663547636
603136.XSHG,-0.015628666646525333
600160.XSHG,-0.001882834018762939
002361.XSHE,0.0040874170938354805
688033.XSHG,0.0020639918906305106
600337.XSHG,0.024844161748375886
600778.XSHG,0.0006957678808397912
688118.XSHG,0.006184823961841737
002283.XSHE,-0.0027609583163102107
000616.XSHE,-0.005183390812217295
300172.XSHE,-0.004990920413257339
601599.XSHG,-0.0025074858132790485
600119.XSHG,-0.0001561843116312427
600225.XSHG,-0.0026141759356568305
000407.XSHE,-0.003401995779975392
601606.XSHG,0.0033536410964071796
603317.XSHG,0.010114225640569699
002883.XSHE,0.002368955483411181
601311.XSHG,-0.007648308650584077
300072.XSHE,-0.05188307934645786
000610.XSHE,0.0029314760103503045
688036.XSHG,0.0005590857273515247
300138.XSHE,-0.09509645468618119
300148.XSHE,-0.005808151793532846
605001.XSHG,0.0017509931757026633
600587.XSHG,-0.03212444874343907
600734.XSHG,-0.0018305122482965388
300463.XSHE,-0.036536829220023735
000726.XSHE,0.03000290712101545
603353.XSHG,0.024962183236731494
600226.XSHG,0.012469738874076533
300548.XSHE,0.011464984098904908
300702.XSHE,-0.00452396729563494
601555.XSHG,-0.0004230251828954793
688277.XSHG,0.016722379745508213
002747.XSHE,-0.10108222874437187
002534.XSHE,-0.008793787535969147
000719.XSHE,-0.0016150977645505934
600820.XSHG,-0.017895218312950927
002891.XSHE,-0.012855423591527169
603678.XSHG,0.027570286596491883
600606.XSHG,-0.02671224099809139
002296.XSHE,0.0047957857357512935
002271.XSHE,-0.10295444108986096
002703.XSHE,-0.003967617572660449
688157.XSHG,-0.031156149190214314
002978.XSHE,-0.006737700454359282
000679.XSHE,-0.00019687089963947666
002212.XSHE,0.02165474018007539
300330.XSHE,-0.0008070694020368223
300772.XSHE,-0.0033944932414327967
300017.XSHE,-0.005429611221290169
601988.XSHG,0.0008131581760277787
603608.XSHG,0.0009223120681553648
601688.XSHG,0.010813158176027762
002613.XSHE,-0.0076588124003493085
300758.XSHE,0.001037847224601021
000826.XSHE,0.0004319448848247021
300712.XSHE,-0.011784943678713385
600781.XSHG,-0.0010899130661720367
300273.XSHE,0.010935454366346607
688266.XSHG,-0.018154260874038652
002298.XSHE,0.008723594083747576
000558.XSHE,-0.0040731745302183126
000836.XSHE,0.003090059596411305
300665.XSHE,-0.017687010610186554
603398.XSHG,-0.02863302505429775
600449.XSHG,0.012242457691556116
002625.XSHE,-0.020608073943638647
002097.XSHE,0.008233548948358167
000828.XSHE,-0.0018058303880156491
300397.XSHE,0.009857070491939065
300083.XSHE,-0.012666565520022887
002637.XSHE,-0.0058429035470658084
002023.XSHE,0.05106937447420721
300120.XSHE,0.004350892457463416
000596.XSHE,-0.08209035109363697
300420.XSHE,-0.020852157460625496
000519.XSHE,0.03563558493849392
600529.XSHG,0.20451999829784426
002856.XSHE,-0.02255727687566857
603871.XSHG,-0.006843356167154385
600306.XSHG,-0.0009104405818770481
002799.XSHE,-0.005336395419802292
600309.XSHG,-0.33348684182397276
600892.XSHG,-0.004124810092876785
002671.XSHE,-0.004130708266646445
600628.XSHG,0.18017054003027042
002253.XSHE,-0.009539883694741668
300235.XSHE,0.012278488669270709
300241.XSHE,-0.004950022442158803
300642.XSHE,-0.026312585608192458
688369.XSHG,0.028634745007972476
000892.XSHE,-0.0013698721904702679
002715.XSHE,0.0018506444889775128
688181.XSHG,0.0130485219072936
600696.XSHG,0.003481709308430302
600217.XSHG,-0.003414897128334862
603566.XSHG,0.010980056100244339
603178.XSHG,-0.006091501553108366
300683.XSHE,0.021347643216517786
600918.XSHG,0.00527021244172662
002926.XSHE,-0.0008062241146238143
600007.XSHG,-0.0027067588118501905
600436.XSHG,0.07931315817602923
600416.XSHG,0.006602533287630759
603918.XSHG,-0.02419785571271045
300788.XSHE,-0.026984440285300934
002712.XSHE,-0.0008060394456273462
002308.XSHE,0.006796970248228303
002510.XSHE,0.0042650685015213855
002493.XSHE,-0.05288684182397218
600596.XSHG,-0.011392583280888404
300721.XSHE,-0.013136195809778985
002429.XSHE,-0.007592369318244267
002792.XSHE,0.01751544026597559
688508.XSHG,-0.03314549871737151
300821.XSHE,-0.0022045113633143458
000677.XSHE,0.01571940463182758
002693.XSHE,0.0023768497102499733
300179.XSHE,-0.010667813379153505
600006.XSHG,-0.02244541357572932
000635.XSHE,-0.006972142973283232
600908.XSHG,-0.0019776190917524823
601881.XSHG,-0.004486841823972233
603028.XSHG,0.004459111147104709
603987.XSHG,0.00889634749547514
002950.XSHE,0.0034371610639572737
300615.XSHE,-0.022481926453107207
000571.XSHE,0.010375008439178001
000423.XSHE,-0.08686257868139356
002867.XSHE,-0.034195520180502065
603063.XSHG,-0.006826117179818567
002555.XSHE,0.04230567545539869
600390.XSHG,0.009085051538080868
600837.XSHG,0.012213158176027732
003001.XSHE,0.011127515297408807
002559.XSHE,-0.005138136485731165
002568.XSHE,-0.009584592925530468
300607.XSHE,-0.000998643104689702
600620.XSHG,0.6136491487822883
601872.XSHG,0.002668197220387031
603286.XSHG,-0.007513741382336502
600452.XSHG,0.02852510554919827
002058.XSHE,0.01675047515657565
000915.XSHE,0.001607258872610094
600866.XSHG,0.0020899383212326507
600208.XSHG,0.005774606531176351
002215.XSHE,0.0013356977922765825
603077.XSHG,-0.002549771032619169
300743.XSHE,-0.013571827793376475
002213.XSHE,-0.0017924075935482576
002246.XSHE,-0.00300156166444136
300071.XSHE,-0.011558121772459408
601898.XSHG,6.966406966822571e-05
300893.XSHE,-0.006557739216439248
601933.XSHG,-0.0040223498303632275
600523.XSHG,0.0037595930326952205
600600.XSHG,-0.018071146118997346
600864.XSHG,0.0031334635195494186
603086.XSHG,0.004596442282489488
300632.XSHE,-0.012238780082590404
688579.XSHG,0.005146186101991584
300819.XSHE,-0.006087524223304445
300451.XSHE,0.0004963363861239764
300475.XSHE,-0.0029053955475287466
600929.XSHG,-0.0023322241852703407
300230.XSHE,-0.014117957656751416
002395.XSHE,-0.0007534146779617414
002826.XSHE,0.0003887400586138094
601077.XSHG,0.0005300189239698123
603087.XSHG,0.0030883518395168324
002391.XSHE,0.0025291875373184285
600530.XSHG,-0.0006559946482196724
300151.XSHE,-0.06869806394191351
300087.XSHE,-0.05685474473670415
601939.XSHG,0.0012131581760277687
300383.XSHE,0.011749143360761096
002217.XSHE,0.01093573517793506
300337.XSHE,-0.0049422455363488235
603520.XSHG,0.01257383046040482
600083.XSHG,-0.0006084593051422474
600323.XSHG,0.011762977600200872
000761.XSHE,-0.0005173877768710977
603901.XSHG,0.0016167684982629363
300709.XSHE,0.05081579589604523
601668.XSHG,0.0012131581760277687
000010.XSHE,-0.015598020653175986
603611.XSHG,-0.005315145459297259
002721.XSHE,-0.0009691215063606555
600232.XSHG,-0.0004447100873430608
603023.XSHG,-0.00737086213450323
603030.XSHG,-0.000537350618967682
300682.XSHE,-0.007097962559958384
603936.XSHG,0.002891525570119833
002852.XSHE,-0.016787292207965005
600439.XSHG,-0.0007361006462151944
603727.XSHG,0.002258029631181416
601188.XSHG,-0.0020442796247194845
600329.XSHG,0.010873088183618254
002160.XSHE,-0.002248566278515147
002063.XSHE,0.006796561081569994
603779.XSHG,-0.006168716505708926
002750.XSHE,0.022191294717519558
000971.XSHE,-0.00028688640705040735
603737.XSHG,-0.04385735628386974
601598.XSHG,-0.003648380978894053
002401.XSHE,-0.009201115700530652
300740.XSHE,-0.0018317567135375658
000976.XSHE,-0.0005898993019573126
600370.XSHG,0.004722418505762742
000918.XSHE,-0.00010891461318582427
002464.XSHE,-0.0007949133196582963
600547.XSHG,-0.09760710754573985
600213.XSHG,-0.00771398290650142
300873.XSHE,-0.01013644412666856
300460.XSHE,-0.004676016793437269
300474.XSHE,0.0585898804067805
600275.XSHG,-0.0007166211677607942
000848.XSHE,-0.014472403138549814
300149.XSHE,0.01757477402304994
603900.XSHG,-0.006267054725507202
002584.XSHE,0.006113379039797685
600819.XSHG,-0.0061899808659989135
600843.XSHG,0.0005286601599857024
603121.XSHG,-0.005183069927015336
300756.XSHE,-0.01881115907252722
688357.XSHG,-0.0076874277463817265
000739.XSHE,0.02955937953598308
300122.XSHE,0.005513158176027003
300408.XSHE,-0.03406585088006719
002404.XSHE,-0.010178821821617449
603033.XSHG,0.016109315269065495
300248.XSHE,0.023387579845369315
600647.XSHG,0.024766184611692492
600826.XSHG,-0.0013945565127765657
300253.XSHE,0.16167697957151672
300478.XSHE,-0.007876063099515072
300860.XSHE,0.019747914006184905
600064.XSHG,0.04817342955044986
600713.XSHG,0.00529236936540846
603016.XSHG,0.0027954691671756857
600269.XSHG,-0.0015206618160726038
603501.XSHG,-0.12788684182397217
600987.XSHG,-0.0023993226985384434
603477.XSHG,0.0035554243636442776
000031.XSHE,0.003089751599851377
600493.XSHG,-0.004428689693635888
600409.XSHG,-0.010460328606139777
601199.XSHG,-0.000902953318692128
300619.XSHE,-0.05057794767339749
300675.XSHE,-0.005277260985584617
300720.XSHE,-0.0408884599670327
000902.XSHE,0.002308213859918733
603680.XSHG,-0.0018561140075603719
000949.XSHE,-0.0030479904061730045
688007.XSHG,-0.002368372272156947
000638.XSHE,-0.002355811640985851
000668.XSHE,-0.004117763464856721
300701.XSHE,-0.002415151164592501
300099.XSHE,-0.00032583235284314583
002015.XSHE,-0.025496327781017177
300747.XSHE,-0.019811325236969216
300224.XSHE,-0.014568724611792589
000639.XSHE,0.033082613385868195
002044.XSHE,0.06423998234652345
603979.XSHG,-0.006640212474170593
002644.XSHE,0.006846762623976809
002369.XSHE,-6.794328758495021e-05
300444.XSHE,-0.006550988976604777
000883.XSHE,-0.0020524327647025906
000970.XSHE,0.01794755501037134
300537.XSHE,-0.017086395087944354
601865.XSHG,-0.032076420739750915
688001.XSHG,-0.009856452733600966
002451.XSHE,-0.011806887632852182
600519.XSHG,0.0707131581760416
002531.XSHE,-0.00029067653546814315
002537.XSHE,0.01018937665089161
002664.XSHE,-0.04465523312785279
002778.XSHE,-0.005446275164692361
300617.XSHE,-0.05772138361122965
603200.XSHG,-0.01013043485026151
600488.XSHG,0.010960045139687619
002781.XSHE,-0.0070070448909475575
002119.XSHE,0.0020817056555199175
600583.XSHG,0.013135274588309728
300470.XSHE,-0.007404151642548025
300449.XSHE,-0.005981222362242118
600138.XSHG,-0.007497197400753931
603609.XSHG,0.002094665097097044
600846.XSHG,0.043294813646629945
600885.XSHG,0.005388892227965882
002682.XSHE,-0.0027015476271328763
000799.XSHE,-0.012550894161444523
300700.XSHE,-0.03329821193118606
002013.XSHE,-0.055640270826409106
688055.XSHG,-0.0023792551840527707
603628.XSHG,-0.0053734974678051346
002060.XSHE,-0.0028882174919852774
002415.XSHE,-0.16118684182397258
002753.XSHE,-0.0010001463887468586
002455.XSHE,-0.007393767430888917
300643.XSHE,-0.005907779560673726
600694.XSHG,0.004327266392113241
688179.XSHG,-0.0051254035801280035
002762.XSHE,0.006063863069628578
002146.XSHE,-0.0014101902456939595
601566.XSHG,0.004119369312626765
300648.XSHE,-0.017311352901945378
603803.XSHG,-0.0026171832005783525
605399.XSHG,-0.0003342483270292714
002272.XSHE,0.00046404329952461423
002086.XSHE,-0.004348756680952549
600830.XSHG,0.016643291752089694
002976.XSHE,-0.032793377493738084
300503.XSHE,-0.0207838356746259
603787.XSHG,-0.01881976901267836
603315.XSHG,-0.0014104947681088881
300093.XSHE,-0.0061099633753893545
002675.XSHE,0.032335959223737824
300127.XSHE,-0.0018693446625178175
000887.XSHE,-0.03901392510045024
002288.XSHE,0.008624416084047569
002167.XSHE,-0.0007129067193240408
002172.XSHE,-0.002167193704977645
603269.XSHG,-0.0020401321763238297
603002.XSHG,-0.0035625988899294645
600986.XSHG,-0.003964139531499389
002297.XSHE,0.004553051685779899
000899.XSHE,0.0010359806421770053
002273.XSHE,0.039465524939212904
600919.XSHG,0.0009171540716232532
688106.XSHG,0.008276683983594447
300082.XSHE,-0.00011491329333797209
300275.XSHE,-0.009623808738253322
300531.XSHE,0.007035919861004465
603078.XSHG,0.031420845007017424
603879.XSHG,-0.004901300397672725
000553.XSHE,0.007740109826020538
002181.XSHE,0.0014330895214721099
603619.XSHG,-0.0025784490756621454
688228.XSHG,-0.00108079205023825
300543.XSHE,-0.007375837001327488
600775.XSHG,-0.0005019656389006928
000798.XSHE,-0.0015263319427255176
000576.XSHE,-0.02673696960223604
002121.XSHE,0.013525002703264245
002788.XSHE,-0.0025826867213521046
300359.XSHE,-0.016045868911918656
002470.XSHE,-0.0008326664209608418
600331.XSHG,-0.002971603159167707
002088.XSHE,-0.02163800899216109
002907.XSHE,0.001481022121594097
603390.XSHG,-0.0009206839123005902
601016.XSHG,-0.00162802478673866
300034.XSHE,0.004289308262658673
603950.XSHG,0.008634756931659165
601975.XSHG,-0.0009286852123169311
002037.XSHE,-0.00846417303831786
603969.XSHG,-0.003706937078744186
300214.XSHE,-0.015224499803929583
002609.XSHE,-0.015277891632564676
002611.XSHE,-0.007184922458058072
600467.XSHG,0.0014757022209550175
688268.XSHG,0.015734150343909202
600667.XSHG,0.01764584701347448
000151.XSHE,-0.005327710134000961
002046.XSHE,-0.006013893146993403
603555.XSHG,-0.0032194101062476724
002663.XSHE,-0.00046079974485580596
600203.XSHG,-0.007573929968740643
600928.XSHG,-0.000367271799819843
688289.XSHG,0.04637497803908258
002959.XSHE,-0.04044015650864765
300215.XSHE,0.01681736529002105
002216.XSHE,0.017082824495864884
603659.XSHG,-0.019296156970563683
002090.XSHE,0.013099496592514668
300797.XSHE,-0.005481066266885938
300021.XSHE,-0.009422059326238347
600770.XSHG,0.0025870978232319687
600816.XSHG,0.024679213693624667
600114.XSHG,-0.005763192527800416
600088.XSHG,0.011590954889976773
300040.XSHE,-0.023540821264925106
000590.XSHE,-0.0006318907267386631
000609.XSHE,0.001212713120780919
600520.XSHG,-0.004799640820475584
600585.XSHG,-0.010486841823972087
000852.XSHE,0.0027414599898431713
300847.XSHE,0.002728327063930467
600674.XSHG,0.008017705432875962
300621.XSHE,-0.004123019430436077
000667.XSHE,-0.009083466581580938
300282.XSHE,0.006413616096716516
300123.XSHE,-0.004109126947158652
002091.XSHE,-0.019803407026210106
300499.XSHE,-0.02731064215490243
603801.XSHG,-0.009745371887517382
000825.XSHE,0.0008017260636650021
300011.XSHE,-0.022211638604493558
002303.XSHE,0.005724204550337605
002859.XSHE,-0.0004413372175945115
002736.XSHE,-0.0011868418239722324
002529.XSHE,-0.0008260239320927419
688519.XSHG,0.008619487735157853
600463.XSHG,0.0010039489117288553
002234.XSHE,-0.005010857929928908
002277.XSHE,0.007084972525447431
002739.XSHE,0.011914627788573856
002074.XSHE,-0.05069758863719094
002236.XSHE,0.030208463956098396
605003.XSHG,-0.001475571342622664
603928.XSHG,-0.0020891808866170055
002226.XSHE,0.01029320585487613
300132.XSHE,0.016417157272674662
000417.XSHE,-0.009553207898664559
600200.XSHG,0.022216599678957262
000521.XSHE,-0.0005253556735245637
002439.XSHE,-0.020143744037847754
600540.XSHG,-0.0018894518881406245
603439.XSHG,0.012054555845409723
000158.XSHE,-0.0015309241029099448
601512.XSHG,-0.0008832510184112289
600856.XSHG,-0.006983681057321316
600310.XSHG,0.00444129877759784
300671.XSHE,-0.015787806047012527
300506.XSHE,-0.011894469544679208
002925.XSHE,-0.03317245498523014
002785.XSHE,-0.004909157314162849
600618.XSHG,0.013714602613768473
603421.XSHG,0.0005867559433042526
600518.XSHG,0.05338566463138902
600831.XSHG,-0.014115427358315145
605166.XSHG,0.0007764110662329018
002360.XSHE,9.657869647892309e-05
603011.XSHG,-0.002988858537436301
002444.XSHE,-0.07434902523946921
300669.XSHE,0.0007001090361796677
002270.XSHE,-0.0015407860069613349
600649.XSHG,0.014173381568536616
600660.XSHG,-0.5677768709449773
601288.XSHG,0.0008131581760277787
605118.XSHG,0.0014709157041832809
002602.XSHE,0.05795240321203397
300581.XSHE,-0.013935111940231594
000925.XSHE,-0.0011983748192668673
002490.XSHE,-0.00633840609858596
600016.XSHG,0.020013158176027744
600515.XSHG,0.0019567251850304964
000932.XSHE,-0.0006802517089536408
600573.XSHG,-0.0028899706322205775
600748.XSHG,-0.0006648625647054914
600847.XSHG,-0.003516268828125171
002149.XSHE,0.0008699503324766347
600367.XSHG,0.0007683797616888062
688516.XSHG,-0.0036672455516581666
601127.XSHG,-0.0019129933108720614
000791.XSHE,-0.0019623933486813162
600091.XSHG,-0.0005056019784224243
300445.XSHE,-0.03806490090124641
601211.XSHG,0.007413158176027761
600653.XSHG,-0.0022534299673922565
002411.XSHE,0.01193143469868767
600115.XSHG,0.0019691502306206973
603810.XSHG,-0.0016507632549665697
600933.XSHG,-0.004353163781518344
300109.XSHE,0.012525795814611732
600004.XSHG,0.013402508715304517
300110.XSHE,0.004889475029579431
600691.XSHG,-0.0038712479668844375
000046.XSHE,-0.017624826818140454
002130.XSHE,-0.009869822005552507
603006.XSHG,-0.003601086962197683
002473.XSHE,-0.004565996769790635
300401.XSHE,0.029429616535963307
000965.XSHE,-0.0022654396138597943
300258.XSHE,0.00702670917494535
600355.XSHG,-0.00018328702947371153
688019.XSHG,0.11809719408217405
300552.XSHE,0.018024409503179607
002652.XSHE,-0.006821887517738255
002961.XSHE,0.0007601257528466632
600525.XSHG,-0.010372680283154799
002315.XSHE,-0.004438376395297707
002583.XSHE,0.013002291688155955
600861.XSHG,0.013365924521736095
002214.XSHE,0.019338251137823406
603138.XSHG,0.019889943150955266
002812.XSHE,-0.15324622736648996
600818.XSHG,-0.006088034046965125
300567.XSHE,0.10492947880861493
300539.XSHE,-0.0107276787548772
300663.XSHE,0.015255204347301323
688256.XSHG,0.029476574721484967
002650.XSHE,-0.013695883281085081
603929.XSHG,0.0017340981819163855
300239.XSHE,-0.003840013965649579
300661.XSHE,-0.5342526374916158
300623.XSHE,-0.040468350613715454
600170.XSHG,0.004270710765414056
600348.XSHG,-0.002189792727803004
000756.XSHE,-0.004496859399666297
300536.XSHE,-0.010358759588713524
300056.XSHE,0.007207338007717593
600539.XSHG,-0.001090618258539509
603886.XSHG,-0.00534550904053256
002876.XSHE,-0.023110809359609536
300780.XSHE,-0.0113538626189475
300805.XSHE,0.00042353579274606655
600746.XSHG,0.004870206783595575
300493.XSHE,-0.020465059623320608
002536.XSHE,-0.00907332389408684
603728.XSHG,-0.002833452137104648
600249.XSHG,-0.0034923330622337865
601965.XSHG,-0.0037517302884358655
002387.XSHE,0.0062988605414788235
002320.XSHE,0.005140836662756833
601801.XSHG,0.0005990338892675115
300396.XSHE,0.01270821882618823
002078.XSHE,0.041610105904314666
600807.XSHG,0.0034936376920957093
600590.XSHG,-0.0019527761226818964
002920.XSHE,-0.03548431380385043
600063.XSHG,0.00382031353898805
600757.XSHG,0.002999155451612763
000961.XSHE,0.003682582609223323
300610.XSHE,0.00636556339822806
002820.XSHE,7.347985784166879e-05
000703.XSHE,-0.035292723846811605
688366.XSHG,0.014197536475198143
000589.XSHE,-0.0035731016747393195
002563.XSHE,0.012894566431242583
002098.XSHE,0.0003496468625743426
600192.XSHG,-0.002297508278107224
000008.XSHE,0.019910404905145233
300633.XSHE,0.00490743398561703
600556.XSHG,0.03968741733383792
600582.XSHG,0.002695342638560949
603515.XSHG,-0.0033657437315796892
300687.XSHE,0.012111203571168214
603577.XSHG,-0.003897325120253643
300534.XSHE,-0.012791707381523123
002406.XSHE,-0.005022206713031842
300213.XSHE,0.015582245319015763
300455.XSHE,0.022461101283021784
002982.XSHE,-0.014992000827678379
002290.XSHE,-0.004947012762376024
600997.XSHG,-0.0011291237197871146
000708.XSHE,0.01455418670520076
300629.XSHE,0.0019449863753940133
601811.XSHG,0.0035826597672558354
300559.XSHE,-0.030948585945808932
002667.XSHE,-0.0039045743615643853
300837.XSHE,-0.012821415503449573
300513.XSHE,-0.019227447464490663
000875.XSHE,-0.0010794686336006965
600321.XSHG,0.002283132341804873
603726.XSHG,-0.00917286184048274
002957.XSHE,0.0033083805515296463
002683.XSHE,-0.004768883395103793
002681.XSHE,-0.006662325610091388
300005.XSHE,0.013860190111619857
600604.XSHG,0.1197466684253683
603598.XSHG,-0.0076257369021128394
603716.XSHG,0.017722628198944643
688123.XSHG,0.009804295484832264
688559.XSHG,-0.013569737965412531
300512.XSHE,0.00438059451161815
002227.XSHE,-0.024837389529841925
002845.XSHE,0.012738573849480645
601958.XSHG,-0.0005736694128520841
002095.XSHE,0.025358458041420104
600122.XSHG,-0.0002631963454034288
688050.XSHG,-0.021178170815481855
300300.XSHE,0.00798641303718414
000720.XSHE,0.0060178549192186365
603188.XSHG,-0.0049497324982942965
300436.XSHE,0.0007984445539500856
601997.XSHG,0.0005954255912714988
600589.XSHG,0.0021498804172024513
605111.XSHG,0.0018865621891958637
603318.XSHG,-0.005964190667299748
300812.XSHE,0.0036300228499739793
600038.XSHG,-0.023525353018660752
688089.XSHG,0.022010918306406536
300332.XSHE,-0.0027087607208342445
300464.XSHE,0.001324022931772678
300323.XSHE,-0.004666796584479962
300412.XSHE,0.007207499733059057
601101.XSHG,0.0037584009884677983
300313.XSHE,-0.006471022970199156
002157.XSHE,0.024704569941482696
300735.XSHE,0.005952783475666873
688598.XSHG,-0.030153120116231367
002656.XSHE,-0.0010609788873224973
300693.XSHE,-0.01899886686332589
002997.XSHE,-0.004591629771631368
002698.XSHE,0.002672224782272915
603301.XSHG,0.03738506367362414
603488.XSHG,-0.005478165787975404
002232.XSHE,-0.005733349154623817
002601.XSHE,-0.025970041932512535
601229.XSHG,0.0005458081166731164
002787.XSHE,-0.0035529337573266314
603258.XSHG,0.03916904729530406
300388.XSHE,0.0016891226899438474
002137.XSHE,0.005454520874612519
600784.XSHG,-0.0024414555788885286
600814.XSHG,-0.0070536628583044445
603982.XSHG,-0.006745935549006223
600336.XSHG,0.004434911925513006
300579.XSHE,0.03313026840359872
603657.XSHG,-0.006803936606547319
300208.XSHE,0.006942068418121384
000581.XSHE,-0.052723111350730247
603616.XSHG,0.0032833741531363854
600182.XSHG,-0.0027304423067021303
000919.XSHE,0.000997965671626873
300299.XSHE,-0.00506816227773553
600804.XSHG,-0.024849957918693034
002353.XSHE,0.07078899477266021
000595.XSHE,-0.005902949741091566
002178.XSHE,0.003416493542589387
000429.XSHE,0.00010747070755956468
000659.XSHE,-0.007430513773512285
002666.XSHE,-0.011716251335690119
002783.XSHE,-0.02300495433803063
600295.XSHG,-0.006316098380148253
600835.XSHG,-0.05627440583372363
600966.XSHG,-0.030670948937908105
603232.XSHG,-0.010811543003143357
603843.XSHG,-0.0006186668032687821
300419.XSHE,0.10187743480425093
002581.XSHE,0.005535220237385282
300489.XSHE,-0.01441851150817551
601568.XSHG,0.0021775168201517464
603766.XSHG,-0.0003329938117208513
688558.XSHG,0.0034106410111816353
002136.XSHE,-0.004072543370142031
002400.XSHE,0.015388221917012744
002200.XSHE,0.0015167703859551096
300160.XSHE,-0.03467324759755416
300192.XSHE,0.0030123436793325063
002988.XSHE,6.356515622724795e-05
603729.XSHG,-0.005568864480908541
002738.XSHE,-0.019746095659749264
688186.XSHG,0.010914483602831487
600823.XSHG,-0.032501860152176425
603916.XSHG,0.009294319338329318
000758.XSHE,-0.004949049901178254
603725.XSHG,-0.004017580532932772
605099.XSHG,-0.002402308756877542
000927.XSHE,-0.0007728548830655032
002878.XSHE,-0.03635109444925678
601330.XSHG,-0.004101437235375615
300640.XSHE,-0.009187674250888924
002341.XSHE,0.015405898522173295
002158.XSHE,-0.019030679363620944
600361.XSHG,-0.002421684829137694
300651.XSHE,-0.019089071309195436
600127.XSHG,0.030127860693700024
603386.XSHG,0.0023308381940962265
601068.XSHG,-0.00108574723569583
600958.XSHG,0.0009906439795322078
002193.XSHE,-0.0009790812006938558
000402.XSHE,-0.03587732789576576
002996.XSHE,0.0003897749200557029
002007.XSHE,0.6162162815554736
000564.XSHE,0.003760202411855883
600397.XSHG,-0.0016950910593832341
603037.XSHG,-0.012037629378171351
600297.XSHG,0.0003275041268207696
002251.XSHE,0.014150924938089525
300690.XSHE,0.0009161467717021712
002481.XSHE,0.015822048763075056
600318.XSHG,0.006546282503604475
002478.XSHE,-0.00714985596240463
000922.XSHE,0.000542016844534554
300677.XSHE,0.018511076317600714
603666.XSHG,0.04109679222133695
300517.XSHE,-0.00628636627430159
600782.XSHG,0.005730394070713515
300836.XSHE,-0.12145239160365968
002549.XSHE,-0.013807622589744878
603948.XSHG,-0.002874862859821246
600487.XSHG,-0.007763224768424098
002054.XSHE,-0.009452058356984695
002758.XSHE,0.004817893679473079
600199.XSHG,-0.028990499534768996
002906.XSHE,-0.012749944168551134
601066.XSHG,0.01421315817602776
300438.XSHE,-0.06052416815778019
300108.XSHE,0.006129616672510121
300477.XSHE,-0.0037533356794012115
000888.XSHE,0.0014158683749749558
002017.XSHE,-0.007588448481132408
002383.XSHE,-0.002266412653863834
002746.XSHE,0.001415224340329444
600634.XSHG,-0.0039020054534933324
601727.XSHG,-0.0005910201524683148
000089.XSHE,0.010815020277132891
600990.XSHG,0.017251739693805727
300279.XSHE,-0.005829126873674239
601086.XSHG,-0.0025848866257610374
601106.XSHG,-0.0009209524848900712
000913.XSHE,-0.01716514533929604
002512.XSHE,-0.0071333994007786485
600152.XSHG,-0.0030950273502530915
603893.XSHG,-0.014769946043995863
603968.XSHG,0.0044031945747088535
002741.XSHE,0.00015392284480534864
688466.XSHG,0.005859408335553086
600815.XSHG,0.0023042605893449147
600598.XSHG,0.003697022198364316
300850.XSHE,-0.03928841826474785
600988.XSHG,-0.03420702190507404
300897.XSHE,-0.01324370572945226
002835.XSHE,0.002930945643823121
000807.XSHE,-0.025464046481557423
300584.XSHE,0.01139995060127207
002709.XSHE,-0.15127125204350847
600664.XSHG,0.004804770488315447
600939.XSHG,-0.0013553971174358414
300107.XSHE,-0.03785152673833552
300296.XSHE,0.04270562511986119
002618.XSHE,-0.0010825878295680998
603098.XSHG,-0.001727044803390279
688396.XSHG,0.009058953841845192
600113.XSHG,-0.0030254004403137314
002278.XSHE,-0.004495499938874997
002751.XSHE,-0.009861714056071983
002430.XSHE,-0.020969829598539977
600302.XSHG,0.0002535140265505758
000779.XSHE,-0.000460350928297399
002899.XSHE,-0.003648986719217121
300717.XSHE,-0.008110073239977589
002593.XSHE,-0.0044950948629133665
002543.XSHE,-0.013196753851704443
002419.XSHE,-0.003710142127233757
600098.XSHG,0.003967863159376359
603721.XSHG,0.0028320864769403606
002946.XSHE,0.0026195217550724656
600683.XSHG,-0.014834721866533685
300796.XSHE,-0.025315740349290225
688180.XSHG,0.0713039120813852
603681.XSHG,-0.0065289671254076895
002622.XSHE,0.00440385389878486
002877.XSHE,0.001061264382959334
002984.XSHE,-0.005485881159514103
300835.XSHE,0.007112151450439852
002016.XSHE,0.001413801820051069
600570.XSHG,0.6162956488683561
600872.XSHG,0.12281874050617458
601375.XSHG,-0.00043522515649055903
002186.XSHE,0.003303588677866321
600135.XSHG,0.005031986860203367
300817.XSHE,-0.009345604641882633
002483.XSHE,-0.00332690348436845
300511.XSHE,0.004176037595324634
300166.XSHE,0.025109314906588784
600212.XSHG,-0.0033045130672955413
600251.XSHG,0.012631116440203646
688526.XSHG,-0.02718694892529551
000737.XSHE,-0.0007427864519666621
600339.XSHG,0.003543050830403769
000530.XSHE,0.003974841596947282
002578.XSHE,0.0003295197578009608
603636.XSHG,0.01673120823802358
600654.XSHG,0.6129174789003012
000338.XSHE,-0.135586841823972
300231.XSHE,-0.014914014346862178
002547.XSHE,0.007315071248240629
603109.XSHG,0.0005215385628648344
600272.XSHG,-0.0011403061125186147
600293.XSHG,-0.001894435901313852
600794.XSHG,0.01444745391558264
300587.XSHE,-0.010212081202660478
300876.XSHE,-0.02083760289000712
002733.XSHE,-0.017789675482084155
002173.XSHE,-0.0038692997591817722
000078.XSHE,0.008980173647202666
002414.XSHE,-0.10655113121836353
600290.XSHG,-0.005044571846898433
002281.XSHE,0.020573890441314656
002617.XSHE,0.003426374614911297
600851.XSHG,0.01603505419541741
000615.XSHE,0.006145393277810815
300518.XSHE,0.001488195941944775
002987.XSHE,0.014383065205693914
600833.XSHG,-0.020988636981804736
600196.XSHG,0.21891315817602847
603518.XSHG,-0.003392508175240688
002334.XSHE,0.021766173502341675
000034.XSHE,0.0025671856932223064
603337.XSHG,-0.02546502457721357
600727.XSHG,0.00036751892582437534
300150.XSHE,-0.019031273453351073
002126.XSHE,0.019598942091447587
603899.XSHG,-0.028692013824721724
605255.XSHG,-0.008472832363124029
603067.XSHG,0.00048032628743227643
000039.XSHE,-0.2839401286318149
002376.XSHE,0.014035746800382255
600791.XSHG,0.008174167270607446
300268.XSHE,-0.0007606122091388958
002102.XSHE,-0.0001933978247478695
600345.XSHG,0.005490984805121805
688095.XSHG,0.033751903984628365
600285.XSHG,0.0024229578680190185
000090.XSHE,0.011591199643338542
603588.XSHG,-0.025144460353638955
002184.XSHE,0.00853400126720726
600191.XSHG,-0.0020993600841969725
600332.XSHG,0.007116660926061934
600497.XSHG,-0.005019765783481471
688025.XSHG,0.009606023525572167
603896.XSHG,-0.01766314205571592
688550.XSHG,0.00855877103239518
601616.XSHG,-0.002600744493863888
300730.XSHE,-0.00603072106590578
300378.XSHE,-0.03839002584464485
300039.XSHE,0.013179773099724188
002726.XSHE,-0.008160499402520418
688568.XSHG,0.000636248141409919
002628.XSHE,-0.0011878990216445849
300410.XSHE,-0.043287528539930814
300146.XSHE,-0.138238892046728
002599.XSHE,-0.005301953140880821
002190.XSHE,0.049155404032634444
002653.XSHE,0.012467173920155306
000725.XSHE,-0.008786841823972212
002797.XSHE,-0.00192287347947556
002673.XSHE,-0.002461987157144593
600690.XSHG,-0.5053868418239733
688585.XSHG,-0.001776343671101081
603396.XSHG,0.006187235037484225
600011.XSHG,0.008081803624567122
000561.XSHE,-0.0007758364882313358
000869.XSHE,-0.055845914977993974
600511.XSHG,0.060316858559010374
603100.XSHG,-0.008032724424795735
300781.XSHE,0.012495931884495683
002041.XSHE,-0.025332476305690025
603039.XSHG,-0.04209146561735562
002274.XSHE,0.0017917460242491794
600146.XSHG,-0.0029306231390771346
000776.XSHE,-0.0008057054317808721
603808.XSHG,0.016874589763694214
600834.XSHG,0.012456443121319976
600805.XSHG,0.01111267011920998
002542.XSHE,0.0057388818601133455
601011.XSHG,0.00023361440863364433
300106.XSHE,-0.0005402912608744662
603189.XSHG,0.00900257994211219
600149.XSHG,-0.0005259991338368544
300564.XSHE,-0.018989611998883594
603035.XSHG,-0.006553546775324808
603229.XSHG,0.003947900105423036
003008.XSHE,0.002288456333140701
600379.XSHG,-0.005641689646612848
601166.XSHG,0.005213158176027702
002447.XSHE,-0.00046601921442219834
000777.XSHE,0.008490947796012591
300613.XSHE,-0.042941004921802015
300725.XSHE,0.06758238511282166
002952.XSHE,-0.011766873620038466
601886.XSHG,-0.002765304362609651
300242.XSHE,0.0009023074766098607
300494.XSHE,0.03206050668019544
300706.XSHE,-0.009575800867790996
002533.XSHE,-0.002414967644262511
300042.XSHE,0.013224170092636553
603685.XSHG,-0.007416933857496382
605136.XSHG,0.012486926452518157
688133.XSHG,0.026119799474010903
002076.XSHE,-0.006362329065217995
002484.XSHE,-0.007515489452846788
002912.XSHE,0.041603827363456566
000688.XSHE,-0.012631464641978406
003816.XSHE,0.0013131581760277757
600262.XSHG,-0.005516418841636714
688122.XSHG,-0.003542989112421441
002094.XSHE,-0.0019058322285437097
002333.XSHE,0.0011686945791190397
300202.XSHE,-0.005164534660849306
600652.XSHG,0.10406977748370944
688222.XSHG,0.030696295422865064
002501.XSHE,0.0009607826479885282
002385.XSHE,0.003908510323414126
000532.XSHE,-0.020731227735679383
300095.XSHE,0.009886772983880078
600118.XSHG,0.12863351377977705
300053.XSHE,-0.0041892613350834745
603693.XSHG,0.00037964575677382206
603909.XSHG,7.274533873521038e-05
300856.XSHE,-0.012304575298374053
600060.XSHG,0.013122551266841791
300019.XSHE,-0.010544333236618133
300443.XSHE,-0.016878425077669092
000009.XSHE,-0.01878941171107155
600610.XSHG,0.06484528356384232
300031.XSHE,0.03972385850440302
300762.XSHE,0.008660873946785105
600635.XSHG,-0.0648040925372109
603103.XSHG,0.0009893605611982635
600433.XSHG,-0.0001454006399230841
300350.XSHE,-0.008893855349868843
000936.XSHE,-0.011411970824976022
603220.XSHG,0.0011912178466536973
002254.XSHE,0.005432358956515482
605369.XSHG,0.007662976197459143
300816.XSHE,-0.014958273537116294
600158.XSHG,0.002743990227042444
000572.XSHE,0.003068215047152806
300119.XSHE,0.02758577427004759
000063.XSHE,0.17181315817602696
001979.XSHE,0.004427264005397611
600697.XSHG,-0.000798380675181815
002261.XSHE,0.006525293823940819
000910.XSHE,0.0046720207050034695
002890.XSHE,-0.01396059267839193
603648.XSHG,-0.0009930247163161023
300390.XSHE,0.01532050283992306
600998.XSHG,0.0014809451894911814
300446.XSHE,0.007864440693116065
000690.XSHE,-0.02375522850998718
300295.XSHE,-0.011305298270343156
600571.XSHG,0.005295378833334481
300838.XSHE,-0.013067106948736994
688138.XSHG,-0.004863415396790988
601778.XSHG,0.00039749507415281604
000926.XSHE,-0.00025641229751104154
002893.XSHE,0.0030860808779385636
603380.XSHG,-0.000534064731389371
603876.XSHG,-0.0029681180993524113
000516.XSHE,-0.16495649318376354
002696.XSHE,0.0030250470935041587
300888.XSHE,-0.017026905070821007
000014.XSHE,-0.00010808640856712314
000539.XSHE,0.0028765257746165016
000099.XSHE,0.0017637249798036873
000551.XSHE,0.019265706981491437
300417.XSHE,-0.017761481678256048
000021.XSHE,-0.02408669488903783
603388.XSHG,0.003081734906949029
600223.XSHG,-0.0016606496419615592
688596.XSHG,-0.003881570672417958
600996.XSHG,0.00122276681593862
600978.XSHG,-0.00046771581480141693
002728.XSHE,-0.005190121747234412
002177.XSHE,0.006721527152274376
002480.XSHE,-0.002638544852126782
002869.XSHE,0.03975294212243117
600150.XSHG,0.018012687338551242
300639.XSHE,-0.00981372644130962
603101.XSHG,-0.004450004012914126
003003.XSHE,-0.0008552100948151255
300366.XSHE,0.02075742977491903
601218.XSHG,0.0006992004302587029
002132.XSHE,0.0014921402027164997
002811.XSHE,0.002747753806058924
300871.XSHE,-0.010104481236312536
300851.XSHE,-0.00864793715675079
603583.XSHG,0.016925860851173747
603663.XSHG,-0.0034441418220612103
300301.XSHE,-0.0032542424588668907
300507.XSHE,-0.03308539614818219
002575.XSHE,-0.006413635608445068
601618.XSHG,0.0002869435071668898
600167.XSHG,-0.010301547674297019
000488.XSHE,-0.006588970576883301
002423.XSHE,-0.0030784855576022436
688080.XSHG,0.01725890202825603
002716.XSHE,0.0007676918358267581
002941.XSHE,-0.002871679003841235
603392.XSHG,0.025178853549144915
000153.XSHE,0.003670732320400112
002113.XSHE,0.0006791613810121647
002106.XSHE,-0.0010484308766452906
603112.XSHG,-0.0035753377126846895
603757.XSHG,-0.014298961513793415
688215.XSHG,0.017589790346033023
600965.XSHG,-0.0008490510779902976
300261.XSHE,0.010334897224488639
002310.XSHE,0.08270114587469646
000608.XSHE,-0.0011969917982688125
300374.XSHE,-0.0033719132221853173
300067.XSHE,-0.013421672754831276
603199.XSHG,0.0033438265858629812
300592.XSHE,0.0005366930650554467
300748.XSHE,0.00769385933711002
600358.XSHG,-0.0026133429625526602
002991.XSHE,-0.015655086541322128
002939.XSHE,-0.00010112825978745366
002314.XSHE,-0.0014812923510006222
002901.XSHE,0.004046104415475838
000525.XSHE,0.012590671526980096
002927.XSHE,0.0004466708261568371
300315.XSHE,0.045673587034474855
603069.XSHG,-0.005138390583225889
002103.XSHE,0.0005528315188171816
600148.XSHG,-0.02416509934853055
000796.XSHE,0.02734521825418661
002392.XSHE,0.006719128226248157
002866.XSHE,0.0006036344708479379
688418.XSHG,0.013824242072542929
002928.XSHE,0.0020253938172272697
600171.XSHG,0.012542029945033388
600438.XSHG,-0.22868684182397203
603059.XSHG,0.008079984920600757
300691.XSHE,-0.00404595983416589
688013.XSHG,0.007850490446006105
600730.XSHG,-0.004188281789521474
002134.XSHE,-0.001198639828328637
601233.XSHG,-0.014949855359925712
603032.XSHG,-0.003200500192361259
600221.XSHG,0.000524892490272483
600783.XSHG,-0.0017352101682995532
002827.XSHE,-0.00020790032275617683
002553.XSHE,0.011678106852276394
300775.XSHE,-0.012892609604360035
300862.XSHE,-0.011326877297443682
603026.XSHG,-0.03132357429397969
002723.XSHE,0.003365624179400642
300015.XSHE,-0.4556868418239708
300481.XSHE,-0.01758745568445179
603528.XSHG,-0.00032198215413290995
600021.XSHG,-0.0011484272849718717
000655.XSHE,-0.004553347240611403
603826.XSHG,0.001800046292004925
603131.XSHG,-0.0067594031855726195
300557.XSHE,-0.01735478944225643
601319.XSHG,0.002113158176027777
603839.XSHG,0.004484024858032517
002182.XSHE,-0.006698217259931975
000545.XSHE,-0.002596853557824182
300353.XSHE,0.04531840840816613
600682.XSHG,-0.013196913811827735
002479.XSHE,0.0009501479164353828
002597.XSHE,-0.05476751201062561
600679.XSHG,0.009531398339221588
603168.XSHG,0.01021994378222722
002897.XSHE,0.01111313568917761
002042.XSHE,-0.016641602513822868
300779.XSHE,-0.005002372480080543
002432.XSHE,0.0006559600729902403
603816.XSHG,-0.049502743733911427
600195.XSHG,0.032091446435012265
002848.XSHE,-0.0025455987247306622
603878.XSHG,-0.0036071833573218057
300037.XSHE,-0.15294771060670445
000518.XSHE,0.002225739637232013
600865.XSHG,-0.018430761953854978
600403.XSHG,-0.0019659195083025294
600161.XSHG,0.04709354445844311
603335.XSHG,-0.004190559228512225
600368.XSHG,-0.004413492387658166
002916.XSHE,0.09513636321227001
002550.XSHE,-0.003713528883671091
600252.XSHG,0.013868297124290678
002453.XSHE,0.0029321640868320573
603993.XSHG,-0.0024743449631682555
603908.XSHG,0.0012082558965343221
601878.XSHG,0.0004937727455619653
600461.XSHG,-0.003088414611837456
601012.XSHG,-0.313186841823973
002679.XSHE,-0.010135885308975079
002958.XSHE,4.27196361135996e-05
300771.XSHE,-0.004849960997270232
002884.XSHE,-0.076588639457903
603586.XSHG,-0.00290488127069489
688335.XSHG,0.00828708896404964
000671.XSHE,-0.03406719850655452
000004.XSHE,0.05082733850856631
300048.XSHE,-0.016697077151767718
605388.XSHG,-0.002651592123301106
603519.XSHG,-0.013162651626255416
601028.XSHG,0.009718654399577205
002643.XSHE,0.00421350552124816
300829.XSHE,-0.005933164457481564
600658.XSHG,-0.022352545420701392
603000.XSHG,0.008030704646827255
002021.XSHE,-0.0039095955344665145
002935.XSHE,0.004076503452458926
603256.XSHG,-0.00020900823746097764
000023.XSHE,-0.0018464173592869005
600741.XSHG,-0.5113394841453102
605088.XSHG,-0.0027243696083316116
000968.XSHE,0.0005326118159610714
300424.XSHE,0.0036522977865462167
600444.XSHG,-0.0001137052488000361
300768.XSHE,-0.0024253470261989467
300542.XSHE,-0.008976898548717527
600137.XSHG,-0.0030132279057654503
605198.XSHG,0.0082687444768703
002830.XSHE,-0.0031359382712306573
603306.XSHG,-0.003236891554558134
600377.XSHG,0.001257925862510619
603117.XSHG,-0.0027195016781380197
603856.XSHG,-0.019198418559863633
300448.XSHE,-0.016072119262456865
002089.XSHE,0.008833273328968713
600733.XSHG,-0.027518408798788346
300287.XSHE,-0.01142123139471341
300218.XSHE,-0.0038869110546865798
688005.XSHG,0.012570802337304359
600765.XSHG,0.06963174052038867
300168.XSHE,0.04053945240370984
002761.XSHE,-0.00045722032173957307
002351.XSHE,0.005319632495233303
600190.XSHG,-0.002017220209687506
300075.XSHE,0.017115046087508305
002476.XSHE,0.0050410201690139714
300516.XSHE,-0.02663225592687058
600735.XSHG,-0.004269923175650901
601333.XSHG,-0.00020250163541323364
002580.XSHE,-0.013074921965158401
300752.XSHE,-0.028436451446562278
300219.XSHE,0.019122824819773482
600378.XSHG,-0.017952617311225064
300351.XSHE,-0.005171711997563494
000672.XSHE,0.04548007015162564
002838.XSHE,0.0036840903323809267
002633.XSHE,-0.003408116474331996
002427.XSHE,-0.0005940137847764092
300810.XSHE,0.015071283982892479
603955.XSHG,-0.0053464011942837165
000692.XSHE,-0.010435346822291407
002855.XSHE,-0.0028997241968995377
603456.XSHG,0.015560030452735994
300898.XSHE,-0.034456114520656576
002545.XSHE,-0.005039392225015953
600456.XSHG,-0.014288040175973807
002245.XSHE,0.009290279913993718
300840.XSHE,-0.021366563844187465
000701.XSHE,-0.0006800191333537768
603036.XSHG,-0.001530720265642974
002699.XSHE,-0.010073402591408015
300866.XSHE,-0.10601516452411236
002809.XSHE,0.004485239422201427
300250.XSHE,-0.02498863258986844
603106.XSHG,0.0025354042567386353
300293.XSHE,-0.021252683811765774
688022.XSHG,0.009605306047041608
002486.XSHE,0.0017085802980998507
002111.XSHE,-0.015202766281998552
002670.XSHE,-0.0024192975114858805
002265.XSHE,-0.0008276606881089576
300680.XSHE,-0.012179384230984375
603239.XSHG,-0.003111616296408734
300133.XSHE,0.026804978882211117
600300.XSHG,-0.011035662063435151
002221.XSHE,-0.008488214625264775
002425.XSHE,-0.030755663802333116
000762.XSHE,-0.00028446333241142954
002431.XSHE,0.0001301655576647204
000800.XSHE,-0.005725084643855236
601100.XSHG,-0.1356138597626491
603183.XSHG,-0.004430180526837312
300741.XSHE,-0.015655360456730362
003005.XSHE,0.021889773018290648
000626.XSHE,0.03211540968711454
000850.XSHE,0.00305831628461199
002100.XSHE,0.00593840672008329
600052.XSHG,-0.004384040853397541
601600.XSHG,-0.00018086107404139426
002294.XSHE,0.09071600656825508
600738.XSHG,-0.010176164980493618
688288.XSHG,0.014579576116418878
002800.XSHE,-0.0007502842360965281
603389.XSHG,-0.002534467406562566
000990.XSHE,-0.01394531746128303
002515.XSHE,0.02015422383678382
603889.XSHG,-0.0038240939277051677
300426.XSHE,0.010837864702963246
688338.XSHG,0.0018512875115033454
002140.XSHE,0.00819410465073229
300187.XSHE,0.01605911319948955
603359.XSHG,-0.0001696504089090773
002264.XSHE,-0.0017786597337994684
603076.XSHG,-0.0013463307536659742
000809.XSHE,-0.002120616700879797
603305.XSHG,0.001650487758051161
002152.XSHE,0.030797765275413384
002752.XSHE,-0.002965534113707621
002390.XSHE,-0.0033516428825520854
300316.XSHE,-0.0626023682106183
300657.XSHE,-0.005900239349306052
300529.XSHE,-0.015546539844368993
300113.XSHE,0.05659819952749449
600359.XSHG,0.0017769230788252121
002847.XSHE,-0.04032359169703188
688595.XSHG,-0.009994528786563187
000785.XSHE,-0.0036771834981668954
002025.XSHE,-0.004010462348720261
002266.XSHE,-0.00043373651222082223
600599.XSHG,-0.008887798604644783
300425.XSHE,-0.01950385000092636
600708.XSHG,-0.0004906867833193642
600877.XSHG,-0.002865063426850819
601366.XSHG,-0.0005201974229171041
300189.XSHE,-0.00513094905178553
000912.XSHE,0.00024940812982005706
300900.XSHE,0.012818951663335382
600710.XSHG,-0.00023821466995615462
300644.XSHE,-0.008864689442846326
002155.XSHE,-0.005891796750408939
603877.XSHG,-0.041575557352478296
601139.XSHG,-0.0050152847118614206
000505.XSHE,0.005163280555181457
300001.XSHE,-0.0801780262813357
000811.XSHE,0.006102970754835724
000938.XSHE,0.020630126449006598
603177.XSHG,-0.002334506242126927
600868.XSHG,-0.0018096616443850114
002707.XSHE,0.00902038382898606
000839.XSHE,0.0011857852428516652
300724.XSHE,-0.1332515326414145
300088.XSHE,0.0629579598683524
601001.XSHG,-0.00409859278322501
603556.XSHG,-0.006599157169666841
000632.XSHE,0.0009831008120613368
600395.XSHG,-0.010888079750563998
600058.XSHG,-0.004050335569680744
603053.XSHG,-0.0027912993635311684
002685.XSHE,0.0027039563822423137
002567.XSHE,0.006235098373800553
600617.XSHG,0.010901630961338175
600187.XSHG,-0.0012738372953480185
000998.XSHE,-0.028285962347006484
300020.XSHE,0.004430593530117102
002077.XSHE,0.0003101080038635509
603589.XSHG,-0.03340022068005891
601666.XSHG,-0.007699243987144494
002435.XSHE,-0.002756203103352426
300839.XSHE,-0.009830755735463527
300008.XSHE,0.03751987189170354
000682.XSHE,0.007788358180382489
603348.XSHG,-0.011689178170516266
000036.XSHE,0.002642892682662814
603083.XSHG,-0.009985008263416171
000592.XSHE,-0.00517493782892209
300145.XSHE,0.008187034114101878
000722.XSHE,0.0001663283455757194
002344.XSHE,-0.00190719081376236
600423.XSHG,-0.00044755556568607576
300672.XSHE,-0.018669790038022476
600626.XSHG,0.019302669687547347
688360.XSHG,0.007617215337746301
300321.XSHE,-0.0062036457871100705
600198.XSHG,0.005432556226987478
300501.XSHE,0.0010855115252274296
600973.XSHG,-0.0008498530344471889
601108.XSHG,0.003440120586967916
300858.XSHE,0.02800926325769247
601992.XSHG,0.0009209207292169442
601008.XSHG,-0.0022359451392651723
300848.XSHE,-0.008724611570282847
688513.XSHG,0.00606008558985039
603656.XSHG,-0.005796851218272755
000859.XSHE,0.0012430779541382068
600211.XSHG,0.06700472799984045
688556.XSHG,-0.005496232405596632
002408.XSHE,-0.007066041508434111
600326.XSHG,-0.004152796453691685
300824.XSHE,-0.015814320380420025
300010.XSHE,0.0004688881354435134
002592.XSHE,0.0026575247737901995
300560.XSHE,-0.007950401331195718
002285.XSHE,-0.04218410264668965
002199.XSHE,0.0005026323771986883
603650.XSHG,0.0038147051725359728
603222.XSHG,0.019144051083524946
002461.XSHE,-0.0012198613095216254
002765.XSHE,-0.0008561999635382218
002732.XSHE,0.002439312897070103
300859.XSHE,0.004125594076893653
600068.XSHG,-0.0020615297826433085
002311.XSHE,0.011845709662674977
600968.XSHG,-0.000544448717118831
600280.XSHG,-0.014102905925184919
603081.XSHG,-0.0009142773035391777
600873.XSHG,0.00889349514909763
000862.XSHE,-0.0008538902698509972
600303.XSHG,-0.01103813034264965
002075.XSHE,-0.012235202259999802
603157.XSHG,-0.0027061734588283634
002554.XSHE,0.001737909756919022
600563.XSHG,-0.19072136085128555
002062.XSHE,-0.0019922463059931406
688016.XSHG,0.09445049156158111
002409.XSHE,-0.02663137313132493
300523.XSHE,0.01404691360244376
002865.XSHE,-0.005982356477944496
002641.XSHE,0.0003256166862178587
601766.XSHG,0.001713158176027776
688159.XSHG,-0.002934773214190742
688166.XSHG,0.0023851256316090577
300573.XSHE,0.03521037462752367
300032.XSHE,-0.016493426864320215
002948.XSHE,0.0015939825893636311
002051.XSHE,0.0072364025468577555
002255.XSHE,0.006456640829578275
002300.XSHE,0.003762901002428721
600178.XSHG,-0.004218611063675464
000837.XSHE,-0.004537390918510769
603180.XSHG,-0.022114680402425854
600976.XSHG,0.010450402602336156
688202.XSHG,-0.018033267077486093
603416.XSHG,-0.07805126815952194
002748.XSHE,-0.003803655809031698
300137.XSHE,0.01211918703034593
300340.XSHE,0.011741853066808241
002565.XSHE,0.003008130243492303
601615.XSHG,-0.003747747328646616
603696.XSHG,0.002394673640966999
688015.XSHG,-0.0025708769720745326
300026.XSHE,0.061728587469199195
002347.XSHE,-0.002389999671792964
600593.XSHG,0.013455077729303898
300245.XSHE,0.013161574959073115
601908.XSHG,-0.006054507891642151
603339.XSHG,-0.0038114951718498033
600695.XSHG,-0.0007704078998161824
600236.XSHG,0.0012058963473144618
300158.XSHE,-0.00042546479908692095
300167.XSHE,-0.009752498328433615
300344.XSHE,-0.006214641642171331
300586.XSHE,-0.03248714811160532
002197.XSHE,0.0021312366891899056
002990.XSHE,0.005667206386708468
002117.XSHE,-0.01816344970387228
002610.XSHE,-0.0024330341112639787
600271.XSHG,0.21194479826534393
600288.XSHG,-7.445814633606752e-05
601628.XSHG,0.023313158176027724
688589.XSHG,0.018681486514749598
300333.XSHE,-0.030470157817708465
300012.XSHE,-0.15304378192252882
300097.XSHE,0.01706593380463188
300291.XSHE,0.010267885090911744
603585.XSHG,-0.0038533572625329415
002163.XSHE,-0.007480164966785902
002767.XSHE,-0.0064416587052753774
002508.XSHE,-0.045265514418267955
300354.XSHE,0.005439012780664234
600999.XSHG,0.0005131581760277848
601929.XSHG,-0.0012172101877659114
300247.XSHE,-0.025702187420461885
000506.XSHE,-0.0017811759196173973
603906.XSHG,-0.023393549815334404
688177.XSHG,0.021221011788011106
000718.XSHE,-0.0030700287095398833
002863.XSHE,-0.002552092588756085
300345.XSHE,-0.0025680094868862345
600761.XSHG,-0.0057554235915270886
600165.XSHG,-0.002920990021168304
300307.XSHE,0.00037483992111187565
600561.XSHG,-0.0068649839292668656
688060.XSHG,0.03721159870051811
000650.XSHE,0.020274330836477106
300190.XSHE,0.012801300642620781
002230.XSHE,-0.23926145384858716
601989.XSHG,0.00197847180746036
603730.XSHG,0.009746897150274025
603058.XSHG,-0.003471647412860712
600802.XSHG,-0.003907436729863472
002717.XSHE,0.021198720385196223
000877.XSHE,0.01677611016363706
300522.XSHE,0.0013360928463165829
000611.XSHE,-0.0008907638941877214
300605.XSHE,-0.03654673151300117
603155.XSHG,0.01971301448930876
603021.XSHG,-0.0006328084036986126
603806.XSHG,0.0010825623535232354
002687.XSHE,0.002308347256567931
600109.XSHG,-0.025938646205936496
002841.XSHE,-0.013976484524190836
600035.XSHG,-0.0031962000755902838
600956.XSHG,0.00043713422738939913
002626.XSHE,0.11400268506636033
000905.XSHE,0.000384899669968393
300853.XSHE,-0.019135517529289176
600373.XSHG,0.004779231911012631
002646.XSHE,-0.006974629305193135
600009.XSHG,0.08241315817602783
600056.XSHG,-0.01407251935807632
603959.XSHG,-0.0014127091476126008
300229.XSHE,0.002088959651243353
600360.XSHG,0.020942319813588007
300140.XSHE,-0.005181421534479102
002463.XSHE,0.012704247954778144
300708.XSHE,-0.011887777958322668
603679.XSHG,-0.0006046107822674598
002833.XSHE,-0.050102058161673596
300128.XSHE,-0.0029843387667988514
600848.XSHG,0.011666897439266122
000547.XSHE,0.013534553532178514
600094.XSHG,-0.0018693948333628426
000404.XSHE,-0.0012667880406099492
000428.XSHE,0.006710368908155722
002081.XSHE,-0.018019930648637026
002420.XSHE,-0.003103991470567961
603915.XSHG,0.0022613642396987752
600900.XSHG,-0.022786841823972198
601388.XSHG,-0.007550772100076029
000032.XSHE,0.02510720474761522
300180.XSHE,-0.004621197012322341
300631.XSHE,-0.01544825965655125
002440.XSHE,-0.004773692897748974
002757.XSHE,-0.008169680399364016
002056.XSHE,0.007257639420936677
002249.XSHE,-0.016849488695814954
603903.XSHG,-0.005046153964823566
688310.XSHG,0.009709777459216438
300178.XSHE,0.006313187837097507
002370.XSHE,0.002018101922749177
600850.XSHG,-0.044800227274999625
002573.XSHE,0.003687546564480464
600883.XSHG,0.0032671326415839577
601608.XSHG,-0.0008158738965591553
002669.XSHE,-0.007527564936139165
300068.XSHE,-0.013385371999569417
002579.XSHE,0.009787324571062626
000710.XSHE,0.0484772745569611
300386.XSHE,-0.004826194413160954
600123.XSHG,0.0029841100749845237
600827.XSHG,0.029504342016839664
002577.XSHE,-0.011511317719291451
600853.XSHG,-0.004063500839672646
601231.XSHG,-0.0016232190876235212
300705.XSHE,0.016051024554826446
600076.XSHG,-0.002302693289972635
002379.XSHE,-0.004974651401421152
000598.XSHE,-0.014948792499176761
002399.XSHE,0.01802837418434398
603345.XSHG,0.0047701460918058184
000951.XSHE,-0.10025908608982799
603165.XSHG,-0.0009056457802562167
000533.XSHE,-0.003832643825709507
300556.XSHE,-0.006450085275716267
689009.XSHG,-0.0657693820953405
300577.XSHE,0.025710879833318562
000651.XSHE,-0.6126205979531154
600470.XSHG,-0.0015404758073968995
600642.XSHG,-0.0114439100045055
603298.XSHG,-0.010324364764536187
688555.XSHG,0.0025083032288045217
603568.XSHG,-0.03854435925885037
600259.XSHG,0.003130005009135308
000863.XSHE,0.005731213430222684
002864.XSHE,-0.00558261694445032
300415.XSHE,-0.03330427767213928
002887.XSHE,-0.0049216481071951545
000962.XSHE,0.003332918649781661
300220.XSHE,-0.06610687190563534
600248.XSHG,-0.0007105194910549352
603890.XSHG,0.007750191581722302
600668.XSHG,0.02376110771327008
000629.XSHE,-0.001623522282606645
002008.XSHE,-0.1360787487261361
002235.XSHE,-0.00912302030600878
001896.XSHE,-0.001986499685023637
002286.XSHE,-0.010313018848153744
601619.XSHG,-0.0019040965666705962
688017.XSHG,-0.08633436344505353
002442.XSHE,-0.004267271677345823
600552.XSHG,0.002889006093867935
600742.XSHG,0.03788144914316395
002871.XSHE,-0.0025334763610273367
300121.XSHE,-0.013884200964140496
300193.XSHE,-0.012973587137930408
002818.XSHE,0.002909158886542778
688286.XSHG,0.021545825204413088
600322.XSHG,-0.0027990258113295904
603319.XSHG,-0.008886425078399282
600268.XSHG,-0.002691700499415758
000620.XSHE,-0.0013955866810427806
002718.XSHE,-0.017446105469814063
300715.XSHE,-0.02764200576332918
000510.XSHE,-0.003628414737962375
002337.XSHE,-0.0026777280195309904
600425.XSHG,-0.0012958696062530348
000520.XSHE,-0.0029674174495408763
002627.XSHE,-0.0028699239759137282
600172.XSHG,-0.020474981569518894
688009.XSHG,0.0013355683497772728
002055.XSHE,-0.014238339235568678
002868.XSHE,0.007588679202131319
601222.XSHG,-0.014894670679918258
603815.XSHG,0.0031049515184743033
000959.XSHE,-2.1739815632376095e-05
300739.XSHE,-0.011102503325321603
600084.XSHG,-0.0003307890916622344
300778.XSHE,-0.004955608952385353
600481.XSHG,-0.0017147017596280346
601588.XSHG,-0.0012083193607164192
000517.XSHE,0.001914097695140445
002153.XSHE,0.07629845810630907
603356.XSHG,-0.004197653838445555
002960.XSHE,0.014102342885193386
300349.XSHE,0.008202043281883658
603767.XSHG,-0.008916450220760517
605318.XSHG,-0.003665563816995927
600586.XSHG,-0.004452240262716289
002410.XSHE,0.049904990457493754
600839.XSHG,-0.023877612360264852
000501.XSHE,-0.008396816459332237
600136.XSHG,0.003478223961448431
300792.XSHE,0.09335564827290001
603587.XSHG,0.0010231587301644236
600166.XSHG,-0.026962217421338835
000768.XSHE,-0.04958404213861081
603505.XSHG,-0.0045039173629669235
688229.XSHG,0.17230639393197617
600067.XSHG,-0.015034907575795467
600569.XSHG,-0.0009973391575621442
002099.XSHE,-0.027357160778616038
600768.XSHG,-0.004261562729201425
600901.XSHG,0.000334829062185269
000002.XSHE,-0.4138868418239724
000750.XSHE,-0.0029739630849369564
002942.XSHE,-0.007755981623030745
300070.XSHE,-0.011496419640074015
002979.XSHE,-0.03319612853347026
002600.XSHE,-0.02239099630509492
600479.XSHG,0.0014940086115956884
300598.XSHE,0.0486240031891689
002886.XSHE,0.008983413365250029
300530.XSHE,0.001139944946791865
600061.XSHG,0.012165629988151443
600687.XSHG,-0.0019988885970773735
300698.XSHE,0.003766739564618877
000752.XSHE,0.004571365231621765
002304.XSHE,-0.2825868418239725
002123.XSHE,0.023800427007496964
600230.XSHG,0.005411866185678137
002587.XSHE,0.004287162695101378
002603.XSHE,0.016109378916958607
000980.XSHE,-0.0018377528422816726
002896.XSHE,-0.01915233938042991
600350.XSHG,-0.002242354798458104
600692.XSHG,0.006748939481275168
000607.XSHE,0.0008656756776774894
000691.XSHE,-0.004152357160031541
603618.XSHG,-0.0002723558203522468
002112.XSHE,-0.003305653100149938
000715.XSHE,0.003957389023516725
300405.XSHE,-0.007256633128189728
300329.XSHE,-0.015619377112525385
600281.XSHG,-0.001490794609595558
300322.XSHE,0.03446973938717272
600699.XSHG,-0.008213478397513883
300868.XSHE,-0.009671351975557654
603355.XSHG,-0.012531076606592681
600085.XSHG,0.09143753316026967
003016.XSHE,0.0002803625715884863
000666.XSHE,0.0022410774478959115
600739.XSHG,0.12219585312593764
300599.XSHE,-0.003147626218160567
000523.XSHE,-0.013932836854864914
300469.XSHE,0.014078810655975016
002824.XSHE,-0.0024398685559309423
600795.XSHG,-0.05338448876623681
603595.XSHG,0.004621864353099231
300695.XSHE,0.013767452439356516
601225.XSHG,-0.004525872774860313
688318.XSHG,-0.0049103003362119
300520.XSHE,0.01996686684633228
688388.XSHG,0.01789606194354685
002773.XSHE,-0.006725082892709843
300209.XSHE,0.004415606595110129
601111.XSHG,0.003107769449369413
002903.XSHE,-0.008365910889122651
603383.XSHG,0.01635385730922004
002917.XSHE,-0.0007246962741386817
600771.XSHG,0.051259639188153246
002619.XSHE,-0.0014284488191140508
603703.XSHG,-0.001265900429414748
000613.XSHE,-0.0006429737758268388
600267.XSHG,0.04286073629474654
300116.XSHE,-0.0019803404422692582
002998.XSHE,-0.002100781578282921
600787.XSHG,-0.01661584266805511
601113.XSHG,-0.0007599677226342049
000996.XSHE,-0.0028279083553554235
600246.XSHG,-0.0010486817590158442
601899.XSHG,-0.0014868418239722262
002775.XSHE,9.260179115235315e-06
300497.XSHE,0.022748602294523156
002462.XSHE,0.0029478899328817384
300394.XSHE,-0.022140167118975266
603038.XSHG,0.0055812247208119024
603095.XSHG,-0.002455018892114916
300563.XSHE,-0.007761316587170745
600521.XSHG,0.0656030081545666
300777.XSHE,0.009247448737456506
603043.XSHG,-0.008419754448200801
603599.XSHG,-0.012495738671629272
300356.XSHE,-0.011559947391624411
600717.XSHG,-0.00901603898764448
002185.XSHE,-0.026069261333257977
002127.XSHE,0.007031027297247372
300803.XSHE,0.00351462375911416
002052.XSHE,-0.00038854782477564615
603698.XSHG,0.0011950176485893834
300269.XSHE,-0.030999920003392703
603019.XSHG,0.10519868588033121
300668.XSHE,-0.02644048575400857
002434.XSHE,-0.01509911459180934
002365.XSHE,0.0043179546112655075
002522.XSHE,-0.00014221364412888063
300023.XSHE,-0.014711262130317877
300044.XSHE,-0.013894988062829529
300092.XSHE,-0.01604287239387163
601058.XSHG,-0.004637161817055884
002238.XSHE,0.0021285998919093013
600712.XSHG,-0.009486477014462433
600893.XSHG,0.036011009106179784
002313.XSHE,0.0026792125168125236
601519.XSHG,-0.002592340942387838
002437.XSHE,0.01099723371800142
600037.XSHG,0.011151368199972322
300878.XSHE,-0.017998205924651366
600769.XSHG,-0.00977233841729996
300319.XSHE,0.015490513831098356
002020.XSHE,0.011918836893714844
603977.XSHG,-0.005440224548476997
002674.XSHE,-0.009024442237881047
601828.XSHG,-0.00015597706640190276
600728.XSHG,0.02607238840937935
002930.XSHE,0.00994336256925686
600299.XSHG,0.016541520648541787
002937.XSHE,-0.005221608170128528
300077.XSHE,-0.00810093590842088
300891.XSHE,-0.01008575872159616
603297.XSHG,0.017251679637585955
300360.XSHE,-0.04505221027226131
300404.XSHE,0.0009830458114937807
601858.XSHG,0.004397441085704828
002932.XSHE,0.027390334038988558
300634.XSHE,-0.0025056326044475756
002962.XSHE,0.0012037305099843643
600215.XSHG,-0.0026095792188435846
600202.XSHG,-0.0004615141588820756
600675.XSHG,0.018957439735603508
002159.XSHE,-0.009327170183338573
603999.XSHG,-0.003506159256827273
600100.XSHG,0.031173302282809283
000767.XSHE,-0.0015738304132406444
600405.XSHG,-0.017261448322057303
002394.XSHE,-0.013154415081702692
002322.XSHE,-0.00378327897055424
300033.XSHE,-0.061221477871075666
600874.XSHG,-0.0020374619334617454
002417.XSHE,0.0012466716264196882
002189.XSHE,0.0013488978683730735
300102.XSHE,-0.004058522743651382
300843.XSHE,-0.04619821579595324
300063.XSHE,0.013961577011457917
600460.XSHG,-0.012590296982715308
002259.XSHE,0.0009065996097711183
002970.XSHE,-0.05146532988581858
600335.XSHG,-0.020373489921981798
300281.XSHE,-0.021485324469515323
600070.XSHG,-0.00884217422015844
603855.XSHG,-0.0020096639839364367
002888.XSHE,-0.0032863957516602905
002956.XSHE,-0.017215713060863256
300182.XSHE,0.045225995288088065
002482.XSHE,-0.0019182885638749992
600729.XSHG,0.016125847463508168
603129.XSHG,-0.05106314877313058
002039.XSHE,0.003297236495339172
603385.XSHG,-0.0023713549788250236
601005.XSHG,-0.0009958341223596482
002204.XSHE,0.002117611130812201
000937.XSHE,-0.002701848454418808
300800.XSHE,0.026952136649610863
600319.XSHG,-0.0037205858348522145
600661.XSHG,0.020848339187226454
002154.XSHE,-0.011458355463634447
605123.XSHG,0.0019934017366791115
603739.XSHG,0.004377599744716496
002084.XSHE,-0.0053096640592462906
000065.XSHE,-0.029795301416281186
002222.XSHE,-0.0006690551564396718
600022.XSHG,-0.0009580065509795891
002614.XSHE,-0.0168955570530643
603800.XSHG,-0.0002073004664938107
603602.XSHG,0.005060424240581198
601456.XSHG,0.017828986628008938
603863.XSHG,-0.0001444946747930307
600751.XSHG,0.004351048552819554
300142.XSHE,0.12969791537830866
300348.XSHE,0.05140215293461506
002001.XSHE,0.231200552100279
600808.XSHG,-0.0012833631472409603
002713.XSHE,-0.0019896239225703273
600220.XSHG,-0.00631439667695273
600841.XSHG,0.0008639238648740454
600278.XSHG,-0.0095848706726146
600159.XSHG,-0.005725634432728209
002396.XSHE,-0.01069344689409055
300198.XSHE,-0.003947717865360774
002031.XSHE,0.002350807240511359
600801.XSHG,0.038129861077468456
300500.XSHE,0.001258175478686385
600715.XSHG,-0.0004754071271100319
002969.XSHE,-0.0016417353502117247
603966.XSHG,-0.002949287485266035
002233.XSHE,0.0023900577087190965
300124.XSHE,-0.6126205979531154
002528.XSHE,0.005016425742762546
600981.XSHG,0.00038841954996116806
000056.XSHE,-0.0030641164231518443
000803.XSHE,-0.0030358976704480396
002252.XSHE,0.05823092848077341
600399.XSHG,-0.0008195599550666427
002530.XSHE,-0.004652938135190003
300267.XSHE,0.00990633666716699
600462.XSHG,0.0018563699646015211
600759.XSHG,-0.0003236592237651258
600097.XSHG,0.00012511511926060473
002225.XSHE,-0.0024095214268654496
603214.XSHG,0.001215136783825955
002492.XSHE,-0.005233404531740684
002367.XSHE,-0.019541614950605773
002224.XSHE,0.008374551728392677
300243.XSHE,-0.02584032731910102
002377.XSHE,0.0017614585136170335
600758.XSHG,0.00419928315703961
300050.XSHE,-0.008102068997930884
002350.XSHE,-0.006338881539855468
000019.XSHE,0.003585422443508105
000822.XSHE,-0.001351004779131481
600887.XSHG,0.6165348747501647
600151.XSHG,-0.015578083122431505
000568.XSHE,-0.6126205979531154
600238.XSHG,0.001707922212072976
603717.XSHG,-0.002418542312966032
605128.XSHG,-0.008634015949213293
000060.XSHE,-0.0009753934382051568
002973.XSHE,0.0031928407912910546
603660.XSHG,0.004715224265019557
688066.XSHG,0.008811745649525294
600871.XSHG,-0.0005294479566600794
000049.XSHE,-0.08017538927219839
688116.XSHG,-0.0031792574623671493
002147.XSHE,-0.0009322767850494448
002594.XSHE,-0.07118684182397202
300416.XSHE,0.00903725292301426
600312.XSHG,0.0032892830266164222
300823.XSHE,-0.02701682669493613
600562.XSHG,0.04889303931388483
688586.XSHG,0.00962852317166309
600597.XSHG,0.0017567826004593044
000738.XSHE,0.0006225389806785468
300431.XSHE,-0.00409402762430101
300783.XSHE,0.011352236944136588
600537.XSHG,-0.004555806585333696
002519.XSHE,-0.0030037105836696236
600131.XSHG,-0.03183244433816024
002616.XSHE,0.011789806374489366
603897.XSHG,-0.006810328363664589
000416.XSHE,-0.013173380433942925
002183.XSHE,0.012109931003164317
601518.XSHG,-0.002258822935367117
002047.XSHE,0.0007076401011983805
600201.XSHG,0.05365095618066608
600371.XSHG,-0.009257790201619834
002514.XSHE,0.0005633058524606841
300228.XSHE,-0.006597629765142636
603330.XSHG,-0.013320470914611767
688309.XSHG,0.016519064291188507
002027.XSHE,-0.039286841823972185
000860.XSHE,0.024993451709740173
600333.XSHG,-0.0033012851082422465
002321.XSHE,-0.0007432405360339608
600959.XSHG,-0.0016817281423700983
002760.XSHE,-0.0005159117340768535
603938.XSHG,-0.0015675325063281254
300887.XSHE,-0.0039408690209087865
605333.XSHG,0.0005615879842620511
002079.XSHE,0.018574146803050837
300681.XSHE,-0.019102088603987738
000623.XSHE,0.06407910456806244
000665.XSHE,0.0022790442106031305
600010.XSHG,0.0009571304869217068
300125.XSHE,-0.014979210732575831
002139.XSHE,-0.0415884558622632
300176.XSHE,-0.008496003318214611
603638.XSHG,-0.046784028614398586
600737.XSHG,0.005296039272985604
002971.XSHE,0.003320052771242709
300588.XSHE,-0.011814713984554151
002301.XSHE,0.014606642851344609
600298.XSHG,0.12268863980630701
000016.XSHE,-0.12441776234928155
002145.XSHE,0.00010522464769258219
002843.XSHE,-0.005103175613349494
300751.XSHE,-0.21789375387853052
002002.XSHE,-0.002464698062026241
601003.XSHG,-0.0032463278869454973
000662.XSHE,-0.00015882418748911983
002436.XSHE,0.042274488908908045
000430.XSHE,-0.004075475891892334
300547.XSHE,-0.023827087743724287
600382.XSHG,-0.00424290318458936
601500.XSHG,-0.002447120711126281
603697.XSHG,0.003903695402640288
000540.XSHE,0.031862413289068914
603822.XSHG,-0.00298442611144557
601998.XSHG,0.0012131581760277687
000059.XSHE,-0.002693961985260087
002191.XSHE,-0.006755977880737574
000736.XSHE,0.008315176283106284
601198.XSHG,0.0002731355911983674
300059.XSHE,-0.04088684182397059
300461.XSHE,-0.009680283478699621
002156.XSHE,-0.014334742983733335
603279.XSHG,0.0003649856381936526
300054.XSHE,0.0027856327391691947
000953.XSHE,9.453802724039909e-05
300540.XSHE,-0.008408150480173807
603466.XSHG,-0.015903380552118675
300471.XSHE,-0.011175994772519151
601636.XSHG,-0.010365436083423399
300487.XSHE,0.013661951372011694
603687.XSHG,-0.0007610654788705496
002922.XSHE,-0.006746087327735982
603533.XSHG,0.004802559761722113
000531.XSHE,0.0020633338046036186
300635.XSHE,-0.007621477974530541
603066.XSHG,0.00397427582183665
300799.XSHE,-0.05923852560854646
600026.XSHG,0.004463076642604646
601018.XSHG,0.0002559614144949426
300091.XSHE,0.005627990964607912
002661.XSHE,-0.0037895195373477027
300825.XSHE,-0.0110480410148043
601038.XSHG,0.0025607204922199036
002219.XSHE,0.007424424416060834
002289.XSHE,-0.002765849006447793
000727.XSHE,0.0027336602769250937
600057.XSHG,0.009802631153222373
002585.XSHE,0.0001590421845385707
000983.XSHE,-0.011106645506208306
688298.XSHG,0.06341748833041794
600307.XSHG,-0.0017506877586966588
603326.XSHG,-0.011296065563365938
002822.XSHE,-0.001893929805873502
000948.XSHE,0.005005516705178908
002096.XSHE,0.02101924261931948
300757.XSHE,0.0008501544219934693
603088.XSHG,-0.005472591427365208
002945.XSHE,0.0005762626060828067
603665.XSHG,0.005126466987064503
603708.XSHG,0.011666709301070236
300766.XSHE,-0.00513650958694401
601789.XSHG,-0.00012031306811039746
300865.XSHE,-0.02123867453462856
300892.XSHE,-0.022561794217371863
603118.XSHG,0.013458014205204063
600033.XSHG,-0.00019795810678515996
000766.XSHE,-0.003925148818917395
000917.XSHE,-0.006282604206427961
300492.XSHE,0.018036093434722657
603020.XSHG,0.007837310776229317
002729.XSHE,0.005686903104168236
000973.XSHE,-0.0012921583870131982
603055.XSHG,0.0012885297770258027
002898.XSHE,-0.00445626806460456
603195.XSHG,-0.002686841823972076
603991.XSHG,-0.005515787017844467
002497.XSHE,-0.02888300386426097
003012.XSHE,0.0001298036479666628
000898.XSHE,-0.0022778251320239827
300346.XSHE,0.054015148570965676
300259.XSHE,-0.07681105080846472
603499.XSHG,0.004989030515574547
002968.XSHE,0.027186295203059086
600984.XSHG,0.021119337721646265
600686.XSHG,-0.020654840488674102
600289.XSHG,0.006336572816069199
600099.XSHG,0.0002797735987475113
600354.XSHG,-0.0003276008578188645
002331.XSHE,-0.013378390045634875
000411.XSHE,0.013517510699739485
300101.XSHE,-0.04386979954684797
603527.XSHG,0.0007696463372307504
002596.XSHE,0.0028277085524937825
002446.XSHE,-0.0066628254118304905
002850.XSHE,-0.002712299091308742
601928.XSHG,-0.0009000934877282843
002424.XSHE,0.019455681327859294
600029.XSHG,0.0027807695774609217
002678.XSHE,-0.0031667010584397236
300002.XSHE,0.02943776048243334
300659.XSHE,0.01001345921517045
600388.XSHG,-0.003735618610004964
002807.XSHE,-0.002214703072987043
605006.XSHG,-0.002476791687396684
300802.XSHE,-0.016531713999133207
000831.XSHE,0.005012371480855671
002507.XSHE,0.04943331453223023
688068.XSHG,-0.0008160884476094126
002472.XSHE,0.002008613729608451
002104.XSHE,0.0020590999624438503
600250.XSHG,-0.002607947141930185
002719.XSHE,0.0004338863469669214
600228.XSHG,0.0030369084776054474
603060.XSHG,0.0018166108776910001
300645.XSHE,-0.00905757026058679
605009.XSHG,-0.08477760511568105
688311.XSHG,0.027092939683075114
300609.XSHE,0.0016682140209604073
000011.XSHE,-0.0003653147470077257
600533.XSHG,-0.001414931148249534
000548.XSHE,0.0005249824334914886
688078.XSHG,0.0054128397387784
600736.XSHG,0.011861691117362657
603018.XSHG,0.007307289300851416
603676.XSHG,-0.0016645076736617193
600039.XSHG,-0.01112476223343744
000988.XSHE,-0.024738080656755323
002561.XSHE,-0.002535660387599671
000717.XSHE,-0.0012924338417100599
002694.XSHE,-0.0009397940999263036
600231.XSHG,-0.004361014493689919
600577.XSHG,-0.020935586943714588
002654.XSHE,-0.0008949164594725216
300284.XSHE,-0.004600393316967545
600491.XSHG,0.00635667880364282
000908.XSHE,0.005798823442986925
600103.XSHG,-0.0009485366505366977
000789.XSHE,0.011683799362323822
002516.XSHE,0.007476022818990451
600579.XSHG,9.113219191532202e-05
603688.XSHG,0.00810676061015968
300496.XSHE,-0.011543855215794627
000661.XSHE,0.6165348747501647
002223.XSHE,0.0840756577694781
002302.XSHE,0.0021141039888417333
300338.XSHE,-0.004321660619287879
002498.XSHE,0.005257265060383001
601609.XSHG,0.0013788044516564173
603116.XSHG,-0.0049240623979616505
600926.XSHG,-0.010049735685272648
603399.XSHG,-0.006788304097606194
300590.XSHE,-0.0018370366018002084
002702.XSHE,0.00142296393579079
600015.XSHG,0.0024856424126869377
002196.XSHE,-0.00954644098073063
603603.XSHG,-0.0005169029161589439
600128.XSHG,0.0004288358473258599
300336.XSHE,0.003947145316543847
000838.XSHE,0.006848226907777028
605358.XSHG,0.04977147563745186
002872.XSHE,0.0009695897220647403
002030.XSHE,-0.04412458229070903
603706.XSHG,-0.00178007757497502
688021.XSHG,-0.009415725497646084
300212.XSHE,0.06852664869501174
603578.XSHG,-0.006162055573523249
002642.XSHE,-0.00032126161109796193
002953.XSHE,0.010184089004948948
601098.XSHG,-4.71008038299592e-05
603365.XSHG,0.0037808303304878344
000975.XSHE,-0.016180552700932143
000780.XSHE,-0.005550280719732969
688356.XSHG,-0.11626513364153898
002861.XSHE,0.00404905746601988
600576.XSHG,-0.001408125319441448
300191.XSHE,-0.006347340364992813
600233.XSHG,0.023290030947461276
600809.XSHG,-0.028086841823973134
603192.XSHG,-0.0023832734911885425
603848.XSHG,-0.00040844451473510696
600754.XSHG,0.004766560313750975
300498.XSHE,0.005407246539282786
300770.XSHE,0.02659232754064975
002317.XSHE,0.0019005990419266377
605158.XSHG,-0.004750726019927811
600398.XSHG,0.012126114887431294
600884.XSHG,-0.174644134488095
000732.XSHE,-0.0020589204997193003
600513.XSHG,-0.0005078409302524541
603569.XSHG,0.0014797611760375155
600740.XSHG,-0.002298711568232535
603027.XSHG,0.014514938651854253
002165.XSHE,0.0013612140614946131
300211.XSHE,-0.041692307826191516
603045.XSHG,-0.005367316881921374
300100.XSHE,-0.04593571143401729
600266.XSHG,-0.00919620401566734
688039.XSHG,0.019441647977419336
688199.XSHG,0.013504240258335142
003011.XSHE,-0.010012739288687268
300746.XSHE,-0.00693886625042496
603013.XSHG,-0.004288851942495534
002860.XSHE,-0.004806780258435081
000544.XSHE,-0.0055070780212166945
600077.XSHG,0.009628671645886043
300201.XSHE,0.001147898490824592
300716.XSHE,-0.006929402342443932
600229.XSHG,-0.000777635995781435
600985.XSHG,-0.0060962109590117376
603898.XSHG,-0.0016411135483410824
600732.XSHG,-0.07280010613636789
002006.XSHE,-0.010307561446095863
601999.XSHG,-0.003913446820606158
600257.XSHG,0.004344835396927002
600283.XSHG,-0.007866347193588337
002569.XSHE,-0.006029338120217633
000673.XSHE,0.0024221947330537183
600066.XSHG,0.05370469538266757
300491.XSHE,-0.06752612537528496
600622.XSHG,0.1719476827157969
002072.XSHE,-0.0020595622229591113
600828.XSHG,0.002686108392295168
300289.XSHE,-0.010989797420978761
002655.XSHE,0.003658926675892143
603197.XSHG,-0.016199037946872993
000422.XSHE,0.0027766415422838665
002805.XSHE,-0.0042662005458205966
300570.XSHE,0.003836343366210656
300666.XSHE,-0.014533258444233319
688101.XSHG,-0.0015514946954957828
600025.XSHG,0.0002847513604380299
603005.XSHG,-0.03929069488940287
603316.XSHG,-0.0032236780295591743
600305.XSHG,0.055084904951549996
300435.XSHE,-0.007641565142237284
600992.XSHG,-0.00263633764189703
300263.XSHE,-0.000796094377008747
603496.XSHG,-0.00860608501267943
600960.XSHG,-0.016832826244537254
002458.XSHE,0.010344652479075884
600609.XSHG,0.003986544409594278
603010.XSHG,-0.009738274500246233
601901.XSHG,0.0030984421672345165
300393.XSHE,0.0016044063003030082
600969.XSHG,-0.0026043864492981197
601900.XSHG,-0.0033110617059588826
300465.XSHE,0.013563884878689978
603321.XSHG,-0.0019242988805472626
300045.XSHE,0.00978365277579317
603580.XSHG,-0.006520654736181351
300136.XSHE,-0.019544932490401946
002676.XSHE,-0.007679502804135094
000597.XSHE,-0.0006919152482498384
603768.XSHG,-0.00489228968411348
300094.XSHE,-0.00018449003243241162
002524.XSHE,-0.031409838433227366
300200.XSHE,-0.004371072929187398
300558.XSHE,-0.04666375901379121
000963.XSHE,0.05279565973430549
603128.XSHG,0.003097424482915323
002980.XSHE,0.018420690088473503
603707.XSHG,0.008343460011134955
601838.XSHG,0.0016561324227322262
600763.XSHG,-0.0681351867446398
000001.XSHE,0.025013158176026323
300685.XSHE,-0.012729489508325361
002128.XSHE,-0.006632463868907173
300371.XSHE,-0.014395432426214692
300703.XSHE,-0.010384862929007437
002346.XSHE,-0.004425243831861413
600671.XSHG,0.00011973194727774635
600886.XSHG,0.08713640797905928
300458.XSHE,-0.02607389587351605
000017.XSHE,-0.000513003059699904
688561.XSHG,-0.08957767693089476
000637.XSHE,0.004097375022950366
300236.XSHE,0.04235315629693207
300870.XSHE,-0.030419283987273605
603637.XSHG,0.007396649499573166
600392.XSHG,-0.010066040632861449
300086.XSHE,0.0005448246500524717
300126.XSHE,-0.022206033815642023
600636.XSHG,0.0926674435189372
000555.XSHE,-0.0005308088955029711
002133.XSHE,-0.004078467293050132
002211.XSHE,-0.002469420083477904
600169.XSHG,7.870759818430148e-05
603110.XSHG,0.01019975376858652
300303.XSHE,-0.0046850232516072055
603713.XSHG,-0.023038315162265816
002631.XSHE,0.0005770592056480025
300403.XSHE,-0.07712493333105748
002615.XSHE,-0.002648758432097895
603596.XSHG,-0.003877739265428855
002418.XSHE,-0.0006995441176231984
600469.XSHG,-0.004757825021797373
603277.XSHG,-0.0052866845940225445
300514.XSHE,-0.05341324852394182
600459.XSHG,-0.006164354793429708
002105.XSHE,-0.004483547270049928
000088.XSHE,0.005381491645711627
603590.XSHG,0.0024422403772411017
000958.XSHE,0.0030365555023996473
002487.XSHE,-0.003619037346219523
300527.XSHE,-0.0036797148368684146
603626.XSHG,-0.010523614306356177
601137.XSHG,0.005382363454380147
603299.XSHG,-0.0010809735934933277
688258.XSHG,0.051854070744695065
300606.XSHE,-0.0016149612140142961
601816.XSHG,0.0012131581760277776
603773.XSHG,-0.0030743057179632594
002791.XSHE,-0.1142915637701141
600143.XSHG,-0.15784898186134855
603990.XSHG,-0.05441253608699055
603912.XSHG,-0.007628841533602631
300656.XSHE,-0.023599634300844635
300526.XSHE,0.00776868940099276
601208.XSHG,-0.006718013683511362
600648.XSHG,0.021724085553473337
000038.XSHE,0.013185183621371083
601360.XSHG,0.01656667281913013
300831.XSHE,-0.024096473266045568
300339.XSHE,0.0024092819881765823
688096.XSHG,-0.005859148212505301
000829.XSHE,0.03404678040357853
300662.XSHE,0.008447091492788434
002393.XSHE,-0.0011368493532498943
000410.XSHE,4.9255550827470226e-05
600822.XSHG,-0.0018398302946997828
300616.XSHE,-0.013111300226856326
688098.XSHG,-0.0003904922148752995
601677.XSHG,-0.0032605099375381625
002083.XSHE,-0.0020465816360365307
002915.XSHE,-0.007533595946297638
002203.XSHE,-0.0036176625066150023
300869.XSHE,-0.020950009176967467
002582.XSHE,0.009317339178406037
603068.XSHG,-0.0014658239822623062
600051.XSHG,-0.001512125606973119
600237.XSHG,-0.003416090862470657
002366.XSHE,-0.0055840949030825145
000061.XSHE,0.04072631902593769
000582.XSHE,-0.025324355255710834
600235.XSHG,-0.003772642775022297
300341.XSHE,-0.013581439963723718
600012.XSHG,-0.004005206609070091
600688.XSHG,0.0010247285759992927
600711.XSHG,0.017794012353888944
300057.XSHE,-0.013191106197828893
603755.XSHG,0.006720425743127643
300007.XSHE,-0.021604322438928434
300326.XSHE,-0.031124201288049262
002590.XSHE,-0.01639657808905447
688218.XSHG,0.0076327793078348125
300546.XSHE,-0.0006143088332826946
002690.XSHE,-0.06412342082534153
603600.XSHG,-0.029691698084554487
600509.XSHG,0.007236014360852195
003010.XSHE,-0.006114247313084206
603738.XSHG,0.01190128234992293
300004.XSHE,-0.02572867988357102
002413.XSHE,0.014420529464634261
600792.XSHG,-0.0038244119602595435
603225.XSHG,0.0010088998840157115
000755.XSHE,-0.002109869826424048
600234.XSHG,0.0025576428338447608
002857.XSHE,-0.0029180360056689576
600000.XSHG,0.004913158176027832
603093.XSHG,0.0073316691288884414
300163.XSHE,-0.019712388125863754
002803.XSHE,0.016891359904701402
300305.XSHE,-0.008104615974466472
600673.XSHG,0.036123202621380975
300830.XSHE,-0.012294804980285854
000050.XSHE,-0.018671875822453884
002544.XSHE,-0.022223817282123314
300603.XSHE,0.01119156360542141
600105.XSHG,0.02168571099870369
300400.XSHE,-0.007268163379237799
002769.XSHE,0.0006250738688350068
300043.XSHE,0.010674491385006304
601611.XSHG,-3.2146274139146754e-05
600722.XSHG,-0.003780718032019909
600188.XSHG,-0.0013819959900065928
603267.XSHG,-0.026409017007260508
600116.XSHG,0.002786134367363184
688399.XSHG,0.1301718392370583
300459.XSHE,0.008748319670552349
300062.XSHE,0.03324928546597252
002977.XSHE,0.0170630024596938
000591.XSHE,0.0017330603453528772
300144.XSHE,0.025690644266698735
000759.XSHE,0.006520333356901588
603290.XSHG,-0.11516592476173863
300846.XSHE,-0.00044379663762667606
300697.XSHE,-0.009335870457330952
300009.XSHE,0.09394470551664126
300317.XSHE,-0.002194408975363297
300479.XSHE,-0.007375546106580462
688580.XSHG,0.0015949992193447068
600180.XSHG,0.001322872801686772
002495.XSHE,-0.002618659196208471
600375.XSHG,-0.006619844283018659
300437.XSHE,-0.010943181430696823
002170.XSHE,0.000942783618337458
002900.XSHE,0.0009388882903615197
603181.XSHG,0.0007337357591221969
300580.XSHE,-0.04099325987146983
002035.XSHE,-0.02751127660541264
600059.XSHG,-0.004903688124965146
600894.XSHG,-0.010518764367620972
600365.XSHG,-0.00025722729322966934
000600.XSHE,-0.017381781104625665
300749.XSHE,-0.008889076727324065
002735.XSHE,-0.0024515750827253492
600141.XSHG,-0.013142025143456481
601880.XSHG,-0.0003159888027266342
002965.XSHE,-0.00019585914654518186
600629.XSHG,0.01574238622474603
603888.XSHG,-0.007155202548991801
603159.XSHG,-0.007277768031907472
300763.XSHE,-0.10049686524150866
300753.XSHE,0.0295108501300303
603486.XSHG,-0.10009632154855283
300283.XSHE,-0.03748730325607899
300318.XSHE,0.007379630768582838
000933.XSHE,-0.018807086941636013
601163.XSHG,-0.003614498482621441
600854.XSHG,-0.003328056330555068
600662.XSHG,0.08456023166328522
600703.XSHG,-0.07283673038947706
002911.XSHE,-0.0033179817159815182
002972.XSHE,-0.0035902381173806494
605018.XSHG,-0.0008235278513550103
603980.XSHG,-0.0024789786419265165
002684.XSHE,-0.002651543567054619
300647.XSHE,-0.019497699542044382
300456.XSHE,0.04975155223339864
600325.XSHG,0.019741931128559227
600506.XSHG,-0.0033681470776877782
300169.XSHE,-0.014607419764597514
002570.XSHE,-0.0019520704925280888
300889.XSHE,-0.010057161955428185
000062.XSHE,-0.00016748589901087138
601700.XSHG,0.00707172716946555
603017.XSHG,-0.0023826530026769283
603927.XSHG,0.005934332701499908
002358.XSHE,0.004789280898921754
002629.XSHE,0.0002074417151513323
000957.XSHE,-0.005719343167920607
002879.XSHE,0.00012797501146144617
000901.XSHE,0.01414705572172844
600698.XSHG,-0.001440549463138721
600020.XSHG,-0.000747063069767867
300667.XSHE,-0.05624253175199305
300849.XSHE,-0.008416914251439558
002691.XSHE,-0.0017146137794110965
002267.XSHE,-0.001610479328058683
000042.XSHE,0.019337525901612727
000068.XSHE,-0.002155470123534614
002443.XSHE,0.0017852024884021512
300525.XSHE,-0.014222142777972027
600838.XSHG,0.007040302690483374
000935.XSHE,-0.004488470563287521
603363.XSHG,-0.003573865520584709
000628.XSHE,-0.0003555976171047133
000833.XSHE,-0.000689662908754418
300370.XSHE,-0.002314613553481507
300379.XSHE,0.03103670448971858
002306.XSHE,-0.0014758766512275527
002632.XSHE,-0.012994799425610364
300098.XSHE,0.03391811802651539
300601.XSHE,0.06989174049771917
300676.XSHE,0.06654727795514877
300490.XSHE,-0.004992043918632047
300294.XSHE,-0.019557166408601494
603949.XSHG,-0.002207738159628353
000007.XSHE,-0.0674115631222963
603882.XSHG,-0.000994568996723577
000830.XSHE,-0.030628251534569273
300655.XSHE,-0.012287115193193051
002118.XSHE,0.006661207042840444
001872.XSHE,0.000446100536635923
300363.XSHE,0.011143678050403113
603042.XSHG,-0.0032426485739985075
603259.XSHG,-0.007586841823972168
000788.XSHE,-0.0009550668740281973
300217.XSHE,-0.032831593237050774
002636.XSHE,0.0012634435938819728
300719.XSHE,-0.020586132493743865
002202.XSHE,0.0024211234178175304
605058.XSHG,0.010692854240193434
600608.XSHG,0.08236480575670137
002808.XSHE,0.003133218615567801
300264.XSHE,-0.005961611511377507
600753.XSHG,-0.007320328945946938
603613.XSHG,-0.022371071088659506
600062.XSHG,-0.023144345734638094
300660.XSHE,-0.025728258491986577
603985.XSHG,-0.023825982592284394
300240.XSHE,-0.0054512302136030776
603489.XSHG,-0.029585581043108298
600385.XSHG,0.0018254590375002743
600624.XSHG,-0.0277175648669529
600480.XSHG,0.008637166981109173
000733.XSHE,0.013962960046528914
688300.XSHG,0.022141006494181954
002546.XSHE,-0.0012760524138775305
603983.XSHG,-0.018769408870671293
600657.XSHG,-0.009449871826168315
600036.XSHG,0.013013158176027571
002981.XSHE,0.004000970898236464
002701.XSHE,-0.013821012978896109
603080.XSHG,-0.00020450538492536308
600716.XSHG,0.003460644045067447
300627.XSHE,-0.01608165661432301
600503.XSHG,-0.0030006472779153083
300272.XSHE,-0.03343601784412442
688165.XSHG,-0.00573159886703615
300636.XSHE,-0.018959614945212228
600081.XSHG,-0.03445402565764804
002931.XSHE,-0.003580167908816186
603976.XSHG,0.049072774830166775
600082.XSHG,-0.0039172324346136485
603786.XSHG,-0.07480509212661611
600963.XSHG,0.00019336794269409732
601595.XSHG,0.0019785250287368255
002340.XSHE,0.03277009166557121
002364.XSHE,0.011684633060380947
603236.XSHG,0.009883055485011828
300488.XSHE,-0.009604859838182827
603933.XSHG,-0.0037743119363547193
600017.XSHG,-0.00018270829041107058
600327.XSHG,0.0006640182141021142
300089.XSHE,-0.022894446798808123
300707.XSHE,-0.014150969083381306
300565.XSHE,-0.01562892001906706
603869.XSHG,-0.002858710505297907
002372.XSHE,-0.033828493783687075
600078.XSHG,0.002840182879283407
300013.XSHE,-0.017410288426597906
688208.XSHG,-0.0014738412966620014
002171.XSHE,0.017664165101872305
601126.XSHG,-0.009719116707256607
688185.XSHG,0.12590738529282347
603223.XSHG,-0.009726585964910302
300382.XSHE,-0.06287888728189289
000627.XSHE,0.005286445456573321
600458.XSHG,-0.021096321713245412
603139.XSHG,-0.00677746228551626
600287.XSHG,-0.003065907085592482
002790.XSHE,-0.004437994879542758
002755.XSHE,-0.0014353898097895423
002073.XSHE,0.0006004242160863407
603079.XSHG,0.024145223658242364
000713.XSHE,0.011731783884436225
002985.XSHE,-0.016027556801909666
603669.XSHG,0.004385661915288209
002109.XSHE,0.0034775236741133773
601009.XSHG,0.004803924955954376
300061.XSHE,-0.01757888640632018
002349.XSHE,-0.0020842888831204736
000663.XSHE,0.005202717881317353
688099.XSHG,-0.02228278486003755
688521.XSHG,0.002967519754232897
000159.XSHE,0.0006324050979007716
002657.XSHE,0.006611882863777498
002910.XSHE,-0.0020304858354421996
600139.XSHG,0.0008344589288751306
603677.XSHG,0.0010666197534189674
300421.XSHE,-0.011840819513779821
002398.XSHE,0.008080151550974728
600666.XSHG,0.006011902968857715
603096.XSHG,0.022263762139532513
603992.XSHG,0.0013769338397725793
300722.XSHE,-0.06853439957858987
000550.XSHE,-0.04843726107131637
603208.XSHG,0.07837904451184274
300302.XSHE,0.033441052724949974
002782.XSHE,-0.017237590891010603
600633.XSHG,0.015929773582201823
300582.XSHE,-0.012676338478902033
002697.XSHE,0.03118676084833668
603025.XSHG,-0.007076863728540054
000806.XSHE,0.0006114190449552268
600780.XSHG,0.0011005116972799718
600663.XSHG,0.043043255646699106
605008.XSHG,0.004585503856929992
600764.XSHG,-0.03320643338409207
300528.XSHE,-0.003881813886491201
002889.XSHE,0.0008894167998149544
300637.XSHE,0.0028917871993649623
002049.XSHE,0.20443149952339315
688029.XSHG,0.004902463586038821
002588.XSHE,0.019011454604158484
300381.XSHE,0.02186704509915336
002459.XSHE,-0.05190485125209427
002206.XSHE,0.013070484803773375
603022.XSHG,0.00266400058512029
000782.XSHE,-0.003494493104885926
300624.XSHE,-0.0375412212852346
002499.XSHE,-0.007897442530665152
002648.XSHE,0.005571473810996675
300195.XSHE,-2.1784158708082653e-05
300562.XSHE,0.0027416179116545505
600749.XSHG,0.010122653722153475
002967.XSHE,0.005101016629981001
600179.XSHG,0.005367196877883156
601298.XSHG,0.00015374856020696474
603458.XSHG,0.0022743738380480204
002817.XSHE,-0.00011397566191759245
600256.XSHG,0.003507994281361963
600422.XSHG,0.010464943210955787
002029.XSHE,0.0007658696577154287
002500.XSHE,-0.0001246774542718009
688981.XSHG,0.008813158176027769
000157.XSHE,0.15335273316827447
002194.XSHE,-0.01804864950431938
002895.XSHE,-0.0011517714776245278
002150.XSHE,-0.010611205227985311
002517.XSHE,0.004376530816195829
600640.XSHG,0.05733570372350155
002201.XSHE,0.0005980518394614488
600510.XSHG,-0.001514308018947023
000603.XSHE,-0.015020658888115095
300600.XSHE,-0.013194633458952386
300325.XSHE,-0.00012154212144696976
300571.XSHE,0.020070866620767767
600507.XSHG,-0.022031917699853402
300256.XSHE,0.008000296072873243
603507.XSHG,-0.0017898340676114498
603931.XSHG,0.0004013114648051719
688588.XSHG,0.01017510068885716
300173.XSHE,-0.013377165671401058
600702.XSHG,-0.12639370502104508
300232.XSHE,0.013136442997020437
000631.XSHE,-0.00760230320220208
000705.XSHE,0.004644087640774879
603283.XSHG,-0.013739289605011551
000889.XSHE,-0.004030875396043716
002195.XSHE,0.037713395656659966
002929.XSHE,0.01667263482450395
002951.XSHE,0.0006586349808822755
002228.XSHE,-0.0047189346509053055
600567.XSHG,-0.0009964992270407437
601888.XSHG,0.08421315817602819
002589.XSHE,0.005129073144247155
605199.XSHG,0.004103050417112233
002188.XSHE,-0.000694729149685189
002131.XSHE,0.025556126053721106
300199.XSHE,0.016674190543647584
000040.XSHE,-0.0051673265272936374
002142.XSHE,0.005313158176027895
300679.XSHE,-0.036538787901507455
002586.XSHE,-0.003974314351215997
300391.XSHE,0.013501073381693892
002284.XSHE,-0.00732226713172799
300277.XSHE,-0.018940265874212485
601155.XSHG,-0.007113124367969826
300713.XSHE,-0.015396279074150969
300502.XSHE,0.07587269847239729
002795.XSHE,-0.0018796282453203707
603322.XSHG,-0.004763417599795498
600197.XSHG,-0.04356191153840073
603668.XSHG,0.0017431496328051202
300051.XSHE,-0.011321142388304156
603105.XSHG,-0.0026051402732219504
000757.XSHE,0.003012418060027253
002908.XSHE,-0.0049607299679540065
300357.XSHE,-0.13464404875804634
600316.XSHG,-0.0010264732336014528
600796.XSHG,0.0039013491235574283
688156.XSHG,0.002218554029741549
600255.XSHG,-0.0025465718400445375
603883.XSHG,-0.009035417159453472
002686.XSHE,-0.0030525842703386253
300591.XSHE,-0.00866830272118472
300473.XSHE,0.0006579354185001478
600050.XSHG,0.001713158176027776
603357.XSHG,-0.003618105556641176
688155.XSHG,-0.07515551363820183
000876.XSHE,0.03541315817602766
300551.XSHE,-0.051550512509142866
600776.XSHG,0.0219536217915898
300686.XSHE,-0.005817187004108458
300807.XSHE,-0.020111045404408882
600527.XSHG,0.032607674770756205
000950.XSHE,0.0012097279520874153
600018.XSHG,0.001314693776018386
000751.XSHE,-0.0017594685093012354
600548.XSHG,-0.00023280428485616391
300152.XSHE,0.006505348248349785
000778.XSHE,0.00041682453909569353
002947.XSHE,-0.0069425740286110866
300765.XSHE,0.003052954121427749
002402.XSHE,-0.06499345113540701
300611.XSHE,-0.050860142322544905
603861.XSHG,-0.00014454206830025835
600512.XSHG,-0.0025839612664308427
600185.XSHG,0.050963671744454354
601339.XSHG,-0.002045299257967886
603919.XSHG,-0.06395544194546213
002151.XSHE,0.12224348751141871
600162.XSHG,-0.0008434283589174824
601002.XSHG,-0.0002812436441344023
300406.XSHE,0.020024627918997027
600023.XSHG,-0.0007783174632495851
000989.XSHE,0.001993128320294267
002511.XSHE,0.015650186916692482
002449.XSHE,0.0012551267374095486
000599.XSHE,-0.00460465254578929
600595.XSHG,-0.010849373427171053
002240.XSHE,-0.0050859273902820416
600638.XSHG,0.01810999016973849
601368.XSHG,-0.0028550953251945182
000698.XSHE,0.002641707294613201
601689.XSHG,0.024981740640389948
601398.XSHG,0.0005131581760277667
600156.XSHG,-0.0024611061549629863
002526.XSHE,-0.005035652192133302
300270.XSHE,0.007498674441594894
600383.XSHG,0.0019060244292905836
600391.XSHG,0.003203984984028292
300430.XSHE,-0.034917888392945795
600766.XSHG,-0.010519392915052123
000903.XSHE,0.005967855477006134
601000.XSHG,-0.0009959600766411322
603858.XSHG,0.010989585783813174
600881.XSHG,0.019616708893902435
300769.XSHE,-0.0465190110839849
300738.XSHE,0.017610121104362327
000711.XSHE,0.009702426699403638
300308.XSHE,-0.022110603366502207
300320.XSHE,-0.04186266530108749
688330.XSHG,-0.007685336967535141
600721.XSHG,0.0002555294597469081
688363.XSHG,-0.09544559890844173
002108.XSHE,-0.04020684030058193
002779.XSHE,-0.015606684294608531
002003.XSHE,-0.003479137877096824
603881.XSHG,-0.0027600504353422076
000566.XSHE,0.007770306339095586
600605.XSHG,0.07829453275973156
600338.XSHG,-0.002675075118484186
600468.XSHG,0.007827333829463547
002768.XSHE,-0.0121512530960211
688010.XSHG,-0.0018522744944876421
000573.XSHE,0.0018295252371666034
603408.XSHG,0.002480372744129812
000851.XSHE,0.0003308996389847865
600500.XSHG,-0.007665050688828498
000893.XSHE,-0.001194753707938623
002122.XSHE,-0.0025638655407812837
300649.XSHE,-0.013282240394964874
600073.XSHG,0.00045646426666548913
300818.XSHE,-0.009051244914627473
000709.XSHE,0.0003878931375838635
002966.XSHE,-9.685609515947105e-05
688023.XSHG,0.03932910145886674
000683.XSHE,-0.006062727395619099
300141.XSHE,-0.07174661257737407
603360.XSHG,-0.00816696614281133
002714.XSHE,-0.10028684182397113
002905.XSHE,0.006386741967232762
300304.XSHE,-0.008418740157771172
603612.XSHG,0.00022814112873914007
600189.XSHG,0.003811891934816559
000552.XSHE,-0.005824201076192619
603198.XSHG,-0.020074642603475832
002176.XSHE,-0.0023560568180611705
002598.XSHE,-0.000555363775309986
601020.XSHG,-0.0026754018596011372
003017.XSHE,-0.03441326856778506
603606.XSHG,0.002608054549438509
600282.XSHG,-0.002060491131744113
002513.XSHE,-0.0006684361459796391
002059.XSHE,0.0014049210149231846
600019.XSHG,-0.004586841823972232
688028.XSHG,0.010845807424811492
600418.XSHG,-0.01725495180316813
002502.XSHE,-0.0032583504220551
603367.XSHG,-8.88643792783955e-05
600789.XSHG,0.0031772177158654567
000546.XSHE,-0.0004173419226524886
002397.XSHE,-0.01106759855500966
688278.XSHG,0.012250883325187336
600121.XSHG,-0.0025676899903531313
300773.XSHE,0.030843262590043323
603203.XSHG,-0.019253117489513364
002474.XSHE,0.002322412937014428
000538.XSHE,0.44941315817602684
603686.XSHG,0.007937107150819082
601236.XSHG,-0.00026095902719033576
002129.XSHE,-0.005843413780367166
600291.XSHG,-0.009819971550659145
603158.XSHG,0.004507235463023092
000554.XSHE,0.0019750473500522296
002731.XSHE,-0.0031570834840366773
601099.XSHG,2.4169819542846826e-05
002416.XSHE,-0.003200080839088689
002064.XSHE,-0.05388996489877958
600810.XSHG,0.005152431936294072
600320.XSHG,0.0004593280377063391
600410.XSHG,0.01763712624377976
300225.XSHE,-0.0005548611821601932
002802.XSHE,-0.008348424083920652
600108.XSHG,0.0011508753415777112
000601.XSHE,-0.010703283999886055
603309.XSHG,0.01044889779306317
300237.XSHE,-0.01728051570589586
300509.XSHE,-0.007160482738493856
300161.XSHE,0.003537460577884167
688377.XSHG,0.00024437547101760753
002989.XSHE,0.015780358918678027
300038.XSHE,0.007689087582599717
688088.XSHG,-0.008101572910339194
601007.XSHG,-0.0012913916885201912
688090.XSHG,-0.00850734215470584
300723.XSHE,-0.026765894347570204
002576.XSHE,-0.006406626728559987
300205.XSHE,0.016355177571970553
002725.XSHE,-0.006668519159927138
603860.XSHG,-0.00781573296815949
002659.XSHE,0.0014510515420140305
002329.XSHE,-0.001493004672472937
603615.XSHG,-0.002201592243302332
002562.XSHE,0.0028494038131936764
601601.XSHG,0.010513158176027784
000900.XSHE,0.0008041071347796509
300553.XSHE,-0.006535296350206997
600104.XSHG,-0.05928684182397204
002634.XSHE,-0.01699746957908969
601916.XSHG,0.0006984854700449733
300105.XSHE,-0.010019748394501959
600261.XSHG,-0.023083078772124753
600575.XSHG,-0.001475588081959048
300441.XSHE,-0.002356141220677564
300654.XSHE,-0.012736791575344629
002326.XSHE,-0.0066215157085926036
300210.XSHE,-0.04964053746414216
002532.XSHE,0.008717591176351755
300073.XSHE,-0.08207429596913549
300399.XSHE,0.005124970811044271
300519.XSHE,-0.0031465893184066725
601216.XSHG,0.04883890258174533
000819.XSHE,0.0032879517769889895
600895.XSHG,0.21669628570218274
600505.XSHG,0.020535758860615837
002557.XSHE,0.033870081794269334
600645.XSHG,0.00918379460791141
002724.XSHE,-0.003886981194064835
603288.XSHG,0.022713158176027277
688386.XSHG,-0.0023588979797778595
603551.XSHG,-0.0024470298641888705
603630.XSHG,-0.012209594282344475
300207.XSHE,-0.02747019839034528
603228.XSHG,0.01716571577943662
603777.XSHG,0.002196860821426439
688069.XSHG,0.0452453049963544
000881.XSHE,0.01669163024250902
002649.XSHE,-0.009542952042075344
600862.XSHG,-0.00475379720583607
300066.XSHE,-0.07879433480652519
600193.XSHG,-0.004755920041595281
603683.XSHG,-0.005033935637293653
600829.XSHG,0.02134624819652317
002918.XSHE,-0.011924054414351997
688111.XSHG,0.005913158176027776
300335.XSHE,-0.0037655524064054745
002355.XSHE,-0.0032364529105409928
300555.XSHE,-0.02227980043036979
600277.XSHG,-0.003627343154577942
300811.XSHE,-0.005488178430491394
300271.XSHE,-0.017824571543833576
601187.XSHG,0.0004981906823850259
002276.XSHE,-0.01923668177199344
002237.XSHE,-0.03667244336278287
002505.XSHE,0.008111285648306063
601658.XSHG,0.0006131581760277828
603601.XSHG,0.08382915974986822
300331.XSHE,0.010538934158652888
002293.XSHE,-0.0033526546215735787
600551.XSHG,0.002260351686341648
000037.XSHE,0.007809136427838271
603050.XSHG,-0.014520374075212648
000657.XSHE,-0.002076460116557166
603937.XSHG,-0.006220196773274024
300155.XSHE,-0.01323383498029141
601010.XSHG,-0.0009188129379403248
002005.XSHE,-0.0025682443548733667
601228.XSHG,-0.0009903549865502102
600315.XSHG,-0.10815910364349998
600750.XSHG,0.06437378832033355
601857.XSHG,0.0009131581760277758
300842.XSHE,-0.03679867221957205
300795.XSHE,-0.008377592481114233
600466.XSHG,-0.003132558081588389
688299.XSHG,-0.006136602410956364
600767.XSHG,-0.0014106420936654514
002574.XSHE,-0.003072578477486124
000415.XSHE,0.014775197316399667
300249.XSHE,-0.02993478177213362
603056.XSHG,0.003938554544663193
002572.XSHE,-0.11104712303660541
688333.XSHG,0.037638791676891784
603369.XSHG,-0.009055258486369
002494.XSHE,-0.003691107012164551
000617.XSHE,0.01677833436727852
688158.XSHG,0.018511528273973243
600779.XSHG,-0.1120284248070482
002776.XSHE,0.004729943413627015
300409.XSHE,-0.009429882086266937
300185.XSHE,0.0058031793746610725
603166.XSHG,-0.003137943381265956
002342.XSHE,-0.0014095772417686441
002488.XSHE,-0.010056363138785593
601966.XSHG,-0.010464685686480334
603226.XSHG,-0.005083997188110621
603565.XSHG,0.008961253574847824
600726.XSHG,0.0007819557376276568
603089.XSHG,0.008808382514531766
300608.XSHE,-0.015313496779594378
000999.XSHE,-0.003641778125853126
300612.XSHE,-0.007486077930962778
300711.XSHE,-0.007642939755912194
300822.XSHE,-0.010551160060151912
600876.XSHG,-0.019995014099134553
002043.XSHE,0.022270213001986987
603313.XSHG,-0.006877266752116851
603989.XSHG,0.0008860391284895655
300433.XSHE,-0.02268684182397236
002067.XSHE,-0.00469732694670887
688520.XSHG,0.022567907050592924
000622.XSHE,0.0017196098718362746
600774.XSHG,-0.012707187236161906
000155.XSHE,-0.003860314131045005
000972.XSHE,0.0013793096433783545
002936.XSHE,-0.0001456106955814857
000890.XSHE,0.00135747525258831
002607.XSHE,-0.294986841823972
600028.XSHG,0.0002131581760277737
600475.XSHG,-0.002748715265834302
600706.XSHG,-0.0044687151923498885
603682.XSHG,-8.846420834921842e-05
603332.XSHG,-0.0042229636908427725
300826.XSHE,-0.02144904830065257
688312.XSHG,0.010520091394950352
002456.XSHE,-0.0674135500761808
600522.XSHG,0.043834836895175144
688200.XSHG,0.11056157307138066
002036.XSHE,-0.022520493434553236
603996.XSHG,-0.003387062183773258
002606.XSHE,7.697918089501427e-05
600889.XSHG,-0.0011208324005964109
600639.XSHG,-0.00158738977231717
000731.XSHE,0.004776181390444784
000150.XSHE,-0.004153767168217114
603895.XSHG,-0.007846275240002218
000528.XSHE,0.01811077823950665
000565.XSHE,0.004863092854771945
002813.XSHE,-0.006690894890048509
300290.XSHE,-0.0051612860836196105
300364.XSHE,0.008036409490202087
600549.XSHG,-0.003345752452389572
601818.XSHG,0.002013158176027779
603327.XSHG,-0.0006343392352036739
002433.XSHE,0.0006349597568065758
688058.XSHG,0.004153947492441584
002963.XSHE,0.005751719499342738
300827.XSHE,-0.01712740518787255
002312.XSHE,-0.025117548113543626
600890.XSHG,-0.010759792247150868
000716.XSHE,-0.0053940598649246
002727.XSHE,-0.011134796308465492
000812.XSHE,-0.002641078153830413
001696.XSHE,0.08466080694722121
600093.XSHG,0.014523848120005177
000005.XSHE,-0.005579852215813232
300482.XSHE,0.07233633445986395
603661.XSHG,-0.031464061046034934
002262.XSHE,-0.03224809974359226
601138.XSHG,0.003413158176027776
601949.XSHG,-0.001382668791130759
000543.XSHE,-0.0008964461282382858
002621.XSHE,0.008881415273869042
002343.XSHE,0.0015719694938932448
600572.XSHG,0.01403412913732675
000960.XSHE,-0.001242558513251012
002309.XSHE,0.0004204123554621998
002335.XSHE,-0.04680741689787701
300014.XSHE,-0.2305344187940246
300134.XSHE,0.011189441824000425
300902.XSHE,0.0039309130266502335
002192.XSHE,0.005157962706927233
002389.XSHE,-0.08635969421686641
002352.XSHE,-0.020986841823972202
603718.XSHG,0.005442162193016136
600366.XSHG,-0.021820721796982478
600863.XSHG,0.0008475351924576847
688500.XSHG,0.021945319622068978
300429.XSHE,-0.019996143747590883
603633.XSHG,0.005764231649577217
300047.XSHE,-0.0013359535465882486
300206.XSHE,0.04302348444508898
000678.XSHE,-0.0017677399493413637
002275.XSHE,0.004674300408235799
300696.XSHE,-0.04638842111739569
300813.XSHE,-0.00812527053188242
600420.XSHG,0.006021425271295868
600455.XSHG,0.0022615271137067182
603278.XSHG,-0.0028017781784936448
688086.XSHG,-0.006087816869196879
688221.XSHG,0.015648193490341286
300365.XSHE,-0.02145452559593401
002210.XSHE,-0.00527831405034164
600719.XSHG,-0.0029813448142328672
002506.XSHE,-0.005689949472802212
601399.XSHG,0.00011217875293974419
605178.XSHG,0.033471225979057634
300194.XSHE,-0.009175689388604436
600106.XSHG,-0.0030523478630628603
600623.XSHG,0.010209419941454512
300602.XSHE,0.004472789093404783
688004.XSHG,0.02721655637614686
000676.XSHE,0.005456989591613368
002187.XSHE,-0.0054229527933485015
002457.XSHE,-0.0037906085990943735
002943.XSHE,0.0008590892014964284
002689.XSHE,-3.4995207608707474e-05
300380.XSHE,-0.03441013438362661
000721.XSHE,0.0033740717445672245
300016.XSHE,-0.019429714806249835
002638.XSHE,-0.0031581455445228845
002677.XSHE,-0.025995051546030146
000012.XSHE,-0.07491748366538768
600903.XSHG,0.0016833082691474542
601158.XSHG,-0.00018819640787682857
600369.XSHG,-0.00022380446879112785
603998.XSHG,0.0012012556499019647
300750.XSHE,-0.130886841823972
603722.XSHG,0.00028849005181592544
600027.XSHG,-0.00023677070309289667
000681.XSHE,0.013901066876135853
600581.XSHG,-0.0053317958503414555
002323.XSHE,0.00310378975186837
300566.XSHE,-0.010790915508224886
300867.XSHE,-0.010355841028961857
300203.XSHE,-0.0012568857617055878
002268.XSHE,0.06874059470080553
601633.XSHG,-0.0259868418239722
688037.XSHG,-0.008093597284151472
002518.XSHE,-0.015912276933843842
002071.XSHE,-0.002982505192169912
002880.XSHE,0.020170801160492295
600317.XSHG,0.0014230828101810368
300112.XSHE,-0.0031181622471170996
002454.XSHE,-0.0035269911161817753
300046.XSHE,-0.041034258636117565
600376.XSHG,0.003796595026174709
601702.XSHG,-0.0018914988370076278
688358.XSHG,-0.010227095637951177
300596.XSHE,0.0037737769097431284
300515.XSHE,-0.017521917795359727
600744.XSHG,-0.004536488968767612
002842.XSHE,-0.007486744212455898
603218.XSHG,-0.006971676800836711
002466.XSHE,-0.044539844468555016
002066.XSHE,-0.003902595499690825
002032.XSHE,0.05485332176456705
300402.XSHE,-0.006396768265562273
600971.XSHG,-0.001775572505361954
600125.XSHG,-0.028163053623639765
688408.XSHG,-0.09376719814407802
300790.XSHE,-0.024822287975834013
002053.XSHE,0.0008006535293980123
603617.XSHG,-0.007951528790720358
002093.XSHE,0.03870506050748992
000559.XSHE,-0.09687366129269562
300025.XSHE,-0.0010288602640868693
000911.XSHE,0.000863910689065368
300204.XSHE,0.012940097012688409
002672.XSHE,-0.0009020007462448284
000401.XSHE,-8.188832842295714e-05
002620.XSHE,-0.004683302530760938
600545.XSHG,-0.006401031721627655
300260.XSHE,-0.019638001309790914
300736.XSHE,-0.03676782604186606
300368.XSHE,-0.006203891976304785
600499.XSHG,-0.03389482728837067
002256.XSHE,0.00022817074264475361
000790.XSHE,-0.014921238352130613
603813.XSHG,0.007057020443568062
002639.XSHE,-0.01978593961520817
002324.XSHE,0.02385790354035305
600867.XSHG,-0.0206415009059378
600980.XSHG,0.0006987975432287781
603922.XSHG,0.0025925616555380463
600975.XSHG,0.013282224912696091
601995.XSHG,-0.03068684182397226
002174.XSHE,0.00930029154439015
605288.XSHG,-0.01005196304280117
002248.XSHE,0.0017274052822008638
000509.XSHE,-0.00618036489212148
300183.XSHE,0.060604038308760336
603040.XSHG,-0.010963255436667763
300139.XSHE,-0.02591367261755428
300568.XSHE,-0.006485305513101544
603880.XSHG,0.006506322902952294
300620.XSHE,-0.0007010305588883731
000035.XSHE,-0.0012172827420054767
002242.XSHE,-0.035203764694591806
002328.XSHE,-0.005490221439281276
605116.XSHG,-0.002620031894045429
600207.XSHG,-0.005888707121182998
300257.XSHE,0.005347253218129948
603711.XSHG,-0.01013000130906076
300096.XSHE,-0.008140357596722565
600578.XSHG,-0.00019514363101659623
300468.XSHE,0.011745704004544208
688188.XSHG,-0.1717904685040487
300485.XSHE,0.02128024964249592
603008.XSHG,-0.0023951064853605653
300358.XSHE,0.006192789293014108
002839.XSHE,-0.001953677771185597
601369.XSHG,-0.0028292714690571572
600340.XSHG,0.13937520296045805
000967.XSHE,-0.013729855960579228
300684.XSHE,-0.00454270802773923
688129.XSHG,-0.013244578714932932
002983.XSHE,-0.014327095637951214
002009.XSHE,0.004156202910514181
002591.XSHE,-0.011170127177610446
002269.XSHE,0.007460603745524333
002068.XSHE,0.0012599180839038505
603308.XSHG,-0.0051705168747588435
603111.XSHG,-0.006619784226798978
000735.XSHE,0.01566489581744868
300111.XSHE,-0.0007512419113601507
300483.XSHE,-0.004468170397892113
002608.XSHE,0.002347589543382135
603867.XSHG,0.004266665033304362
688389.XSHG,-6.39216287782482e-05
603788.XSHG,6.0740084203886584e-05
000795.XSHE,0.005338284705878828
603003.XSHG,-0.0027188611457832084
000006.XSHE,-0.02052988347493614
600616.XSHG,-0.1533729463937202
000729.XSHE,0.006091166588379284
002205.XSHE,-0.0015464512285818125
600812.XSHG,0.007366729269603556
002923.XSHE,-0.0003647892102031428
600756.XSHG,0.04405385152861486
002040.XSHE,-0.002805179410025804
601607.XSHG,-0.00015671384974988399
002381.XSHE,-0.001058684982089099
603917.XSHG,-0.004662618571296203
601326.XSHG,-0.001194129627753557
300550.XSHE,-0.0087310166397557
600619.XSHG,0.07556640990961751
002330.XSHE,0.0010861452507846111
601969.XSHG,-0.00042012068859804963
002033.XSHE,0.0010228816467962227
000536.XSHE,4.1889939370525625e-05
601226.XSHG,-0.0014469191993378787
300314.XSHE,0.005993026575862651
603311.XSHG,0.0005864537745135733
600684.XSHG,0.0046115099672025105
600476.XSHG,0.005694337391024694
002026.XSHE,-0.012482026658250357
603662.XSHG,-0.0132568354402409
300999.XSHE,-0.03558684182397221
300521.XSHE,0.01350596449554492
603378.XSHG,-0.014168720732952533
002371.XSHE,-0.3510563523637649
002348.XSHE,-0.005982620747980467
600380.XSHG,0.010751496795044604
600555.XSHG,-0.0009266532657138231
300311.XSHE,-0.009946695666631367
000584.XSHE,-0.006799560494483112
600352.XSHG,-0.018591888021059665
000920.XSHE,0.005671260648615343
605336.XSHG,-0.019331438831603
300453.XSHE,0.015747744447853214
688233.XSHG,0.004086846790241659
002438.XSHE,0.003614406656655766
600689.XSHG,0.0029853467213086064
000502.XSHE,-0.005775105636108164
600898.XSHG,0.0037399230624207006
002280.XSHE,-0.003682710493415609
600265.XSHG,-0.0021003252299740547
600602.XSHG,0.6141263729565476
600536.XSHG,0.13286312469982783
000687.XSHE,-0.0008508467960831401
688127.XSHG,-0.0060458520078896585
688336.XSHG,0.006527789678749091
601991.XSHG,0.00015515923210850265
300222.XSHE,-0.06313937364515144
603156.XSHG,-0.004138412439451363
300689.XSHE,-0.023381756320442596
000652.XSHE,0.037087036015866964
600718.XSHG,0.05946070630429151
002168.XSHE,0.023634426462322052
600247.XSHG,-0.0035331402004677246
600053.XSHG,-0.0003977663909887233
600279.XSHG,-0.0003563186732358653
300064.XSHE,-0.005737213390642597
300595.XSHE,-0.018524455748020703
300505.XSHE,-0.02055308011792776
000541.XSHE,0.013542995453286823
603817.XSHG,-0.0018496921234413192
000878.XSHE,-0.007132362562261824
688566.XSHG,0.011774031670953715
300328.XSHE,-0.004993197988794978
600176.XSHG,-0.10895250100231604
300027.XSHE,0.003373660614906804
002995.XSHE,0.0034900506006821643
002034.XSHE,-0.011725660167793757
002688.XSHE,0.004790737575661663
603007.XSHG,0.015315648132702359
600157.XSHG,0.004221484376632887
002362.XSHE,-0.0015501934503961532
002798.XSHE,0.005790609507758324
300115.XSHE,-0.10837534859610581
000408.XSHE,-0.003319332256353434
300745.XSHE,-0.007390928095627506
300899.XSHE,-0.021619536634862303
600531.XSHG,-0.027939760880274427
300855.XSHE,-0.008890792693757565
600448.XSHG,-0.0029402056814459587
688599.XSHG,-0.006705273669871132
300252.XSHE,0.005309623717484627
300801.XSHE,-0.0020581499976960673
603266.XSHG,-0.009672626021613076
000426.XSHE,-0.08584464811528546
002742.XSHE,0.010243684028792015
002831.XSHE,-0.010923044788952448
603610.XSHG,0.010979583874098938
600743.XSHG,-0.0019432406725808302
002318.XSHE,-0.0009318607975206706
600793.XSHG,0.004111704747503258
002378.XSHE,-0.0003668278270568652
002180.XSHE,0.05296758287495681
601860.XSHG,-0.00058420146316389
605100.XSHG,-0.004374044074645355
603798.XSHG,-0.0008325768261454279
300450.XSHE,-0.6020347227892706
600242.XSHG,-0.0019246732411010254
600330.XSHG,0.001014705822179089
002460.XSHE,-0.2937890360983963
600643.XSHG,0.013912331106002722
600720.XSHG,0.05536819347809384
603289.XSHG,-0.002538214095622956
603823.XSHG,-0.003928426435719465
000612.XSHE,-0.029859580487511212
002837.XSHE,0.0012653449211736149
000882.XSHE,-0.0012953276032058323
002520.XSHE,0.0008241493238404162
002853.XSHE,-0.01797207531000331
688027.XSHG,0.13566545326054602
002022.XSHE,0.004814757682932514
600532.XSHG,-0.006277420070135254
300162.XSHE,-0.013930797574295209
603960.XSHG,-0.07887611150514183
002823.XSHE,-0.012057763139122473
600490.XSHG,-0.0015608717859991875
688536.XSHG,-0.1611814508471457
600611.XSHG,-0.183665796844453
600601.XSHG,0.6141714894803755
300041.XSHE,-0.014407346683188849
002373.XSHE,0.019898785647687742
600665.XSHG,0.001696719502404602
300324.XSHE,-0.021254264465712165
688189.XSHG,-0.0016182023960404199
600276.XSHG,-0.3458868418239751
000835.XSHE,-0.0002535423362244435
002426.XSHE,-0.0010629766021541865
002708.XSHE,-0.0030873931521338323
300589.XSHE,0.0042307052964703565
600773.XSHG,-0.001421542046137161
600803.XSHG,0.0036704807271495028
002796.XSHE,0.0051455925253576385
600707.XSHG,-0.0037468507970320644
001914.XSHE,-0.028412881756375647
300484.XSHE,0.0006841151918737312
605188.XSHG,-0.0010658340794937452
000593.XSHE,-0.0053152094696668544
600101.XSHG,0.002387619481196529
603221.XSHG,0.0012398715029068364
600517.XSHG,0.001961593341153771
000504.XSHE,-7.061475442334637e-05
002375.XSHE,-0.01512572416409048
000997.XSHE,0.006843854839245534
600227.XSHG,0.0020941684351722047
000025.XSHE,-0.005879937418692399
600435.XSHG,0.020460751433557314
002523.XSHE,-0.0029337885376667285
603506.XSHG,-0.004009450774390991
600095.XSHG,0.0007699729558736869
603709.XSHG,-0.007930287100991565
601717.XSHG,0.003016441408742329
002992.XSHE,0.008388856292213169
300820.XSHE,-0.05484688533004296
600568.XSHG,0.006544087716084762
300452.XSHE,-0.013148686014405091
605169.XSHG,-0.0020533861514855966
300131.XSHE,0.04520948269970209
600132.XSHG,0.03875280587313448
002993.XSHE,-0.014899787378860604
603538.XSHG,0.0137393039766508
300782.XSHE,-0.1467390011722901
300343.XSHE,-0.017075794574089705
601678.XSHG,-0.011049292376225584
601952.XSHG,0.0035887868918606535
300030.XSHE,0.01266447522612692
600415.XSHG,-0.004465664733019041
601877.XSHG,-0.014940275430202054
600859.XSHG,0.04029315305731317
603939.XSHG,-0.0031882726903364285
300678.XSHE,0.01728827676696057
000586.XSHE,-0.013876529545055385
000982.XSHE,-0.00024363909236465296
300726.XSHE,0.004062883462829551
002339.XSHE,-0.01256785909682533
002658.XSHE,-0.0017284436269150148
002148.XSHE,0.00479687873757499
600483.XSHG,-0.002531677126570938
000823.XSHE,-0.0014090116785146628
600678.XSHG,0.0018681410901715107
603338.XSHG,-0.07136926272192677
688528.XSHG,0.00260842157602569
002668.XSHE,-0.008349764677680897
300227.XSHE,-0.0046445985328464785
003013.XSHE,0.006657964246215815
600258.XSHG,-0.015393888028278799
002819.XSHE,-0.0023606802961323504
000045.XSHE,0.006375669453162322
002821.XSHE,-0.005707990115354462
002209.XSHE,-0.010497861643935253
603351.XSHG,0.0028086416676785814
002124.XSHE,0.021768102857086066
002229.XSHE,-0.0011110500835116866
002380.XSHE,-0.018867737383860366
002092.XSHE,0.00046521151045159797
300759.XSHE,0.02365873624036344
603366.XSHG,-0.003971368291180572
002651.XSHE,0.003925282050873996
300625.XSHE,-0.00496152087629684
600429.XSHG,-0.001283201360662462
600637.XSHG,-0.0022826051432376783
601258.XSHG,-0.0001346819907040483
600478.XSHG,-0.002634647909552394
300480.XSHE,0.003985653282035495
603988.XSHG,-0.004560227388877201
002061.XSHE,-0.0004940262074863988
300377.XSHE,0.006070712803726108
002756.XSHE,-0.0035627189129861002
002428.XSHE,-0.021521199502493524
688393.XSHG,0.006734283754631249
002541.XSHE,-0.003889832952036234
002465.XSHE,-0.016544205728975178
603031.XSHG,-0.00601791743251818
603429.XSHG,-0.0036077272480614184
600400.XSHG,0.0009140691686642969
300342.XSHE,0.0008799267049091491
002412.XSHE,0.0007168901359180589
600858.XSHG,-0.008365627375506359
002057.XSHE,0.003977087219027984
300504.XSHE,0.004541424957808966
300806.XSHE,0.013245818548235332
300809.XSHE,-0.021586001935669424
000895.XSHE,0.07451315817602677
002810.XSHE,0.015727976701369738
603500.XSHG,0.0019613033691434317
601088.XSHG,1.3158176027777734e-05
688788.XSHG,-0.015874798185735835
002975.XSHE,-0.07657142635625248
300535.XSHE,-0.013078565309261521
600362.XSHG,-0.004032476366927069
300223.XSHE,0.008458877107526158
002208.XSHE,0.012396707955267268
300170.XSHE,0.016211561691408898
600704.XSHG,0.009902282843046504
000513.XSHE,0.07363343683360145
603160.XSHG,-0.03553849625366185
688168.XSHG,0.024467042095885988
000058.XSHE,0.002362378756058066
000096.XSHE,-0.004589738315641597
603970.XSHG,0.00483357475873359
002087.XSHE,-0.0032125396786639514
300653.XSHE,-0.00032783571173314254
600419.XSHG,0.007131782420457454
002356.XSHE,-0.0027012680064294036
688551.XSHG,-0.013304499015914207
000020.XSHE,-0.005513287585435796
002388.XSHE,-0.007626079295136714
002571.XSHE,-0.014377818715848693
002737.XSHE,0.027967809246238234
002491.XSHE,0.01081473705068314
002882.XSHE,-0.002022195815537609
002338.XSHE,0.010401075208149185
300389.XSHE,-0.048436515155692396
000048.XSHE,0.04237912299730701
300049.XSHE,0.004762713090162424
002774.XSHE,8.610852884205792e-05
000906.XSHE,-0.009431075081376897
000930.XSHE,0.019135142340326986
600538.XSHG,-0.008301563203729968
601168.XSHG,-0.003485596257228876
000685.XSHE,0.026763147657555685
002665.XSHE,0.00514701285670429
002082.XSHE,0.0014578240286962346
002448.XSHE,-0.011813026968310264
688505.XSHG,0.014245808027290384
300572.XSHE,-0.09241399751814305
300262.XSHE,-0.009202001560580444
002851.XSHE,-0.019305146477540464
603090.XSHG,-0.006818078795383218
002166.XSHE,0.01586976688745652
300076.XSHE,-0.0016942229036251292
601869.XSHG,0.010253616674700646
002292.XSHE,-0.009313287208886467
603558.XSHG,-0.001725754968881082
300561.XSHE,0.004205387022677105
002862.XSHE,-0.0029812876106607854
002892.XSHE,-0.0032430534993403435
603956.XSHG,-0.005125831764437126
300760.XSHE,-0.031486841823972316
300334.XSHE,-0.003465169200742247
300309.XSHE,0.002104527712028488
688196.XSHG,-0.005110272548761347
002825.XSHE,-0.0025561148972059154
603885.XSHG,0.002261576512434549
603186.XSHG,0.011336778870413587
000425.XSHE,0.05170712159712096
300369.XSHE,0.023586482828158613
300583.XSHE,-0.01000647399894772
300786.XSHE,0.005702994814065784
000633.XSHE,-0.012677276938731025
600745.XSHG,-0.15438684182397222
300233.XSHE,0.01988163888188546
002471.XSHE,-0.004397755356947629
000818.XSHE,0.026186618291265663
300084.XSHE,-0.007332147540334044
000786.XSHE,-0.1651880525233741
603323.XSHG,-0.002328403388608916
002743.XSHE,-0.0032648168611066355
603799.XSHG,-0.027118505562877752
002468.XSHE,0.0029649873281019706
300103.XSHE,-0.003154235802689067
600008.XSHG,-0.0023198042565692797
600546.XSHG,0.004176245264267452
002295.XSHE,-0.003436005270794733
601179.XSHG,-0.00028450844760425135
600284.XSHG,-0.006114355638383851
002384.XSHE,-0.027784768763490352
603719.XSHG,0.01921471848489158
605108.XSHG,0.00015555214438096703
601669.XSHG,0.0006675317532294632
300422.XSHE,0.008780775254610408
601328.XSHG,0.0013131581760277848
688006.XSHG,-0.019171656319207156
002243.XSHE,-0.0009599834357781647
002241.XSHE,-0.5908868418239729
002024.XSHE,-0.1489350640054815
002552.XSHE,0.02358969497061256
002840.XSHE,0.004060100215564999
600897.XSHG,0.00420043906773055
600386.XSHG,-0.008070139388463725
603238.XSHG,-0.002948539940970677
300280.XSHE,-0.012301571385123453
300658.XSHE,-0.00734891363780848
600048.XSHG,-0.016386841823972407
600869.XSHG,0.004945753525746144
603320.XSHG,-0.0033345119474221933
603329.XSHG,-0.00015315443738555135
300554.XSHE,-0.04318271773799939
600328.XSHG,0.0013175269400525645
000066.XSHE,0.0733882195162244
300694.XSHE,-0.005051321423016977
300670.XSHE,-0.007583603885215921
002287.XSHE,0.008155558226225561
600356.XSHG,-0.0023695793939581245
002640.XSHE,0.005976181766994218
600817.XSHG,0.0034056937811879
600130.XSHG,-0.001199611992759973
600655.XSHG,-0.4799011572993624
300604.XSHE,0.02422685802571757
300188.XSHE,-0.04304394577556575
600681.XSHG,0.00490687998357324
002527.XSHE,-0.00829857640636509
601390.XSHG,0.0010131581760277728
300081.XSHE,0.0014773677293769883
688198.XSHG,0.015537894994657573
600755.XSHG,0.009488291844534353
002469.XSHE,-0.007424844174028395
688321.XSHG,0.005932021619143757
002647.XSHE,-0.002942136533260561
601238.XSHG,0.0019131581760277537
600535.XSHG,0.0322476765867895
300688.XSHE,0.010882613597724872
002722.XSHE,-0.004151004416655011
603336.XSHG,0.004477974317127041
600110.XSHG,-0.058030096472624595
002538.XSHE,0.005071719487095373
603986.XSHG,-0.3397780538428562
600406.XSHG,-0.24543553417924294
601882.XSHG,-0.0048966872899267305
002114.XSHE,-0.003389186667222117
600496.XSHG,0.0036339712155153796
603655.XSHG,-0.025306640177462404
603567.XSHG,0.010881279010499345
300877.XSHE,-0.01184224399706017
600126.XSHG,-0.004795652353174968
000707.XSHE,0.0006182247984534337
300373.XSHE,-0.0475080699282518
600218.XSHG,-0.0004908262758859506
002012.XSHE,-0.004593885340323741
600557.XSHG,-0.01126441572522202
000783.XSHE,-0.007111806157604129
300755.XSHE,0.005224117732859866
300164.XSHE,-0.006955679906099256
002198.XSHE,0.0045773675787572346
000514.XSHE,0.000677395229660766
