code,price_amplitude
002433.XSHE,-0.0015229240019888853
000713.XSHE,0.00026944512632433217
000576.XSHE,3.714614110088147e-05
603227.XSHG,-0.002051135895611139
002731.XSHE,-0.0024023731633406216
300564.XSHE,-0.00018208550859977494
300675.XSHE,-0.002526062579898545
300267.XSHE,0.0018629021120046317
000626.XSHE,0.004307211027641634
300144.XSHE,0.010863668513693246
000633.XSHE,-0.001987242685754527
600901.XSHG,-0.000570906086324197
002134.XSHE,-0.001920308195998007
603583.XSHG,0.005157701304394627
300044.XSHE,0.00170775035768557
002902.XSHE,0.002030277492096436
601199.XSHG,-0.0019118730883179163
002471.XSHE,-0.001922697584337009
601801.XSHG,-0.0006772670818313299
002410.XSHE,0.029625069199755542
603012.XSHG,-0.0009953366675669996
002401.XSHE,0.0018091047582403032
688011.XSHG,0.0009993546713133756
603278.XSHG,-0.002308330428176899
600537.XSHG,-0.0017408194269576572
000620.XSHE,-0.0011307601496333144
000691.XSHE,-0.003001990274145463
300379.XSHE,0.01746600883758742
603093.XSHG,0.0008155814256680988
300404.XSHE,-0.0005059066886983015
600202.XSHG,-0.0020671177032702934
000825.XSHE,0.0001760476473043523
002474.XSHE,0.001303711811575149
300039.XSHE,0.004259284310594984
002715.XSHE,-0.00047031188729816957
600211.XSHG,0.0019268683683265106
001914.XSHE,0.010909542881899156
300327.XSHE,0.005831118920108976
000716.XSHE,-0.0018131271011067051
000882.XSHE,-0.0015921156807330835
300555.XSHE,-0.0018847055973877425
002799.XSHE,-0.00036861145699415435
000968.XSHE,-0.0008458359435111527
600372.XSHG,0.001716335685407075
300355.XSHE,-0.0002893307740965993
300812.XSHE,0.010451108271418753
000921.XSHE,0.0006398735655512934
603001.XSHG,-0.0020459141332410504
600587.XSHG,0.006062830122988068
600690.XSHG,0.04612736471186093
000655.XSHE,0.002401058056334869
601816.XSHG,0.0015073647118609805
002716.XSHE,-0.002459029547749427
603388.XSHG,-0.001976851387204841
600479.XSHG,0.0025947443831365745
000020.XSHE,-0.0010039754653084054
600648.XSHG,0.0031454217918257398
600714.XSHG,-0.0024322064476699047
000776.XSHE,0.0047373647118609825
600348.XSHG,0.00022420154928005616
002365.XSHE,-0.0006308758215539719
002388.XSHE,-0.0010495384768775217
000090.XSHE,3.871448699827203e-05
000880.XSHE,-0.0017266431766237563
603377.XSHG,-3.82100175543988e-05
600332.XSHG,0.003481637908090685
002862.XSHE,-0.0016628575607997365
002325.XSHE,-0.0004025844737249296
600178.XSHG,-0.0024978698888533705
000803.XSHE,-0.0010683410768671233
000835.XSHE,-0.0008771301560389299
600538.XSHG,-0.002259384390309135
300558.XSHE,0.0067082749548836775
002272.XSHE,-0.002451893566525773
300718.XSHE,0.0009719884048039942
603113.XSHG,-0.001282517430438395
603777.XSHG,-0.001422391380458438
002565.XSHE,0.0009281075020768266
600775.XSHG,-0.0007322994628825588
002153.XSHE,0.05367998448872302
603239.XSHG,-0.0005924849151785804
688030.XSHG,0.0034554591077298105
002298.XSHE,-0.00046199995747045973
603039.XSHG,0.006437041139624816
600163.XSHG,-0.0020557957867274263
002673.XSHE,0.0009520299214687143
600446.XSHG,0.02527535174192634
000301.XSHE,-0.00016390078999153603
300562.XSHE,0.007236000417632426
002424.XSHE,0.00395175255215024
300447.XSHE,-0.0007515328759201173
600566.XSHG,0.0024917667677023464
002823.XSHE,-0.000265584382599323
002825.XSHE,-0.002189054691562814
600615.XSHG,0.05914890214627512
002315.XSHE,0.002983459036974959
300639.XSHE,0.003280854086702487
600979.XSHG,-0.0017699493094707572
300419.XSHE,-0.0010011338013612078
300214.XSHE,-0.00043038177091090854
002842.XSHE,-0.0012273718254906952
000938.XSHE,0.013395707508002855
002050.XSHE,0.017264561131095063
300100.XSHE,-0.0012089470244339058
600555.XSHG,-0.002584718008307992
002208.XSHE,-0.0008686430498440082
000798.XSHE,-0.002271832081113671
600094.XSHG,0.0006170571073599075
000925.XSHE,-0.0010729336239248986
000809.XSHE,-0.00285180812978773
300791.XSHE,7.25394303864083e-05
000860.XSHE,0.010236430858472393
002221.XSHE,0.000617129749262394
600121.XSHG,-0.002271228611158694
300790.XSHE,0.0007731613250408229
002370.XSHE,-0.0004598086706238437
603909.XSHG,-0.0019968730160517542
000547.XSHE,0.009917709962625719
300001.XSHE,0.016894442763380507
002304.XSHE,0.022307364711860934
600328.XSHG,-0.0006396585130782936
600894.XSHG,0.0007019283088605043
601188.XSHG,-0.0022752926325489667
002078.XSHE,0.005815661211894793
002869.XSHE,0.0031062272816954717
000783.XSHE,0.0019635442778387154
600603.XSHG,0.06861451042775149
600612.XSHG,0.09998629750578845
600575.XSHG,-0.00014281161680560297
300020.XSHE,0.001887328316706552
600528.XSHG,0.001066506558883164
600691.XSHG,-0.0014311481820931035
600750.XSHG,0.008971203931636782
002106.XSHE,0.0012766978162698723
300671.XSHE,0.004483870927016898
300707.XSHE,0.0006701267436073841
603587.XSHG,0.0006902031086113958
603665.XSHG,-0.0018003899001409393
300117.XSHE,-0.0017584615901735596
600997.XSHG,-0.0010207226361946303
002481.XSHE,0.013712847749715828
601099.XSHG,0.00011192807113782823
002127.XSHE,0.008903705394340043
000619.XSHE,-0.0003504367659915965
300070.XSHE,0.009342592352418083
300337.XSHE,-0.0020792592833866115
000526.XSHE,0.004328947757695969
300024.XSHE,0.021844585133762973
002384.XSHE,0.01895861008706613
600352.XSHG,0.01098642373534912
603527.XSHG,-0.0019624688648535783
300604.XSHE,0.009487860181560259
300625.XSHE,-0.0010925989688480924
002555.XSHE,0.03578012729491621
300782.XSHE,0.043596759748646574
300410.XSHE,0.0007062116141789004
300797.XSHE,-7.65484388157117e-05
600493.XSHG,-0.0028471949075409317
002235.XSHE,0.0015024900244280954
002503.XSHE,0.0027873830523102074
600598.XSHG,0.0001005422016180749
603839.XSHG,-0.0002142944841165709
002367.XSHE,0.002853961921629378
600444.XSHG,-0.002347396959257065
002714.XSHE,0.03730736471186099
300537.XSHE,0.0003175711579982811
300613.XSHE,0.01396933538614642
002479.XSHE,0.00012343686907996185
600811.XSHG,0.0005460812825087281
300622.XSHE,0.0005038180886820062
300183.XSHE,0.004108528216083094
000915.XSHE,0.004935545798897725
600769.XSHG,-0.0012387488403516245
002244.XSHE,0.00035350745858089947
603365.XSHG,-0.0017366653545657787
603707.XSHG,0.006466839835091817
000971.XSHE,-0.0028677205610808626
300006.XSHE,0.002089353458178469
300225.XSHE,0.00015304561182521558
002442.XSHE,-0.0018924953149922345
600586.XSHG,-0.00145394905646469
300097.XSHE,-0.0006807176184751621
600067.XSHG,0.0013261614308963778
600963.XSHG,-0.0011920125759723329
600395.XSHG,-0.00039778273007337237
000638.XSHE,-0.0021321592397523254
002734.XSHE,-0.0010248265459514613
002125.XSHE,0.001489790098071458
600746.XSHG,0.003746350397052002
000709.XSHE,0.00015067164267965733
300470.XSHE,0.005020523910850505
300747.XSHE,0.015064304146240656
600089.XSHG,0.006005335245743589
603186.XSHG,0.0018580181045145792
600825.XSHG,0.004152160346329238
603517.XSHG,0.003967786544704948
300318.XSHE,-0.0004849830487426636
300800.XSHE,0.002782450437386948
000796.XSHE,0.00019335469843181994
600658.XSHG,-0.00015370567557143112
002398.XSHE,0.0003620865325867878
000523.XSHE,0.001553215137681082
000795.XSHE,-0.0003828237275073183
601615.XSHG,2.082635143947273e-05
000797.XSHE,-0.0008969330907943327
600530.XSHG,-0.0025642518179196734
002610.XSHE,-0.0012446276459339575
002969.XSHE,-0.0006279411613812801
601258.XSHG,-0.0005050919797950207
603136.XSHG,-0.0009662414163179914
603060.XSHG,-2.21491295567546e-05
600745.XSHG,0.025977364711861007
600839.XSHG,0.002729436324114349
002559.XSHE,-9.463011405218052e-05
300594.XSHE,-0.0012800496252472716
600276.XSHG,0.1013971416507958
600712.XSHG,0.0029508032287797
603535.XSHG,-0.0019400373800602566
603348.XSHG,-0.0002725194420984283
601888.XSHG,0.007867364711860964
300015.XSHE,0.059127364711860926
600082.XSHG,-0.0019234250100220096
600295.XSHG,-3.212277814284214e-06
300702.XSHE,0.005241838330955217
600301.XSHG,-0.002737704365670099
603013.XSHG,-0.0008699976161319884
002949.XSHE,-0.0013190175821334732
603220.XSHG,-0.00019457583435327375
603767.XSHG,-0.0025839352147808865
603096.XSHG,0.0013395018322930757
002074.XSHE,0.007590231539715592
002113.XSHE,-0.002733166366728398
002154.XSHE,-0.0010527192025834668
002539.XSHE,-0.0008466580757562673
002905.XSHE,-0.0005023110138887078
002605.XSHE,0.025419105267147322
600846.XSHG,0.010690206706167773
600645.XSHG,0.02305831963218718
688066.XSHG,0.005659443488532594
600736.XSHG,0.004637621746397039
603161.XSHG,-0.0024027463893048157
600120.XSHG,0.021806249812858353
603421.XSHG,-0.00011804476389516965
601200.XSHG,-0.0005098250730627925
002072.XSHE,-0.003540398827896088
300314.XSHE,-0.0005173775697458415
300497.XSHE,0.004075544212447956
601068.XSHG,-0.0007815763813836335
600076.XSHG,-0.0016707852521517515
601918.XSHG,-0.0014162503948616661
002690.XSHE,0.008513094956948018
603477.XSHG,-0.0017810054802441906
688188.XSHG,0.014763049221088915
002903.XSHE,-0.0014067011989647934
000520.XSHE,-0.0014147724325392205
300545.XSHE,0.003910074548664831
600475.XSHG,-0.0009360879407871315
600692.XSHG,0.001047449804318343
300770.XSHE,0.015004410765967882
603728.XSHG,-0.0014322047362284088
002068.XSHE,-0.0014392064037567712
300785.XSHE,0.00623087690803686
002711.XSHE,-0.0035835756134252974
600796.XSHG,0.00015622365178429845
600433.XSHG,-0.0012341825559449183
603617.XSHG,-0.001882060728054226
601369.XSHG,-0.0005402394206224987
000623.XSHE,0.015762631783772994
600748.XSHG,0.0008583546987085394
601838.XSHG,0.00013730376494352884
000820.XSHE,-0.003771574869137055
300387.XSHE,4.63157329647643e-06
000153.XSHE,-0.0009236625222218513
002561.XSHE,-0.002257585728431517
600509.XSHG,-0.0016880052187024154
600881.XSHG,0.00591877275821589
000711.XSHE,6.364688373945238e-05
002189.XSHE,0.00016651302801366352
300411.XSHE,-0.001166885198742908
600897.XSHG,0.0016549973446709197
002105.XSHE,-0.001643357064972986
600127.XSHG,-0.001494251206328702
600168.XSHG,-0.0016835908959196802
600212.XSHG,-0.0026207558785435545
300597.XSHE,-0.002181016636734572
603036.XSHG,-0.002653110998886294
002947.XSHE,0.0030516741760396385
600182.XSHG,-0.0011201441030248528
300394.XSHE,0.005454023386394016
600720.XSHG,0.006091189934266725
300272.XSHE,-0.0015033198004108699
000958.XSHE,0.000898625712180888
600496.XSHG,-8.37234886798975e-05
601878.XSHG,0.0008817080405799931
600562.XSHG,0.0033614148486121875
603813.XSHG,-0.0026384640270438525
600396.XSHG,-0.002312162463993841
600511.XSHG,0.010755455842193333
300561.XSHE,0.004624619183023714
002551.XSHE,0.0004880168807791987
600831.XSHG,0.003292560644623518
600838.XSHG,0.001127237881789635
002488.XSHE,0.0009774691837825512
300425.XSHE,-0.0003910846024310693
603006.XSHG,-0.0015915423114754173
300473.XSHE,-0.00025803688409514573
600761.XSHG,0.004480621406394871
603238.XSHG,-0.001445167691913118
601319.XSHG,0.0013473647118609805
300810.XSHE,0.0017587229577417977
300313.XSHE,-0.00283329264549089
300402.XSHE,-0.002682533647603508
002316.XSHE,-0.00025575236330036303
600990.XSHG,0.008881684814129405
002901.XSHE,0.004473403182533618
600435.XSHG,0.005734961583968669
000012.XSHE,0.005679803194232448
600758.XSHG,-0.0017536901123991057
000004.XSHE,0.007637096610704286
002392.XSHE,-0.0011530558274719185
002167.XSHE,-0.0007691572567220446
600149.XSHG,-0.0023669809214567758
600821.XSHG,-0.002051453017703979
000830.XSHE,0.001248770342546491
002358.XSHE,5.465677960572626e-05
600848.XSHG,0.0019561949639702613
002907.XSHE,-0.00042687394850873133
002850.XSHE,0.006100491343695283
603518.XSHG,-0.002555486763170127
688299.XSHG,-7.928482060888813e-05
300150.XSHE,-0.0015474943817050965
600325.XSHG,0.001069937798652678
000096.XSHE,8.140568258092288e-05
603007.XSHG,-0.001824750524121245
600674.XSHG,0.003769789612025648
000423.XSHE,0.021224904961696652
002013.XSHE,0.010072158999262448
600533.XSHG,-0.0013047067686742752
300151.XSHE,0.0013450687421905447
300209.XSHE,0.0020832868778210755
603758.XSHG,-0.002214367199115371
002843.XSHE,-0.002672802161709705
600079.XSHG,0.009410213270148923
300241.XSHE,-0.0009401008146365348
300485.XSHE,0.0007098089792290851
300584.XSHE,0.0003811718717282699
600337.XSHG,0.004560432543476612
600175.XSHG,-0.0020076012291079773
601860.XSHG,-0.0005226236037544435
002073.XSHE,0.0002721122879911415
600208.XSHG,0.0013767215092256608
601375.XSHG,-0.00023357373514369
600097.XSHG,-0.00241962276297651
002560.XSHE,-0.0013198578695539861
000528.XSHE,0.00212213856234956
603938.XSHG,-0.0006678571559602324
300444.XSHE,-0.0021671079462955408
300737.XSHE,-0.0007724875897715502
002491.XSHE,-0.0007080096041834432
002641.XSHE,0.0007373476230744334
002462.XSHE,-0.0008282152333619122
300482.XSHE,0.013051428825888157
600874.XSHG,-0.0009133706365793097
300385.XSHE,-9.625026748619897e-07
603319.XSHG,-0.0018924407350747895
688006.XSHG,0.00355206842986024
000909.XSHE,-0.0020380068882955285
600187.XSHG,-0.001907667473869399
002776.XSHE,0.001861000583642376
002762.XSHE,-0.0012460042361380607
603811.XSHG,0.0006165055416225309
603822.XSHG,-0.0016423793222055671
002701.XSHE,0.0009546057252552073
601288.XSHG,0.0011473647118609802
002910.XSHE,-0.0025969984131457955
002697.XSHE,0.0026149361912787142
603337.XSHG,0.00120919561836749
603277.XSHG,-0.0018232095825738413
002530.XSHE,0.0037491131781952998
300390.XSHE,0.0013729531557546888
002796.XSHE,0.0033495030141800705
000600.XSHE,0.0001414635910841303
300200.XSHE,-0.0006393699052329896
601607.XSHG,0.0013920354274477428
300057.XSHE,-0.0009991517406959898
688009.XSHG,0.0011077958770228757
002366.XSHE,-0.000894631586110687
300502.XSHE,0.009816879742998968
000728.XSHE,0.0006730524771318063
002563.XSHE,0.001903297133102411
002887.XSHE,-0.0011042936342494842
300174.XSHE,0.0007349678873659385
000612.XSHE,-0.0004006429024167805
002276.XSHE,0.001422764759895092
600891.XSHG,-0.0040451873409013675
603733.XSHG,-0.0007552109591005263
600169.XSHG,-0.001021990978373348
600895.XSHG,0.011961299965723092
688196.XSHG,0.001429402553317789
600989.XSHG,0.0009805702700078772
601066.XSHG,0.00378736471186098
000721.XSHE,-0.0017353811802441343
000905.XSHE,-0.0015666544157040383
002332.XSHE,0.0015253382417560013
603699.XSHG,-0.00048496941353360485
688019.XSHG,0.0235904113191925
603000.XSHG,0.005449079594886342
002866.XSHE,7.884741122495507e-05
002879.XSHE,-0.001138824592657792
600739.XSHG,0.041314911991629615
300354.XSHE,-0.0011786226553329245
300373.XSHE,0.014534163517440754
600190.XSHG,-0.0017075748515121983
000027.XSHE,0.0018865908343816834
603267.XSHG,0.0019573900097002665
002193.XSHE,-0.002486587134694824
002601.XSHE,0.006968573755514439
000881.XSHE,0.00029366208419737616
603855.XSHG,-0.00225466129229223
000056.XSHE,-0.0012479024560085876
000662.XSHE,-0.0022222900278806917
300741.XSHE,0.0008649252217224798
600255.XSHG,-0.002859700132980382
002750.XSHE,0.003242002754841399
600131.XSHG,0.0036881553846346733
601898.XSHG,0.0007330354731489071
600030.XSHG,0.007867364711860992
603038.XSHG,-0.001149098882267058
603596.XSHG,0.0013090358807343087
600835.XSHG,0.002165689310425648
002001.XSHE,0.02918867219466971
300345.XSHE,-0.00012133109372802157
002217.XSHE,0.002103631207282749
300362.XSHE,-0.003279882536815143
600965.XSHG,-0.0009945139549788445
600136.XSHG,0.0009315186894021895
002387.XSHE,0.0022098528390203046
300287.XSHE,0.001091193760052204
600346.XSHG,0.010347364711860981
002404.XSHE,0.0003390446829442946
600763.XSHG,0.017627509010206703
600791.XSHG,-0.0016590532607992558
300297.XSHE,0.000979199195276383
300332.XSHE,-0.0021528443301534615
603712.XSHG,0.0022182236511031463
603612.XSHG,-0.00038949757291065245
002380.XSHE,0.0006982554504277399
600321.XSHG,-0.0017713093923382292
603579.XSHG,0.0014794467646695201
600143.XSHG,0.012116624262557905
600749.XSHG,-0.0019431252763808173
002371.XSHE,0.07167592059177116
600593.XSHG,0.00171705596621443
002192.XSHE,-0.0019750165388612846
600280.XSHG,-0.0028007580972317704
002629.XSHE,-0.003323749338381481
600795.XSHG,0.010579528698148414
002088.XSHE,-0.00028811433724235114
600083.XSHG,-0.0007119259054518949
300477.XSHE,0.00041940240823203187
000885.XSHE,-0.0009724114122551236
601718.XSHG,-0.0006095303470940526
600977.XSHG,0.00028866049857776153
600996.XSHG,-0.0008355002309856414
000671.XSHE,0.017754070408484306
002233.XSHE,5.92908120802863e-05
300302.XSHE,0.005330265226261949
600657.XSHG,0.001270021742131301
600694.XSHG,0.0035760125595820634
600640.XSHG,0.03827227649535554
002194.XSHE,0.003154069070357675
300719.XSHE,-0.0012340451418929627
603917.XSHG,-0.0027012204099392213
603915.XSHG,-0.0013716209147082432
000812.XSHE,-0.0013441076228113424
002439.XSHE,0.016318928598074177
600081.XSHG,0.00316894868065937
300311.XSHE,0.0029448419305763292
000069.XSHE,0.011364674034125522
002416.XSHE,-8.899373404490504e-05
000952.XSHE,-0.0018054010669550605
300271.XSHE,0.015569808897192627
603586.XSHG,-0.0004661934305227695
300623.XSHE,0.013179587652946436
000529.XSHE,-0.0008768442222331558
300697.XSHE,-0.0014872842113593855
002002.XSHE,0.0006136626650938577
603889.XSHG,-0.001950652317324612
600608.XSHG,0.02754419266226643
600503.XSHG,-0.0013975492930890095
002880.XSHE,0.003860028336253528
002873.XSHE,-0.000963753132919016
002679.XSHE,-0.001048006110417885
000005.XSHE,-0.0015856233786969735
603615.XSHG,-0.0025101298986266512
000410.XSHE,-0.00024395098442795446
300167.XSHE,-0.0005938858607179736
300663.XSHE,0.002240119766123285
603208.XSHG,0.005145326918978947
002968.XSHE,0.0021619610835973417
000538.XSHE,0.052637364711860916
300414.XSHE,0.0004554433263754174
600157.XSHG,0.0022941302243032952
002640.XSHE,0.005345590228431515
002232.XSHE,0.0004796916176212848
002748.XSHE,-0.002233927303732932
300476.XSHE,0.007887145343682645
600036.XSHG,0.007197364711860977
600185.XSHG,-0.0005637092731277972
603192.XSHG,-0.0016910900978096461
002661.XSHE,-0.001294093656135812
600517.XSHG,0.008315066513455305
600571.XSHG,0.006111572667775681
603912.XSHG,-0.0016108666661231682
002061.XSHE,-0.0011889741168580235
603019.XSHG,0.010358140309168463
603657.XSHG,-0.0023283179341133152
300301.XSHE,-0.001560306360671666
002344.XSHE,-0.0014662383053608672
000732.XSHE,-0.0001954806963886574
600449.XSHG,0.0007490254909676775
002900.XSHE,-0.0013582164258493551
603551.XSHG,-3.697744723181245e-05
601069.XSHG,-0.0008554483675095529
600466.XSHG,0.0017442521376788108
603605.XSHG,0.005896552999523553
002148.XSHE,0.00020750503767514618
300547.XSHE,-0.0016434686616781712
002840.XSHE,-0.0008566661943858439
600477.XSHG,0.005894028829877168
300234.XSHE,-7.919346383545483e-05
600008.XSHG,-0.00010012306456799616
600576.XSHG,-0.001937464022637639
603023.XSHG,-0.0015345275176450288
688108.XSHG,-1.8435657882078047e-05
300463.XSHE,0.005134218159854075
300322.XSHE,0.004021409674653059
603236.XSHG,0.017929168981848133
000688.XSHE,0.0027115484268316692
600929.XSHG,-0.001673347960884149
002391.XSHE,-0.00020700888494889005
002664.XSHE,0.0012980400028855348
603887.XSHG,0.0008695170221505442
603693.XSHG,-0.0015101308623315594
002158.XSHE,-0.0003970728691737092
603773.XSHG,0.0006806942553255198
600141.XSHG,4.669500663816422e-05
002353.XSHE,0.024857383416131477
300378.XSHE,0.0008075536663092642
002082.XSHE,-0.0012360294212463978
002621.XSHE,0.002033845306651287
300202.XSHE,0.0066330834885317495
601633.XSHG,0.002604573262444238
002960.XSHE,-0.0007316132212889306
300259.XSHE,0.0018745550849610536
600265.XSHG,-0.0006047615768208195
300011.XSHE,-0.000324417818208612
300403.XSHE,-0.0014996440598035211
300141.XSHE,-0.0012261819944613295
002867.XSHE,0.001436127235996439
300103.XSHE,-0.00042951116627132574
600218.XSHG,-0.0010988069452825548
601198.XSHG,0.0007986762174362993
002071.XSHE,-0.0030713213373067057
603387.XSHG,0.0014277402173489345
000981.XSHE,-0.0015502287205903086
002467.XSHE,0.0024060603896910717
600055.XSHG,0.0073748417335951725
600887.XSHG,0.1013971416507958
603585.XSHG,-0.0009547430896255172
002341.XSHE,0.0011336342758380457
300685.XSHE,0.005173098398818141
002399.XSHE,0.008033114408401633
002552.XSHE,0.0033581943282834643
002693.XSHE,-0.0021405311611792763
300519.XSHE,-0.0014224953149922358
000517.XSHE,-8.780705471417012e-05
002599.XSHE,-0.0013180171324229638
300659.XSHE,0.010877303069655784
300651.XSHE,0.00040281657092234137
002685.XSHE,-0.0009377976610072507
000931.XSHE,-0.0004281851851134469
002305.XSHE,-0.002166178562084756
600684.XSHG,-0.0003980477091190624
300088.XSHE,0.017648755640395176
002077.XSHE,-0.0015449888861881643
600113.XSHG,-0.0009144516715950686
002961.XSHE,0.0023037890370466965
000910.XSHE,0.001135974527742766
002079.XSHE,0.0049364184257977934
002915.XSHE,-0.001146737955173315
000750.XSHE,0.0026391989575537053
300199.XSHE,2.0220807328597684e-05
300031.XSHE,0.006695780169445954
600231.XSHG,-0.0010802529414402923
300713.XSHE,-0.00029445719822156387
000031.XSHE,0.0047147392621797336
300778.XSHE,-0.0008215102828148463
600461.XSHG,-0.00028780444206362183
600495.XSHG,-0.0009359251340452191
000037.XSHE,0.002163001815636732
600718.XSHG,0.013877167459682245
600262.XSHG,-0.0011487754043281095
002120.XSHE,0.011861638602824989
300442.XSHE,-0.0013950951538014458
000521.XSHE,-0.0015841622959191417
002026.XSHE,-0.0023878675144789396
300275.XSHE,1.0562336098693132e-05
603528.XSHG,-0.0012075953710150079
603721.XSHG,0.0008877803328377195
600655.XSHG,0.09743148007777336
603138.XSHG,0.004563393715176935
002385.XSHE,0.0048060677415968965
000411.XSHE,-0.001115995070106798
002638.XSHE,-0.0010877839850566772
600360.XSHG,0.0022863873407481016
000617.XSHE,0.0029424819074588314
002780.XSHE,-0.0006177778161447103
002484.XSHE,0.00155922903594323
688001.XSHG,0.004195393610151544
300441.XSHE,0.0037709431109498844
600708.XSHG,-0.00014878416524314523
000551.XSHE,0.0004681347501871622
000982.XSHE,-0.0003006077840000017
600012.XSHG,-0.0010202484309675438
000990.XSHE,0.000699352899036339
002533.XSHE,-0.0016757438300609862
002923.XSHE,-0.0006712628998024296
603222.XSHG,0.0006739344558904094
300717.XSHE,-0.0020083981868452157
002696.XSHE,-0.002097635549553079
300181.XSHE,-0.0011567610666791883
603322.XSHG,-0.0009037715576184467
600851.XSHG,0.011624467284449049
002499.XSHE,-0.003789879675288028
002288.XSHE,0.0014694476563849776
002292.XSHE,0.003642713943820683
000838.XSHE,-0.0010285058740681587
601727.XSHG,0.0009557655822393072
300110.XSHE,-0.0007807342284957266
300422.XSHE,0.0012595346483248726
002184.XSHE,-0.0014923320311446527
002622.XSHE,-0.0014300443787452718
600703.XSHG,0.038085467186171354
300166.XSHE,0.027612585633304137
300496.XSHE,0.019664585455182404
300343.XSHE,-0.0020800691179958673
600843.XSHG,-0.0013207308692154683
600893.XSHG,0.004554167364980571
600460.XSHG,0.017200964968579334
600467.XSHG,-0.0016016775687815825
002034.XSHE,0.00025810871521174286
600356.XSHG,-0.0022728292234393305
300751.XSHE,0.01932784385111075
601899.XSHG,0.0016673647118609807
300139.XSHE,-0.00012188027393707354
603166.XSHG,-0.0021749752308850654
002245.XSHE,0.0019832081389960727
600470.XSHG,-0.003131839453113537
002672.XSHE,0.0008418611623365981
601336.XSHG,0.0026673647118609827
300161.XSHE,-0.0007957068662708456
603801.XSHG,0.0003330548816472896
600476.XSHG,-0.0014392799479751792
000900.XSHE,0.00027339522908383963
002434.XSHE,0.0032085098951744762
002449.XSHE,0.0026933507482080708
300501.XSHE,-0.0014583050254399208
300621.XSHE,-0.001652794706566504
600193.XSHG,-0.0023747001332571002
002751.XSHE,0.0028162644525137953
600367.XSHG,-0.0017796482488568175
600572.XSHG,0.0029324097103072093
300380.XSHE,-0.000271987629693546
002335.XSHE,0.000376070643865523
000802.XSHE,0.000782051186494351
300138.XSHE,-0.001209701853915454
002407.XSHE,0.002782198782731327
600675.XSHG,0.017378919214414278
002204.XSHE,-0.0014749066530441606
600242.XSHG,-0.001863154484255781
600599.XSHG,-0.0018428649846950087
600415.XSHG,0.0066940802480489866
601106.XSHG,-0.000565625409897604
600683.XSHG,-0.0015546610953110637
600478.XSHG,0.0017025188076462332
300637.XSHE,-0.0008519940374350659
300252.XSHE,0.001767081949847876
600985.XSHG,0.0008939645973292282
000584.XSHE,-0.0007038166087902371
002130.XSHE,0.0032362986585676317
603856.XSHG,-0.002029855764703596
300076.XSHE,0.00015771614103127175
603989.XSHG,0.0034851667979838926
603185.XSHG,0.001728604787561858
300145.XSHE,0.0028455502055796666
300648.XSHE,-0.0009997985408876785
600176.XSHG,0.010955320657430071
600559.XSHG,0.0019230174619523953
600545.XSHG,0.00022979752252016658
000685.XSHE,0.0025379295679733077
300638.XSHE,0.009067649938671684
601006.XSHG,0.0013773647118609815
688138.XSHG,-6.394365427647318e-05
603815.XSHG,-9.902246536764138e-05
002719.XSHE,-0.0020867604137932753
600589.XSHG,-0.001176014365874232
000858.XSHE,0.1013971416507958
002179.XSHE,0.015947027713104175
002174.XSHE,0.008139013754687691
300615.XSHE,0.0006192200875406121
300277.XSHE,0.00026235966040310263
300003.XSHE,0.0077320073702118386
000045.XSHE,-0.0013152176369195267
600088.XSHG,0.002901797737807343
601789.XSHG,-0.0018753388036653156
000950.XSHE,-0.000670765509973147
600984.XSHG,0.0003311182047272007
600986.XSHG,-0.0019323646708427516
300481.XSHE,0.0025136177584543827
000631.XSHE,7.789903431762793e-06
603881.XSHG,0.0006907570269688553
603986.XSHG,0.10131189017219715
600359.XSHG,-0.0023063398761206905
300123.XSHE,0.005439819887396336
300369.XSHE,0.008440846984780127
601658.XSHG,0.0011873647118609812
001696.XSHE,0.005643055877153556
600239.XSHG,0.0014459453193143637
601100.XSHG,0.009721507305789589
300286.XSHE,0.0005220730324164585
002671.XSHE,-0.0024552386335279976
000519.XSHE,0.0019401495654951773
002793.XSHE,0.0016374432207965747
600757.XSHG,0.00029684395049535883
300483.XSHE,-0.0003646169665492403
300647.XSHE,-0.0015014126215372639
300091.XSHE,0.0010762708396078358
002355.XSHE,-0.0017523092823531756
300336.XSHE,0.004640291551962317
300512.XSHE,-0.0013704936890355408
603916.XSHG,-0.0008508984972491287
000919.XSHE,-0.0015752442114964687
000922.XSHE,-0.0014990196869838642
300449.XSHE,-4.69298893289536e-06
601919.XSHG,0.0007075906524071949
002098.XSHE,-0.0017532332024333126
600387.XSHG,-0.00105673374547254
002683.XSHE,0.004682591004244419
600326.XSHG,0.00039163596786665486
600666.XSHG,-4.9806648916795194e-05
600654.XSHG,0.09756970125751122
002891.XSHE,0.0006490642588362267
300050.XSHE,-0.0002499170531345329
300014.XSHE,0.04254136298624294
002729.XSHE,0.0010327408286631853
300525.XSHE,0.006078342194044504
300285.XSHE,0.02689655349727666
603356.XSHG,-0.0023681289054618363
600998.XSHG,0.0010719553198016048
600256.XSHG,0.004153311431244417
002613.XSHE,-0.002315371350726499
002889.XSHE,-0.001464296972882272
002159.XSHE,-0.002314906861179221
603589.XSHG,0.0029713307293533064
600939.XSHG,-0.0014595991012686486
300587.XSHE,-0.0016613755333088386
300366.XSHE,-0.0011749964239212624
601933.XSHG,0.003430549958086689
000416.XSHE,0.000449458231978889
600026.XSHG,5.641055659822894e-05
002239.XSHE,-0.000981323306564911
300529.XSHE,0.004708028442939247
002187.XSHE,-0.0019911998072930795
601519.XSHG,0.0003407118619592432
002537.XSHE,0.0020822463639637596
300466.XSHE,-0.0012585239154057242
300490.XSHE,-0.0016430478232336086
300304.XSHE,0.0001297606513669487
603289.XSHG,-0.0024077827412272686
002431.XSHE,-0.0009885835861389591
603133.XSHG,-0.0008198430318104627
300036.XSHE,0.008977464321195849
600409.XSHG,0.0026197273275349953
600480.XSHG,-0.0010821189055280364
000014.XSHE,0.00048279129207020764
603167.XSHG,-0.0016308494333577349
603466.XSHG,9.976300509389894e-05
688020.XSHG,0.009884623310134576
000927.XSHE,-0.001346049608175857
002774.XSHE,-0.0026476885430207512
000009.XSHE,0.0038762964817278065
002412.XSHE,0.001171366012396436
601002.XSHG,-0.0019538715826700106
603499.XSHG,-0.0015441648572277168
000998.XSHE,0.017737272037054937
601968.XSHG,-0.0020724913642150462
000851.XSHE,-0.0011481057934025207
002278.XSHE,-0.0018990496626894485
002634.XSHE,0.000622763711939965
300206.XSHE,0.0012910230729568247
002752.XSHE,-0.0016098391954245382
600386.XSHG,-0.0017013940411516105
600751.XSHG,-0.000665449508101589
002888.XSHE,-2.181915447488185e-06
603106.XSHG,-0.0017537441638689182
002263.XSHE,-0.001955676299621765
300068.XSHE,0.0004713354775487341
603181.XSHG,-0.0004622151047941319
000963.XSHE,0.011808892474104087
300491.XSHE,-0.0015894874950698873
600250.XSHG,-0.002465153570104811
002186.XSHE,-0.0020316435496618938
300589.XSHE,-0.0002641258817775421
300124.XSHE,0.029618843120041153
000892.XSHE,-0.0003061028611205552
600138.XSHG,0.00034356183091672414
603882.XSHG,0.0031514688381395744
002553.XSHE,-0.0018322880480220257
300761.XSHE,0.0015105711299219777
600960.XSHG,-0.0019751047651370007
000700.XSHE,0.02453606856021603
600019.XSHG,0.001437364711860982
600423.XSHG,-0.002598220718693467
000702.XSHE,-0.0024404549111199693
002890.XSHE,-0.0005585507494596945
300691.XSHE,0.0012219672943576915
000723.XSHE,0.004186816474709366
002042.XSHE,0.0011535367495991993
300440.XSHE,-0.0005409739699842337
600617.XSHG,0.00776621895548428
601777.XSHG,-0.002265112925061526
300023.XSHE,-0.0019786493956431006
601101.XSHG,-0.001245816979763626
688039.XSHG,0.013512559193212485
603332.XSHG,0.00042950002766122854
300811.XSHE,0.004761453035584263
002248.XSHE,-0.0019905506539278717
002925.XSHE,0.0033651011034244553
002523.XSHE,-0.00157566241608957
000534.XSHE,0.00043123420756088337
000078.XSHE,0.007533910151897079
002142.XSHE,0.0032473647118609807
300108.XSHE,-0.0015707669831385273
600635.XSHG,0.030472435538254447
603611.XSHG,0.002130808475281705
002362.XSHE,0.0007659894062277991
002425.XSHE,-0.000493135696288506
002620.XSHE,-0.001767523755866733
000800.XSHE,0.00037326639011963996
002376.XSHE,0.001345621396071113
002828.XSHE,-0.002041961532222272
000554.XSHE,-0.0016242657326997973
000607.XSHE,-0.0009912591047114556
000572.XSHE,-0.001995745779225156
300617.XSHE,0.002212804470821082
002015.XSHE,0.0018803573508660004
688022.XSHG,0.005136036728536648
000036.XSHE,-0.0008066255080476069
002218.XSHE,-0.0014906594610953811
002826.XSHE,-0.0024276894140887444
300567.XSHE,0.01724651365075853
600995.XSHG,-0.00011747386220229208
603958.XSHG,-0.0030775035996317636
002625.XSHE,0.0029762870567729563
002171.XSHE,0.0003082303384157254
300506.XSHE,-0.0007670046752481176
300363.XSHE,0.0037918872185129225
600653.XSHG,0.09790850147252592
603196.XSHG,-0.0023333358406888577
600804.XSHG,-0.0016395161633433223
002138.XSHE,0.014339723481102074
603599.XSHG,-0.00034528175562965
601579.XSHG,-0.00206363308556435
300263.XSHE,0.0011644750604582533
603399.XSHG,-0.0013759623467119277
000040.XSHE,-0.0011033437824313026
603188.XSHG,-0.0015443123597209006
002374.XSHE,-0.0017372538316444534
300420.XSHE,0.00098528987204547
688198.XSHG,0.002552832144695111
600621.XSHG,0.09937790116597692
002065.XSHE,0.03801324256378542
000676.XSHE,0.009293450794460534
002933.XSHE,-0.00013254337277689328
600229.XSHG,-0.0006290043308397229
603456.XSHG,0.0031079755421084916
002809.XSHE,-0.0017900924889787733
300306.XSHE,0.0015224977797898285
000546.XSHE,-0.0007560736839400824
601628.XSHG,0.0026373647118609813
600867.XSHG,0.022934318973383754
603035.XSHG,-0.0007579564968779428
300451.XSHE,0.01608106422635372
300650.XSHE,-0.0018417394693569249
002836.XSHE,-0.0021208690304505796
603797.XSHG,-0.0013310981332958843
600569.XSHG,-0.001544363341528538
000707.XSHE,-0.002962057990965393
600961.XSHG,-0.001202471964656804
002688.XSHE,0.001620618772543392
002133.XSHE,-0.0025667749295639106
600928.XSHG,0.0002790041846470868
300182.XSHE,0.016840147740769293
002284.XSHE,-0.0007963295176019814
002723.XSHE,-0.0020240690312764787
300678.XSHE,0.0008249735797256777
000975.XSHE,0.004107427523692401
603256.XSHG,-0.00014931353073071294
603959.XSHG,-0.002421509536185138
603556.XSHG,9.790782758743212e-06
300417.XSHE,0.006260289384616072
600209.XSHG,-0.0024349322745166498
600768.XSHG,-0.000935157582824424
002253.XSHE,0.0007316873436366161
000505.XSHE,-0.0012372244262348886
002554.XSHE,-0.0018026083318605172
600782.XSHG,0.0009222870815499238
002788.XSHE,-0.0013939876898479409
600830.XSHG,-9.016807555171447e-05
002669.XSHE,-0.0001173014541718362
300237.XSHE,-0.0007586871161099679
603258.XSHG,0.0013689323920582502
002785.XSHE,-0.0022293018150982063
601012.XSHG,0.02262736471186098
002033.XSHE,-0.0015210685934010139
002145.XSHE,-0.001066163599902945
300335.XSHE,-0.0023881892502819004
002306.XSHE,-0.002701089092256347
600267.XSHG,0.0036520066849711095
002782.XSHE,-0.000527435851010466
603879.XSHG,-0.002710931604559315
688023.XSHG,0.016711942877079985
002386.XSHE,-0.0018955223681861519
601558.XSHG,-0.0015788034922585078
603729.XSHG,-0.0018623441937417715
601669.XSHG,0.0007490320142073361
600429.XSHG,-0.0014223380650178778
603698.XSHG,-0.0007832438399696454
600109.XSHG,0.0031261269045299756
601222.XSHG,-4.565425561160784e-05
300550.XSHE,0.0003548790807471865
603580.XSHG,-0.0018007454167874761
000780.XSHE,-0.0020813952542865304
000501.XSHE,0.0017977327521587223
603015.XSHG,-0.002264831927492203
002741.XSHE,0.001036725271961829
600128.XSHG,-0.001198898883505909
300303.XSHE,0.011615152022736231
300045.XSHE,0.005786301032942067
603789.XSHG,-0.002204210271113902
600560.XSHG,-0.00028216900677410046
603859.XSHG,0.0005985158252568876
300655.XSHE,0.004783777755564587
300607.XSHE,0.0029307398254513643
300809.XSHE,-0.0003751936336981803
000596.XSHE,0.023215637758875442
002333.XSHE,-0.002392129388485027
000652.XSHE,0.006551099147235872
002275.XSHE,-0.000778919879007502
300140.XSHE,0.0006904554161529328
600305.XSHG,0.008231471025579848
600512.XSHG,-0.00110658001101809
603628.XSHG,-0.0027044467052175615
600877.XSHG,-0.0002842872365549868
300118.XSHE,0.002940647576962445
300630.XSHE,0.008886559873770267
603906.XSHG,-0.001627576500457833
000969.XSHE,0.0019870036674810637
000719.XSHE,-0.0006185423501521784
002059.XSHE,-0.001732287923030304
002083.XSHE,-0.0012370827606337643
600166.XSHG,0.0007605899485837459
002562.XSHE,-0.000482726201268476
300661.XSHE,0.04738574905425519
300670.XSHE,-0.0017132833550213473
002170.XSHE,-0.0011070773071035758
600727.XSHG,-0.0007785293382414162
688363.XSHG,0.005108153746842936
600507.XSHG,0.0030284057017170955
601857.XSHG,0.001197364711860981
002813.XSHE,-0.0012756840761844184
002587.XSHE,0.0030264630205113856
688012.XSHG,0.03187364572416025
002952.XSHE,0.00022996680899303994
002643.XSHE,0.0059370632662248506
603323.XSHG,-0.001280620568235105
300198.XSHE,0.00014498753580074542
002247.XSHE,-0.001944550774236664
300548.XSHE,0.005901291545768069
603669.XSHG,-0.0014009540520253795
300489.XSHE,-0.00025225744007799583
600731.XSHG,-0.00014888309210449356
601158.XSHG,-0.0001322571482461635
002855.XSHE,-0.0011386973602374052
000913.XSHE,0.0010729793157218314
000815.XSHE,-0.0003089003449639593
603026.XSHG,0.0011523170254541426
300147.XSHE,0.004448072570594196
688389.XSHG,0.00020358521194664236
300656.XSHE,-0.0003322109162942652
600606.XSHG,0.032172495832285895
300619.XSHE,-0.0021070975883302713
600421.XSHG,-0.00227350476500077
300520.XSHE,0.0026145317245786057
600216.XSHG,0.005444799814027979
000582.XSHE,0.00024802164068195884
600642.XSHG,0.0018162090026352252
603990.XSHG,0.0058350957419777486
002309.XSHE,-0.0008680498965593455
603286.XSHG,-0.0015373965133993316
603897.XSHG,-0.0016826321587481738
300730.XSHE,-0.0018838786025559362
603819.XSHG,-0.0019237948973534244
601872.XSHG,0.0008224484580817212
603786.XSHG,0.0045176271284912166
600976.XSHG,0.0013480256316472194
600068.XSHG,0.0013027305443476772
002051.XSHE,0.0006409517379330539
601599.XSHG,-0.002244527486397095
300398.XSHE,0.006904754275150085
600107.XSHG,-0.0016903167811327903
000559.XSHE,0.011465895716928338
600237.XSHG,-0.0020211834149011483
000006.XSHE,0.00697623447736165
000692.XSHE,-0.002236848774554292
002286.XSHE,-0.0018177885580252908
000425.XSHE,0.012944402098243187
603045.XSHG,-0.0020387522308798105
600243.XSHG,-0.0026484465353548334
002393.XSHE,-0.0006489756620128516
603379.XSHG,0.0010514593506888586
002149.XSHE,-0.00133287736436733
600886.XSHG,0.01076390266661283
300603.XSHE,0.002262395121440249
002765.XSHE,-0.002437234608419903
600641.XSHG,0.04233856955586069
601512.XSHG,-2.1425968235132525e-06
300408.XSHE,0.005769197039637459
603090.XSHG,-0.0022422781772094462
600198.XSHG,-0.00038886769411196754
002136.XSHE,-0.0021581925476197327
000070.XSHE,0.0004890765252241554
300771.XSHE,0.0016472096487734691
002024.XSHE,0.017628040543593942
300268.XSHE,-0.0019056308650881083
002426.XSHE,-0.0014887538061756872
002485.XSHE,-0.0016418020016172755
600486.XSHG,0.01862748467496545
300089.XSHE,-0.002400789213529395
002086.XSHE,-0.0020490012622844255
300367.XSHE,0.0020831064443514085
300192.XSHE,0.0019404441765192206
000673.XSHE,-0.002563957869828574
000502.XSHE,-0.0020010878171790036
000541.XSHE,0.005008718686098601
603558.XSHG,0.0006947935508187873
300571.XSHE,0.011581767949035898
300096.XSHE,0.00245475980122314
600172.XSHG,-0.0012417390022982815
603838.XSHG,-0.0020321897126576124
002160.XSHE,-0.0022650639649609396
300505.XSHE,-0.0020028103941771083
300213.XSHE,-0.00024530230638038783
600604.XSHG,0.02111322957141528
300134.XSHE,0.0044187197128528035
600776.XSHG,0.004348929157769726
000419.XSHE,-0.00017209289120010416
300215.XSHE,0.0041899401205782606
002700.XSHE,-0.000996609789742511
688089.XSHG,4.313922841066298e-07
000516.XSHE,0.009241404013541257
300276.XSHE,0.0013641592452441197
603639.XSHG,-0.00055369776452347
000571.XSHE,-0.000685834917863819
000823.XSHE,0.0014853811880773998
600380.XSHG,0.00787397766168883
002430.XSHE,0.0014124131214828643
002768.XSHE,0.0024496368513231234
002400.XSHE,0.0012956121574969762
300278.XSHE,-0.0013748537014248766
600004.XSHG,0.0036104552202786467
600722.XSHG,-0.001292122451742437
600908.XSHG,-0.0012355185624947237
603601.XSHG,0.005413882591860873
300511.XSHE,-0.0014927939805842664
603022.XSHG,0.0017365545329710457
002080.XSHE,0.004206170670023962
002773.XSHE,0.002797633567480657
600652.XSHG,0.09730560849419774
300033.XSHE,0.06091475536495356
600481.XSHG,-0.00113091329314427
600452.XSHG,-5.497912921340921e-05
603603.XSHG,-0.001966619162801955
603787.XSHG,-0.001601138819634117
603618.XSHG,-0.0017190042482498275
002397.XSHE,0.00016414329815649413
300205.XSHE,0.003676650722190126
300265.XSHE,-0.0017182165608880936
603005.XSHG,0.011359282507069995
000669.XSHE,-0.0025444242884459906
601018.XSHG,0.00045619919431851377
603086.XSHG,-0.0003483391377499699
002261.XSHE,0.007670453114874813
603266.XSHG,-0.00027614021942646335
300421.XSHE,-0.0024661486181805393
603042.XSHG,-0.002248111258086601
002546.XSHE,-0.0005743202813693108
300154.XSHE,-0.001474753862754025
603080.XSHG,-0.002387329449465322
002254.XSHE,0.0014629558933969568
603976.XSHG,-0.0007122490932193267
002087.XSHE,-0.002399259355929493
300428.XSHE,0.0025710261113710696
603988.XSHG,-0.0013545010881538414
601377.XSHG,0.0010153138350787437
603232.XSHG,0.005834544861481095
000066.XSHE,0.013716852111526751
002573.XSHE,0.0009790621439388204
300608.XSHE,-0.0005318846493710806
300768.XSHE,0.0020191348589376273
300480.XSHE,0.0019741291451002515
300640.XSHE,-0.0018534777964614969
600086.XSHG,-0.0026188858810887276
300773.XSHE,0.007873693968325615
300254.XSHE,-0.0023242290696816317
002567.XSHE,0.0015070458258778024
002647.XSHE,0.001787220131730462
300195.XSHE,-0.0016689395486432271
600647.XSHG,0.007285165739428322
002389.XSHE,0.003164480774018893
300748.XSHE,0.0015188163166816842
300058.XSHE,0.009333804849095587
002128.XSHE,-0.00021823286958325095
603027.XSHG,0.0015199635434565795
600023.XSHG,0.00051619835449845
002241.XSHE,0.04318021488840008
600583.XSHG,0.011092005524285027
000762.XSHE,0.0006508950007163821
603869.XSHG,-0.0011322422184191615
000821.XSHE,-0.0022606485534815714
600685.XSHG,0.0011004863360228323
000731.XSHE,-0.0009929559994015242
603956.XSHG,-0.0008531541209879437
002749.XSHE,0.0011478532342172158
002931.XSHE,-0.0020694682405974045
300010.XSHE,0.004646193044947142
603118.XSHG,0.0005858380779491564
000514.XSHE,-0.0013680985770888698
000531.XSHE,0.0012987235486852811
002378.XSHE,-0.001765162009600398
002606.XSHE,-0.0017528728438475569
600399.XSHG,-0.0009553285695848966
603389.XSHG,-0.0030977352743861027
300364.XSHE,-0.0016044824765202607
000976.XSHE,-0.00014024111086308405
300155.XSHE,5.8434836495732494e-05
001872.XSHE,0.0008309288033143057
600705.XSHG,0.01809691154398385
603979.XSHG,-0.0013321503739396024
002770.XSHE,-0.0024057358671176255
300802.XSHE,0.000962344481146096
300680.XSHE,-0.0010534909852593882
603955.XSHG,-0.002492073450346902
002767.XSHE,-0.001796898698913229
300261.XSHE,-0.00034709353376226847
600177.XSHG,0.011765346018872093
600797.XSHG,0.007244295270380913
002835.XSHE,-0.0007353437599958014
300042.XSHE,-6.024707330030011e-05
002570.XSHE,-0.0011392447151671327
300766.XSHE,0.002839280225885925
002872.XSHE,-0.002959114227810742
600390.XSHG,0.0024234855607633762
000912.XSHE,-0.0011922854136171314
300807.XSHE,0.00216770763903983
300688.XSHE,-0.0013101932193650958
002297.XSHE,-0.0016844596138909512
000906.XSHE,-0.001376698015464792
002623.XSHE,0.0015440174139097662
688178.XSHG,0.001094758785069387
300435.XSHE,-0.0004844988482647105
002111.XSHE,0.0010162462766909314
600693.XSHG,0.0005108579643833665
688002.XSHG,0.005981471212514003
002472.XSHE,-0.000932150011225204
300535.XSHE,-0.002297564545995775
300325.XSHE,-0.0008130295849148811
002279.XSHE,0.002628387711721487
600251.XSHG,-0.0005029918432470951
600017.XSHG,-0.0013047051610235907
002594.XSHE,0.005517364711860984
600815.XSHG,-0.0017033006597762185
300611.XSHE,-0.002284025089448801
002180.XSHE,0.016575605553881177
603908.XSHG,-0.0016700889327173549
002739.XSHE,0.004212765610869051
600578.XSHG,-0.00016832646624581924
600740.XSHG,0.00048458441782774173
300416.XSHE,0.004624477808147537
300370.XSHE,0.002115701420020481
600483.XSHG,-0.00041616387947400956
002497.XSHE,0.006082944788801978
600868.XSHG,0.002071982100853292
002568.XSHE,0.011726301178581266
600191.XSHG,-0.0021339833144139357
300457.XSHE,0.010356322434113325
002590.XSHE,6.420405656463318e-06
600220.XSHG,-0.0017140322432665877
300288.XSHE,0.003654673472769626
300084.XSHE,-0.0023502916272723873
300299.XSHE,0.00010427480222007131
002916.XSHE,0.016903610180533202
000799.XSHE,0.0047755173376524745
600057.XSHG,-0.00017805245731449112
600820.XSHG,0.004222947702777931
300331.XSHE,0.003217449431556921
603169.XSHG,-0.0013590356854134627
000061.XSHE,0.0033071435702987095
300239.XSHE,-0.0003084247714691779
300262.XSHE,-0.0006340203713944264
600515.XSHG,0.0002321205422128994
600778.XSHG,-0.002153225789138498
300793.XSHE,0.003150756332234556
002147.XSHE,-0.0020825796005377816
600567.XSHG,-0.00036384215605953234
002213.XSHE,-0.0007426642080562195
000016.XSHE,0.009970359663298022
002052.XSHE,-0.0018710719426342514
002460.XSHE,0.042927036702801784
600588.XSHG,0.09386646316725747
002455.XSHE,-0.00013054728404715814
601611.XSHG,-0.0004988284072893597
002581.XSHE,-7.588447895491394e-05
600661.XSHG,0.0017647059366874798
300093.XSHE,-0.0019440250063054664
000989.XSHE,0.0014209187969095418
688268.XSHG,0.007642548700208486
300581.XSHE,0.002417243750483051
600619.XSHG,0.015028165949628105
000059.XSHE,-0.0011560623924109594
603128.XSHG,-0.0011717722954357342
603700.XSHG,-0.0002024714462561892
603496.XSHG,0.0032166275900367735
601890.XSHG,-0.001158511700913202
000727.XSHE,-0.0011430026364696447
603369.XSHG,0.0072521773207245305
002137.XSHE,0.000690613453498511
600968.XSHG,-0.0001197238237224201
300077.XSHE,0.0033872299294467247
000537.XSHE,0.0012358869035644354
000778.XSHE,0.0006038051705150352
601881.XSHG,0.0017573647118609807
000001.XSHE,0.06398736471186084
002827.XSHE,-0.002140294955304714
002504.XSHE,-0.002275654878356472
300391.XSHE,-0.00040094497973791046
300658.XSHE,-0.0017086522158752677
000683.XSHE,-0.0010585347499232202
300684.XSHE,0.005766474042516467
603085.XSHG,-0.002004038568418208
603568.XSHG,0.002162336902671484
600756.XSHG,0.006617623975685709
002097.XSHE,-0.0008313222178682788
601058.XSHG,0.0005226858865847838
600361.XSHG,-0.0017219810768662703
002468.XSHE,0.00193774508104251
002432.XSHE,-0.001981713900333284
000717.XSHE,-8.435820886436274e-05
600856.XSHG,-0.00218098877647983
600161.XSHG,0.01590345470394277
603985.XSHG,-0.0017655068468622182
600184.XSHG,-0.00046641922598322544
002323.XSHE,-0.0030651742034454453
002166.XSHE,0.008576016240281769
600306.XSHG,-0.003266864078803027
002452.XSHE,-0.001361224380810445
002108.XSHE,0.0027491394101518884
600987.XSHG,0.0003686157783190033
300590.XSHE,0.006475313170485495
000400.XSHE,0.00498380142731947
600116.XSHG,0.00011226123240178098
002294.XSHE,0.009186055091847091
300321.XSHE,-0.0006164820807699001
600152.XSHG,0.0001167337220578735
688081.XSHG,0.001959915495165493
600425.XSHG,-0.000945008969880251
000665.XSHE,-0.0004797221864841182
300242.XSHE,-0.0012175091050573548
688111.XSHG,0.015862338541570094
002886.XSHE,0.0006029191260345456
002413.XSHE,-0.00011665945462442087
603329.XSHG,-0.002428728901745292
000050.XSHE,0.01217980301845218
002958.XSHE,0.00010646168404506401
603520.XSHG,0.0067513620934206205
688003.XSHG,0.0009777869068659042
002209.XSHE,-0.002892405461525233
002953.XSHE,-0.0013901859299551265
600269.XSHG,-0.00031947872244752085
002048.XSHE,0.007624477383490716
688166.XSHG,0.00155979453655477
002732.XSHE,-0.0004832371526570611
002514.XSHE,-0.0007789298748118109
300264.XSHE,-0.0001475455504468823
600213.XSHG,-0.0021819308310878885
002466.XSHE,0.023535004645234763
002922.XSHE,-0.002332401096138241
000863.XSHE,-0.000797934318382485
300565.XSHE,-0.002271027751930003
601988.XSHG,0.001147364711860981
002808.XSHE,-0.0015009625752177421
002030.XSHE,0.017023081156005676
002262.XSHE,0.003957277314251438
600753.XSHG,-0.0015737127786006873
600765.XSHG,0.0030272368767897805
300388.XSHE,0.0011654707826208115
300767.XSHE,0.0032041526818163933
603367.XSHG,0.00022133967664905024
002043.XSHE,6.721227202446988e-05
600061.XSHG,0.006181744797341948
600651.XSHG,0.09781046760675098
000920.XSHE,-0.0018443817980293442
600400.XSHG,0.0002183089215545195
688333.XSHG,0.002941382716160803
002706.XSHE,0.002048024813028074
300212.XSHE,0.018240109201129853
002726.XSHE,-0.00019058133386134221
002871.XSHE,-0.0004873811366077202
000525.XSHE,-0.0005694100519697078
300018.XSHE,-0.0005673762115251616
603103.XSHG,0.00014208501923333402
000100.XSHE,0.0016400619731182227
300434.XSHE,-0.0005354130113700969
002598.XSHE,-0.0022848310670246664
000751.XSHE,-0.001733981219610565
603338.XSHG,0.01667098276104035
600790.XSHG,-0.0009500480281970454
603033.XSHG,-0.00021823536894940423
002584.XSHE,-0.0011855706960482964
300090.XSHE,-0.002732360741819916
300106.XSHE,-0.0031594416353259674
002756.XSHE,0.0019755964285914206
300531.XSHE,0.0006994156176773972
601618.XSHG,0.0005610543147996143
603978.XSHG,0.0024452334568016826
600153.XSHG,0.003605366942384245
688036.XSHG,0.012180648801251266
601360.XSHG,0.004397364711860986
002418.XSHE,-0.0020579289686431085
002444.XSHE,0.002263330716411385
601865.XSHG,0.0009003864041616276
002639.XSHE,-0.00027641563847387546
603129.XSHG,0.001085512941017548
002107.XSHE,0.004758564671519642
601238.XSHG,0.0018673647118609819
603390.XSHG,-0.00045626341792632413
300185.XSHE,-0.001449423458396224
002597.XSHE,0.004944795262260288
601666.XSHG,-0.0009131533950057102
601028.XSHG,-0.00175947938648733
300187.XSHE,-0.0005040124809939442
002215.XSHE,0.0011467037262582458
300672.XSHE,0.008522625583059669
600532.XSHG,-0.00269707395842378
600880.XSHG,0.005432142895935152
300769.XSHE,0.013239760019128497
600222.XSHG,-0.00031751258877589375
600845.XSHG,0.014261701290771565
000752.XSHE,-0.002354153835776077
002334.XSHE,-0.0009134488056617414
002896.XSHE,-0.0013667304486881444
000690.XSHE,0.010360336925107025
300652.XSHE,-0.0024100990005111044
600737.XSHG,0.004180296923456046
600865.XSHG,-0.0010500918667873556
600072.XSHG,0.001489257674075612
002012.XSHE,0.00023763946576170697
002550.XSHE,-0.00032513911572315535
600668.XSHG,0.004812121744193921
000021.XSHE,0.02221633615191228
300307.XSHE,-0.0018903778619821076
300461.XSHE,1.4103721162365187e-05
600289.XSHG,-0.0018430811582194528
300756.XSHE,0.0005574196215845837
688321.XSHG,0.005044050314191769
600597.XSHG,0.0007044874099895162
601515.XSHG,-0.0003998024386625801
300789.XSHE,0.006074462089288994
300542.XSHE,0.0004582891793759136
000532.XSHE,-0.00024996531850081556
002382.XSHE,0.0067158844047517105
600426.XSHG,0.017196667717232873
300156.XSHE,-0.002313026930969387
601996.XSHG,-0.0020510625070789463
600381.XSHG,-0.002240714891433347
002795.XSHE,-0.001381111799199438
002031.XSHE,-0.0012398799024102467
600611.XSHG,0.09887984749608095
000627.XSHE,0.009269552369349864
300471.XSHE,0.0006827689171470279
600340.XSHG,0.015420293077576527
600770.XSHG,0.005976778379820776
300235.XSHE,0.001948871320702508
600771.XSHG,0.007933504078099745
000533.XSHE,-0.002860652130943903
000677.XSHE,0.0019267820705674934
601808.XSHG,0.0025266604183293295
600548.XSHG,0.0005849587536894833
300759.XSHE,0.004168795932771063
002100.XSHE,0.010466088778946867
300486.XSHE,-0.00088414118547284
000539.XSHE,0.0013618327323392614
002489.XSHE,0.0019103345194846288
600521.XSHG,0.019892760032347148
688139.XSHG,0.0011506378199876985
300085.XSHE,0.01362466431789226
600682.XSHG,0.007335871983230991
600678.XSHG,-0.0009436982003341882
601866.XSHG,-0.00020548956109450495
300788.XSHE,0.0024063308842093645
002617.XSHE,0.0008801064322396376
002578.XSHE,-0.001639934814347597
002480.XSHE,-0.0018741733904670984
603790.XSHG,-0.0019359073315372032
000767.XSHE,-0.0010537743047543012
603588.XSHG,0.0007960193612859081
002771.XSHE,-0.0005353605156555663
600728.XSHG,0.008221320246396336
002293.XSHE,0.00014057535971678976
000151.XSHE,-0.0009624487912085022
002347.XSHE,-0.0023280108284722545
002359.XSHE,-0.002748859514093405
600035.XSHG,-0.001622178431175508
000629.XSHE,0.00020363086521581945
002161.XSHE,0.006290165615820175
600649.XSHG,0.0028268026218716733
603609.XSHG,-0.00042024466712450273
002314.XSHE,-0.001390416515459394
300348.XSHE,0.01810179770711284
300777.XSHE,0.0010649024003881195
600122.XSHG,-0.0021845316442024648
600018.XSHG,0.001397364711860981
000753.XSHE,-0.0017394074186716756
002227.XSHE,-0.0013661572652577474
300513.XSHE,0.0036396882376935518
600966.XSHG,0.0019485431157690535
600459.XSHG,0.001445454721695343
002807.XSHE,-0.0012478023266127803
603666.XSHG,0.008326479662333332
300105.XSHE,-0.0016464910286190836
300580.XSHE,-0.001387480446277498
300342.XSHE,0.0013423230286328728
002942.XSHE,-0.001039412685821153
002350.XSHE,-0.0014829539464465426
300514.XSHE,-0.0016072605608054207
002777.XSHE,0.005009245148764099
603848.XSHG,-0.0011787781101690086
603577.XSHG,-0.002289814622460612
002644.XSHE,-5.633145718746645e-06
000068.XSHE,-0.0020379809459570267
300727.XSHE,-0.0019504102433100545
603098.XSHG,-0.0016642003171579843
000822.XSHE,-0.0018626009286127215
002114.XSHE,-0.00253327860627248
002955.XSHE,0.001323604362628315
300746.XSHE,-0.0021906295791335887
603025.XSHG,-0.00037695356844875093
600339.XSHG,-0.00023925485495032153
603486.XSHG,0.0005943533239698802
002787.XSHE,-0.0020297845329171962
600917.XSHG,-0.0009912667043869782
688116.XSHG,0.002480315441345833
300133.XSHE,0.014154196924969498
600278.XSHG,-0.00044243415044614254
600549.XSHG,0.006049948540533252
300177.XSHE,0.010222527786743348
600980.XSHG,-0.0019704326081862265
300508.XSHE,-0.0007381655891274767
300127.XSHE,0.0010221001465949352
603131.XSHG,0.0010563004832935242
300101.XSHE,0.004565367055668636
300253.XSHE,0.029393429757110567
603160.XSHG,0.03156736471186098
000605.XSHE,-0.001727559558417358
000856.XSHE,-0.0019481320158655205
300289.XSHE,-0.0020759956197553453
000951.XSHE,0.005694930457624024
002519.XSHE,0.0005541013886363267
002040.XSHE,-0.001883135903870129
601869.XSHG,0.001862336135394301
000893.XSHE,-0.0014849545869439745
300328.XSHE,0.004422383311510517
002658.XSHE,-0.0008380390408409424
300443.XSHE,0.0012419422230871913
002892.XSHE,0.0021998205296817957
002443.XSHE,-0.001615516758969752
002895.XSHE,-0.0013377189846781063
600322.XSHG,-0.0022006292058187335
603305.XSHG,0.004419355947497599
002721.XSHE,-0.0014881488747626593
000917.XSHE,0.0019213344094995723
600200.XSHG,0.008361336721378131
300291.XSHE,0.0013946258189943194
000042.XSHE,0.002604552638043732
000536.XSHE,-0.0011906641473483854
002264.XSHE,-0.0013269475552230004
002509.XSHE,-0.0017538122333562306
600100.XSHG,0.010682171223802
002779.XSHE,-0.0022251426312430676
600518.XSHG,0.004171320173853437
600522.XSHG,0.002479569114409166
601900.XSHG,-0.0011438735212337262
000695.XSHE,-0.0022500311073574827
600310.XSHG,-0.001436231586800359
600158.XSHG,0.0014024633360133212
603659.XSHG,0.009018005113804727
002495.XSHE,-0.0017377714809460802
300464.XSHE,0.0012228769056953784
600805.XSHG,-0.0006142921928854732
002330.XSHE,-0.0014853533300364101
000581.XSHE,0.004921364416453092
603218.XSHG,0.0010291712730792176
002833.XSHE,0.00093629526803945
600581.XSHG,-0.0008678347079407278
002409.XSHE,0.01668247446180921
002687.XSHE,-0.0017711623563502513
600000.XSHG,0.006527364711860989
001896.XSHE,-0.0021150991659676177
300071.XSHE,0.0009231784222140755
300692.XSHE,-0.002116434592727821
601225.XSHG,0.0011770642522375531
002881.XSHE,0.0012358897957860438
300643.XSHE,-0.00023065664086321675
600060.XSHG,0.01003154169767069
300113.XSHE,0.030724614352238378
300026.XSHE,0.014550299981964325
002027.XSHE,0.0061872189715978295
002135.XSHE,-0.0008378659274757287
300231.XSHE,0.0037767799244221626
300599.XSHE,-0.002171446371132909
600993.XSHG,0.012016196746294313
000007.XSHE,0.001138537619837044
603896.XSHG,-0.00071849950762159
603899.XSHG,0.00459822577715445
000065.XSHE,0.0036643204967842027
002507.XSHE,0.0048697582674989155
601949.XSHG,-0.0008977598880915408
600021.XSHG,8.207993901800104e-05
300099.XSHE,0.004313880009904825
002067.XSHE,-0.001957950711327854
300196.XSHE,0.0014447973146618303
603040.XSHG,0.0003900084177412403
300753.XSHE,0.0010748593910174234
600715.XSHG,-0.0008050125780370788
603259.XSHG,0.008497364711860987
603383.XSHG,0.004361178798423831
002761.XSHE,-1.5133725710602362e-06
002225.XSHE,-0.0019744088804064456
300732.XSHE,-0.00012830144797759116
603725.XSHG,-0.0028774668847181923
601139.XSHG,0.00016169837679559217
600392.XSHG,0.003243755484432213
000928.XSHE,-0.0015466078919203073
603333.XSHG,-0.0016022759473673341
002946.XSHE,-0.0006636567668128094
002521.XSHE,-0.0016494870905070993
000852.XSHE,-0.0004969537553828982
002266.XSHE,0.0012611863467573924
002437.XSHE,0.0010585565428430492
002515.XSHE,0.002676973743670881
601128.XSHG,-1.9741471097654362e-05
603158.XSHG,0.0013022641145763623
300107.XSHE,0.0005529841576610503
300711.XSHE,-0.0004816188829541734
000417.XSHE,0.002880547011755922
002973.XSHE,-0.000791318008167505
600992.XSHG,-0.0029292041437736045
601566.XSHG,-0.0013826294936487844
000518.XSHE,0.0043100135610058665
002464.XSHE,-0.0013985464047201778
600638.XSHG,0.007313080460717963
002802.XSHE,-0.0016486378658378672
300310.XSHE,-9.151282292251027e-05
002926.XSHE,0.0003299404118566646
000586.XSHE,-0.0011803939854034258
601229.XSHG,0.0016073647118609803
601577.XSHG,1.4532783134189322e-05
300536.XSHE,-0.0015337081955850587
002214.XSHE,0.002030308846670166
300510.XSHE,0.0002743806652705685
600713.XSHG,0.0018250769852584036
300409.XSHE,0.004636087057458372
603880.XSHG,-0.0015894640621445574
000663.XSHE,-0.0019431044773069487
300595.XSHE,0.024965580793429677
603829.XSHG,-0.002910349328193974
300588.XSHE,-0.002250464533055982
002423.XSHE,-7.555593029421042e-05
600556.XSHG,0.003124947742284862
002440.XSHE,0.000813550311711942
002308.XSHE,0.0013243716342780485
002036.XSHE,0.008970075119514283
601616.XSHG,-0.002488147921104767
600075.XSHG,0.0006836123668666262
002006.XSHE,-0.0012049815041412803
600015.XSHG,0.0014573647118609745
000026.XSHE,0.005001596297682168
000543.XSHE,-0.0005139936199303563
601717.XSHG,-0.00041318921820381104
300329.XSHE,-0.0017288659737303273
300295.XSHE,-0.0008847333744991524
603500.XSHG,-0.002028650681320899
002360.XSHE,-0.000656737125953705
600123.XSHG,-0.0004484410288223622
000155.XSHE,-0.0012050489508837257
300762.XSHE,0.0021712205109628447
002369.XSHE,0.0018215414482406793
603655.XSHG,-0.002064220650280082
002738.XSHE,-0.000155523208006218
603616.XSHG,-0.0023881573773075464
002941.XSHE,-0.0003913674347732993
603559.XSHG,-0.0014695019901930476
600596.XSHG,0.0023641229242928946
000622.XSHE,-0.0011449272662907568
000420.XSHE,-0.001687386911557355
002662.XSHE,-0.0016791322685948662
300055.XSHE,0.00033461035961280606
300803.XSHE,0.003918313318189436
000816.XSHE,-0.0026920514275376598
002250.XSHE,0.01034546402276535
603606.XSHG,0.0017548778162702987
002712.XSHE,0.0012769271473442733
002223.XSHE,0.017502924674415415
002632.XSHE,-9.38633189546791e-05
300765.XSHE,0.0001868243539559528
600793.XSHG,-0.0015768137080329214
600844.XSHG,-0.0002352790185408194
603706.XSHG,-0.001431392828016694
002589.XSHE,0.0028277703174928153
300121.XSHE,0.0006290942652363084
601966.XSHG,0.0013367891535027109
600605.XSHG,0.008987409366856648
600639.XSHG,0.0031122152275720972
300504.XSHE,-2.7147957993501736e-05
603351.XSHG,5.957937807720033e-05
002847.XSHE,0.0002887350578430455
002459.XSHE,0.0015438797515346745
300040.XSHE,-0.0015905762435989926
603861.XSHG,-0.002054411876972302
002626.XSHE,0.012326759467968624
002203.XSHE,0.0009471008834543524
300052.XSHE,0.0001458076457853774
603328.XSHG,0.0015395145858336865
600027.XSHG,8.202190662994887e-05
601208.XSHG,-0.0018676559234166881
300218.XSHE,-0.002441215163437217
603078.XSHG,0.0049937796528333606
300740.XSHE,-0.0005653514740625925
000651.XSHE,0.1013971416507958
601186.XSHG,0.0014273647118609805
000589.XSHE,-0.0011007398795605148
300317.XSHE,-0.0016587054269715778
300352.XSHE,0.007596333808232348
603901.XSHG,0.0004113368458164269
600408.XSHG,-0.0026542626635910616
603009.XSHG,-0.001553404573662543
002935.XSHE,0.0007005523620487414
300383.XSHE,0.029652061172251633
600622.XSHG,0.06374319537540822
300168.XSHE,0.0068596466501462785
300631.XSHE,-0.0013994244544559419
300193.XSHE,-0.001500728639926797
002155.XSHE,-0.0005809372545172282
300418.XSHE,0.005148187579028477
000613.XSHE,-0.0021118226974537716
002210.XSHE,-0.0028264086609897767
300452.XSHE,-0.00030796799598868923
300069.XSHE,-0.0006561265953712939
000608.XSHE,0.00015947036332807215
600151.XSHG,-0.0003804252043849896
600420.XSHG,0.003797751560773473
600702.XSHG,0.004432295656084256
603538.XSHG,-9.738701534816414e-05
002870.XSHE,-0.0018314169350288486
600673.XSHG,0.01163736891040785
300455.XSHE,0.0039057703298812922
603260.XSHG,0.0015745478485533725
000628.XSHE,-0.0010401757896185018
300030.XSHE,-0.00020933984693750863
002456.XSHE,0.034205054652737085
600117.XSHG,-0.0019044710399053763
300626.XSHE,-0.0024912144480554376
600884.XSHG,0.02152128298183425
600226.XSHG,0.006559609146754618
603311.XSHG,-0.0022137176724353106
300160.XSHE,-0.0006395226235336861
300557.XSHE,-0.0014023102471649616
300798.XSHE,-0.0005150422942656393
002884.XSHE,-0.0006010217069028906
002422.XSHE,0.00838450425939309
000401.XSHE,0.004720178234875489
000831.XSHE,0.0022404713012981457
002299.XSHE,0.002206238915844954
002939.XSHE,0.0008482101620867197
002231.XSHE,-0.0016995261385001571
002832.XSHE,0.005164963056027179
600438.XSHG,0.010848488007957399
002351.XSHE,0.008791449521171224
600629.XSHG,-0.0010090189403541554
002786.XSHE,-0.0012400069172019898
002271.XSHE,0.029998220478757033
600112.XSHG,-0.003616936451181466
000039.XSHE,0.01112764945207245
601601.XSHG,0.00235736471186098
601117.XSHG,0.000323272051784888
000890.XSHE,-0.0011039535775379007
603111.XSHG,-0.0015121396839544302
603557.XSHG,-0.0019638642106701446
603165.XSHG,-0.0013471672749618478
300170.XSHE,0.0029591522155878944
002269.XSHE,-0.0015882796115490574
603032.XSHG,-0.0011880711626918636
300128.XSHE,0.00024243582787251364
603326.XSHG,-0.0017948715039328897
601689.XSHG,0.0026634562797921003
600803.XSHG,0.0018043907855131618
600869.XSHG,0.0004430761064848582
603121.XSHG,-0.0013649586722064631
002085.XSHE,0.0020100598571139417
600351.XSHG,-0.0006514035592968144
600988.XSHG,-5.050959372134597e-05
603168.XSHG,5.5399301404404286e-05
600681.XSHG,0.0005274832436484372
300582.XSHE,-0.0008107755889207875
600261.XSHG,0.0033307290110278923
002524.XSHE,0.001265853599273089
603101.XSHG,-0.0017135872258204317
000025.XSHE,0.0006523974958146804
300645.XSHE,-0.0018904306071266487
300634.XSHE,-0.0005151937681834855
600118.XSHG,0.05254033660424096
300507.XSHE,0.0016277261675300722
688018.XSHG,0.027930123177852366
002095.XSHE,0.003266875937307539
002045.XSHE,0.005133689249717811
600240.XSHG,-0.004081033279109947
603866.XSHG,0.0017565708438799538
600313.XSHG,-0.001999781556998815
002168.XSHE,0.005204372111383717
600551.XSHG,-0.000699814508069342
000755.XSHE,-0.0028326837633006756
002972.XSHE,-0.0008488882242152279
002121.XSHE,0.001403961371980836
002877.XSHE,-0.001056251090149407
002849.XSHE,-0.0019159484430856964
300576.XSHE,0.0018176896495976603
600160.XSHG,0.003220546608300022
001979.XSHE,0.0016373647118609813
601107.XSHG,-0.0010618397527786352
000859.XSHE,-0.0007029192738874956
300527.XSHE,0.0003677158826611217
600078.XSHG,-0.0010857678539298043
600584.XSHG,0.010370577309987817
002447.XSHE,-0.00236900060884507
300148.XSHE,-0.000498999447605555
600358.XSHG,-0.002680027416057323
600872.XSHG,0.02200590716414364
600969.XSHG,-0.0024494353827172284
002146.XSHE,0.0030907613722618126
603737.XSHG,0.008314471183330825
300780.XSHE,-0.0014331141818328598
600126.XSHG,0.0001678841228391904
002667.XSHE,-0.0019088312911242642
002212.XSHE,0.008256579553453009
601111.XSHG,0.0014773647118609813
002820.XSHE,-0.002031808419959249
603099.XSHG,-0.002355855551204452
002139.XSHE,0.006871041860924112
000593.XSHE,-0.0017835403912177124
300255.XSHE,0.0009721305056623977
002883.XSHE,-0.0012323869224345266
600469.XSHG,-0.0021525368511975495
603306.XSHG,-0.0008827990195046493
002516.XSHE,-0.00160252696978451
600311.XSHG,-0.002376414726664371
600170.XSHG,0.0010036481186287195
600525.XSHG,0.002750838824302137
688008.XSHG,0.012947364711860991
300308.XSHE,0.016105852314702178
300593.XSHE,-0.00010107557143855354
300250.XSHE,3.1282296593472536e-05
603998.XSHG,-0.0002953010725979949
601226.XSHG,-0.0018761317894244551
002103.XSHE,-0.002099719605081504
002918.XSHE,0.001246952550634681
600227.XSHG,-0.0015943451657056704
688016.XSHG,0.013703279620212484
002300.XSHE,-0.000536822448300482
603043.XSHG,0.00018566925742804705
600391.XSHG,-0.0004864848485532222
300122.XSHE,0.018393437658664948
300795.XSHE,-0.0002209700716558926
600602.XSHG,0.0991810375971878
000999.XSHE,0.0051947839299896536
300709.XSHE,0.010019025978673783
600568.XSHG,-0.0016213166192523356
002175.XSHE,-0.002859738766363632
000712.XSHE,0.011635659759930332
601162.XSHG,0.00020676293159314972
300371.XSHE,-5.280968258425129e-06
603197.XSHG,0.0017079440212480783
002420.XSHE,-0.003135831164621233
300776.XSHE,0.00884372108139721
600523.XSHG,0.0007046476967178038
002557.XSHE,0.007817258174170227
603360.XSHG,0.0014358565232960685
002692.XSHE,-0.0023073314505248957
600327.XSHG,0.0019074766902677275
300339.XSHE,-0.0013602045097873407
002322.XSHE,0.0008122974183142739
600173.XSHG,-0.002115374782549634
603876.XSHG,-0.0006474278255712441
000937.XSHE,-0.00018332243315545148
600463.XSHG,-0.0019490851231731485
600785.XSHG,0.0015383458122483471
000548.XSHE,-0.002529081214244352
300189.XSHE,-0.0014981337368005984
300111.XSHE,-0.0026264713801842717
603226.XSHG,9.216307281761579e-05
002818.XSHE,-0.0004974700771583376
601999.XSHG,-0.001388868181818087
300059.XSHE,0.03470736471186097
600111.XSHG,0.009629241624304058
002864.XSHE,-0.0014824601033851012
300063.XSHE,9.765879277706625e-05
000426.XSHE,0.005002771613494348
000960.XSHE,0.001612778063084245
002531.XSHE,0.0017296053416166164
300786.XSHE,0.0010086356231815436
002295.XSHE,-0.002676286063480429
002585.XSHE,-0.0012982666716277397
603017.XSHG,-0.0008020537187687559
300341.XSHE,0.0038807721649309172
002676.XSHE,-0.002198849715823703
002957.XSHE,0.0010078533592089477
002938.XSHE,0.004267364711860984
300290.XSHE,-0.00020312585672385176
600959.XSHG,-0.000523982369696184
002354.XSHE,-0.0024548086190051602
603636.XSHG,0.0016030307852355915
600689.XSHG,-0.001621674862940686
601326.XSHG,-0.0007029562265237428
688068.XSHG,0.010460504210520282
300032.XSHE,-0.001542861158356107
300669.XSHE,-0.0011789931230073753
300016.XSHE,0.0018498527759710083
000510.XSHE,-0.00023363500403403206
601020.XSHG,-0.0018327110320584842
600196.XSHG,0.021198703922558227
000557.XSHE,-0.0005510030640213704
000597.XSHE,0.0008471029152084173
300382.XSHE,0.0012373818698697783
300493.XSHE,0.0002731744619433071
600188.XSHG,0.00161140162967324
002238.XSHE,-0.0008459221893747655
600707.XSHG,-0.0004230409272325304
603139.XSHG,-0.0022013968513367593
300609.XSHE,-0.00025471562333310386
300194.XSHE,0.0012391184347443308
002035.XSHE,0.012262593564999561
603888.XSHG,0.005151470756055808
600665.XSHG,-0.0020987962865453165
000901.XSHE,0.0015624319088967003
600719.XSHG,-0.0023191552249679686
603626.XSHG,0.0009162172239487441
002789.XSHE,-0.0020062782143749
000897.XSHE,-0.001708283655516599
600300.XSHG,-0.0013389016306417543
601636.XSHG,6.578743820843925e-05
601990.XSHG,0.001379755344029393
002930.XSHE,-0.001010225164328886
603028.XSHG,-0.0016118139359852961
688199.XSHG,0.0033336593158606173
603969.XSHG,-0.0017654691777373183
002540.XSHE,-0.0002383311742531727
000157.XSHE,0.025896492178151265
000718.XSHE,0.00044872465858283427
002099.XSHE,0.001105877893219392
600108.XSHG,-0.0010372180078929154
300755.XSHE,0.001669910840160422
300635.XSHE,-0.0018998730387639762
002017.XSHE,0.004079719664810167
002822.XSHE,0.0002145305945870249
601228.XSHG,-0.00036566244623062433
603656.XSHG,-0.0017609603771770001
000606.XSHE,0.0009476945021373393
000895.XSHE,0.02664314633382487
600580.XSHG,0.006045844299309957
603678.XSHG,0.002846229490336668
002689.XSHE,-0.0018990541313138119
002811.XSHE,-0.0019429650822894479
300725.XSHE,0.008598908969733393
002528.XSHE,6.096488488255801e-05
600106.XSHG,-0.001828171073905594
002427.XSHE,-0.0017108294741039285
300641.XSHE,-0.0021983543069599614
300384.XSHE,0.006940943110949879
002494.XSHE,-0.0024882060265891404
002414.XSHE,0.009287484882547065
603638.XSHG,0.001835675520083811
300368.XSHE,0.003401860602087603
002364.XSHE,0.004397157049268134
002586.XSHE,-0.002264103433758042
600186.XSHG,-0.001691050749044616
600241.XSHG,-0.0030216310767992222
601800.XSHG,0.0014473647118609819
603566.XSHG,0.0011804195204119508
603995.XSHG,-0.001022846123631419
600754.XSHG,0.006833804787153157
600368.XSHG,-0.0015906217713230063
600873.XSHG,-6.594940623716895e-05
603157.XSHG,-0.002098743189286833
600609.XSHG,0.0007587624928875342
002730.XSHE,-0.0020087655854109303
600516.XSHG,0.006097914399316753
300396.XSHE,0.005555735003882902
601098.XSHG,0.00010859737482048139
300135.XSHE,-0.00156180841995925
000923.XSHE,2.2242828349812362e-05
603980.XSHG,-0.0016437553097588427
002379.XSHE,0.0010534437120787526
600535.XSHG,0.009828280170137744
002291.XSHE,0.004068067127664459
002722.XSHE,-0.002038736315040106
300687.XSHE,0.004795513946570844
300333.XSHE,0.0002022224639797853
002798.XSHE,0.005070031758029641
300351.XSHE,-0.0010853976970743456
300300.XSHE,0.0014546092502686935
600298.XSHG,0.010549123785590577
600565.XSHG,-0.00012720345027388718
688358.XSHG,0.0011542048873594032
300716.XSHE,-0.002362874264564098
600595.XSHG,-0.0015925320918482293
002348.XSHE,-0.0015153606088459197
603225.XSHG,0.000225365967525437
300229.XSHE,0.002012250169101748
002677.XSHE,0.0014824902320097072
000615.XSHE,-0.000625942045391196
002857.XSHE,-0.0020651123034235394
300338.XSHE,0.001141570728658523
603755.XSHG,0.001007885967659114
000911.XSHE,-0.002480939173540345
601788.XSHG,0.0009880158869332376
000428.XSHE,-0.0013631028283613116
603993.XSHG,0.002029867894945906
002747.XSHE,0.005233566237598656
002039.XSHE,-0.0012754118914255338
300509.XSHE,-0.0011621894431335675
300566.XSHE,0.0024897985587679573
000430.XSHE,-0.0022646245360837124
300247.XSHE,-0.0019884923019083986
002256.XSHE,-0.0004343158953348477
300426.XSHE,0.00040343974065409167
000590.XSHE,0.0011610184586932607
603843.XSHG,-0.002623894435252301
300114.XSHE,0.001821004129856773
688033.XSHG,0.0014144991367759166
601179.XSHG,-0.0005920512707445664
300559.XSHE,0.007683428636612566
002602.XSHE,0.010276623599624946
000801.XSHE,0.0010093793692690393
601211.XSHG,0.0018373647118609805
601700.XSHG,0.001050634221877886
600582.XSHG,0.0025742532883178708
300538.XSHE,0.0006335801618723674
002312.XSHE,0.0056407341330916225
000948.XSHE,-0.0008746805155167791
300523.XSHE,0.007180353079222802
603396.XSHG,0.0012424960895492426
603689.XSHG,-0.0018649605800756862
688037.XSHG,0.02265165958772613
600550.XSHG,-0.0009555672949196541
002572.XSHE,0.02931329563984299
601116.XSHG,-0.0009328661347806291
603041.XSHG,-0.002190330571474633
603309.XSHG,-0.00010813641194700819
603331.XSHG,-0.0022134408739663066
300569.XSHE,0.0008098395040297751
300546.XSHE,0.0019819845890655377
002164.XSHE,-0.002209567954829969
300376.XSHE,0.005876428649277765
002616.XSHE,0.0008553895968784956
600721.XSHG,-0.0024222583211930123
600766.XSHG,-0.0010343150041728132
603359.XSHG,-0.0009026776245297653
300171.XSHE,0.0024495702851422625
002345.XSHE,-0.0013947289365692803
600236.XSHG,0.0010053284027447874
000561.XSHE,-0.0010727812063961839
300424.XSHE,-0.00046238843578798555
002428.XSHE,0.005097753779461684
600336.XSHG,-0.0017641284218852108
600855.XSHG,-0.001301567599821123
300573.XSHE,0.004335242747271234
600031.XSHG,0.049447364711860974
002141.XSHE,-0.0009773301023512358
600501.XSHG,-0.0005168039923531171
603203.XSHG,0.0013276227519503259
600038.XSHG,0.005255371991905077
000686.XSHE,0.005108280190785223
002913.XSHE,0.0019438635243225445
603929.XSHG,-0.0015054358014565256
300495.XSHE,0.0021033304050389508
002140.XSHE,0.00020897416653967594
603663.XSHG,-0.0017937718583904262
300392.XSHE,0.0011480378561867554
300699.XSHE,0.004165935242027025
600048.XSHG,0.011717364711861016
688010.XSHG,0.00169093015038109
688288.XSHG,0.0025032492812390576
600667.XSHG,0.004859405903104463
300484.XSHE,-0.001994500352124594
603833.XSHG,0.008649851325666848
000970.XSHE,0.012732999700739314
600288.XSHG,0.0025149822480038
002405.XSHE,0.00531155032465387
603088.XSHG,-0.0017922451223481037
600491.XSHG,0.003640490503875224
600073.XSHG,-0.0006242587022134156
002206.XSHE,-0.00043552372640683046
300708.XSHE,-0.0014697078676946464
002092.XSHE,0.0005532961269956768
600104.XSHG,0.006607364711860973
300132.XSHE,0.004455586132568579
603727.XSHG,-0.0003444785776384768
300750.XSHE,0.01299736471186099
300280.XSHE,-0.001136392942131241
600983.XSHG,-0.001993389964148111
600828.XSHG,-0.00022404264252680523
000869.XSHE,0.003939569601561866
600217.XSHG,0.0001966267089217558
300169.XSHE,-0.0019582601918967787
002945.XSHE,0.0007714548720174801
600660.XSHG,0.0865390475773797
603298.XSHG,-0.0007903741288335598
002684.XSHE,0.0005076984836090252
002109.XSHE,-0.0018353838135421532
000790.XSHE,0.0007942372681339189
002301.XSHE,0.002980958166322052
300047.XSHE,0.0007618425919979641
300080.XSHE,-0.00040448449767387074
600137.XSHG,-0.0024188974320948744
300048.XSHE,-0.0017390209832621152
002755.XSHE,0.000571896436439591
002713.XSHE,-0.0020006243845269883
003816.XSHE,0.0012073647118609812
688058.XSHG,0.010920216452542056
300522.XSHE,-0.00034534047325842374
000988.XSHE,0.0167010738382427
300666.XSHE,0.0036610266610196188
000760.XSHE,-0.0029029759904566983
300296.XSHE,0.012985570943264546
600129.XSHG,-6.983461240890956e-05
688099.XSHG,0.007268371900779477
300274.XSHE,0.004438798628011496
603918.XSHG,-0.0010019953024653899
603567.XSHG,-9.517230506980202e-05
600833.XSHG,0.00020585780842042722
603020.XSHG,-0.0018249212731590455
603600.XSHG,0.003077162627236604
000682.XSHE,0.0038488868637808066
002201.XSHE,0.0022257703192808407
300572.XSHE,0.00684960170221184
601008.XSHG,-0.0020434389761441025
002313.XSHE,0.0013785661647790653
603709.XSHG,-0.0022054220323155984
603037.XSHG,-0.00017195114300907251
000333.XSHE,0.008937364711861014
603890.XSHG,-0.0011471602243814316
300029.XSHE,-0.0032628315152238656
603335.XSHG,-0.002774705742473503
601901.XSHG,0.001114130629419532
002848.XSHE,-0.0022651320656961794
002009.XSHE,-0.0006400888908689641
603970.XSHG,-0.001835274384183221
603398.XSHG,-0.0005442573132982465
000560.XSHE,-2.174635309723353e-05
002003.XSHE,0.0016602479728490302
603053.XSHG,0.0007242614588428447
600279.XSHG,-0.0017865438351526083
300605.XSHE,-0.0011591937439599516
601608.XSHG,-0.0005836919884669605
300563.XSHE,-0.0011754063653524665
000592.XSHE,-0.00114965258244244
300787.XSHE,0.0036649912789963085
002361.XSHE,-0.0006837192689321031
002463.XSHE,0.005262215352563829
002283.XSHE,-0.001614234491963889
603569.XSHG,-0.0014445440445222566
000038.XSHE,3.277340697230638e-05
300211.XSHE,-0.0006989176608727253
002733.XSHE,0.004359153947123436
300131.XSHE,0.00381063609849918
002188.XSHE,-0.0037173263496620905
002637.XSHE,0.000531188876264604
600345.XSHG,0.00021876268986869207
300159.XSHE,0.0007877062914196089
002593.XSHE,-0.0021809890253564
600967.XSHG,0.0027810627230472713
603687.XSHG,-0.0008890664903386549
000861.XSHE,-0.0004386167860860571
000875.XSHE,-0.0013088917698761927
000862.XSHE,-0.0020726046924557625
002577.XSHE,-0.00020943586986991395
000028.XSHE,0.01107909401746662
002691.XSHE,-0.0026622897276621553
600889.XSHG,-0.0018853318468286956
002595.XSHE,0.0014472338495294312
002535.XSHE,-0.002553697681933576
600764.XSHG,0.010356150523836021
600235.XSHG,-0.002748968736424156
002660.XSHE,-0.0008449045487472118
002908.XSHE,-0.001472788516453626
300227.XSHE,0.0004539177409721537
300779.XSHE,-0.0014658556650422778
300249.XSHE,-0.00024264782571130307
300136.XSHE,0.04526470314881003
603429.XSHG,0.01044496269331276
600105.XSHG,0.0012571760442635837
002909.XSHE,-0.002311736794210521
601668.XSHG,0.0014673647118609813
300074.XSHE,0.00023546446751621444
603757.XSHG,-0.0013761679552429223
601108.XSHG,0.0007654542975919655
002058.XSHE,0.0020223790599613435
600315.XSHG,0.004788494415145487
603339.XSHG,-0.002131802354284654
600382.XSHG,-0.0013702030483292876
603303.XSHG,-0.0008812503951383863
000524.XSHE,0.0012424253661164394
002766.XSHE,-0.002700065447896622
300324.XSHE,0.01830149735128021
600664.XSHG,0.0002447425277162013
600456.XSHG,0.0016009766535173473
002575.XSHE,-0.0009245361853697093
603726.XSHG,-0.0019145134371316697
603519.XSHG,1.244072170713921e-05
600558.XSHG,-0.0016892630678771268
002357.XSHE,-0.0020178017261757056
002090.XSHE,0.001910072910319651
300173.XSHE,0.0008060608143478916
300459.XSHE,0.0030718218554199495
688123.XSHG,0.008602420856197132
600378.XSHG,0.006367102635637359
600552.XSHG,0.0016412485575982862
002624.XSHE,0.01196390566317869
603658.XSHG,0.008984127726044027
300217.XSHE,-0.0016504208707993641
600037.XSHG,0.001294004298208193
600834.XSHG,-0.0010683257207229854
002011.XSHE,-0.00011447613072116574
002394.XSHE,-0.0017139015064801875
002797.XSHE,0.0005065936339663814
300413.XSHE,0.00769106617662475
688218.XSHG,9.461445492231187e-05
000413.XSHE,-4.603493616556556e-05
300724.XSHE,0.007127230832316084
601088.XSHG,0.001777364711860982
002759.XSHE,-0.001534012377203138
002703.XSHE,-0.0017954709818157287
300518.XSHE,-0.00035145357739954294
603117.XSHG,-0.002454954504354077
002792.XSHE,0.0030955778275582957
600973.XSHG,-0.0007083654734973625
600132.XSHG,0.01488546762087514
002007.XSHE,0.06074851324496102
000810.XSHE,0.006512907638631124
300238.XSHE,0.004181310862182988
601886.XSHG,-0.0007391628034425783
600064.XSHG,0.005501979716431829
002311.XSHE,0.018133369080824035
603416.XSHG,0.0016643722977644233
603798.XSHG,-0.0010826740582213271
600807.XSHG,-0.0010298236428526724
000661.XSHE,0.1013971416507958
300703.XSHE,-0.00029042673949279934
603863.XSHG,-0.0016870838911787877
000957.XSHE,0.0007332068739657441
601965.XSHG,-0.0008484444399980258
002558.XSHE,0.0031334943947747235
002627.XSHE,-0.0012470561034669217
000826.XSHE,0.00221285495598246
600009.XSHG,0.006667364711861004
002928.XSHE,-0.0004952319970039456
300365.XSHE,0.010126566509187444
300729.XSHE,-0.001649537181152705
600059.XSHG,0.002216644791554266
603828.XSHG,-0.0019350000532789987
603810.XSHG,-0.0019040822613693184
603933.XSHG,-0.001024199290957213
300606.XSHE,-0.0019102361969344226
002859.XSHE,0.003486592866135758
000611.XSHE,-0.0026397302124767817
300560.XSHE,-0.0002872540492730945
603806.XSHG,0.004734811188700441
000540.XSHE,0.008381725075810819
000498.XSHE,-0.001692130580419031
300130.XSHE,0.008607043607189576
600080.XSHG,-0.0012667160674028062
601007.XSHG,-0.0023276543475673718
300701.XSHE,0.0005975537388521433
002075.XSHE,0.0004259519039430113
603179.XSHG,0.0010518937607397472
002717.XSHE,0.005666941321601422
300683.XSHE,-0.0005910029501835414
000836.XSHE,-0.0005110995640594434
601126.XSHG,-0.0016216256015146847
000813.XSHE,0.0001616156252509755
002461.XSHE,-0.00011302268891380269
000088.XSHE,-1.861783293430233e-05
002222.XSHE,4.67319804753237e-05
002496.XSHE,-0.000692220776506396
002927.XSHE,-0.0012065335290827488
300620.XSHE,0.00032232831642982655
600197.XSHG,0.0007086848846075413
600800.XSHG,0.001059765732135703
688128.XSHG,-0.00021340448996576256
002841.XSHE,0.00690010996896044
300273.XSHE,-0.0003006896231816758
600704.XSHG,0.0027995524625402143
300616.XSHE,0.0076057787286353835
688122.XSHG,0.002054215090745332
000504.XSHE,-0.0015677690340287639
300381.XSHE,0.0012257085018488362
600794.XSHG,0.001513284866161044
300293.XSHE,-0.0005450438812688524
600156.XSHG,-0.0028007672632630303
002837.XSHE,0.003849369104494125
300629.XSHE,-0.0007961575866771943
600419.XSHG,-0.0008840395220760945
002029.XSHE,-5.109271046019326e-05
600029.XSHG,0.001251234032887511
000667.XSHE,-0.0005248674080699407
603817.XSHG,-0.002454119173264052
000166.XSHE,0.001357364711860981
002956.XSHE,-0.0001237901067561711
600225.XSHG,-0.0025458353118261463
601138.XSHG,0.0024573647118609817
002655.XSHE,0.0009162116041318879
002912.XSHE,0.02127896675379832
601677.XSHG,-0.0012198577445622608
002791.XSHE,0.002805128082010745
603089.XSHG,-0.0018487137531827747
000997.XSHE,0.015918329057695472
601166.XSHG,0.0031673647118609896
603730.XSHG,0.0025588938836667197
300009.XSHE,0.007222369355988896
000558.XSHE,-0.0017025956821107185
600729.XSHG,0.0040551494307331576
603886.XSHG,-0.0013145001339425098
300035.XSHE,0.007259564178172728
688025.XSHG,0.002694928798077934
603648.XSHG,-0.002082644528373476
600366.XSHG,0.0027952639509078794
002899.XSHE,-0.0027678767011576726
000973.XSHE,-0.0010746132339541328
000513.XSHE,0.020838971824520068
002441.XSHE,-0.00014718161439879543
300722.XSHE,-0.0017135551352174382
002236.XSHE,0.06781869330511606
002216.XSHE,0.0063927501403336535
600858.XSHG,-0.0010844800296029428
002243.XSHE,0.000567704166475177
300813.XSHE,-0.0027772901525956956
600933.XSHG,-0.00026675259482879634
600798.XSHG,-0.0016818404480663776
000408.XSHE,0.0012986008272910922
000705.XSHE,0.0010924943580137084
300757.XSHE,7.109675166053512e-05
600148.XSHG,-0.0021545214832183624
600165.XSHG,-0.0020884781694996343
300598.XSHE,0.016732446725992754
002126.XSHE,0.0026324786709565457
300360.XSHE,0.001964358642461325
600271.XSHG,0.024005492453869594
600784.XSHG,-0.0012274220818695337
300389.XSHE,0.0008567157638636456
000668.XSHE,0.0005674447547975052
002408.XSHE,0.0005040880034107046
603378.XSHG,0.0005452363808246576
603766.XSHG,-0.0009748298946312569
000903.XSHE,-0.0007602854366060674
601009.XSHG,0.0018861329914054781
002285.XSHE,0.00022571754344180486
000819.XSHE,0.0008859375321512478
603011.XSHG,-0.0024298244207303157
601231.XSHG,0.004786162769576463
300438.XSHE,0.006719851625331951
600307.XSHG,-0.0008859357509340719
300012.XSHE,0.015561977560239481
603868.XSHG,0.001642163664867987
600519.XSHG,0.1013971416507958
603922.XSHG,-0.0021234887040753095
600936.XSHG,-0.0017185525736321428
688310.XSHG,-0.0006328003676783051
300475.XSHE,-0.0005899504500627953
688021.XSHG,0.0026373006634799806
300549.XSHE,-0.0013922311143776272
000639.XSHE,-0.0006528817085534099
603489.XSHG,0.006373567160562068
300284.XSHE,-0.00012323688257958047
002678.XSHE,-0.00017754304048026785
600882.XSHG,0.0018662443275267574
603718.XSHG,0.0022532168697700556
603803.XSHG,-0.0007343988020122403
002157.XSHE,0.01881334237120834
601086.XSHG,-0.002372442155237891
300721.XSHE,-0.0012370994443040902
000587.XSHE,-0.0013360671936086686
000570.XSHE,-0.0016404633093206082
300735.XSHE,0.0010017033119251667
002446.XSHE,0.0019027044563699805
300294.XSHE,0.005912428757198074
600919.XSHG,0.0010594174440635975
002548.XSHE,-0.0003346939012958362
002483.XSHE,-0.0016773294182173893
600319.XSHG,-0.0024773125799677246
002698.XSHE,0.0005134057326882993
002648.XSHE,0.006224840697347384
002056.XSHE,0.005282542852715956
002783.XSHE,0.0014666140485714964
600546.XSHG,0.008503629548290086
600070.XSHG,0.006814218750244124
300450.XSHE,0.04100385500223701
600827.XSHG,0.0028062056221540665
002234.XSHE,0.002597448674880203
300600.XSHE,-0.000787759453387699
603357.XSHG,-0.0015408956044740834
600547.XSHG,0.02382736471186103
002821.XSHE,0.012659858344999332
300002.XSHE,0.0007711511039023254
600909.XSHG,5.587952151755283e-05
603299.XSHG,-0.0018558514966364548
002545.XSHE,0.00031148024295308543
002419.XSHE,0.00028840443668676566
600482.XSHG,0.00219145367953004
600355.XSHG,-0.002069707246056659
300423.XSHE,0.0008889733166725922
002415.XSHE,0.03597736471186106
002727.XSHE,0.0017494133889421645
300061.XSHE,0.0012423359892016644
300430.XSHE,-0.00182914269965645
600353.XSHG,5.398979984952337e-06
688088.XSHG,0.008890216671277583
002781.XSHE,-0.002117131690039859
002635.XSHE,0.015781581782464967
002318.XSHE,0.0029785676061430833
600312.XSHG,0.0003696833751068607
688029.XSHG,0.01756741619086832
002505.XSHE,-0.0006860188445456108
002819.XSHE,0.0011174321781440232
000568.XSHE,0.1013971416507958
002851.XSHE,0.002564051008372637
002010.XSHE,0.0024428623698307117
603779.XSHG,-0.002668713037800996
000099.XSHE,-0.0009808524299235882
300233.XSHE,-0.00026024014660473867
300007.XSHE,-0.0009976026704719954
002177.XSHE,0.0006922650269393089
603178.XSHG,-0.0021682401701471144
603685.XSHG,-0.0014416648883372881
002893.XSHE,-0.002452057316878563
300696.XSHE,0.002139117874495324
601118.XSHG,-0.00027820581790064165
002115.XSHE,0.005309777324436805
603063.XSHG,-0.0018602608736891615
300190.XSHE,0.0034071630317993964
002352.XSHE,0.011117364711860993
002670.XSHE,0.0015316377830989574
000889.XSHE,-0.000614353149296502
600485.XSHG,-0.0017316906638356797
600513.XSHG,0.0030194323108412957
002296.XSHE,0.0019283887898176731
603183.XSHG,-0.0023053188031165617
603002.XSHG,-0.002069025856449267
000887.XSHE,0.013842095761113914
600006.XSHG,-0.0009000251756147541
603300.XSHG,-0.0010430442664187485
000672.XSHE,0.004400638867389376
603358.XSHG,0.0017636518088220091
300251.XSHE,0.02040546527774865
000710.XSHE,0.009402425543003594
300401.XSHE,0.0019921062848124085
603083.XSHG,0.0009405550578426222
600698.XSHG,-0.0020512190824130373
600171.XSHG,0.0029502144726834007
603366.XSHG,-0.0006604807591612388
300705.XSHE,-0.0012094838244172004
603228.XSHG,0.003947215331639626
002800.XSHE,-0.0010472616807499866
002650.XSHE,-0.0009711520703744295
600139.XSHG,-0.0009372721944014692
002657.XSHE,0.0017599331218932663
600025.XSHG,0.0008132091981050902
601000.XSHG,-0.0005751796458217375
002743.XSHE,-0.0024649465414107166
002772.XSHE,-0.0023183101887985953
600277.XSHG,-0.0001800330866627111
688357.XSHG,0.0025982949649260064
603110.XSHG,-0.0016879092789133484
600329.XSHG,0.0013523404689799274
300260.XSHE,0.0006656627866372358
002920.XSHE,0.0018085622357562271
300526.XSHE,0.009472001904974318
000032.XSHE,0.0014907377931438453
601991.XSHG,0.00039715348351313
600458.XSHG,0.000466622467973053
002897.XSHE,0.0019371001050232685
300706.XSHE,0.002050022384416763
600520.XSHG,-0.0023253604743606175
002724.XSHE,-0.0007481607466348203
300184.XSHE,0.0027973755871199806
603996.XSHG,-0.0031447858501196455
300115.XSHE,0.015382833835489142
002824.XSHE,-0.0021951296913217495
300056.XSHE,-0.0013225064714826114
601390.XSHG,0.0012673647118609812
002860.XSHE,-0.0004946228458431257
603877.XSHG,-0.0006325342792885132
300492.XSHE,0.0006278245547898923
300129.XSHE,-0.00032148192480696645
002019.XSHE,0.016696213896469858
600287.XSHG,-0.0010648923242076685
600618.XSHG,0.009485751573161953
601311.XSHG,-0.00026157919156878065
300377.XSHE,0.009420556188387639
000761.XSHE,-0.0006885172682812164
000811.XSHE,0.004535336914229807
600053.XSHG,0.004529897236752729
688168.XSHG,0.006805418939792198
002200.XSHE,-0.0028465796488571305
002801.XSHE,0.006612495758082776
300203.XSHE,-0.0014313789026361126
600369.XSHG,0.0010600113015761393
603533.XSHG,-0.0006745577723682365
600854.XSHG,-0.0025467085503171863
601997.XSHG,0.00016714694073287128
002571.XSHE,-0.0020834233097344083
600975.XSHG,0.0028171371207088166
600210.XSHG,-0.0008990120555069714
002614.XSHE,0.0016673906938341142
600759.XSHG,-0.001278594068542509
000908.XSHE,-0.0022713196883610703
002675.XSHE,0.004761561905801074
603960.XSHG,0.00344369008953788
688300.XSHG,0.0036325181748543484
002736.XSHE,0.0017473647118609807
300149.XSHE,0.0037593099209135743
600706.XSHG,-0.0024922706288758893
601555.XSHG,0.0004443023734101719
601998.XSHG,0.001227364711860981
600247.XSHG,-0.002745798928932481
002940.XSHE,0.0007864603866599333
600699.XSHG,0.008633316657098941
300533.XSHE,0.0022696679464198413
002728.XSHE,0.0010328583872521563
603722.XSHG,0.0006040690385563092
603068.XSHG,0.0059369833455128525
601952.XSHG,-0.00103030613188913
002104.XSHE,0.0014079933340160446
300815.XSHE,0.005153759569141267
600508.XSHG,-0.0010225823582740846
601398.XSHG,0.00120736471186098
002094.XSHE,-0.0010843334701672006
603269.XSHG,-0.0027873134303882463
603385.XSHG,-0.001246850308555224
688202.XSHG,0.004554127341021841
300467.XSHE,0.0012008502397161205
300008.XSHE,-0.0014752523094785728
002579.XSHE,0.004601027065028969
600866.XSHG,0.007138764742823671
600293.XSHG,-0.0020217729282276157
300693.XSHE,-0.00100625280103747
002183.XSHE,0.0012946274679399498
300530.XSHE,0.00016405147432440453
002885.XSHE,0.00020693263212238607
603987.XSHG,-0.00026342034386304426
600999.XSHG,0.002597364711860982
600755.XSHG,0.002370331160204379
300153.XSHE,-0.0014695199589877298
002327.XSHE,0.0019425903089566696
002588.XSHE,-0.0012480080595820599
002195.XSHE,0.004019204763751276
002251.XSHE,0.0008224945349008343
600316.XSHG,0.003656605930495364
603316.XSHG,-0.0028473539504398062
300682.XSHE,0.0011467555177448975
000888.XSHE,-0.0010010165329437642
600732.XSHG,0.0020456590239010704
002228.XSHE,-0.0008942282293081302
300578.XSHE,0.001722807871949724
603717.XSHG,-0.002588323232510725
000488.XSHE,0.0005857627196053151
002118.XSHE,0.0030817336603921656
300775.XSHE,0.0012232300691684015
002290.XSHE,-0.0033391105990064436
600885.XSHG,0.010450947082928007
002403.XSHE,-0.0020726067247632714
300602.XSHE,0.009745314943869415
000030.XSHE,-0.0007904553352233506
300500.XSHE,-0.0007450029979494508
300660.XSHE,-0.00017787150599763227
300592.XSHE,-0.0030027513456353004
600377.XSHG,0.001385594304200436
002943.XSHE,-0.0018898945431726048
300005.XSHE,0.001462582356060338
002005.XSHE,-0.0014553851511153572
002740.XSHE,0.00022244992903335198
002653.XSHE,0.0053186984785216496
000046.XSHE,0.008530901751631688
600167.XSHG,0.002066225260541858
600767.XSHG,-0.002892067270834481
300468.XSHE,0.0029075136233633688
601212.XSHG,-0.00027214461853056383
603506.XSHG,-0.0004864120202700377
300715.XSHE,-0.000301262650925858
002932.XSHE,0.00107357689578247
000625.XSHE,0.0056891981076866325
603123.XSHG,-0.0020472480561413795
300038.XSHE,0.0012033419973400473
600333.XSHG,-0.002202711561059555
600232.XSHG,-0.0011398005625947276
600285.XSHG,0.0031306014571880654
000599.XSHE,0.0002452535198462966
603058.XSHG,-0.0021632610314401245
600317.XSHG,-0.00011281615797284863
600900.XSHG,0.002527364711860982
000048.XSHE,0.008425874150023833
603115.XSHG,-0.0005890138701858403
002652.XSHE,-0.00207712616396679
002317.XSHE,0.011724070335388007
600069.XSHG,-0.0025603619048474567
000739.XSHE,0.015439978899600698
603860.XSHG,-0.0016022521210331125
002868.XSHE,-0.0021584227497621275
600303.XSHG,-0.001750956416352795
002156.XSHE,0.004444510117486034
002508.XSHE,0.01715022614812781
000657.XSHE,-0.0010674506156576739
600077.XSHG,-0.0013327241483134938
000610.XSHE,-0.0018727914198291258
000421.XSHE,-0.0011514195063844514
002543.XSHE,-0.0005022018328529039
603200.XSHG,-0.0013120808948896509
002066.XSHE,-0.002031245076646942
002152.XSHE,0.013229985193504412
000829.XSHE,0.0037886520992702517
002513.XSHE,-0.0030368299865870204
600671.XSHG,-0.0011308548567468672
000544.XSHE,-0.0009182408849754516
601985.XSHG,0.0008844462063575451
600422.XSHG,0.0037713181515929553
002682.XSHE,-0.0022875912031626176
600500.XSHG,0.000885576106623218
300037.XSHE,0.009586668712185734
300633.XSHE,4.8887247696108695e-05
603703.XSHG,-0.0016502792364461718
002220.XSHE,-0.0033067703989971236
300763.XSHE,0.0035165663429007816
000422.XSHE,-0.0011110617710496885
002500.XSHE,-7.119641565801369e-05
300653.XSHE,0.0032648009334191137
603069.XSHG,-0.00030221547810898707
600733.XSHG,0.0035099518378710957
600970.XSHG,0.0038596605437254904
000055.XSHE,-0.00026096317620825167
600370.XSHG,-0.002253238448935317
600850.XSHG,0.01106361743758836
600780.XSHG,-0.001276272013661569
000899.XSHE,-0.0015044231060055624
002411.XSHE,0.004602219167748831
603016.XSHG,-0.0017112320016868787
300654.XSHE,-0.0024930863634265075
600093.XSHG,0.007556742919890504
601016.XSHG,-0.0012377594215863313
002810.XSHE,0.000581546435265663
600743.XSHG,0.0006958879191647561
002196.XSHE,-0.002072821747648654
300207.XSHE,0.013465969893938603
601882.XSHG,-0.0020478180873197056
601500.XSHG,-0.0016787839995099116
300022.XSHE,-0.0027308013136306515
600363.XSHG,0.00139786272166793
000993.XSHE,-0.001522504584260867
603937.XSHG,-0.002493520099943997
002831.XSHE,0.0034020170747377527
603336.XSHG,-0.001231354848072799
000996.XSHE,0.0008532601888528659
300395.XSHE,0.008800204487479552
000878.XSHE,0.0013331213032958384
300618.XSHE,0.018718357861561067
300686.XSHE,0.0012420705235567393
603607.XSHG,-0.0011198235496623198
603696.XSHG,-0.0020874341406758455
300487.XSHE,0.004031691201223454
600234.XSHG,-0.0019430471390997621
603818.XSHG,-0.0015581117139913537
688388.XSHG,0.003407421644398509
002076.XSHE,-0.002493829891331918
600962.XSHG,-0.0022700714823232844
600159.XSHG,-0.002543437089475791
300437.XSHE,-0.0017717191987306879
000876.XSHE,0.022988286806661797
000708.XSHE,0.0042195278170334026
603189.XSHG,0.0003861735516451112
002429.XSHE,0.0019320225076204563
601606.XSHG,-0.000986232529857792
000833.XSHE,-0.0022239702913492785
300745.XSHE,-0.0014973482268321359
000632.XSHE,-0.0005759061702976902
601678.XSHG,-0.00020875637753128623
300412.XSHE,-0.0013343054028842783
300429.XSHE,0.010073409019425682
300806.XSHE,0.0012472547724881361
603345.XSHG,0.0018458452842157866
002445.XSHE,-0.00265005077643977
300612.XSHE,-0.0003594485921625933
300316.XSHE,0.019920515513203303
600809.XSHG,0.02925498753746103
300269.XSHE,-0.0013053780798874654
002937.XSHE,-0.0007170008182147208
300079.XSHE,0.004969519801087763
002612.XSHE,-0.0016886927565743
600095.XSHG,9.350680458810245e-05
601169.XSHG,0.0015473647118609815
603187.XSHG,0.0003126635105547247
603055.XSHG,-0.0018261859753795706
600662.XSHG,0.011875591171488963
600085.XSHG,0.009908476716428291
300066.XSHE,0.0035329317863847898
300556.XSHE,-0.0020406545053183343
002542.XSHE,0.0004623159367575112
601233.XSHG,0.0023044052292943546
000503.XSHE,0.009539741262962595
002342.XSHE,-0.0024675887249973744
000929.XSHE,-0.0027438855705464523
002603.XSHE,0.002892750576144367
002151.XSHE,0.010536942814860848
300323.XSHE,0.0018591999419060954
300116.XSHE,-0.0012642320656940506
600857.XSHG,-0.0013127571724803366
002936.XSHE,-0.00026284907779544863
300460.XSHE,0.0004940740674296705
603223.XSHG,-0.002548783533558142
002057.XSHE,0.00030350555015823703
600870.XSHG,-0.002600027322866969
300673.XSHE,-0.0001201580178049784
601038.XSHG,-0.0011593628853470662
601218.XSHG,-0.00238322753072105
000550.XSHE,0.0008120694354135333
601969.XSHG,-0.0010501030121238366
000806.XSHE,-0.0026305740868532
002338.XSHE,0.0004768664705043085
002375.XSHE,0.0004195011375587748
300340.XSHE,0.000281311587611775
603595.XSHG,0.0030183213324747674
002763.XSHE,-0.001745043372915254
000659.XSHE,-0.0003792794189741099
300163.XSHE,-0.0019065690520623118
300236.XSHE,0.01019217914489698
000978.XSHE,-0.002757962531858046
600180.XSHG,-0.0010164252085144861
000698.XSHE,-0.0016053268592502769
603778.XSHG,-0.0016105039437634362
600388.XSHG,0.0026050282120919617
002023.XSHE,0.008183293866459093
600841.XSHG,-0.00055907744984787
002265.XSHE,-0.0023361190364372822
000678.XSHE,-0.0006709029145315262
600249.XSHG,-0.0016748413317995792
603676.XSHG,-0.0011939856469399789
603919.XSHG,0.0005272565146241242
300554.XSHE,-0.001788009252622942
603076.XSHG,-0.0019163552216643726
300472.XSHE,-0.0002854051003221411
600410.XSHG,0.0074497390543214045
002502.XSHE,-0.0020202065738962175
300319.XSHE,0.00621708574493885
002349.XSHE,-0.0006780699702044208
002965.XSHE,0.0011931380684491889
600373.XSHG,0.004939248239073753
601928.XSHG,-0.00042603731053999746
002343.XSHE,0.0012402363705009234
000010.XSHE,0.0009391333338768324
002191.XSHE,0.004836012207468121
600634.XSHG,-0.0031325144662273444
688278.XSHG,0.00625384812743689
002735.XSHE,-0.0014422950154591098
603871.XSHG,0.001240982324676173
601992.XSHG,0.00035364386763300006
603939.XSHG,0.010210572032237915
300662.XSHE,0.00013198338653108406
600543.XSHG,-0.002535228493191371
600723.XSHG,-0.0016927674991976784
603809.XSHG,-0.0018200198158283604
300400.XSHE,0.0010929905135071572
002163.XSHE,-0.0006109341028185911
300179.XSHE,0.000757019655310207
600376.XSHG,0.0017109124103689408
002473.XSHE,-0.002841479799862542
600258.XSHG,0.0015737352244064335
300720.XSHE,-0.0020957588647856715
600195.XSHG,0.00342941291183649
002458.XSHE,0.009400688429033915
300158.XSHE,-0.0011267984657266092
603330.XSHG,-0.002136011639385857
603598.XSHG,0.0009991022181326478
600573.XSHG,-0.0030150426268389834
000936.XSHE,0.0020481327184330863
000953.XSHE,-0.002831938286231091
002268.XSHE,0.019247972017095015
300712.XSHE,-0.0022917215005622427
600539.XSHG,-0.003151610536648941
600119.XSHG,-0.0020333250056179236
002331.XSHE,0.00040241103672650994
600371.XSHG,-0.00013799619831035646
300013.XSHE,-0.0006242834213699843
002839.XSHE,-0.001171628970841957
300743.XSHE,-0.00014862388911531616
600614.XSHG,0.012492210115001985
603050.XSHG,-0.0021397285428836673
000545.XSHE,-0.002252199479679387
603530.XSHG,-0.0005317955726748434
300583.XSHE,-0.0011853528841786777
002091.XSHE,0.0017926253135356275
300258.XSHE,0.0011385503214822344
600110.XSHG,0.002634862045516352
000636.XSHE,0.022394169313591325
300738.XSHE,0.0015099517435738646
600375.XSHG,-0.00183494176141392
600829.XSHG,0.001448040562581104
002549.XSHE,0.002668488587193569
601021.XSHG,0.0028719403788207013
603927.XSHG,0.00376266131362086
688098.XSHG,0.00028303074394064247
000564.XSHE,-0.0007485221208208914
002124.XSHE,0.007872181768147976
002699.XSHE,0.003029767640004932
603690.XSHG,0.0029749484883611317
600971.XSHG,0.0004036471638639587
601137.XSHG,0.0008203394339667239
300298.XSHE,0.0035390267665984495
600818.XSHG,-0.0009502762917757226
300219.XSHE,0.0011016697381097695
300312.XSHE,-0.0015742564321832326
600488.XSHG,-0.0008244062778029215
000404.XSHE,-0.002114112371560206
600623.XSHG,0.005433171694159993
002536.XSHE,-0.0014163777522737749
600297.XSHG,0.0015041249677542846
000011.XSHE,-0.0007073982131334932
300446.XSHE,0.0016033371855418794
300601.XSHE,0.008719317055744196
600816.XSHG,-0.0006255106508933307
300221.XSHE,-0.0007456178420234484
600318.XSHG,-0.001242027289277573
002950.XSHE,-0.0009760132660237024
002845.XSHE,0.0006652478068390833
600362.XSHG,0.0015448452290210452
000679.XSHE,-0.002250693190596989
603768.XSHG,-0.0026747526289716324
600490.XSHG,0.0016667879398143612
600563.XSHG,0.008130540262500915
002656.XSHE,-0.002917933779887835
600335.XSHG,0.00024468536584270283
300541.XSHE,0.0017060675747567842
002852.XSHE,-0.0010521319492401632
002116.XSHE,-0.0007570154483766173
000883.XSHE,0.000542490730316286
603313.XSHG,0.0004252272878897149
002457.XSHE,-0.002073929024668008
000338.XSHE,0.018167364711861003
000680.XSHE,-0.0014451260100686067
300279.XSHE,0.0006976370188443927
000595.XSHE,-0.0019342155282163621
002084.XSHE,-0.0012820250393414244
002324.XSHE,0.003391462574930377
603716.XSHG,0.002709221549552094
601929.XSHG,-0.0016457090950060776
002636.XSHE,-5.721706428204109e-05
300283.XSHE,-0.0015289260283788736
688026.XSHG,0.009557052109181034
002469.XSHE,-0.001756967929640052
601799.XSHG,0.006165761548318782
600585.XSHG,0.012327364711860973
002805.XSHE,-0.0015097824593147387
002320.XSHE,0.00676107043711406
600696.XSHG,-0.00015922794946034895
300112.XSHE,-0.0008167301685636412
002778.XSHE,-0.0012481044563827548
603823.XSHG,-0.0008419117005002558
600898.XSHG,-0.0023657114805344034
000019.XSHE,-0.0004282636957093572
002607.XSHE,0.01499736471186099
000877.XSHE,0.0023704038021068446
300552.XSHE,0.008044923572776854
603701.XSHG,-0.0006554556262250307
300445.XSHE,0.0015948404267164488
002538.XSHE,-0.0014498099356541672
000089.XSHE,0.0009456821873023625
002487.XSHE,-0.001431738318164432
600687.XSHG,-0.0024739913086052243
603109.XSHG,-0.0007629930357345421
000868.XSHE,-0.001222180888693278
600405.XSHG,-0.0011791357629138625
600016.XSHG,0.005447364711861005
002962.XSHE,0.001363581126684148
002921.XSHE,-0.0025169079374873678
603363.XSHG,-0.0009969541699927037
300534.XSHE,-0.0017732433533703981
300632.XSHE,0.000608404042170997
600011.XSHG,0.0014700371613247422
002875.XSHE,-0.0020481842526564667
300405.XSHE,-0.002389158719286965
000035.XSHE,0.0004159694475274324
603059.XSHG,-0.0008260416664334085
300266.XSHE,0.004509170785373094
000729.XSHE,0.002382580687574101
600650.XSHG,-0.0005367125312354302
300165.XSHE,-0.000986385922798753
600773.XSHG,-0.0003119432520551557
600892.XSHG,-0.0013308408175284564
603578.XSHG,-0.000864072245470976
002454.XSHE,-0.001987978747916286
000782.XSHE,-0.0026455765546947057
000722.XSHE,-0.0015864933717455846
300570.XSHE,0.0011029309984601494
603683.XSHG,-0.0025294945043553532
600526.XSHG,-0.0011493665666002096
603920.XSHG,0.0012341191297553476
000987.XSHE,0.0014485246084797146
601699.XSHG,0.001000028958998396
300674.XSHE,0.0020552130522435855
002708.XSHE,-0.0016548133365060958
300152.XSHE,-0.00189457524396322
002340.XSHE,0.00832970168652192
000985.XSHE,-0.0020845599815628732
002377.XSHE,-0.0011850052166376688
300386.XSHE,0.006196682056116397
002817.XSHE,-0.0013106137776851524
002718.XSHE,-0.0010254877480759517
600350.XSHG,-0.00018767210767355844
002534.XSHE,-0.001105691727755346
600416.XSHG,-0.0004758763084299336
002028.XSHE,0.01731566656163417
300224.XSHE,0.0017041978992748494
601003.XSHG,-0.00013552449313057808
601155.XSHG,0.002871768458496374
600199.XSHG,-0.0012018665042427099
000656.XSHE,0.002215845782522368
601975.XSHG,-0.0009443754723242859
603268.XSHG,-0.002032313108692076
603739.XSHG,-0.0010508626015081472
600570.XSHG,0.10105225344420542
688181.XSHG,0.002635393256930726
002853.XSHE,0.00020953053181444218
002123.XSHE,0.010837233154795125
600007.XSHG,0.00033800875265604545
002760.XSHE,-0.0026343569449409137
002406.XSHE,-0.0011421163654203711
300515.XSHE,-0.0012624215843931189
000967.XSHE,0.0006929675481939184
603105.XSHG,-0.002120517785447241
300094.XSHE,-0.0019485868315813834
600644.XSHG,-0.0010650862572942315
300092.XSHE,-0.0025643858938922924
002287.XSHE,0.0016114045631897933
600822.XSHG,-0.0007403614483892666
300591.XSHE,-0.0027795288448944923
002110.XSHE,3.6534045823045295e-05
002668.XSHE,0.000277452749542235
300783.XSHE,0.0035720860565880055
603997.XSHG,-0.0009043476745654068
002566.XSHE,-0.001708906079172084
300690.XSHE,0.0007865188029632943
002101.XSHE,-9.818210595769058e-05
000791.XSHE,-0.0018405162921878231
002022.XSHE,0.014822330193604544
300657.XSHE,0.004522319773143423
300228.XSHE,-0.0015306424052170785
600268.XSHG,-0.0005514771241626978
600879.XSHG,0.012225212139880648
000666.XSHE,-0.000856880356250253
300210.XSHE,-0.0018375184474223071
600686.XSHG,0.002486752313043986
000150.XSHE,-0.0018757391226070686
601798.XSHG,-0.002772271935201161
000898.XSHE,-2.457428864501059e-05
600292.XSHG,-0.0014152576179230002
603633.XSHG,-0.0007062887280263777
600436.XSHG,0.043725202974956336
002356.XSHE,-0.003466566045449438
300064.XSHE,-0.001801295062948298
600403.XSHG,-0.0004126456684120758
600735.XSHG,-0.00015441201201104237
300736.XSHE,-0.001895852917906433
002803.XSHE,0.00258613667099831
603977.XSHG,-0.002073732312644234
000616.XSHE,0.0010056263724956289
002020.XSHE,0.0035640737153157334
688366.XSHG,0.010916885715483198
603501.XSHG,0.018737364711860997
300801.XSHE,-0.0007178207312181822
600633.XSHG,0.002830970940510138
600257.XSHG,-0.001896840925448761
002259.XSHE,-0.0033495359267228394
000049.XSHE,0.014378811826856372
000932.XSHE,-0.0002837378588113351
002475.XSHE,0.07279736471186099
600389.XSHG,0.0016286957196784693
000637.XSHE,0.0005357178124124028
603021.XSHG,-0.0011749086546571773
300469.XSHE,0.0011919264110383
601877.XSHG,0.002561337500362662
603056.XSHG,-0.0008749304174359542
600903.XSHG,0.00024622764496330966
688399.XSHG,0.013276237318241287
002651.XSHE,-0.001378251803189721
002959.XSHE,0.0022802730234720687
300330.XSHE,-0.001705316086675209
002529.XSHE,-0.002838191904780832
603681.XSHG,-0.0005958503666448726
000023.XSHE,-0.0018328273987134422
000063.XSHE,0.038467364711861074
601595.XSHG,-0.0013602090308605474
002812.XSHE,0.024322502301969914
600812.XSHG,0.002103503155689776
300503.XSHE,-0.001013035619341544
600777.XSHG,0.0008076430956728805
300326.XSHE,0.010356175428819826
000759.XSHE,0.0017594629706807353
600071.XSHG,0.001979707844279986
300710.XSHE,-0.0011058359859129788
002929.XSHE,-0.00034856620828776813
601001.XSHG,-0.0015027577109749926
600826.XSHG,0.000670533532786506
600468.XSHG,0.0008848112913843785
601005.XSHG,-0.0008367082484383336
600146.XSHG,0.0001589360002150703
300393.XSHE,0.00016972780408721754
600801.XSHG,0.012569501605170863
688101.XSHG,-0.00026258262779813024
002633.XSHE,-0.003071918171291069
002666.XSHE,-5.3445456428498784e-05
603713.XSHG,0.0020193003921679135
002258.XSHE,0.0009136833397294364
002451.XSHE,-0.0012714565840124157
002465.XSHE,0.005986613676363523
002707.XSHE,0.0036834767256451453
300244.XSHE,0.010253851217193114
600418.XSHG,0.00024848868093736167
600281.XSHG,-0.0026684522690095217
600883.XSHG,0.0003529155072772615
603878.XSHG,-0.0014300637989509873
002815.XSHE,0.0023462092615588255
601236.XSHG,0.0021849572715839614
601368.XSHG,-0.001953154722531895
000715.XSHE,-0.0010452914819099103
000635.XSHE,-0.0009296495345346139
002971.XSHE,0.0005627033258249572
000008.XSHE,0.0017849548961026453
000735.XSHE,0.003626944494500968
300749.XSHE,-0.0009292488422780111
002131.XSHE,0.009877758383678234
600505.XSHG,-0.00045480052102305976
002169.XSHE,0.0020114464827569846
002816.XSHE,-0.0017770860272771022
600039.XSHG,-0.00024499870455190354
002911.XSHE,-0.0009251889881866883
603608.XSHG,2.0068731866803528e-05
300532.XSHE,-0.0004089699077106856
300752.XSHE,0.0006537001467311686
300046.XSHE,0.004104487077416175
603667.XSHG,-0.0017931972235489975
002917.XSHE,-0.0012940042172786125
600497.XSHG,0.0021134015441884395
002119.XSHE,0.002280957906845016
300245.XSHE,0.0003421180941887104
002054.XSHE,-0.0012490329795725604
300232.XSHE,0.00924227630842142
002224.XSHE,0.0015545702229231182
601163.XSHG,-0.00020432294536182306
600230.XSHG,-0.0012911184452170687
603393.XSHG,0.00014083275862755078
000926.XSHE,-0.0012117968170576921
002016.XSHE,0.0027551920243871824
002280.XSHE,-0.0016372832465476
600744.XSHG,-0.001706838851292867
002182.XSHE,0.0009762228231181334
002112.XSHE,-0.0027922497779066142
000839.XSHE,0.0026873250718175653
002527.XSHE,-0.0019402733990006786
002202.XSHE,0.003189228072791751
603926.XSHG,-0.002456209605839502
603458.XSHG,-0.0014621040164425456
601333.XSHG,-0.0004847913438379035
601298.XSHG,0.000403737474896024
601811.XSHG,-0.00015258938765359007
300540.XSHE,-0.0020268165076176145
600050.XSHG,0.0014773647118609813
600125.XSHG,0.00252635089535858
300406.XSHE,0.0033667455012931185
600726.XSHG,-0.002173011543577317
603966.XSHG,-0.0020257248350655298
300270.XSHE,0.002677251319464088
600115.XSHG,0.001092420961094816
002198.XSHE,-0.001460247819930012
300516.XSHE,0.00024387907689440947
600331.XSHG,-0.0011081078463575048
600716.XSHG,-0.0017639060788953629
002438.XSHE,-0.0005303134525470269
603283.XSHG,0.0037658279270120706
300178.XSHE,-0.002064953166780876
600781.XSHG,-0.002154204558106689
300356.XSHE,-0.0004892096698466694
000060.XSHE,0.005344267617707814
002619.XSHE,-0.0008503695357709098
300120.XSHE,-0.000244758953569815
002165.XSHE,-0.00120826094857351
002246.XSHE,-0.0014033064246788333
002582.XSHE,-0.00023613409125600691
300375.XSHE,-0.0012837022543487513
000786.XSHE,0.02240661425725998
600527.XSHG,0.005063430253756822
002705.XSHE,0.0022858051581265562
600233.XSHG,0.004768528134046642
603536.XSHG,-0.0015345488457199645
603301.XSHG,-0.0011724587033160384
002044.XSHE,0.009549643685381779
603380.XSHG,-0.0018821425979303897
300054.XSHE,0.010538910576830636
300142.XSHE,0.03132370852594464
600808.XSHG,-0.00034690489796624735
603983.XSHG,0.004210503143578
300568.XSHE,0.0033769816240243463
601518.XSHG,-0.0024201907305993965
002556.XSHE,-0.00023088630395752064
300137.XSHE,0.0003414835916328847
603738.XSHG,0.004643151723752287
002062.XSHE,-0.001624055105895899
000555.XSHE,0.0024935897330198467
300521.XSHE,-0.0023273587304366026
300399.XSHE,-0.0007835400385503228
600275.XSHG,-0.0035227185915459366
300075.XSHE,0.003012215942400444
300143.XSHE,-0.0004026681995749136
300453.XSHE,-0.0028154457035170404
600824.XSHG,0.0013982332825327333
002185.XSHE,0.010778668119454198
002665.XSHE,0.0007469047724210818
002745.XSHE,0.001162173515033094
000403.XSHE,0.0041326695974302306
600155.XSHG,0.002735566121972804
300553.XSHE,-0.0013518908707318878
300208.XSHE,0.001848265456279071
002963.XSHE,-0.0005368481518094317
601567.XSHG,0.000888382092458071
002102.XSHE,-0.0007200841728145931
002758.XSHE,-0.00011309147488976733
300087.XSHE,0.006937141382304993
600742.XSHG,0.008368729521169512
600853.XSHG,-0.002222653393632761
600875.XSHG,0.001044941116914705
002229.XSHE,0.0002659045604332501
002339.XSHE,-0.00036355646219018945
603008.XSHG,-0.0007481963003088789
000156.XSHE,0.0003339046358710354
000983.XSHE,0.0005304406314116891
601828.XSHG,0.0006353714841049252
603288.XSHG,0.01644736471186098
000777.XSHE,0.002544272438446111
603800.XSHG,-0.0022199053263481324
603444.XSHG,0.028138959693170842
600206.XSHG,0.0049063194581949405
688266.XSHG,0.01649955052342306
600783.XSHG,0.0040388235329953375
603629.XSHG,-0.0013867734675524223
600498.XSHG,0.005755935148836679
002302.XSHE,0.00047693467558379706
600861.XSHG,-0.0015054348371981773
002230.XSHE,0.0303706173847351
300065.XSHE,0.0019692031455001194
300431.XSHE,-0.003238415098191199
603126.XSHG,-0.0025160027428786412
002267.XSHE,-0.0012186010153321161
600787.XSHG,0.004842188818728376
002328.XSHE,-0.001454577462651436
002654.XSHE,-0.00014859479452474043
300197.XSHE,0.002964177162143402
600502.XSHG,-0.00022561873318548164
688100.XSHG,0.004062919666189513
300731.XSHE,0.001141411094816155
000785.XSHE,0.003183891261245876
002547.XSHE,0.002034060951728099
000818.XSHE,0.003775833765011006
000965.XSHE,-0.002152397840095359
002346.XSHE,6.671052796209656e-05
300726.XSHE,0.0006719925319148743
002041.XSHE,0.007018959837703186
688258.XSHG,0.006227029526676231
002583.XSHE,0.001489535623737105
002255.XSHE,-0.002215098855148625
601015.XSHG,-0.0019110757578192595
000962.XSHE,-0.0010948400874167244
000789.XSHE,0.0017198953495309798
600978.XSHG,-0.0016643128781215146
000681.XSHE,0.004543953772305304
600734.XSHG,-0.002463766207325637
002063.XSHE,0.0051035780162804745
002205.XSHE,-0.0020998731738027174
600823.XSHG,0.006125008180295272
002694.XSHE,-0.002726551332144198
002564.XSHE,-0.0015619506553029515
600063.XSHG,0.0009078726443759227
002628.XSHE,-0.002074272378717428
600054.XSHG,-0.0008065826755640441
600259.XSHG,0.00013247355949327672
002240.XSHE,-0.0006937674824029801
002518.XSHE,0.004482303442693926
600091.XSHG,-0.0029209436840130967
600066.XSHG,0.03995266423764385
603067.XSHG,-0.0022204639521595055
603898.XSHG,0.00011502376356164199
002482.XSHE,0.00020953701265228187
300176.XSHE,-0.0004805185527244284
603630.XSHG,-0.0014516140304144983
601818.XSHG,0.0013073647118609804
000930.XSHE,0.0017145441673002261
002757.XSHE,-0.0006244013633208202
002381.XSHE,-0.00016671625378351712
300201.XSHE,-0.0005924385158331347
601011.XSHG,-0.0012790458257500878
600246.XSHG,0.003648752767714146
300454.XSHE,0.013281084974639047
002498.XSHE,-0.0006087715880362254
603318.XSHG,0.001207608992856421
688028.XSHG,0.004188150801065606
300021.XSHE,-0.00027534899589734714
601698.XSHG,0.0020627903400726334
600320.XSHG,0.0011632301210638034
600896.XSHG,-0.0015639962437347973
002659.XSHE,-0.0016649081050086314
601908.XSHG,-0.0014107599320046754
300808.XSHE,-0.00025431837350009014
600760.XSHG,0.006993208886732664
600273.XSHG,-1.1195140580672622e-05
300543.XSHE,0.0005226160225126394
002038.XSHE,0.014331267937062506
600876.XSHG,-0.00016085872327384018
000687.XSHE,-0.0021844643520393587
300334.XSHE,-0.0019780977272217896
300772.XSHE,-0.0006113344217603457
603650.XSHG,-0.00031408034234619805
002775.XSHE,-0.0016603770015145706
603661.XSHG,0.0013981926586903704
001965.XSHE,0.0006168145567931249
002970.XSHE,0.010923709333963355
688369.XSHG,0.004573621968155167
000002.XSHE,0.1013971416507958
002319.XSHE,-0.0022748888717370637
603686.XSHG,0.00021781953651698162
002025.XSHE,0.00952165055673358
000609.XSHE,-0.0020387724289631665
603991.XSHG,-0.00237996735136176
688007.XSHG,0.0012085265470434296
600579.XSHG,-0.0014082764698974421
600506.XSHG,-0.0025248576003066574
000650.XSHE,0.006103169506166254
600291.XSHG,6.694369597585559e-05
600871.XSHG,0.0004188976999586053
000725.XSHE,0.0027573647118609825
002219.XSHE,-1.8095207208163044e-05
600379.XSHG,-0.0024563996093497843
300223.XSHE,0.02513364170028676
603355.XSHG,-0.00010578759500153262
300025.XSHE,-0.0006288131459958892
300792.XSHE,0.02556443206279489
300436.XSHE,0.003353115672325085
600248.XSHG,-0.0016911233702996248
603708.XSHG,0.0011175287825263443
002270.XSHE,-0.0021170136649456836
600741.XSHG,0.09317058945193746
603217.XSHG,-0.0006242583188515428
600228.XSHG,-0.003003149953688995
300799.XSHE,0.011098613922345187
002686.XSHE,-0.0008413449566127386
000601.XSHE,0.001396783180465037
300188.XSHE,0.022717943679734613
601619.XSHG,-0.0015112734441484023
601330.XSHG,-0.0006795396582110729
000703.XSHE,0.005809715456216279
603516.XSHG,0.0037568304609254853
300019.XSHE,0.00390909085406064
603982.XSHG,-0.0008095782402523591
002681.XSHE,0.0034472839915169885
600215.XSHG,0.00035592111911185095
000158.XSHE,0.0009299715895432744
300664.XSHE,-0.0011085195913136806
000565.XSHE,-0.0006362876912251545
603010.XSHG,-0.00019457013194652036
300668.XSHE,-0.001111420750767297
603967.XSHG,-0.001724627190029204
002363.XSHE,-0.002128480149911737
600540.XSHG,-0.0026364559001552873
600860.XSHG,-0.0030612048155189684
600864.XSHG,0.00238060427797367
300742.XSHE,-0.001004629958919403
603999.XSHG,-0.0009839493259887384
603799.XSHG,0.009324329062378378
601939.XSHG,0.0012573647118609805
300157.XSHE,-0.0014671819257712259
300051.XSHE,-0.002724514494580371
300256.XSHE,0.0013488933959606012
603660.XSHG,-0.0006120194295715805
600260.XSHG,0.0047325494780861245
600338.XSHG,-1.6226858145529724e-05
300082.XSHE,0.0014689893876450697
600643.XSHG,0.004292533769828041
002273.XSHE,0.022715578564141
002004.XSHE,0.003554013619372228
300043.XSHE,0.008685489487444752
000585.XSHE,-0.0032555744291968437
300053.XSHE,0.0037242460301558193
300125.XSHE,0.003409436790066114
603177.XSHG,-0.0027333981452735477
601339.XSHG,-0.0015370748183378804
600863.XSHG,0.0004432773496288572
600817.XSHG,-0.003396214188855131
300230.XSHE,0.00072478157515581
600637.XSHG,0.0022723962212907733
600272.XSHG,-0.0026872371384805507
002609.XSHE,0.0015245507095270486
600926.XSHG,0.000890028015940957
600730.XSHG,-0.0016538654344055203
002737.XSHE,0.0018586209316306533
000955.XSHE,-0.0005760447974845705
600711.XSHG,0.0020362454268238513
688159.XSHG,0.0040590104980913755
300109.XSHE,0.003912018566890281
300081.XSHE,0.004669111332268505
600385.XSHG,-0.00293853032370068
300102.XSHE,-0.0006927117580407193
600207.XSHG,-0.0019892110487148237
600284.XSHG,-0.00047881405780539604
002517.XSHE,-0.0011023783054983749
002611.XSHE,0.00017182953823881492
300078.XSHE,0.016893861129300625
002197.XSHE,0.0003810748845375074
002596.XSHE,0.001014668340658887
600397.XSHG,-0.0021754790591503553
600084.XSHG,-0.0019928937467122393
300474.XSHE,0.013149079812514978
601177.XSHG,-0.0017480062348561713
000779.XSHE,-0.0010686495301284022
002742.XSHE,-0.001614000681664668
300539.XSHE,-0.0026247424679875326
002032.XSHE,0.023093088891826867
300172.XSHE,-0.0018378251485005772
603233.XSHG,0.004412896078131403
002307.XSHE,-0.0012549103443443216
603680.XSHG,-0.00100159295066269
002600.XSHE,0.0047637385328981605
300320.XSHE,0.00044869560528720993
002520.XSHE,0.0014502827904938529
300760.XSHE,0.010187364711860986
300083.XSHE,0.0006431637825585897
300095.XSHE,-0.0018998919199216043
603327.XSHG,0.0019544503424085593
603508.XSHG,0.0016823053092681996
600383.XSHG,0.007759781555891956
000159.XSHE,-0.0016945909522212996
002181.XSHE,-0.0009417847894993177
600738.XSHG,9.94590510654085e-07
300528.XSHE,-0.0022273012884386034
300282.XSHE,-0.0015970351487068356
600837.XSHG,0.014377364711860983
600162.XSHG,-0.0012228411673009334
300739.XSHE,0.0028357915954603722
300246.XSHE,0.0031010672737080947
603214.XSHG,0.0011706734250037216
603079.XSHG,-0.0006243760225262665
603505.XSHG,-0.0004022195527710207
300204.XSHE,0.0031824743368174847
603081.XSHG,-0.001221808398758335
000738.XSHE,0.00015509982779367455
300347.XSHE,0.04383497862030636
000566.XSHE,0.002169635151035535
002064.XSHE,0.003850199646093779
600455.XSHG,-0.0009843144338767974
600774.XSHG,0.000755759037798722
002096.XSHE,-0.0013788869284904104
300359.XSHE,-0.0008117768371564105
600099.XSHG,-0.002506812256621888
002207.XSHE,-0.0033109625651707233
000415.XSHE,0.00214985034020758
002326.XSHE,0.003735557961494846
603159.XSHG,-0.0015814889965882941
002863.XSHE,-0.002724315989078639
600601.XSHG,0.09865549869207739
601010.XSHG,-0.0012851960493675601
300349.XSHE,0.0054687403355929715
000726.XSHE,0.00015057061096792517
002592.XSHE,-0.0001542960811667998
300676.XSHE,0.003432622815276354
601019.XSHG,-0.0007713330836337032
600561.XSHG,-0.00256979674740972
603903.XSHG,-0.0021977255899542293
300677.XSHE,0.0035491163711888906
000530.XSHE,-0.0010223180957170564
002806.XSHE,-0.0016857501446121469
300695.XSHE,0.0012132156560816908
600238.XSHG,-0.0016708570960825581
600135.XSHG,-0.0007995386945061655
000509.XSHE,-0.002000485809235516
002417.XSHE,-0.002343479279120462
603619.XSHG,-0.0008814912147230725
600663.XSHG,0.005019349488414112
600802.XSHG,-0.0010191973208688446
300586.XSHE,0.0025876019941714107
603199.XSHG,-0.0018315426535423392
600223.XSHG,0.000632257033301461
002574.XSHE,-0.0021769516923809003
600101.XSHG,-0.0008014092103616043
300805.XSHE,0.00031929731301215836
000573.XSHE,-0.002297106121569651
300041.XSHE,0.0009312722600476591
600531.XSHG,0.0003322933124043099
000701.XSHE,-0.0027481711157539817
600487.XSHG,0.013964385736545773
600600.XSHG,0.0028796411659215947
603688.XSHG,0.0016069615816272048
601600.XSHG,0.00053921736215911
300577.XSHE,0.007343171061368097
603386.XSHG,-0.0009810668825129586
002478.XSHE,-0.0013786829477041413
603697.XSHG,-0.0016379842120469266
600697.XSHG,-0.0012137257598169536
002046.XSHE,-0.0005027173985050538
002053.XSHE,-0.0011531818880523312
600499.XSHG,0.006843212182963597
600462.XSHG,-0.0034602486915514476
603100.XSHG,-0.0020257255398468507
002702.XSHE,-0.0017109378878625466
002541.XSHE,0.0013704891244536324
300494.XSHE,-0.0004801190217073284
002436.XSHE,0.015101297259328725
002646.XSHE,-0.0018120130530779963
688118.XSHG,0.003141936168013054
600489.XSHG,0.0027961971514105562
002060.XSHE,-0.002227940716076984
600819.XSHG,-0.0014854133740844957
002769.XSHE,-0.0004092488629254803
603308.XSHG,-0.0007882202929297684
300694.XSHE,-0.0018229426136224687
002829.XSHE,0.0008803106195006487
603321.XSHG,-0.002495717680694302
688368.XSHG,0.014220328868419844
002373.XSHE,0.006739333790203057
002486.XSHE,-0.0021276093895859394
600958.XSHG,0.0012034059307763415
603808.XSHG,0.0004889342374316086
300551.XSHE,0.0013865134113755385
300479.XSHE,-0.0007359477896463386
000807.XSHE,0.0010341134686435436
603788.XSHG,0.0003143201854117674
600616.XSHG,0.06649494783436824
000733.XSHE,0.00245492018224866
603602.XSHG,8.684878183411746e-05
603613.XSHG,0.0040583059562365855
603826.XSHG,0.0003970770147183043
600630.XSHG,0.0009631864582537509
603156.XSHG,0.0018777797223536222
600103.XSHG,-0.001905876712992718
603867.XSHG,-0.0017336254959358455
300456.XSHE,0.01835447648172824
600179.XSHG,-0.0010252585715808888
600354.XSHG,-0.0017884733482078892
603297.XSHG,0.0017794795706542813
300073.XSHE,0.010407436243312487
300357.XSHE,0.017339785765039247
601168.XSHG,-0.0005064477285234297
002858.XSHE,-0.0017231509385948198
002069.XSHE,-0.0023225136052063672
600096.XSHG,-0.0010897562468987567
000949.XSHE,-0.0013755463195120922
002709.XSHE,0.011571270954275835
300462.XSHE,0.0015667846318760648
688078.XSHG,0.002436104289670355
000788.XSHE,-0.0005547418971380736
300257.XSHE,0.0023772925972992574
600679.XSHG,-0.0008909691899874419
603108.XSHG,0.0009088207228101824
603116.XSHG,-0.0021571566056241475
603883.XSHG,0.003313430617578098
600836.XSHG,0.0014121540937205028
002289.XSHE,-0.0015650422635711447
002501.XSHE,-0.0020504615777850745
603968.XSHG,-0.0013434944583774733
600051.XSHG,-0.0021412213223021637
600090.XSHG,-0.0008329949017553794
300689.XSHE,0.00017175946713848898
600982.XSHG,-0.002188451366693595
002919.XSHE,-0.0020295008602014674
002396.XSHE,0.006061530271656266
000017.XSHE,-0.002333757114390696
002122.XSHE,-0.0023190271733749936
300478.XSHE,-0.002800054913597665
002526.XSHE,-0.0015848798920865075
600701.XSHG,-0.0031119348125595685
300432.XSHE,0.0014015610135321563
603963.XSHG,-0.0015701932193650974
600203.XSHG,-0.0018887374969270938
002281.XSHE,0.00685810305465337
300642.XSHE,0.0017953336168919773
600636.XSHG,0.005478704522441903
000886.XSHE,-0.0009598659463351733
300628.XSHE,0.03070791107128442
600779.XSHG,0.019700285798213625
600536.XSHG,0.031527436440847045
002511.XSHE,0.004660478932775035
600114.XSHG,0.006434541481553365
600724.XSHG,0.0006462639134657061
002008.XSHE,0.032724749247383625
002421.XSHE,0.0015744369147811252
300119.XSHE,0.0060156039456770475
002172.XSHE,-0.0018250305367847445
002303.XSHE,0.002190651495938266
300679.XSHE,0.00658894277122443
300086.XSHE,-0.0013526213549251733
600290.XSHG,-0.003193842955691524
002725.XSHE,0.0001846468875922316
300644.XSHE,-0.0018740484185833161
601216.XSHG,0.0009802461592770457
002878.XSHE,0.003935068400123624
000402.XSHE,0.006269444826659237
000793.XSHE,0.002359908704062112
600022.XSHG,-0.0007249687600942485
002615.XSHE,-0.0018744785988393882
002630.XSHE,-0.001913319551534301
603590.XSHG,-2.3093776167880256e-05
000933.XSHE,0.0020815917877628613
300681.XSHE,-0.0009549646965861087
002576.XSHE,-0.0025628742645640995
300667.XSHE,0.0007824751660370929
600308.XSHG,-0.0006579077231580652
600789.XSHG,0.0022412524877280008
603895.XSHG,-0.00031813701349095447
600428.XSHG,-0.0007083048898477441
601598.XSHG,-5.505665379662068e-05
300062.XSHE,-0.0021786590281795675
600594.XSHG,0.002080534891007194
002631.XSHE,0.0010077481802922925
601688.XSHG,0.0017973647118609815
603900.XSHG,-0.002054516744516518
300180.XSHE,0.0011167849332014818
600725.XSHG,-0.0014771022745832755
002321.XSHE,-0.0023515613064708737
002211.XSHE,-0.002412242633582404
300309.XSHE,-0.0007456596477528096
000757.XSHE,-0.001635097144260565
300465.XSHE,0.0025980746441966536
002310.XSHE,0.010140192055911844
600577.XSHG,0.00022264303290030337
002049.XSHE,0.022790079547397125
600814.XSHG,-0.0016432203244544172
002372.XSHE,0.0033511262407668707
002199.XSHE,-0.0012249901618189458
000756.XSHE,-0.0010402237023173987
002591.XSHE,-3.265673226554274e-05
603936.XSHG,0.0006763065802160447
002178.XSHE,-0.0011327059724906283
600221.XSHG,-1.0853569408752204e-05
002150.XSHE,-0.000482487891096969
002129.XSHE,0.008510685982670053
601077.XSHG,0.000942356105802003
688005.XSHG,0.002787286376491889
002448.XSHE,-0.001250394244327018
000670.XSHE,-0.002460527283498409
600398.XSHG,0.001498135010771065
600302.XSHG,-0.0025061074965850296
601989.XSHG,0.001437364711860982
002476.XSHE,-0.0005030575383599765
002906.XSHE,-0.0008502337182157422
002037.XSHE,-0.0013288140996537802
601127.XSHG,-0.00037913706868569763
603077.XSHG,-0.0005331592012032743
002237.XSHE,0.006355544679506599
601958.XSHG,-5.9238368814599443e-05
603858.XSHG,0.0014803095006629637
002047.XSHE,-0.0003829173760652926
002383.XSHE,0.001994937051746251
000961.XSHE,0.0033232753178747934
000766.XSHE,-0.000417288918259861
603317.XSHG,0.002988170004196123
300146.XSHE,0.01873135405848777
603003.XSHG,-0.0023685387113008614
300162.XSHE,0.0011496959930552934
600695.XSHG,-0.00017621479989266193
002838.XSHE,0.0024351676684984474
603711.XSHG,0.0008001224206222212
000598.XSHE,0.002231746911685915
002132.XSHE,-0.0018779272784025251
600529.XSHG,0.017172223201115885
300034.XSHE,0.0010931168960604566
002144.XSHE,-0.0025688500684910823
300098.XSHE,0.002862614841179094
600592.XSHG,0.002594857690729818
601858.XSHG,-0.0007628230015250832
000758.XSHE,0.005962046790412864
600323.XSHG,0.003113292394400567
603825.XSHG,0.002115896929509799
000837.XSHE,-0.001081977188584948
002252.XSHE,0.010972938444109771
002402.XSHE,0.010072447607107746
600058.XSHG,0.00017424073175842077
002846.XSHE,-0.0006162692659722835
603668.XSHG,-0.002275262429167724
603229.XSHG,-0.0004925935566128538
603928.XSHG,-0.0024929842123236463
600888.XSHG,-0.00025456866993503035
300374.XSHE,-0.001758797012527547
002490.XSHE,-0.002269912573909714
603507.XSHG,-0.001282522967665354
000603.XSHE,0.0017993155200829605
300665.XSHE,-0.0028128259473024133
300164.XSHE,-0.0005193364045139146
600626.XSHG,0.0032918738946762912
600028.XSHG,0.0012773647118609819
000768.XSHE,0.00791772171061304
002277.XSHE,-7.210284460257635e-05
300220.XSHE,0.0066031185238051675
002329.XSHE,-0.0008957094789213869
300004.XSHE,0.0004305731611226071
002055.XSHE,0.0019340797184944553
002966.XSHE,0.00037943280970131475
002162.XSHE,-0.002103696955951342
300575.XSHE,0.00224443078661067
002190.XSHE,0.0021250827920094176
300415.XSHE,0.0007730329520284022
300458.XSHE,0.006614456625711798
300017.XSHE,0.01340557510106994
603031.XSHG,-0.00023030350919156636
600810.XSHG,-0.0007088798360616085
600510.XSHG,-0.00029531800403801226
000552.XSHE,-0.0014780500935405142
002790.XSHE,-0.0020930273868741385
600020.XSHG,-0.0007979500679355133
002898.XSHE,-0.002149894543172606
002663.XSHE,-0.0013102765819472417
603488.XSHG,-0.002582198329040329
000972.XSHE,-0.002339065173966365
600252.XSHG,0.004674837742076469
600624.XSHG,0.016701950207231454
600890.XSHG,0.0018262575989145512
000697.XSHE,0.00032782877509112134
300781.XSHE,-0.000571772067760077
603610.XSHG,0.0009920456185728995
600365.XSHG,-0.002773525429589338
000563.XSHE,0.0027668294972205817
600150.XSHG,0.0031424838560695613
300315.XSHE,0.005554871056414829
600613.XSHG,0.021414959281583684
000507.XSHE,-0.0012212205025761377
000407.XSHE,-0.0008296647450395634
002021.XSHE,-0.0025458490296251047
000848.XSHE,0.003499919197066114
300126.XSHE,-0.0015718003119301327
300499.XSHE,0.0025768087176873122
603515.XSHG,0.0017356484896021134
002695.XSHE,0.004662658534130199
600189.XSHG,-0.002323126904125541
000062.XSHE,0.006342946707271665
000720.XSHE,0.0017118367132575116
600033.XSHG,-0.0011382304851618005
002865.XSHE,-0.0021097974315435666
002242.XSHE,0.004868221847024746
601113.XSHG,-0.002275799892637392
002014.XSHE,0.0017963375715219446
300049.XSHE,-0.0019440725668904218
600062.XSHG,0.004014839504859936
000966.XSHE,-0.0013258514240935752
002395.XSHE,0.002963521683626583
300344.XSHE,-0.0009830521054772633
300067.XSHE,-0.0007892435126326705
300027.XSHE,0.002274403155138459
300596.XSHE,0.0013843656829947298
600201.XSHG,0.014613061155456956
000828.XSHE,-0.0006848399624250032
300175.XSHE,-0.0010948740339935367
002173.XSHE,-0.0018415722453326146
603992.XSHG,-0.00028212275196097254
600056.XSHG,0.005204908414167297
603776.XSHG,0.00019859388999506067
300585.XSHE,-0.0011674743912033596
688015.XSHG,0.001371963986972843
603127.XSHG,0.007439208734622489
600098.XSHG,-0.00020143205123655849
000591.XSHE,0.0008481877341612574
601588.XSHG,-0.0011927051215166685
600299.XSHG,0.0017796383244885168
600710.XSHG,0.0001426948031860323
300072.XSHE,0.00795979819660699
000902.XSHE,1.652568836392021e-05
002544.XSHE,0.004306975413263998
300498.XSHE,0.0034873647118609757
300433.XSHE,0.013226871034532774
603029.XSHG,-0.002706801172674386
600862.XSHG,0.004928150926057339
300226.XSHE,0.020501149414215138
000850.XSHE,-0.0003026260930735804
000506.XSHE,-0.002463030652964041
603816.XSHG,0.003560085529928406
603018.XSHG,-0.0006479332609337879
002569.XSHE,-0.002198001579851099
000918.XSHE,-0.000784182482848603
300350.XSHE,-0.002325158069977105
002522.XSHE,0.001628146643260232
603555.XSHG,-0.002870900643947906
002492.XSHE,-0.0019367793362458495
600133.XSHG,-0.0017836951931678793
603198.XSHG,0.0004552421256332394
300346.XSHE,0.02075376905659199
300698.XSHE,-0.0019725948322436345
002861.XSHE,-0.0001524355711626877
002608.XSHE,0.00018342565120059277
603320.XSHG,-0.002645342215394416
000034.XSHE,0.005492854613915544
002753.XSHE,-0.0013546012688916145
002830.XSHE,-0.0021930486011112506
300733.XSHE,-0.002445076200100939
000737.XSHE,-0.003256827767898805
300281.XSHE,0.0009102347215552871
601766.XSHG,0.0011973647118609801
002649.XSHE,0.002147339919054662
603315.XSHG,-0.0010235280522869023
600792.XSHG,-0.0015482803168838175
600393.XSHG,-0.0010051846127526755
601318.XSHG,0.006077364711861001
002390.XSHE,0.003577632965383274
300292.XSHE,0.00109181783209989
300758.XSHE,0.001141379169946403
300427.XSHE,0.0015682949029835842
000736.XSHE,-0.001229065287804193
002618.XSHE,0.0011299458441859371
300222.XSHE,0.0014924839381060197
002506.XSHE,0.002917739761997622
600406.XSHG,0.027088089804466555
002510.XSHE,0.0005741990292664327
603030.XSHG,-0.0016923311600766588
603677.XSHG,-0.0019238529922373383
002249.XSHE,0.002225998385878355
000977.XSHE,0.013518737982972902
002882.XSHE,-0.0017677629058583098
002226.XSHE,0.0006920187951193872
603662.XSHG,0.002095494184298206
000792.XSHE,0.001825471332822795
002470.XSHE,-0.0010358999070884953
603279.XSHG,-0.00033829659488448073
300240.XSHE,-0.0019367309877362318
300723.XSHE,-0.0003621700636693623
600676.XSHG,6.337107017627451e-05
002948.XSHE,-0.0002053550604650657
002512.XSHE,0.0019013818350457857
002951.XSHE,-0.0010815655156182092
600219.XSHG,0.0001586788094393699
000935.XSHE,0.0013991081286744637
300243.XSHE,-0.0019082803587322074
600010.XSHG,0.0008144199219521208
600439.XSHG,-0.0001993164553071255
002856.XSHE,-0.0018323026156880668
600557.XSHG,0.006346307254302876
002093.XSHE,0.004829108937246595
300358.XSHE,-0.0002499302106844935
600282.XSHG,-0.0003594717338095241
601388.XSHG,-0.0019376643841131885
600847.XSHG,-0.0021545865354923406
002282.XSHE,-0.0021012964005215034
002081.XSHE,0.012710681389053966
300627.XSHE,0.003642805082965491
002645.XSHE,0.001401106083425036
300796.XSHE,-0.000870146446704798
000630.XSHE,0.0012689851996986433
603066.XSHG,-0.0020314064939202497
600981.XSHG,-0.00035775747242215803
600448.XSHG,-0.0023482965541429695
601880.XSHG,-0.00022264638324041538
002117.XSHE,0.003383502242773382
000567.XSHE,0.0008895609846256993
603368.XSHG,0.0016506172798374148
000409.XSHE,-0.002102808309974195
300248.XSHE,0.006855247589210442
600130.XSHG,-0.0016379406228866301
300579.XSHE,0.00863947392014293
002642.XSHE,-0.0018943862873011807
300649.XSHE,-0.0009744743891386182
002368.XSHE,0.012736680916077783
600309.XSHG,0.1013971416507958
000058.XSHE,0.0008726727390818414
600052.XSHG,-0.0010964884879579814
600283.XSHG,-0.0018845647922541612
600192.XSHG,-0.002554274245291703
000553.XSHE,0.0009736023621221752
300636.XSHE,-0.001108848056831048
300624.XSHE,0.005329733123132114
600183.XSHG,0.0243735749689261
600590.XSHG,-0.0010678390627272617
000429.XSHE,-1.3573196095601034e-05
002453.XSHE,-0.0020521283929787458
600330.XSHG,0.003032417859631276
300407.XSHE,-0.001225537278472559
601328.XSHG,0.0011973647118609819
002336.XSHE,-0.002487403750360456
600628.XSHG,0.034751329546359414
002580.XSHE,-0.0019492072335298171
600688.XSHG,0.0004989780146329291
000980.XSHE,-0.0017808131330539676
002274.XSHE,-0.0009637101029008443
600266.XSHG,0.0005774226605522648
300439.XSHE,-0.0011850333464164568
002176.XSHE,-0.0019459363630784775
002493.XSHE,0.004979067153271585
300700.XSHE,-0.001663250435198747
601916.XSHG,0.0011316406663804271
600717.XSHG,0.0012196534206021748
002746.XSHE,-4.96936002471434e-05
002967.XSHE,0.0009378608556470994
002089.XSHE,-0.0009886323911067673
002532.XSHE,-0.00023233519344374124
300488.XSHE,-0.0003296204817924333
300517.XSHE,-0.0018989134617724067
000959.XSHE,-0.0005813560394533648
300610.XSHE,-0.0024925869937385617
300191.XSHE,0.005873615840538148
600859.XSHG,0.0020100206534346696
600620.XSHG,0.09804925470551068
601366.XSHG,-0.0019839470967000653
603180.XSHG,0.0023966880799425943
300448.XSHE,0.010560278570746047
603885.XSHG,0.001945662995325728
002674.XSHE,-0.002142106121292931
600677.XSHG,-0.0023059237032816587
002435.XSHE,-0.0013083991711976017
002337.XSHE,-0.001756410195544145
002876.XSHE,0.004615721545560958
603679.XSHG,0.0018682676336723354
688158.XSHG,0.005566084445361258
600343.XSHG,-0.000990088900915986
300305.XSHE,-0.000823148408534171
