code,price_amplitude
002433.XSHE,-0.01275896659638447
000713.XSHE,-0.0031078793341753515
000576.XSHE,0.04230732673431094
603227.XSHG,-0.01686321469605852
002731.XSHE,-0.0183755279682941
300564.XSHE,-0.006565730402432437
300675.XSHE,-0.0035428868393007663
300267.XSHE,0.007335665753525013
000626.XSHE,0.01952387867082709
300144.XSHE,0.11514231492214647
688520.XSHG,0.016190683895243727
000633.XSHE,-0.013102690301367202
600901.XSHG,-0.005279286536630789
002134.XSHE,-0.016922234460749603
603583.XSHG,0.10316197638341247
300044.XSHE,0.11232876638602411
002902.XSHE,-0.012566763994910522
601199.XSHG,-0.013204242628033417
002471.XSHE,-0.0027120474819090044
601801.XSHG,-0.0066828438251896865
002410.XSHE,0.4849689789838964
603012.XSHG,-0.012497038744106816
002401.XSHE,0.016663327649887504
688011.XSHG,0.011961472325677765
603278.XSHG,-0.016434466258497822
600537.XSHG,-0.006757934295872451
000620.XSHE,-0.008289082810526389
000691.XSHE,-0.018758060883093692
300379.XSHE,0.05217841679712727
603093.XSHG,-0.0031995701956487807
300404.XSHE,-0.0008135880198304017
600202.XSHG,-0.01773755730042684
000825.XSHE,-0.0018797831353512756
002474.XSHE,-0.002504418734579253
300039.XSHE,0.0029087664767905343
002715.XSHE,0.015951519116135127
600211.XSHG,0.18921456736429262
001914.XSHE,0.08674633252086815
300327.XSHE,0.01209161007139917
000716.XSHE,-0.014947184461964278
000882.XSHE,-0.013278082012800733
300555.XSHE,-0.0004716269101826716
300829.XSHE,0.01822715091763555
002799.XSHE,-0.0027428981742132954
000968.XSHE,-0.008958764774919642
600372.XSHG,0.02692968861308604
300355.XSHE,0.00394715143442193
300812.XSHE,0.011608634794900641
000921.XSHE,-0.0019481762100537568
603001.XSHG,-0.015197292826213783
600587.XSHG,0.008719910595095085
600690.XSHG,0.42453223513271243
000655.XSHE,-0.005037327180110929
601816.XSHG,0.008832235132712491
002716.XSHE,-0.011079382544845265
603388.XSHG,-0.011455060062967558
600479.XSHG,-0.0041808465528922825
000020.XSHE,-0.008497549645973471
600648.XSHG,0.044770205339417904
600714.XSHG,-0.018234250595048702
000776.XSHE,0.027932235132712438
600348.XSHG,0.0013774744915018896
002365.XSHE,-0.007192022165197702
002388.XSHE,-0.010925547098930292
000090.XSHE,0.002597736849521205
000880.XSHE,-0.00434666831170827
603377.XSHG,-0.0019483634245959659
600332.XSHG,0.013509937537570143
002862.XSHE,-0.0028782201618505823
002325.XSHE,-0.012753855458612365
600178.XSHG,-0.011495419776791981
000803.XSHE,-0.009648279596757424
000835.XSHE,-0.025225111742413295
600538.XSHG,-0.003351587367185535
300558.XSHE,0.037259094010744946
002272.XSHE,-0.010196362236137818
300718.XSHE,0.033595939945672344
603113.XSHG,-0.008577804576455577
603777.XSHG,-0.009505184933658626
002565.XSHE,0.00032800079449758594
600775.XSHG,-0.010668244205622611
002153.XSHE,0.2079724903215882
603239.XSHG,0.002932962602027911
688030.XSHG,0.0011187959856267214
002298.XSHE,-0.0023863614799849962
603039.XSHG,0.1181913842149477
600163.XSHG,-0.011914047341803343
002673.XSHE,0.007090289537651829
600446.XSHG,0.03592582810006734
603637.XSHG,-0.013243178425071512
000301.XSHE,0.00168833265672665
300562.XSHE,0.01728850761769741
002424.XSHE,0.008828172948284993
300447.XSHE,0.03585293284358399
600566.XSHG,0.00675008379124078
002823.XSHE,-0.006188509912512368
688488.XSHG,-0.00034543449350784086
300862.XSHE,0.017580929308351215
002825.XSHE,-0.004868103322584855
600615.XSHG,0.12146333479779571
002315.XSHE,0.003673144232927309
300639.XSHE,0.05185270873659581
600979.XSHG,-0.013867019368983515
300419.XSHE,0.07545058434271974
688185.XSHG,0.24372586218533027
300214.XSHE,-0.00920736645592939
002842.XSHE,-0.01255030121514748
000938.XSHE,0.05716178818434566
002050.XSHE,0.1969314989050874
300100.XSHE,0.05944897922105405
600555.XSHG,-0.014600535251624119
002208.XSHE,-0.0005945189275889471
605318.XSHG,-0.010878837791961728
000798.XSHE,-0.01649856604759684
600094.XSHG,-0.0009310671206917238
000925.XSHE,-0.005394611813849138
000809.XSHE,-0.020517773208363052
300791.XSHE,0.05459453055894839
000860.XSHE,0.04577077436153382
002221.XSHE,0.003720217852838305
300857.XSHE,0.023710675661049705
300864.XSHE,0.025568645780653376
600121.XSHG,-0.017585006941500003
688390.XSHG,0.14797392161686326
300790.XSHE,0.01714922386776739
002370.XSHE,-0.015716650001634903
603909.XSHG,-0.01113118039662124
000547.XSHE,0.11653293096163618
300001.XSHE,0.16706878689793683
002304.XSHE,0.5070322351327123
600328.XSHG,0.004619892185469841
600894.XSHG,-0.005741633396369367
601188.XSHG,-0.01615840875912531
002078.XSHE,0.06798992659720059
002869.XSHE,0.008042445000964666
000783.XSHE,0.014519471739651851
600603.XSHG,0.14313812265523682
600612.XSHG,0.7286049485111438
600575.XSHG,-0.007172015331307149
300020.XSHE,0.011271807873486708
600528.XSHG,-0.0003698785374687723
600691.XSHG,-0.006364105956147311
600750.XSHG,0.020440178962777267
002106.XSHE,0.012090035224963915
300671.XSHE,0.009054863555757962
300707.XSHE,0.011561821724256415
603587.XSHG,0.0010361627328822395
603665.XSHG,-0.002281965041923616
300117.XSHE,0.010254946549127491
600997.XSHG,-0.007618436782012223
002481.XSHE,0.08850413672692804
601099.XSHG,-0.0008832284436115501
002127.XSHE,0.11654197571657061
000619.XSHE,0.0005456332588841435
300070.XSHE,0.04800981072343282
300337.XSHE,0.0002801036201962887
000526.XSHE,0.09588532156307317
300024.XSHE,0.10285377580311895
002384.XSHE,0.09979565224679413
600352.XSHG,0.062097538380591524
603527.XSHG,-0.015890103245433357
300604.XSHE,0.008761677265432083
002997.XSHE,-0.009532466852435697
300625.XSHE,-0.0032014557987536385
002555.XSHE,0.17071527476237464
300782.XSHE,0.5386615883429249
300410.XSHE,0.06188327194960847
300797.XSHE,0.0009725478269544553
600493.XSHG,-0.015247883185926004
002235.XSHE,-0.01145159900587445
002503.XSHE,2.398920543903761e-05
600598.XSHG,0.009855128215168775
603839.XSHG,-0.01166490859384052
002982.XSHE,0.05152675648318331
002367.XSHE,0.02872278300534132
600444.XSHG,-0.0193112185254088
002714.XSHE,0.4493322351327126
300537.XSHE,0.004062110799290456
300613.XSHE,0.1326327499068126
002479.XSHE,-0.002844920323295865
600811.XSHG,0.01121151451044051
300622.XSHE,-0.0030359699771687412
300183.XSHE,0.012095655361418914
000915.XSHE,0.01663905157270979
600769.XSHG,-0.01010111575870826
002244.XSHE,-0.0010462784375674036
603365.XSHG,-0.011559465705841564
603707.XSHG,0.07318700512146188
000971.XSHE,-0.01762879941356646
300006.XSHE,3.060117050870774e-05
300225.XSHE,0.09700259245949978
002442.XSHE,-0.017441276773022173
600586.XSHG,0.0014289742903472562
300097.XSHE,0.005777596584277626
600067.XSHG,0.01737685632703341
300847.XSHE,0.00974314608194237
600963.XSHG,-0.00966575778628942
600395.XSHG,-0.0028734114835998453
000638.XSHE,-0.0097629292736713
002734.XSHE,-0.0003649099626668699
002125.XSHE,-0.007493760337579744
600746.XSHG,-0.006898445470038486
000709.XSHE,-0.003271322463287678
300470.XSHE,0.0570524398206501
300891.XSHE,0.00038545149550003356
300747.XSHE,0.07522954133608377
600089.XSHG,0.09912791073008034
603186.XSHG,0.021480989328119298
600825.XSHG,0.00475575884913031
603517.XSHG,0.048190462602768526
300318.XSHE,0.060956915072406505
605218.XSHG,-0.01142088554762593
300800.XSHE,0.02270141197065617
000796.XSHE,0.01731076063446326
600658.XSHG,-0.005186553258503377
002398.XSHE,0.00365904752551993
000523.XSHE,-0.012824827685187622
000795.XSHE,-0.009377561982981723
601615.XSHG,0.0066666234815150344
000797.XSHE,-0.008280926047335591
600530.XSHG,-0.017311983201941168
002610.XSHE,0.0006314601789879012
002969.XSHE,-0.010718025079845022
601258.XSHG,-0.007957959930266286
603136.XSHG,-0.011614212724654408
603060.XSHG,0.002551388502959896
600745.XSHG,0.09573223513271245
600839.XSHG,0.004974707594394336
002559.XSHE,-0.006349758896140187
300594.XSHE,-0.001392946518694687
600276.XSHG,0.7395680932176832
600712.XSHG,-0.013017412624927682
603535.XSHG,0.00893055841845561
300867.XSHE,0.015335785339228926
603348.XSHG,-0.00494036953351955
601888.XSHG,0.2416322351327122
300015.XSHE,0.7395680932176832
600082.XSHG,-0.01765509155696848
600295.XSHG,0.00017847628620264178
300702.XSHE,0.07662949318192064
600301.XSHG,-0.020233156144668724
603013.XSHG,-0.006109283168733581
002949.XSHE,0.007173929145408374
688318.XSHG,0.05598913612888887
603220.XSHG,-0.011092321660150173
603767.XSHG,-0.010936844046402817
603096.XSHG,0.0015143586950311823
002074.XSHE,0.07174815680857392
002113.XSHE,-0.015174131358504393
002154.XSHE,0.0009727125985877563
002539.XSHE,-0.0020145329862480982
002905.XSHE,-0.0061622145739606005
002605.XSHE,0.04275631227613401
600846.XSHG,0.029458064824857702
600645.XSHG,0.14780926399050523
688066.XSHG,0.003200511048257651
600736.XSHG,0.00020690263218142366
603161.XSHG,-0.01370615470366593
600120.XSHG,0.08856923359303122
603421.XSHG,-0.010400676819075076
601200.XSHG,-0.005855585260650765
002072.XSHE,-0.024838611966987466
300314.XSHE,0.03388005021764385
300497.XSHE,0.011106044919332956
601068.XSHG,-0.008371905254192303
600076.XSHG,-0.015435115990162711
601918.XSHG,-0.012073873927527014
002690.XSHE,0.0976201366857922
603477.XSHG,-0.009425068679254137
688188.XSHG,0.1868550453718552
002903.XSHE,-0.014099735809080749
688013.XSHG,-0.003194801842904398
000520.XSHE,-0.008898184924436392
300545.XSHE,0.012881939089094074
600475.XSHG,-0.006277333081436381
600692.XSHG,-0.003405033703897928
300770.XSHE,0.06817164576631057
605358.XSHG,0.0710558830024753
603728.XSHG,0.002617337225969074
002068.XSHE,0.00017494181752454596
300785.XSHE,0.057909745374750105
600796.XSHG,-0.014281429724433635
600433.XSHG,-0.012804783805130398
603617.XSHG,-0.013578039414468297
601369.XSHG,-0.005309759912142106
000623.XSHE,0.059620567405137194
600748.XSHG,-0.0029280211914965854
601838.XSHG,0.0061154398377842875
000820.XSHE,-0.026917946427200346
300387.XSHE,-0.00439990484091379
000153.XSHE,-0.00872198501947911
002561.XSHE,-0.01586035963038762
600509.XSHG,-0.004204976571838404
600881.XSHG,0.01678050208793223
000711.XSHE,-0.008129224884522456
002189.XSHE,-0.01014613512065336
300411.XSHE,0.03520754506221738
600897.XSHG,-0.004296986710380805
002105.XSHE,-0.011709908104138429
600127.XSHG,0.006814066197931196
600168.XSHG,-0.01236386716537614
600212.XSHG,-0.019369689961429796
300597.XSHE,-0.0006731659255571308
300890.XSHE,0.03207831303345148
688189.XSHG,-0.012070648542915589
603036.XSHG,-0.018021588228010955
002947.XSHE,0.002071587111703953
600182.XSHG,-0.010896982146404645
300394.XSHE,0.07440827779091674
600720.XSHG,0.025801511170355597
300272.XSHE,0.02451932111011442
000958.XSHE,-0.00033805290362811475
600496.XSHG,0.013558982941775754
601878.XSHG,0.01224673030419077
600562.XSHG,0.04877978564242297
603813.XSHG,-0.017710314711636914
600396.XSHG,-0.01348000960668513
600511.XSHG,0.06401621235030296
300561.XSHE,0.05037029951397927
002551.XSHE,-0.0031375576773987873
600831.XSHG,-0.005121848316115951
600838.XSHG,-0.007575851882534682
002488.XSHE,0.007828170741324718
300425.XSHE,0.0010403927999029332
603006.XSHG,-0.015352898776645512
300473.XSHE,-0.006639619767686209
600761.XSHG,0.17894197677795565
603238.XSHG,-0.0017930436614898102
601319.XSHG,0.009032235132712495
300810.XSHE,0.019832144446082837
300313.XSHE,0.014600015437726786
300402.XSHE,0.01004541447714559
002316.XSHE,-0.01696123134260571
600990.XSHG,0.022484346013984045
688289.XSHG,0.03911896875063175
002901.XSHE,0.042503363987493464
600435.XSHG,0.017722498344227643
000012.XSHE,0.05232545070641436
600758.XSHG,-0.014215659768762764
000004.XSHE,0.10355050294509266
002392.XSHE,0.0063191107719149445
002167.XSHE,-0.008373431569492726
603948.XSHG,-0.013688422885859225
600149.XSHG,-0.01944718773397438
600821.XSHG,-0.01077254639226224
000830.XSHE,0.005376759641735314
002358.XSHE,-0.004399278232906112
600848.XSHG,0.024576231475818455
002907.XSHE,-0.007003090361180675
002850.XSHE,0.041042965184504114
603518.XSHG,-0.018466744370179523
688299.XSHG,-0.0014165329998630394
300150.XSHE,-0.0014877610580083696
600325.XSHG,0.0034837837664692993
000096.XSHE,-0.006779703187075748
603007.XSHG,-0.014183480933640831
600674.XSHG,0.012067089501228645
000423.XSHE,0.1389529664713497
002013.XSHE,0.17258631857054646
600533.XSHG,-0.01251660146683508
300151.XSHE,0.1842654970027767
300209.XSHE,0.0043729443915065044
603758.XSHG,-0.010906345947826933
002843.XSHE,-0.019714432194470954
600079.XSHG,0.39601145715512964
300895.XSHE,0.05015406768900118
300241.XSHE,-0.005082080367427865
300896.XSHE,0.650496268508079
300485.XSHE,0.014476108310663182
300584.XSHE,-0.006836041028072889
600337.XSHG,0.0062256836375783504
601860.XSHG,-0.005979869173814812
002073.XSHE,-0.009581812593392428
600208.XSHG,0.00012666519999529093
601375.XSHG,-0.002334923750482453
600097.XSHG,-0.017425708144721278
002560.XSHE,-0.006161388582029217
000528.XSHE,0.009997635977218956
603938.XSHG,-0.009029087269829978
300444.XSHE,0.03180258028645332
300737.XSHE,0.004722560951592644
002491.XSHE,-0.008924168060632075
002641.XSHE,0.0036191466029758847
002462.XSHE,-0.007210433305486423
300482.XSHE,0.08899190394099045
300817.XSHE,0.011374820482357502
600874.XSHG,-0.00806725861358696
300385.XSHE,0.03336967184092168
603319.XSHG,0.005609407688055925
688006.XSHG,0.030180000698319283
000909.XSHE,-0.0145616030303726
600187.XSHG,-0.013471911875072833
002776.XSHE,-0.007807481400796949
002762.XSHE,-0.011175331245162784
603811.XSHG,-0.008900878259903135
603822.XSHG,-0.015203382177532327
002701.XSHE,0.008066584074667506
601288.XSHG,0.0076322351327124975
002910.XSHE,-0.017324709925807077
002697.XSHE,0.004632411385649288
603337.XSHG,0.025066607048269015
603277.XSHG,-0.012453145476598433
002530.XSHE,-0.0026343308471006854
300390.XSHE,0.041376808326590894
002796.XSHE,-0.00586874772900001
000600.XSHE,0.0005138802021595213
300200.XSHE,0.008596677922760882
601607.XSHG,0.0068723662487680075
300057.XSHE,-0.0017891674033032028
688009.XSHG,0.0037703666157897667
002366.XSHE,-0.003291663027449078
300502.XSHE,0.1245007069369201
000728.XSHE,0.006695020086620782
002563.XSHE,0.015915372132085718
603392.XSHG,0.07596877838120242
002887.XSHE,-0.0028773947774721163
300174.XSHE,0.00987285523475339
000612.XSHE,0.0040446806102008865
002276.XSHE,0.0027739207787295314
603733.XSHG,-0.0026155108923532734
600169.XSHG,-0.012149517517772136
600895.XSHG,0.20487617617008205
688196.XSHG,0.013469139261084409
600989.XSHG,0.0067475231295184325
601066.XSHG,0.036632235132712486
000721.XSHE,-0.01462709478842484
000905.XSHE,-0.013436813159954807
002332.XSHE,0.00642904564869266
603699.XSHG,-0.0020108380829966955
688019.XSHG,0.14800144757480102
603000.XSHG,0.01789682573412045
002866.XSHE,-0.008547931032647813
002879.XSHE,-0.006760362825537401
600739.XSHG,0.1728805780871134
300354.XSHE,0.004563820595961075
300373.XSHE,0.06918723310801293
600190.XSHG,-0.0121272671654635
000027.XSHE,0.020937016189195676
603267.XSHG,0.12918696959417736
002193.XSHE,-0.017952260303032794
002601.XSHE,0.12789749418285176
000881.XSHE,4.4500243455397603e-05
603855.XSHG,0.0022284709975507397
605006.XSHG,-0.013269725788825898
000056.XSHE,0.00750312891889989
000662.XSHE,-0.016400775564942283
300741.XSHE,0.016101807854459804
688513.XSHG,0.0017369503830161163
600255.XSHG,-0.00941167754360523
002750.XSHE,-0.005335044558621828
600131.XSHG,0.014831062399330245
601898.XSHG,0.0021063053954043934
600030.XSHG,0.06433223513271258
603038.XSHG,-0.010035504188035938
603596.XSHG,0.019726847162483317
600835.XSHG,0.06686096295002286
002001.XSHE,0.16486125613520095
300345.XSHE,-0.003538109278078988
002217.XSHE,-0.0012632718976487538
600965.XSHG,-0.01229143450654047
600136.XSHG,-0.01064918188798231
002387.XSHE,0.006750041342964141
300287.XSHE,0.02024631631453818
600346.XSHG,0.09953223513271242
002404.XSHE,-0.012064407050507101
600763.XSHG,0.3629723861040801
600791.XSHG,0.015214070835102816
300297.XSHE,0.03367541886837441
300332.XSHE,-0.007307258128277623
603712.XSHG,0.040598980480087185
603612.XSHG,-0.007771872164448941
002380.XSHE,2.1198039099203092e-05
600321.XSHG,-0.013106357663376197
603579.XSHG,0.02296606662878059
600143.XSHG,0.0737589150128262
600749.XSHG,-0.01263415466735935
002371.XSHE,0.27808202543866345
600593.XSHG,0.0050882809231121515
002192.XSHE,0.01149057875907684
600280.XSHG,-0.01448740390030379
002629.XSHE,-0.022776517897389787
600795.XSHG,0.052808250864556
002088.XSHE,-0.0074838533058208985
600083.XSHG,-0.021310951132010085
300477.XSHE,0.013481914746666279
000885.XSHE,-0.005244041613225338
601718.XSHG,-0.006530914291523764
600977.XSHG,0.004687918366962533
600996.XSHG,-0.010518448116924732
000671.XSHE,0.041409021931388845
002233.XSHE,0.0020184017817554663
300302.XSHE,0.03251840406191116
600657.XSHG,0.0032918322788685807
600694.XSHG,-0.0022166009324778232
600640.XSHG,0.028307705804232
002194.XSHE,0.0019434981449782205
003002.XSHE,-0.008865334599153885
300719.XSHE,0.013860493581438812
603917.XSHG,-0.017001746853831788
603915.XSHG,0.004636399393553571
000812.XSHE,-0.01523379735593414
002439.XSHE,0.11568537154722446
600081.XSHG,0.03126853707236499
300311.XSHE,0.027680203731225053
000069.XSHE,0.06102828158337805
002416.XSHE,0.00014750882270741714
000952.XSHE,-0.012924355732671337
300271.XSHE,0.15498646021485754
603586.XSHG,-0.012267033899045841
300623.XSHE,0.08327036805781177
000529.XSHE,-0.006732799667712522
300697.XSHE,-0.0024108405205378394
002002.XSHE,-0.004543098469466305
603889.XSHG,-0.015965179336109594
600608.XSHG,0.11608849034631771
600503.XSHG,-0.011495889749264175
002880.XSHE,0.018773103991610765
605066.XSHG,-0.010030060611959005
002873.XSHE,-0.01277957006316395
002679.XSHE,-0.012948631582932985
000005.XSHE,-0.012097308421326003
603615.XSHG,-0.012554783387895924
000410.XSHE,-0.005835035503864976
300167.XSHE,0.020170940190887287
300663.XSHE,0.021974997580757643
603208.XSHG,0.10063462896589712
002968.XSHE,0.027112695072479612
000538.XSHE,0.7230322351327138
300414.XSHE,0.030691343208693184
600157.XSHG,0.0036975112199859484
002640.XSHE,0.004708354851483772
300840.XSHE,0.006885374661849108
002232.XSHE,0.000922779656470878
002748.XSHE,-0.018573146985239312
300476.XSHE,0.02742556740074481
600036.XSHG,0.08673223513271239
600185.XSHG,0.030754271336789398
603192.XSHG,-0.01276923702609169
002661.XSHE,0.01095437540057658
600517.XSHG,0.04545145894997598
600571.XSHG,0.04562156698921332
603912.XSHG,0.007156031110281638
002061.XSHE,-0.009608703042286174
300869.XSHE,0.12170429906835029
603019.XSHG,0.034639168120649384
603657.XSHG,-0.00982579615956406
300301.XSHE,0.002796303570536802
002344.XSHE,-0.011236539299396171
000732.XSHE,-0.004925039542269221
600449.XSHG,0.004031205031830996
002900.XSHE,-0.009911112554773008
603551.XSHG,-0.009181331739839937
601069.XSHG,-0.008078045801103051
600466.XSHG,0.0006707231622766555
603605.XSHG,0.052601807854459934
002148.XSHE,-0.004723654651693613
300547.XSHE,0.004951637636789134
002840.XSHE,0.0019487052836351174
600477.XSHG,0.01107133957361716
300234.XSHE,-0.0014133325688971722
600008.XSHG,-0.0011416107997398732
600576.XSHG,-0.01695714778764886
603023.XSHG,-0.011205209126030603
688108.XSHG,-0.0039088147920038445
300463.XSHE,0.05446859983711547
300322.XSHE,0.005484562134930199
603236.XSHG,0.06423639741717431
000688.XSHE,0.017942284185754557
600929.XSHG,-0.011605734554294759
002391.XSHE,-0.009350574845125088
002664.XSHE,-0.01300951245091568
603887.XSHG,0.0012476212568383275
603693.XSHG,-0.0062208895772446855
002158.XSHE,0.012816314891543158
603773.XSHG,-0.010900405015420847
600141.XSHG,0.0015732285987880151
002353.XSHE,0.09118913559819636
300378.XSHE,-0.00018039787775390136
002082.XSHE,0.002289333763349369
002621.XSHE,0.005428487580852584
300202.XSHE,0.016513277709663567
688356.XSHG,0.06550647358543885
601633.XSHG,0.0794322351327125
002960.XSHE,0.004731425793613667
300259.XSHE,0.016237160874936183
600265.XSHG,-0.015137367955784782
300011.XSHE,0.021184176828430316
300403.XSHE,0.009755216833899596
300141.XSHE,0.06088129985420787
002867.XSHE,0.011317224564922068
300103.XSHE,0.018080333813707782
600218.XSHG,-0.011835629249045382
601198.XSHG,0.001804626100880213
002993.XSHE,0.03009408454826712
002071.XSHE,-0.027320508538274193
603387.XSHG,0.008400050584374428
000981.XSHE,-0.008867524334382856
002467.XSHE,0.004316601836477418
600055.XSHG,0.04489755876293132
600887.XSHG,0.7395680932176832
603585.XSHG,-0.012657986787095506
688129.XSHG,0.019588484186598948
002341.XSHE,-0.0026171446971716885
300685.XSHE,0.10467405786272949
002399.XSHE,0.01632495844475382
002552.XSHE,-0.007288849421865194
002693.XSHE,-0.018112232262574916
300519.XSHE,0.020633571027326443
000517.XSHE,-0.004874543818280305
002599.XSHE,-0.013955072082293272
300659.XSHE,0.22143951188653704
300651.XSHE,0.006054822780084082
688229.XSHG,0.017670500724226317
601609.XSHG,-0.00481605031998717
002685.XSHE,-0.0025621671042107066
000931.XSHE,-0.008268369116576236
002305.XSHE,-0.013789478386888833
600684.XSHG,-0.008223737418147005
300088.XSHE,0.037663400607640264
002077.XSHE,-0.014916760609442359
600113.XSHG,-0.011760525240154762
002961.XSHE,-0.0007798639254254667
603408.XSHG,-0.0038158654661257585
000910.XSHE,0.004035952925375412
002079.XSHE,4.5895330698065076e-05
002915.XSHE,-0.007272370666353167
000750.XSHE,0.022823546316712198
300199.XSHE,0.02133887546616394
300031.XSHE,0.039626498979010535
600231.XSHG,-0.011414791251694442
300713.XSHE,0.1116371469524268
000031.XSHE,0.012339204328682095
300778.XSHE,-0.003930745947768722
600461.XSHG,-0.008960498840822598
600495.XSHG,-0.011614934572273347
000037.XSHE,0.03231275669165506
600718.XSHG,0.029230204152124323
600262.XSHG,-0.010657778805912049
300837.XSHE,0.013016215084290801
002120.XSHE,0.04868242755538145
300442.XSHE,-0.004116392116825279
000521.XSHE,-0.012006608092836324
002026.XSHE,0.006918522125068164
300275.XSHE,-0.0071102460177487736
603528.XSHG,0.005917179071551397
603721.XSHG,-0.011262526015043212
600655.XSHG,0.6550661184392517
002983.XSHE,-0.0033763377538955485
603138.XSHG,-0.0024362560071088633
002385.XSHE,0.03460421576753945
000411.XSHE,0.01481832684762354
605003.XSHG,0.0004624881160834454
002638.XSHE,-0.013582104559799862
600360.XSHG,0.00010802652332272782
000617.XSHE,0.026850707130903123
002780.XSHE,0.007011853331715362
002484.XSHE,0.01228542532674875
688001.XSHG,0.010291455646488822
300441.XSHE,0.0025019800777779082
600708.XSHG,-0.009317796939573186
000551.XSHE,-0.0007854939547710695
000982.XSHE,-0.007647333561625041
600012.XSHG,-0.009372905680066703
000990.XSHE,0.006932286628416273
002533.XSHE,-0.002779285475245679
002923.XSHE,-0.0025573019087828577
603222.XSHG,0.024496328601042634
300717.XSHE,0.006045047122773886
002696.XSHE,-0.01502779556562613
300181.XSHE,0.005590886851289114
603322.XSHG,-0.007333306309379468
300353.XSHE,0.01812418052646033
600851.XSHG,0.012941671423396039
002499.XSHE,-0.02293829117103635
002288.XSHE,0.01673252442733303
002292.XSHE,0.01120283444542065
000838.XSHE,-0.006974604222349922
601727.XSHG,0.005221754895498382
300110.XSHE,-0.0017569441398606177
300422.XSHE,-0.0013897284357122005
002184.XSHE,-0.008056641145981881
002622.XSHE,-0.01535936605230986
600703.XSHG,0.1574710858794764
300166.XSHE,0.03536157517802401
300496.XSHE,0.10631751729260294
300343.XSHE,0.012713877537702289
600843.XSHG,-0.013238132632317165
600893.XSHG,0.05058542807173135
600460.XSHG,0.04901699399077404
600467.XSHG,-0.012456556933841819
002034.XSHE,0.008250821080251344
600356.XSHG,-0.013286278259699344
300751.XSHE,0.3259269014031698
601899.XSHG,0.012832235132712495
300139.XSHE,0.04362571984561133
603166.XSHG,-0.012438787004818532
002245.XSHE,0.03700928011630984
600470.XSHG,-0.016224429067396007
002672.XSHE,-0.0012150154355430372
601336.XSHG,0.036632235132712625
300161.XSHE,-0.00737774995879747
603801.XSHG,0.027432625299635298
600476.XSHG,-0.01573170894683966
000900.XSHE,-0.00683804796268002
002434.XSHE,0.04350036940394639
002449.XSHE,-0.005335026679689072
300501.XSHE,0.024296790660668224
300621.XSHE,-0.007988087256069417
600193.XSHG,-0.01696896156979058
002751.XSHE,-0.006607187838646956
600367.XSHG,-0.012849440991562511
600572.XSHG,0.00161160047204373
300380.XSHE,0.029009270073363482
002335.XSHE,0.07332143211583839
000802.XSHE,-0.005805581801987123
300138.XSHE,0.015881403694743897
002407.XSHE,0.041940915190402855
600675.XSHG,0.0547814308553493
002204.XSHE,-0.009406096733472548
600242.XSHG,-0.021640807484963144
600599.XSHG,-0.021978734412587683
600415.XSHG,0.11593806682247272
601106.XSHG,-0.004781320478122944
600683.XSHG,-0.013927692867000461
600478.XSHG,0.0022375570588514266
688180.XSHG,0.027557988379173143
300637.XSHE,-0.00657156354154413
300252.XSHE,0.009857558336911416
600985.XSHG,0.00570124180057767
000584.XSHE,-0.0075202710358042435
002130.XSHE,0.009912472941870544
603856.XSHG,-0.01006997941343582
300076.XSHE,0.018512669053784177
603989.XSHG,0.0077577678406418535
603185.XSHG,0.07729493465571034
300145.XSHE,0.011775249379044265
300648.XSHE,0.037705162556615594
600176.XSHG,0.14306201236819427
600559.XSHG,0.031012794272179015
600545.XSHG,-0.005472293678981651
000685.XSHE,0.019694387315229614
300638.XSHE,0.05833447514853957
601006.XSHG,0.006702343709971996
688138.XSHG,-0.0022182641743925986
603815.XSHG,-0.007371703055755562
002719.XSHE,-0.020769112345719
688169.XSHG,0.663061918951241
600589.XSHG,-0.015033022636455328
000858.XSHE,0.7395680932176832
002179.XSHE,0.17015216193413754
002174.XSHE,0.004758995037961726
300615.XSHE,0.003031604180315138
688215.XSHG,0.006268173674416545
300277.XSHE,0.012174105632591064
300003.XSHE,0.0352656442065835
000045.XSHE,-0.010711720218797998
600088.XSHG,-0.009498319267118785
601789.XSHG,-0.013585209139936744
000950.XSHE,-0.008093234144377291
600984.XSHG,0.015614979750873073
600986.XSHG,-0.001443075572725194
605099.XSHG,0.002946590175096856
300481.XSHE,0.007308019371749656
000631.XSHE,0.0011194323291395664
603881.XSHG,0.020511797879588255
603986.XSHG,0.15856123605297254
600359.XSHG,-0.014500666399156708
300123.XSHE,0.027567085314224485
300369.XSHE,0.03598165465856108
601658.XSHG,0.007832235132712502
605128.XSHG,-0.012548833250677209
001696.XSHE,0.0633670848567275
600239.XSHG,0.004748372087721615
601100.XSHG,0.15533370271654598
300286.XSHE,0.20441909403489242
002671.XSHE,-0.01555032456938564
000519.XSHE,0.009726324014374916
688555.XSHG,-0.0023758372756120787
002793.XSHE,0.01082690315263265
600757.XSHG,-0.0033628614142521673
300483.XSHE,-0.006781057271728477
300647.XSHE,0.01633925559746989
300091.XSHE,0.02490953343714332
002355.XSHE,-0.010084386039378758
300336.XSHE,-0.00015632133822046645
300512.XSHE,-0.004156843801915756
603916.XSHG,-0.000892371410055711
688156.XSHG,-0.015245891235213447
000919.XSHE,-0.01366521181830013
000922.XSHE,-0.005353773680348567
300449.XSHE,0.008593839059755078
688365.XSHG,0.012593142927055071
601919.XSHG,0.006243698524421143
002098.XSHE,-0.01767569951086376
600387.XSHG,-0.014090930529330766
002987.XSHE,0.0076676660482247905
002683.XSHE,0.04881705211102311
600326.XSHG,0.0023749822894219893
600666.XSHG,-0.016611438525917947
688589.XSHG,0.013413769667547608
600654.XSHG,0.712389827104965
002891.XSHE,0.03545016815343671
300050.XSHE,0.0006700026029589114
300014.XSHE,0.6553513453007386
002729.XSHE,-0.0033687714638749814
300525.XSHE,0.04251137963340081
300285.XSHE,0.22192784074422597
603356.XSHG,-0.0187913665007303
600998.XSHG,0.004346824632472801
600256.XSHG,0.02953077553125617
002613.XSHE,-0.012023885910254948
002889.XSHE,-0.006500971980632328
002159.XSHE,-0.013757086702830816
603589.XSHG,0.031542714224351565
600939.XSHG,-0.011320334250722146
300587.XSHE,0.014686237015533968
300366.XSHE,0.012223013883265913
601933.XSHG,0.022869181639830465
000416.XSHE,0.012864114996244857
600026.XSHG,0.0009673989622673547
002239.XSHE,0.009997693716831452
300529.XSHE,0.0505849330687529
002187.XSHE,-0.008631188459523605
601519.XSHG,0.0034678494600643497
002537.XSHE,-0.003032451407379247
300892.XSHE,0.027231957765897936
300466.XSHE,0.03610207623238333
300490.XSHE,0.020917780572192974
300304.XSHE,0.018134424329919255
603289.XSHG,-0.011476020306814874
002431.XSHE,-0.0009979538159308552
603133.XSHG,-0.012676805523072376
300036.XSHE,0.034857582833059876
600409.XSHG,0.015061513635709015
600480.XSHG,-0.004026629680040403
000014.XSHE,0.005956901830645234
603167.XSHG,-0.009836528725757184
603466.XSHG,0.0013507598417126978
688020.XSHG,0.022537612591503747
605366.XSHG,-0.012782752084504575
000927.XSHE,-0.012474132877386577
002774.XSHE,-0.017845616005828468
000009.XSHE,0.017959952331146306
002412.XSHE,-0.009418445836769117
300835.XSHE,0.01683722758878031
601002.XSHG,-0.013069410545040589
603499.XSHG,-0.014807398103650896
000998.XSHE,0.04839655765630838
601968.XSHG,-0.009659259701037329
000851.XSHE,-0.00969470119751829
603682.XSHG,-0.013361074099517398
002278.XSHE,-0.000752984661388411
002634.XSHE,0.003509738753869635
300206.XSHE,0.07636185778589835
002752.XSHE,-0.012673576866450839
600386.XSHG,-0.010931034261529297
600751.XSHG,-0.0027470712628950575
002888.XSHE,-0.012351942929147625
603106.XSHG,-0.014772903096134583
002263.XSHE,-0.012927875286985569
300068.XSHE,0.005941631182079488
603181.XSHG,0.011044669275288476
000963.XSHE,0.13752969188509612
300491.XSHE,0.05561552693396805
600250.XSHG,-0.016357435113219843
002186.XSHE,-0.009400200533163572
300589.XSHE,0.09658168767144437
300124.XSHE,0.7388602045323044
000892.XSHE,-0.01538828245665371
600138.XSHG,-0.0004354051383923165
603882.XSHG,0.05412451958564579
002553.XSHE,-0.010049274697382189
300761.XSHE,-0.0006353119483556999
600960.XSHG,-0.011402517843803427
000700.XSHE,0.032842502586856344
600019.XSHG,0.012631223448785922
600423.XSHG,-0.01738259978969398
000702.XSHE,-0.018980405336768234
002890.XSHE,-0.0030145990962041173
300691.XSHE,0.017847813108552192
000723.XSHE,0.0032441786130352874
002042.XSHE,0.008120324581082803
300440.XSHE,-0.007719263612077401
600617.XSHG,0.0584995707190116
601777.XSHG,-0.008710862275368686
300023.XSHE,-0.0036793127859071403
601101.XSHG,-0.011245236632131133
688039.XSHG,0.032529501775515675
603332.XSHG,-0.007323508135964904
688339.XSHG,0.04944880349514488
300811.XSHE,0.056205268296670455
002248.XSHE,-0.01709709732185306
002925.XSHE,0.02826862920101639
002523.XSHE,-0.012924428913675364
000534.XSHE,-0.004397507424612968
000078.XSHE,0.0035248517128445393
002142.XSHE,0.04483223513271256
300108.XSHE,-0.005820313941577969
600635.XSHG,0.11947121268628438
603611.XSHG,0.004289221479274335
002362.XSHE,0.022228774448926493
002425.XSHE,0.017313561078811303
002620.XSHE,-0.013928712767550044
688536.XSHG,0.21476604791904366
000800.XSHE,0.010278257354408222
002376.XSHE,-0.007002227246222301
002828.XSHE,-0.017906458612538756
000554.XSHE,-0.015277723563130096
000607.XSHE,-0.013068424041675625
000572.XSHE,-0.00863438120822391
300617.XSHE,0.06190773075421259
002015.XSHE,0.004084282722205724
688022.XSHG,-0.000638157355381714
000036.XSHE,0.00479044015619475
002218.XSHE,-0.0015189533129050005
002826.XSHE,-0.017490497299248797
300567.XSHE,0.04200388157977122
600995.XSHG,-0.008232072417983561
603958.XSHG,-0.020010469670904755
002625.XSHE,0.03860051044436955
002171.XSHE,0.008297594290215794
300506.XSHE,0.001406628390986011
300363.XSHE,0.06696916254212712
600653.XSHG,0.7160062504815454
603196.XSHG,-0.01853456576197372
600804.XSHG,0.013139423110420802
002138.XSHE,0.05656651979469978
603599.XSHG,0.00164401528342379
601579.XSHG,-0.013482572402172191
300263.XSHE,0.013643064761175628
300841.XSHE,0.24520384712120177
603399.XSHG,-0.015592858046354895
000040.XSHE,-0.010731883453978214
603188.XSHG,-0.01387961631414322
002374.XSHE,-0.016733570280712245
300420.XSHE,0.02918925867916159
688198.XSHG,0.0328846768528815
600621.XSHG,0.7273988585522724
002065.XSHE,0.04738674191140259
000676.XSHE,0.012252207420178424
002933.XSHE,-0.0008472246264204057
600229.XSHG,-0.01204456133926787
603456.XSHG,0.08280582979024127
002809.XSHE,-0.009781568631092207
300306.XSHE,0.015080917439081389
000546.XSHE,-0.005106781611785214
601628.XSHG,0.03863223513271244
600867.XSHG,0.06818760358067393
603035.XSHG,-0.0010661006445126277
300451.XSHE,0.08928054111414284
300650.XSHE,0.021745452892138615
002836.XSHE,-0.015199470926418636
300849.XSHE,0.01399478387611697
603797.XSHG,-0.013158955261471959
600569.XSHG,-0.012819554663490723
000707.XSHE,-0.02274670817605278
600961.XSHG,-0.013639216128421398
002688.XSHE,-0.003771785595292841
002133.XSHE,-0.01842091323892413
600928.XSHG,-0.0021908514850548814
300182.XSHE,0.035800855048391055
002284.XSHE,-0.0018684495260136002
002723.XSHE,-0.00495968159987163
300678.XSHE,0.009515778201562002
300876.XSHE,0.013198811975281836
000975.XSHE,0.028838040273084776
603256.XSHG,-0.008369485398647427
603959.XSHG,0.0033792101531473356
603556.XSHG,-0.0070098272372039324
300417.XSHE,0.013133148901576054
600209.XSHG,-0.016792568059991523
600768.XSHG,-0.01615594136063506
002253.XSHE,0.0024366117081322386
000505.XSHE,-0.0027097646298388945
002554.XSHE,-0.014449425015813522
600782.XSHG,-0.004508177610357172
002788.XSHE,-0.01154939276053913
600830.XSHG,-0.003140251243446489
002669.XSHE,0.006135838511200453
300237.XSHE,0.02585931316945559
603258.XSHG,0.0010349486967983126
002785.XSHE,-0.006248592556722249
601012.XSHG,0.5512322351327119
002033.XSHE,-0.008625902584032142
002145.XSHE,2.5516735845177926e-05
300335.XSHE,-0.005244686707718551
002306.XSHE,-0.015975916316223134
600267.XSHG,0.04614547777258869
002782.XSHE,0.000917076449786041
603879.XSHG,-0.014682212810591323
688023.XSHG,0.1322659442322285
002386.XSHE,-0.014095611097813304
603729.XSHG,-0.01835103074869692
601669.XSHG,0.003868432024052875
600429.XSHG,-0.010604460344722077
603698.XSHG,-0.010445078097076742
600109.XSHG,0.05413945993333621
601222.XSHG,0.007261107181931143
300550.XSHE,-0.005499092237134455
603580.XSHG,-0.012766582716835667
000780.XSHE,-0.01671281337721193
000501.XSHE,0.012689669850636236
603015.XSHG,-0.0025380573212132884
002741.XSHE,0.002994756034762897
600128.XSHG,-0.017050600940680883
300303.XSHE,0.010548590111851514
300045.XSHE,0.024961466089098813
603789.XSHG,-0.016497938374539257
600560.XSHG,-0.0037610636795990145
603859.XSHG,-0.000994054964779589
300655.XSHE,0.010793899006327748
300607.XSHE,0.035092050149277784
688309.XSHG,-0.008555952084329877
300809.XSHE,-0.005407429443931185
000596.XSHE,0.3239266779073985
002333.XSHE,-0.015594099696876747
000652.XSHE,0.02440581320327465
002275.XSHE,-0.00732059951402096
300140.XSHE,-0.0006381460204692036
600305.XSHG,0.09813548622491325
600512.XSHG,-0.012970041640164073
603628.XSHG,-0.014980480190375057
600877.XSHG,-0.008601358198461504
300118.XSHE,0.03038606821428183
300630.XSHE,0.03848145413272728
603906.XSHG,0.015097286044282978
000969.XSHE,-0.0028762538455318933
000719.XSHE,-0.006190662524714378
002059.XSHE,-0.011391609244259934
002083.XSHE,-0.013468047636211976
600166.XSHG,0.02102757030573327
002562.XSHE,0.0008437629507799787
300661.XSHE,0.45597112984663524
300670.XSHE,0.011547550279129643
002170.XSHE,-0.008695127583468432
600727.XSHG,-0.010986611378752528
688363.XSHG,0.0878427104985091
600507.XSHG,0.00861912332559802
601857.XSHG,0.007332235132712496
002813.XSHE,-0.01554344551469378
002587.XSHE,-0.007218834945971586
688012.XSHG,0.0548723482966398
002952.XSHE,0.01750086630277847
002643.XSHE,0.06768377813744325
603323.XSHG,-0.00822494019251397
300198.XSHE,-0.0016494082019307462
002247.XSHE,-0.022302968345265243
300548.XSHE,0.0718157591843839
603669.XSHG,-0.007204691757004039
688200.XSHG,0.08332689531664618
300489.XSHE,0.17157877889944465
600731.XSHG,0.0006352526788667122
601158.XSHG,-0.00293852371423411
002855.XSHE,-0.012728707746076828
000913.XSHE,0.056907255152714276
000815.XSHE,-0.010904000642112423
603026.XSHG,0.01206283614950054
300898.XSHE,0.07433127692086891
300147.XSHE,0.020443064761175626
688389.XSHG,-0.003285730308001192
300656.XSHE,0.016748041933237232
600606.XSHG,0.1810696202720226
300619.XSHE,-0.009865774753892824
600421.XSHG,-0.01231487675946543
300520.XSHE,0.01842246106748005
003001.XSHE,-0.008291374790548804
600216.XSHG,0.011534134497276513
000582.XSHE,0.003904042244925642
600642.XSHG,0.005419173763581563
603990.XSHG,0.028649982003944356
002309.XSHE,-0.007560820778683918
603286.XSHG,-0.019059907763764233
603897.XSHG,-0.009428988223851142
688595.XSHG,0.011816376053221453
300730.XSHE,-0.005512793521899956
603819.XSHG,-0.006761663507637766
601872.XSHG,0.0008993731650762259
603786.XSHG,0.032925131052373456
600976.XSHG,0.033137091039137735
002051.XSHE,-0.005037719938295517
601599.XSHG,-0.016728206887156608
300398.XSHE,0.023323507136780844
600107.XSHG,-0.010962236178735634
000559.XSHE,0.04436952723204135
600237.XSHG,-0.015445871760538243
000006.XSHE,0.045632564822370124
000692.XSHE,-0.005424645949615649
002286.XSHE,0.00973851594777852
000425.XSHE,0.05624148010603937
603045.XSHG,-0.017636591944339912
600243.XSHG,-0.02359041575156595
002393.XSHE,-0.01051961521761621
603379.XSHG,-0.001168311984516653
002149.XSHE,-0.008288581344053282
688055.XSHG,0.0004992386686732304
600886.XSHG,0.09412333073012362
300603.XSHE,0.00826706713151538
002765.XSHE,-0.0158815459612672
600641.XSHG,0.1490913572849233
601512.XSHG,-0.004726195077467252
300408.XSHE,0.06763832661046602
688396.XSHG,0.025376027070421577
603090.XSHG,-0.018075786918153643
600198.XSHG,-0.006956368881165826
002136.XSHE,-0.013619936624784994
000070.XSHE,-0.0017157391863457123
300771.XSHE,-0.0025119727014976424
002024.XSHE,0.1632277850615182
300268.XSHE,-0.010242252779608451
002426.XSHE,-0.010053477530601724
002485.XSHE,-0.012187330946215866
600486.XSHG,0.127236153074237
300089.XSHE,-0.009055839650199009
002086.XSHE,-0.021497963708821507
300367.XSHE,0.05777609857149317
300192.XSHE,0.03197474167232742
000673.XSHE,-0.014631290246819991
000502.XSHE,-0.01173859378427832
000541.XSHE,0.034118026287621034
603558.XSHG,0.009229965053911982
300571.XSHE,0.04331072472654209
300880.XSHE,0.08744530318492498
300096.XSHE,0.043638360684734194
600172.XSHG,0.0009146724162694755
603838.XSHG,-0.015164663566490369
002160.XSHE,-0.015811602155641032
300505.XSHE,-0.008727166904378917
300213.XSHE,-0.000300037357272789
600604.XSHG,0.07691451844885581
300134.XSHE,0.008464789150862639
600776.XSHG,0.0036391872878832497
000419.XSHE,-0.0053720874509261204
300215.XSHE,0.0406375959313415
002700.XSHE,-0.018459909513227367
688089.XSHG,0.009958078289870019
000516.XSHE,0.14302290974261825
300276.XSHE,0.06837125361201404
603639.XSHG,0.0030427611560792725
000571.XSHE,-0.00782246609994773
000823.XSHE,-0.003763704370122054
600380.XSHG,0.05827934282689153
002430.XSHE,0.043270648308669814
002768.XSHE,0.022836924291125132
002400.XSHE,0.12677359473438898
300278.XSHE,0.01992451684066334
600004.XSHG,0.0023795988853778935
600722.XSHG,-0.013520745195280673
002980.XSHE,0.003980780739382989
600908.XSHG,-0.0053647021315391995
603601.XSHG,0.05658809538483758
300511.XSHE,0.005122911338360906
603022.XSHG,-0.006438315206022895
002080.XSHE,0.049127514926801556
002773.XSHE,0.03494734747680488
002988.XSHE,-0.014125068452338005
600652.XSHG,0.299523129585741
300033.XSHE,0.7365688607087287
600481.XSHG,-0.0015610442781192543
600452.XSHG,0.010504423745058118
603603.XSHG,-0.01786789747150124
603787.XSHG,0.002325481208560673
603618.XSHG,-0.013669100399588805
002397.XSHE,0.014981934828894346
300205.XSHE,0.04694537530087907
300265.XSHE,0.01011937177501409
603005.XSHG,0.02164614675201263
000669.XSHE,-0.020036148063758617
601018.XSHG,0.0030836949940178274
603086.XSHG,-0.008687667717915895
002261.XSHE,0.008302932045712853
603266.XSHG,-0.01405437876044147
300421.XSHE,-0.012675916316223152
603042.XSHG,-0.017297879419821086
300819.XSHE,0.028234346811855188
002546.XSHE,-0.005075015240104005
688379.XSHG,-0.010607653097087177
300154.XSHE,0.005237172359904424
603080.XSHG,-0.017096093777689194
002254.XSHE,0.02947972561899022
603976.XSHG,0.05116320654530136
002087.XSHE,-0.011639252567035203
300428.XSHE,0.012677217975518634
603988.XSHG,0.0015416021951504578
601377.XSHG,0.008290996782012991
688186.XSHG,-0.0025594935471955835
603232.XSHG,0.014771941151119034
000066.XSHE,0.041939242747340004
002573.XSHE,-0.0061593407180276765
300608.XSHE,0.0020536702094549712
300768.XSHE,0.0062320280591935135
300480.XSHE,0.01153253287087218
300640.XSHE,-0.009645165734947598
600086.XSHG,-0.02015537819812626
300773.XSHE,0.017261926633507074
300254.XSHE,-0.014504856151665455
002567.XSHE,0.0031481069012830078
002647.XSHE,0.04552715480086347
300195.XSHE,-0.005371565594783665
600647.XSHG,0.03724838281141659
002389.XSHE,0.11276619793369887
300748.XSHE,0.004893556455545744
300058.XSHE,0.060793319491097945
002128.XSHE,0.0005645063160723942
603027.XSHG,0.06389175712148525
600023.XSHG,0.0018710821499694833
688085.XSHG,0.009015432074993533
002241.XSHE,0.6724322351327131
600583.XSHG,0.002732048598918615
000762.XSHE,0.002978422272432543
603869.XSHG,-0.002050974147329916
688051.XSHG,0.02134368840094965
000821.XSHE,-0.014018348920890093
600685.XSHG,0.014745064474678986
000731.XSHE,-0.010662899832909897
603956.XSHG,-0.0021543992965017845
003005.XSHE,0.0033718039170633693
002749.XSHE,0.010945969196115261
002931.XSHE,-0.009311372950319289
300010.XSHE,0.04175043250540628
603118.XSHG,-0.0015743849794494554
000514.XSHE,-0.013995944370587154
000531.XSHE,0.02029230080565416
002378.XSHE,-0.013062871076561794
002606.XSHE,-0.008463357559140338
600399.XSHG,0.002149659612250834
603389.XSHG,-0.024245991196186385
300364.XSHE,0.01705396643606214
000976.XSHE,-0.0020527069944622986
300155.XSHE,0.14781988153497047
001872.XSHE,0.010161296984070315
600705.XSHG,0.11524828346899044
603979.XSHG,-0.004215321474515702
002770.XSHE,-0.01977310522137584
300802.XSHE,0.005675606613609104
688228.XSHG,-0.0033769985935567844
300680.XSHE,0.03996597214677798
603955.XSHG,-0.014601326554404784
002767.XSHE,-0.013777635852063794
300261.XSHE,0.015088473082267339
600177.XSHG,0.02873466107111583
600797.XSHG,0.010835382003740679
002835.XSHE,0.011665866710499611
300042.XSHE,-0.003739155270519514
002570.XSHE,-0.004308531880353246
300766.XSHE,0.004910739790961707
002872.XSHE,-0.019530339647711458
600390.XSHG,0.005089197901784819
000912.XSHE,-0.011063757088261256
300807.XSHE,0.0809665964709652
300688.XSHE,-0.008139208446155788
002297.XSHE,-0.00966389485667437
000906.XSHE,-0.0001269746683635227
002623.XSHE,0.021375324690148138
688178.XSHG,-0.009462958180075266
300435.XSHE,0.030225525786937206
002111.XSHE,0.0037594812130989797
600693.XSHG,-0.005640319022340473
688002.XSHG,0.04626685633948368
002472.XSHE,-0.006044074629773183
300535.XSHE,-0.009887598493335226
300325.XSHE,0.005246178849901591
002279.XSHE,-0.002598376245457742
600251.XSHG,0.008083926095193728
600017.XSHG,-0.00980351088752379
002594.XSHE,0.10633223513271275
600815.XSHG,-0.013736636292135472
300611.XSHE,0.020063431486758595
002180.XSHE,0.06653156341197089
603908.XSHG,-0.008692970330429982
002739.XSHE,0.011133385492716618
600578.XSHG,-0.0027639297690763304
600740.XSHG,-0.00015574311129196335
300416.XSHE,0.016684484616866134
300370.XSHE,0.009495075004390525
688336.XSHG,0.0029299268694998387
600483.XSHG,-0.003581595784368229
002497.XSHE,0.037416063854530286
600868.XSHG,0.00447712623116861
002568.XSHE,0.15156468828222527
600191.XSHG,-0.015675172025695253
300457.XSHE,0.1375307924951948
002590.XSHE,-0.00026982589985463136
600220.XSHG,-0.009805870496384473
300288.XSHE,0.05883153252185808
600918.XSHG,0.010268358919909168
300084.XSHE,-0.012008532187794472
300299.XSHE,0.011322684566915462
002916.XSHE,0.0341791215344167
000799.XSHE,0.12759667480813605
600057.XSHG,0.009019880700501491
600820.XSHG,0.008312615047343574
300331.XSHE,0.02314574813055619
603169.XSHG,-0.013638630980500773
000061.XSHE,0.02032041305342267
300239.XSHE,0.006511011517755658
300262.XSHE,-0.0021115543821147945
600515.XSHG,0.0024956959870369457
600778.XSHG,-0.016073422595261046
300793.XSHE,-0.0004989520348451185
002147.XSHE,-0.017934076084245354
600567.XSHG,-0.006060940437583387
002213.XSHE,-0.008716722802002154
000016.XSHE,0.028313519849305198
002052.XSHE,-0.01665272944103601
002460.XSHE,0.34157030864926125
688027.XSHG,0.1371260517532233
600588.XSHG,0.7395680932176832
002455.XSHE,-0.01262110600563211
601611.XSHG,-0.002695779060931611
002581.XSHE,0.030139331216015065
600661.XSHG,0.002397733727566997
300093.XSHE,-0.015692772161612002
000989.XSHE,-0.0038729849475938466
688268.XSHG,0.01295760717548772
300581.XSHE,0.1031497924323862
600619.XSHG,0.037169424379694935
000059.XSHE,-0.009122155950831108
603128.XSHG,-0.0042031677255241024
603700.XSHG,0.00681922784688235
603496.XSHG,-0.0013719716679248244
601890.XSHG,-0.010529404793770947
688090.XSHG,0.00032122915246334677
000727.XSHE,-0.004944538135085494
603369.XSHG,0.0736516214414536
002137.XSHE,-0.009214738991052325
600968.XSHG,-0.0036723157375889576
300077.XSHE,0.01841295151160256
000537.XSHE,0.0031482863566992744
000778.XSHE,0.0015119938414460124
601881.XSHG,0.011932235132712497
000001.XSHE,0.7395680932176832
002827.XSHE,-0.009271546881381999
002504.XSHE,-0.016082374767711603
300391.XSHE,0.018116145782849674
300658.XSHE,0.015419419929177175
000683.XSHE,-0.007100285883549123
300684.XSHE,0.005991738785055647
603085.XSHG,0.006116985770486076
603568.XSHG,0.017245012744729383
600756.XSHG,-0.0004966640881062453
002097.XSHE,0.0040605113835112065
601058.XSHG,-0.0007288145475167962
600361.XSHG,-0.014981728838749377
002468.XSHE,0.002237671626746967
002432.XSHE,-0.0031705973473233704
300863.XSHE,0.10912465072951363
000717.XSHE,-0.0070546401405125175
600856.XSHG,-0.017090753815232056
600161.XSHG,0.4737536603275587
603985.XSHG,0.03813427576095109
600184.XSHG,-0.006221023389234512
002323.XSHE,-0.015374338959051118
002166.XSHE,0.002600530749848966
600306.XSHG,-0.01914348887796451
002452.XSHE,-0.0006021322335271733
002108.XSHE,0.0041714608319239205
600987.XSHG,-0.0026967457895097306
300590.XSHE,0.009621213026658608
000400.XSHE,0.039971405149216065
600116.XSHG,0.01226423390120046
002294.XSHE,0.09562801472067164
300321.XSHE,0.004878624013372232
600152.XSHG,-0.01022292101166507
688081.XSHG,-0.005796631378999684
688508.XSHG,0.06303103181665848
600425.XSHG,-0.007431743709185833
000665.XSHE,-0.005881134409155777
300242.XSHE,0.020890858552437958
688111.XSHG,0.24733223513271269
002886.XSHE,0.0014063471519382004
002413.XSHE,-0.00011663942433110669
603329.XSHG,-0.0174731469852393
300836.XSHE,0.013215489049667652
000050.XSHE,0.027445478687582854
002958.XSHE,-0.001538189757047081
603520.XSHG,0.10050071712992219
688003.XSHG,0.005765637278261692
002209.XSHE,-0.019732913854971303
002953.XSHE,-0.010646892876193557
600269.XSHG,-0.008817749469823277
002048.XSHE,0.015999387310837027
688166.XSHG,0.04949114055642419
002732.XSHE,-0.008566445252198992
002514.XSHE,-0.016095834827829607
300264.XSHE,-0.009925144982212475
600213.XSHG,-0.0195032725579145
002466.XSHE,0.07406972722718308
688177.XSHG,0.00406235628780251
002922.XSHE,-0.013665125629780797
000863.XSHE,0.0014198450963567172
300565.XSHE,-0.006518589461124385
601988.XSHG,0.007332235132712496
002808.XSHE,-0.012085938292849471
002030.XSHE,0.1940391796824782
002262.XSHE,0.035064358050880755
600753.XSHG,0.0025769066844918073
600765.XSHG,0.038230364359781596
300388.XSHE,0.0017955321999283645
300767.XSHE,0.07510814793535017
603367.XSHG,-0.010459261450500452
002043.XSHE,0.022701696404853804
688096.XSHG,-0.013095029679399824
600061.XSHG,0.027931386697872283
600651.XSHG,0.7222758184929255
000920.XSHE,0.010521890295901073
600400.XSHG,-0.007169970739315749
688333.XSHG,0.040154963059233745
002706.XSHE,0.2923938798390936
003000.XSHE,-0.006334680018763198
300212.XSHE,0.1814576431602692
002726.XSHE,0.013463674541394318
002871.XSHE,-0.016471651710107532
000525.XSHE,0.008668961935768006
300018.XSHE,0.04012021822981023
603103.XSHG,0.0027990509197736192
000100.XSHE,0.007568585614494342
300434.XSHE,0.0021956707259501405
002598.XSHE,-0.015673440547389252
000751.XSHE,-0.014155959462819083
002998.XSHE,-0.013741366156691295
601702.XSHG,-0.011094652358942053
603338.XSHG,0.38529451922770047
600790.XSHG,-0.010211525625766547
603033.XSHG,0.019319489384338855
002584.XSHE,-0.011445310955045408
300106.XSHE,-0.010589896252439517
002756.XSHE,0.0009873800007137584
300531.XSHE,0.014648944151266531
601618.XSHG,0.0023493854515805983
603978.XSHG,-0.006360850980718766
600153.XSHG,0.009278954705878832
688036.XSHG,0.0560537141876083
601360.XSHG,0.011166987871317816
002418.XSHE,-0.013356794432646969
002444.XSHE,0.07916075078550013
601865.XSHG,0.0274043132177757
002639.XSHE,-0.011563650360016779
603129.XSHG,0.0884087933336198
002107.XSHE,0.006891717103420115
601238.XSHG,0.018532235132712495
603390.XSHG,-0.010751595049451158
300185.XSHE,0.01074011582471971
002597.XSHE,0.03902631663588554
601666.XSHG,0.0011854013649577177
601028.XSHG,0.0076013724906132014
300187.XSHE,0.012941478122330688
002215.XSHE,-0.006608720463721817
300672.XSHE,0.010517363775357072
600532.XSHG,-0.007377699978310988
600880.XSHG,0.030291401859634994
300769.XSHE,0.11987911148780529
600222.XSHG,-0.013887037307205611
600845.XSHG,0.14872161515070587
002978.XSHE,0.006258602049196193
000752.XSHE,-0.021318670101142762
002334.XSHE,0.038191622240780765
002896.XSHE,0.0028215937655174522
000690.XSHE,0.13610836207991683
300652.XSHE,-0.008880567217028191
600737.XSHG,0.020125225380655504
600865.XSHG,-0.0068321878203481175
600072.XSHG,-0.0018310958770399195
002012.XSHE,-0.010291665995682769
605118.XSHG,-0.005815021825842614
002550.XSHE,-0.006705816636334979
600668.XSHG,0.003449534470716161
000021.XSHE,0.1217362518164399
300307.XSHE,-0.003498573195505115
300461.XSHE,-0.005475407621316658
600289.XSHG,-0.010048152632564278
300756.XSHE,0.0076118246522274766
688321.XSHG,0.011856404704897131
600597.XSHG,0.009642295978164116
601515.XSHG,-0.0070320746981392
300789.XSHE,0.015899632488242988
300542.XSHE,0.01141821403285581
000532.XSHE,0.010508283189361747
002382.XSHE,0.09433872788905
600426.XSHG,0.07796931377555273
601996.XSHG,-0.015915066634800065
600381.XSHG,-0.016180396662648148
002795.XSHE,-0.008760923857946353
002031.XSHE,-0.010713922203933603
600611.XSHG,0.5358268467049848
000627.XSHE,0.031442737501729594
300471.XSHE,0.02145081712382814
600340.XSHG,0.07775532433074708
600770.XSHG,0.02842437724959172
300235.XSHE,-0.0003075890440355257
600771.XSHG,0.02265989725232634
000533.XSHE,-0.0166276243268329
000677.XSHE,-0.011661991835798715
601808.XSHG,0.0037303261753694646
600548.XSHG,-0.003228963724037883
300759.XSHE,0.056628759241780624
002100.XSHE,0.05612104239908322
300486.XSHE,-0.009634814515166193
603353.XSHG,0.023130324572297294
688559.XSHG,-0.008458482624542536
605399.XSHG,-0.013674655494802505
000539.XSHE,0.004081494831540855
002489.XSHE,-0.0008809916961297556
600521.XSHG,0.4468090613382356
688139.XSHG,0.03535664030051842
601827.XSHG,-0.006205064356100229
300085.XSHE,0.141294452129555
600682.XSHG,0.05093296823471878
600678.XSHG,-0.01426068765477209
601866.XSHG,-0.0022233261661472256
300788.XSHE,0.002477991553087179
002617.XSHE,0.027597179696675272
002578.XSHE,-0.010669219985292775
002977.XSHE,0.05724388078702084
002480.XSHE,-0.010717446856581344
603790.XSHG,-0.01605685384486219
000767.XSHE,-0.00509858833312026
603588.XSHG,0.009308117887035878
688526.XSHG,0.008536745827563363
002771.XSHE,-0.010050732772626648
600728.XSHG,0.011378203263777961
002293.XSHE,0.037720526552603384
000151.XSHE,-0.015304442926951232
002347.XSHE,-0.01648904241915414
600035.XSHG,-0.01401611216974351
000629.XSHE,-0.004355394166545581
688579.XSHG,-0.008105205319663161
002161.XSHE,0.003633357417116942
600649.XSHG,0.012250597353899804
603609.XSHG,-0.0013902131651628092
002314.XSHE,-0.007874219750319083
300348.XSHE,0.10081750968353295
300777.XSHE,0.00979409276489012
600122.XSHG,-0.021656457814667518
600018.XSHG,0.007203193740554727
000753.XSHE,-0.0135228580236633
002227.XSHE,0.0022843075953260725
300513.XSHE,-0.0016893131577584222
600966.XSHG,0.03808780509469784
600459.XSHG,0.01076217713616272
002807.XSHE,-0.009324405328856243
603666.XSHG,0.053986420808010464
300105.XSHE,-0.003441002912463558
300580.XSHE,-0.00411974644200911
300342.XSHE,0.049108456635115184
002942.XSHE,-0.006680740432200684
002350.XSHE,-0.01296148207584225
300514.XSHE,0.013886348307754592
603221.XSHG,-0.015383084672865237
300861.XSHE,0.021117053783625883
688056.XSHG,-0.0053009533440908935
688550.XSHG,0.010865751919352738
002777.XSHE,0.005057774457857496
603848.XSHG,-0.009962392049332771
603577.XSHG,-0.01266201655886322
002644.XSHE,-0.010795180605384064
000068.XSHE,-0.015699908339840026
300727.XSHE,0.005346088628098607
603098.XSHG,-0.013648311317674444
000822.XSHE,-0.01559197652177128
002114.XSHE,-0.01566550127397096
002955.XSHE,-0.0014806525674136931
300746.XSHE,-0.00930634594782695
603025.XSHG,-0.006043922027521347
600339.XSHG,-0.0031637193540165866
603486.XSHG,0.06578820531189666
002787.XSHE,-0.013396976290462433
600917.XSHG,-0.008397135429404845
688127.XSHG,0.0031918357777948447
688393.XSHG,0.004723484997648398
688116.XSHG,0.016196490938799615
300133.XSHE,0.05786770963841163
600278.XSHG,-0.004480291757062301
600549.XSHG,0.035552159877233085
300177.XSHE,0.02575980459664682
600980.XSHG,-0.0158785806684256
300508.XSHE,0.03363506051971143
300127.XSHE,0.0036060208038213807
603131.XSHG,0.024870231277588077
300101.XSHE,0.049640148610686434
300253.XSHE,0.19664126253940598
603160.XSHG,0.06417964126045907
000605.XSHE,-0.01578933316679101
000856.XSHE,-0.017961879782304534
300289.XSHE,-0.010863791931132565
000951.XSHE,0.05258481150300519
002519.XSHE,-0.0001448602266675078
002040.XSHE,-0.014486591980937664
601869.XSHG,0.0006140388909345526
000893.XSHE,-0.008117622201853695
300328.XSHE,0.001706787383537493
002658.XSHE,-0.010273977006789448
300443.XSHE,0.0514853025458949
002892.XSHE,-0.008824260566255503
002443.XSHE,-0.008076323681330278
002895.XSHE,-0.011059075074092062
600322.XSHG,-0.017470574146805813
603305.XSHG,0.007810534016738387
002721.XSHE,-0.016009188613535407
000917.XSHE,0.003363958137458118
600200.XSHG,-0.004476225319764663
300291.XSHE,-0.0006154075129792252
000042.XSHE,0.0015702195620389096
000536.XSHE,-0.012672865819386984
300879.XSHE,0.012861100637910959
002264.XSHE,-0.010307120286669018
600100.XSHG,0.012102777697662536
002779.XSHE,-0.009872774839975356
600518.XSHG,0.06170377660099006
600522.XSHG,0.04011351794978622
601900.XSHG,-0.010532778289853552
000695.XSHE,-0.01579585825892814
600310.XSHG,-0.012361805001893215
600158.XSHG,0.019149300855138905
603659.XSHG,0.07554474580882771
002495.XSHE,-0.016513202867051227
300464.XSHE,0.032882376429319966
600805.XSHG,-0.008222266181666627
002330.XSHE,-0.011731649380903824
000581.XSHE,0.045879122749522126
603218.XSHG,0.025210537592525006
002833.XSHE,0.06218265280061507
600581.XSHG,-0.010514820311819065
002409.XSHE,0.03958000138273247
002687.XSHE,-0.008590187076936717
600000.XSHG,0.028432235132712553
605050.XSHG,-0.011292599323411446
001896.XSHE,-0.014513174414479494
300071.XSHE,0.009689472439426989
300692.XSHE,-0.0021196298245388222
601225.XSHG,0.007877357573919979
002881.XSHE,-0.0036787966356511548
300643.XSHE,-0.0033616058448856304
600060.XSHG,0.01954492206542928
300113.XSHE,0.062283407361005426
300026.XSHE,0.056501385348072586
605338.XSHG,0.037879151198429134
688298.XSHG,0.05171685812554433
002027.XSHE,0.1094322351327125
002135.XSHE,-0.0026599593363283974
300231.XSHE,0.03034363203016349
300599.XSHE,-0.010800629199269402
600993.XSHG,0.06304561310346067
000007.XSHE,0.0017281195420677554
603896.XSHG,-0.0068016517606114164
603899.XSHG,0.09827654923034031
000065.XSHE,0.0068693157482670325
002507.XSHE,0.1602783424778777
601949.XSHG,-0.009013429254195144
600021.XSHG,-0.003655570653728165
300099.XSHE,0.03116194990722012
002067.XSHE,-0.015050419278304434
300196.XSHE,0.0009941072912876322
603040.XSHG,0.02063360244446703
300753.XSHE,0.017240744405441807
600715.XSHG,-0.0078118648313429346
603259.XSHG,0.1151322351327124
603383.XSHG,0.009688239920522286
300858.XSHE,0.023177434323380895
002761.XSHE,-0.0052916522232291435
002225.XSHE,-0.008830662343181483
300732.XSHE,0.04039245386173822
603725.XSHG,-0.017118541537542283
601139.XSHG,-0.0008836710322268032
600392.XSHG,0.0011933006239756953
300855.XSHE,0.009042852900429093
000928.XSHE,-0.013200908231357028
002946.XSHE,0.007260558930121361
002521.XSHE,-0.014478325901905434
000852.XSHE,-0.012708609855914377
002266.XSHE,0.01968070041047073
002437.XSHE,0.0004165582462904646
002515.XSHE,0.0021798956390128403
601128.XSHG,0.0013013762201203654
603158.XSHG,-0.005228695953667307
300107.XSHE,0.04565431834537742
300711.XSHE,0.0018247927544615059
000417.XSHE,0.006419032492577387
002973.XSHE,0.0013760945418743228
600992.XSHG,-0.01914253082350646
601566.XSHG,-0.005655299611347445
000518.XSHE,-0.006039961710915344
002464.XSHE,-0.010757774622572614
600638.XSHG,0.035291457772923696
002802.XSHE,-0.004021833939774233
300310.XSHE,0.02013231218594986
002926.XSHE,0.0005593606428702497
000586.XSHE,-0.014912667776477392
601229.XSHG,0.013521925146102
601577.XSHG,0.00208416778100308
300536.XSHE,0.03319465904202365
002214.XSHE,0.03288032065613655
300510.XSHE,0.02497669999893917
600713.XSHG,-0.007460956643913256
300409.XSHE,0.023257687431204387
603880.XSHG,-0.008047088914911682
000663.XSHE,-0.01992894494110549
300595.XSHE,0.2875149626368792
603829.XSHG,-0.017185090849863676
300588.XSHE,0.0003747471476328139
002423.XSHE,-0.0013128298031283249
600556.XSHG,0.018968718738406228
002440.XSHE,-0.0020998645190722634
002308.XSHE,-0.00621299252518692
002036.XSHE,0.007388804605578126
601616.XSHG,-0.016427304822847856
600075.XSHG,0.009584606790166855
002006.XSHE,-0.009324167606799825
600015.XSHG,0.01147993809461909
000026.XSHE,0.035961218397291404
000543.XSHE,-0.007872530339652937
601717.XSHG,0.008608814177121334
300329.XSHE,0.0017517974638095977
300295.XSHE,0.06027645610983447
603500.XSHG,-0.013255529427886915
002360.XSHE,-0.004264592515586144
600123.XSHG,-0.00858451467617469
000155.XSHE,-0.011584149605623564
300762.XSHE,0.008294954584217664
002369.XSHE,-0.011132092196435177
603655.XSHG,0.04013450641195952
002738.XSHE,-0.0004909024573957824
688788.XSHG,0.10338659843710285
603616.XSHG,-0.01681980045577918
603290.XSHG,0.09526194359744569
002941.XSHE,-0.007162864532541585
603559.XSHG,-0.014395263144921365
600596.XSHG,0.004047997889218122
000622.XSHE,-0.012527131303898974
000420.XSHE,-0.013885468089796309
002662.XSHE,4.6214377186033426e-05
300055.XSHE,0.005872784868262487
300803.XSHE,0.00923883712803121
002250.XSHE,0.05344336958504245
603606.XSHG,0.04453877657390576
002712.XSHE,-0.01000866150900366
002223.XSHE,0.0635503283647587
002632.XSHE,0.001203080460960371
300765.XSHE,0.011049832827423282
600793.XSHG,-0.012198563233083784
600844.XSHG,-0.013302364710859023
603706.XSHG,-0.012554354644929808
002589.XSHE,0.0014533273548965192
300121.XSHE,0.035107763159542775
601966.XSHG,0.012037297505103838
600605.XSHG,0.04202380381355565
600639.XSHG,0.03610619257697188
300504.XSHE,-0.008192682089864855
603351.XSHG,0.0012628655865970645
002847.XSHE,0.1059452878203936
002459.XSHE,0.04171957930603014
300040.XSHE,0.0270512645033356
603861.XSHG,-0.014227462900405163
002626.XSHE,0.09120385449969116
002203.XSHE,-0.001304739603725828
300052.XSHE,-0.003886505638697739
603328.XSHG,-0.004304075799495708
600027.XSHG,-7.799840454868158e-05
601208.XSHG,-0.0043854817817248135
300218.XSHE,-0.007900573743477444
603078.XSHG,0.026862394549074887
300740.XSHE,0.03615693332831103
000651.XSHE,0.7395680932176832
601186.XSHG,0.009201840036538737
605008.XSHG,9.351701571500004e-06
000589.XSHE,-0.0037606096023506484
300317.XSHE,0.03265524209132147
300352.XSHE,0.013485881684152743
603901.XSHG,0.012164159270844934
600408.XSHG,-0.02002191792499825
603009.XSHG,-0.015613945027479228
002935.XSHE,-0.003313193812294361
300383.XSHE,0.08980119593023525
600622.XSHG,0.27561105122838003
300168.XSHE,0.09538410760751419
300631.XSHE,0.0020412006091251565
300193.XSHE,-0.007622969696520654
002155.XSHE,-0.005472028719459222
300418.XSHE,0.026464907217684533
000613.XSHE,-0.01369992401181256
002210.XSHE,-0.0004837298405539741
300452.XSHE,0.008459625748783648
300069.XSHE,0.0044031796569950175
000608.XSHE,0.012765057682506874
600151.XSHG,0.011335431222953534
600420.XSHG,0.005902889293659593
600702.XSHG,0.11291618914612056
603538.XSHG,0.005227510889853095
002870.XSHE,-0.008709332618527499
600673.XSHG,0.0038897304816221676
300455.XSHE,0.009786336595870157
688521.XSHG,0.05427655052230652
603260.XSHG,0.004109712742503865
000628.XSHE,-0.012961170104067055
300030.XSHE,0.0002885316563487443
002456.XSHE,0.08358360576040447
600117.XSHG,-0.015553150498071665
300626.XSHE,0.002782390271304242
600884.XSHG,0.1257778541689756
600226.XSHG,-0.0028357168832513907
603311.XSHG,-0.00984754413040546
688386.XSHG,0.025553936234027266
300160.XSHE,0.04362767505393361
300557.XSHE,-0.007860426271036253
300798.XSHE,0.0004059585770930796
002884.XSHE,0.013062503180503107
002422.XSHE,0.01890034871416537
000401.XSHE,0.01159837228170487
000831.XSHE,0.004297531302214053
002299.XSHE,0.006919937148147853
002939.XSHE,0.003830882870718362
002231.XSHE,-0.016200990163341457
002832.XSHE,0.0518873549738727
600438.XSHG,0.3011322351327121
002351.XSHE,0.018730796297897548
600629.XSHG,-0.0037663153966324883
300828.XSHE,0.007961562470620461
002786.XSHE,-0.010079624453905915
002271.XSHE,0.7368423125068405
600112.XSHG,-0.023895667395403872
000039.XSHE,0.16014687879629871
601601.XSHG,0.0226322351327125
601117.XSHG,-0.0020654518205122257
000890.XSHE,-0.02274541319983885
603111.XSHG,-0.009567225827620032
603557.XSHG,-0.005088941620047344
603165.XSHG,-0.009921339394293311
300170.XSHE,0.007958155504157715
002269.XSHE,-0.011260873116186397
603032.XSHG,-0.014471043588585466
300128.XSHE,0.010759460292737147
603326.XSHG,-0.012165667414430672
601689.XSHG,0.022931258895545262
600803.XSHG,0.033572280133444085
600869.XSHG,-0.005177516262694998
603121.XSHG,-0.012562182776183234
002085.XSHE,0.010488078497759366
600351.XSHG,-0.010290352456122882
600988.XSHG,0.041735155920373114
688558.XSHG,-0.009553036541393821
003015.XSHE,-0.01670492499560945
603168.XSHG,-0.009790486648749494
600681.XSHG,-0.007729615893243931
300582.XSHE,0.06758691550354706
600261.XSHG,8.760388078582135e-05
002524.XSHE,0.009175387981926355
603101.XSHG,-0.01617544367929368
000025.XSHE,0.002005226382751123
300634.XSHE,0.004514356338015255
600118.XSHG,0.10825534616243829
300507.XSHE,0.019109350786577377
688018.XSHG,0.10352023162162738
002095.XSHE,0.0048026520986310505
002045.XSHE,-0.0014567323559744744
603866.XSHG,0.03685442683041459
600313.XSHG,-0.010378436129076123
002168.XSHE,0.01204378310986832
600551.XSHG,-0.011349923667773553
000755.XSHE,-0.019933253744960862
002972.XSHE,-0.0075775253174518425
002121.XSHE,-0.0033740395372941923
002877.XSHE,-0.010024848528689184
002849.XSHE,-0.012337360577295575
300831.XSHE,-0.0012855213386280713
300576.XSHE,0.04290225713348636
605199.XSHG,0.0066843245629295295
600160.XSHG,0.0092880608494076
001979.XSHE,0.009532235132712511
601107.XSHG,-0.009023985410066014
000859.XSHE,-0.010385794591633832
300527.XSHE,0.001253884203966063
600078.XSHG,-0.013997581139974357
600584.XSHG,0.05116158332145168
002447.XSHE,-0.0049000116460185695
300845.XSHE,0.04911872546541506
688233.XSHG,-0.000565838803279671
300148.XSHE,-0.007712303540395217
600358.XSHG,-0.021059121405596497
600872.XSHG,0.3503940618821064
600969.XSHG,-0.01774707552675962
002146.XSHE,0.04102100581041347
688335.XSHG,-0.007930714453767833
688577.XSHG,-0.004721456546120965
603737.XSHG,0.23683646481909662
300780.XSHE,-0.004422733493346417
600126.XSHG,0.0024882037893497674
002667.XSHE,-0.014006922729068727
002212.XSHE,0.01873688671426587
603155.XSHG,0.012553858565907426
688004.XSHG,-0.0020478228587166095
002976.XSHE,0.0033671295082994372
601111.XSHG,0.007079094454335992
002820.XSHE,-0.017177376521567474
603099.XSHG,-0.018356621825027356
002139.XSHE,0.03811291979068564
000593.XSHE,-0.01395212268834035
300255.XSHE,0.007194842757639567
002883.XSHE,-0.01111708163597442
600469.XSHG,-0.013277387095206466
603306.XSHG,0.0013358859809502795
002516.XSHE,-0.004232022437497061
600311.XSHG,-0.019991093858942256
600170.XSHG,0.00019960122848779443
600525.XSHG,0.028640075352822324
688008.XSHG,0.03575859825015842
300308.XSHE,0.04659872685547717
300593.XSHE,0.026783885700156607
300250.XSHE,0.006473641439200633
603998.XSHG,-0.01438837412414334
688222.XSHG,0.00408108335628977
601226.XSHG,-0.014170602672573036
002103.XSHE,-0.013772355909374756
002918.XSHE,0.054741515856575246
600227.XSHG,-0.008878117767001342
688016.XSHG,0.1333856777362527
002300.XSHE,-0.009124291983396034
002995.XSHE,0.006631465577433066
603043.XSHG,0.0005838442437344112
600391.XSHG,0.007259438080409146
300122.XSHE,0.3005322351327127
300887.XSHE,0.030209240178769997
300795.XSHE,-0.0020606210909837816
600602.XSHG,0.4361043643328412
000999.XSHE,0.008538343040047244
605168.XSHG,0.175891240209956
300709.XSHE,0.03949828038363413
600568.XSHG,-0.0055635057474718395
002175.XSHE,-0.02132477451321615
000712.XSHE,0.04181653824092275
601162.XSHG,0.0012816096263525212
003013.XSHE,-0.010170868847201179
300371.XSHE,0.004044086407523462
300846.XSHE,0.013581374103926671
603197.XSHG,0.007476238316285537
002420.XSHE,-0.020230823238916666
300776.XSHE,0.06995566033750884
600523.XSHG,-0.0012904015216152424
002557.XSHE,0.05961691130118098
603360.XSHG,-0.005030515904313157
002692.XSHE,-0.016818137137003975
600327.XSHG,-0.009371883272445349
300339.XSHE,0.012863509312263932
002322.XSHE,0.06215175311601391
600173.XSHG,-0.014732344832855461
603876.XSHG,-0.01090273312661579
000937.XSHE,1.629006596431254e-06
600463.XSHG,-0.014773137399789936
600785.XSHG,-0.005684138805068335
000548.XSHE,-0.01784011157551444
688398.XSHG,0.005632273540375899
300189.XSHE,0.008211744246454877
300860.XSHE,0.04960539800218132
300111.XSHE,-0.011110678790333658
603226.XSHG,-0.012287069258703556
002818.XSHE,-0.003282431742385734
601999.XSHG,-0.01589284070177955
300059.XSHE,0.5833322351327135
600111.XSHG,0.02893886915638961
002864.XSHE,-0.01400911794326802
300063.XSHE,0.0659049493270428
000426.XSHE,0.03277439630703232
000960.XSHE,-0.0007589340336688266
002531.XSHE,0.023154539033964562
300786.XSHE,0.047630109285820156
002295.XSHE,-0.019328630762370118
603087.XSHG,0.0705818177612568
002585.XSHE,0.0165305263169018
603017.XSHG,0.003913694202723084
300341.XSHE,0.010032083284404558
002676.XSHE,-0.01623219953589733
002957.XSHE,0.004326494415034257
002938.XSHE,0.06253223513271253
300290.XSHE,0.0023327355268060092
002990.XSHE,0.017787379393160836
600959.XSHG,-0.004562784046243842
002354.XSHE,-0.012121310030392313
603636.XSHG,0.016837100017034215
600689.XSHG,-0.018400561877872416
601326.XSHG,-0.007041753816542317
688068.XSHG,-0.010912427082522432
300032.XSHE,-0.007900240090066867
300669.XSHE,-0.0017767357641342574
300016.XSHE,0.008377165484295613
000510.XSHE,-0.009822486639672872
601020.XSHG,-0.006917144316534904
600196.XSHG,0.27943223513271254
000557.XSHE,-0.006983230654236559
000597.XSHE,-0.006535386044353822
300382.XSHE,0.040603335911893745
300493.XSHE,-0.00024451607647817987
600188.XSHG,0.009543479435241321
002238.XSHE,-0.010218847572850156
600707.XSHG,-0.004268712351771375
603139.XSHG,-0.015916791572750683
300609.XSHE,-0.004402979068960016
300194.XSHE,0.0019184786886018573
002035.XSHE,0.0178974176493125
603888.XSHG,0.00635824397649749
600665.XSHG,-0.015670495944328573
000901.XSHE,0.005878275606648097
600719.XSHG,-0.01636938749824365
603626.XSHG,0.0021579902750273015
002789.XSHE,-0.014088543613473462
000897.XSHE,-0.012868163342352936
600300.XSHG,-0.005257755982366398
601636.XSHG,0.005557830297951058
601990.XSHG,0.004466580121909097
002930.XSHE,0.0031108033865163438
603028.XSHG,-0.009128421562416101
688199.XSHG,0.0024170591052106987
603969.XSHG,-0.01383385562623915
002540.XSHE,-0.006637018934178083
000157.XSHE,0.1943920272562012
000718.XSHE,-0.006650902942705128
002099.XSHE,0.004709754656423069
600108.XSHG,-0.008780290692012346
300755.XSHE,0.005958312289748937
688519.XSHG,-0.003969946700664318
003017.XSHE,0.050133472208263745
300635.XSHE,-0.0028655252357620425
002017.XSHE,0.00268034271474394
688585.XSHG,-0.005951927484091192
002822.XSHE,-0.010261549474099558
601228.XSHG,-0.004586074685106567
603656.XSHG,-0.013694332858621823
000606.XSHE,-0.01121331811569513
000895.XSHE,0.7395680932176832
600580.XSHG,0.02679578004545643
603678.XSHG,0.08491172119965797
002689.XSHE,-0.00954708602353831
002811.XSHE,-0.01049853729124868
300725.XSHE,0.1574510169689136
002528.XSHE,-0.010504419418992429
600106.XSHG,-0.01261642033881603
002427.XSHE,-0.015672880199393464
300641.XSHE,-0.014798009502303738
600145.XSHG,-0.011360503331603263
688065.XSHG,0.01769972583566489
300384.XSHE,0.014699306520762742
002494.XSHE,-0.01637046741856135
002414.XSHE,0.07121327010792305
603638.XSHG,0.11684202759657576
300368.XSHE,0.1332909482435483
002364.XSHE,0.01137316758716549
002586.XSHE,-0.015549996698721796
600186.XSHG,-0.012869402862774933
600241.XSHG,-0.023133343359210926
601800.XSHG,0.009932235132712502
603566.XSHG,0.011837020141954164
603995.XSHG,0.007547173723610193
600754.XSHG,0.09778680459562816
600368.XSHG,-0.01332697649468693
600873.XSHG,0.009118628172564222
603157.XSHG,-0.024338610140664022
600609.XSHG,0.10791673161518348
002730.XSHE,-0.009788059564771204
600516.XSHG,0.005946989023469387
300396.XSHE,0.027113183988934173
601098.XSHG,-0.0033413858546177976
300135.XSHE,-0.0010622485786980773
000923.XSHE,-0.008662949809731632
603980.XSHG,-0.01298732303336928
002379.XSHE,-0.010893000301883829
600535.XSHG,0.02920755389005791
002291.XSHE,0.013668798840402304
002722.XSHE,-0.017763233486320536
300687.XSHE,0.03362388194283727
300333.XSHE,0.02351469782374723
002798.XSHE,0.018737541921236202
300351.XSHE,0.01225964065948271
688312.XSHG,-0.005969403470327789
300300.XSHE,0.001207716908563498
600298.XSHG,0.21390716173942645
600565.XSHG,-0.0093396651805317
688358.XSHG,0.007019533428357903
300716.XSHE,-0.01394416363647037
600595.XSHG,-0.011256101641487708
002348.XSHE,-0.015047066321947015
603225.XSHG,-0.001578731210108238
300229.XSHE,0.0025685202621469304
002677.XSHE,0.03302661651147489
000615.XSHE,-0.00545129623891185
002857.XSHE,-0.01327892101591219
300338.XSHE,0.006586220582287923
603755.XSHG,0.024627102763472415
300882.XSHE,0.02764542482386855
000911.XSHE,-0.012929691511789052
601788.XSHG,0.02760592419904845
000428.XSHE,-0.0022822028445052232
603993.XSHG,0.006982793767842895
002747.XSHE,0.07142857171979707
002039.XSHE,-0.004986358742332223
300509.XSHE,-0.0043948138622300886
300566.XSHE,0.011605144527627061
000430.XSHE,-0.015987831578219956
300247.XSHE,0.01089439438627764
002256.XSHE,-0.016740826805917697
300426.XSHE,0.007555436453771967
000590.XSHE,-0.0026027556463849542
603843.XSHG,-0.017537408273961566
300114.XSHE,0.024861732494307856
688033.XSHG,-0.008135810146483471
601179.XSHG,-0.0023161223590809485
300559.XSHE,0.011405024715007062
300865.XSHE,0.02241476864773532
002602.XSHE,0.021968164250017352
000801.XSHE,0.0346573778933056
601211.XSHG,0.011332235132712472
601700.XSHG,-0.008118559259089565
600582.XSHG,0.00334872217437821
300538.XSHE,-0.001642352356279804
002312.XSHE,0.04059531897035567
000948.XSHE,-0.008758122879241026
300523.XSHE,0.009704769721570678
002989.XSHE,0.0020653511714612167
603396.XSHG,0.012411348670092444
603689.XSHG,-0.015072295355249269
688037.XSHG,0.023921882006082494
600550.XSHG,0.009518638288706126
002572.XSHE,0.23073333733855345
601116.XSHG,-0.007292217212061387
603041.XSHG,-0.0017918556441012604
603309.XSHG,-0.0015422589393270757
603331.XSHG,-0.016864077887877173
300569.XSHE,0.05753369145116428
688106.XSHG,0.005025344889499073
688338.XSHG,0.010836159764648632
300546.XSHE,0.0005605917892837382
002164.XSHE,-0.00903511812026261
300376.XSHE,0.2229285113193921
002616.XSHE,0.0065619060901171335
600721.XSHG,-0.019371026701507192
600766.XSHG,-0.013602572845763139
603359.XSHG,-0.005368752900529121
300171.XSHE,0.0547082303980271
002345.XSHE,0.005992488170252153
600236.XSHG,0.002459669496355976
300823.XSHE,0.0012305896818755255
000561.XSHE,-0.009952693379394133
300424.XSHE,0.008727464562013551
002428.XSHE,0.036247714293154265
600336.XSHG,-0.00447835648091221
600855.XSHG,-0.0066167119977822335
300573.XSHE,0.05386519735410357
600031.XSHG,0.7395680932176832
002141.XSHE,-0.01223864627183656
600501.XSHG,-0.003958741574402149
603203.XSHG,0.012144965955727845
300839.XSHE,0.0046579147333424414
600038.XSHG,0.03213583935299893
000686.XSHE,0.022657683859082657
002913.XSHE,0.02104273689051171
603929.XSHG,-0.013295051207314598
300495.XSHE,0.007881778197023662
002140.XSHE,-0.007590586302281184
603663.XSHG,-0.009901147860262024
300392.XSHE,0.01881993242678624
300699.XSHE,0.04341712430383748
600048.XSHG,0.07613223513271267
688010.XSHG,-0.0043859540380175
688288.XSHG,-0.0003369719987855787
600667.XSHG,0.008104588139719439
300484.XSHE,0.13174046537335418
002979.XSHE,0.0041998637504690566
603833.XSHG,0.03909445106816973
000970.XSHE,0.00797411537176097
600288.XSHG,-0.0050845709701004774
002405.XSHE,0.008611256475575157
603088.XSHG,-0.01269690562019502
688155.XSHG,0.0781657723822176
600491.XSHG,0.0025727245447181146
600073.XSHG,-0.005305105512410799
002206.XSHE,-0.008407310162003644
300708.XSHE,0.010342334620073229
002092.XSHE,-0.006497745984803181
600104.XSHG,0.06623223513271256
300132.XSHE,0.07048223858771137
603727.XSHG,-0.00781146233398835
300750.XSHE,0.15043223513271242
300280.XSHE,0.025582045059729816
600983.XSHG,-0.007128709722456048
600828.XSHG,-0.004578355035225495
000869.XSHE,0.09404629676666765
600217.XSHG,-0.008885427617898912
300169.XSHE,-0.009468427009909311
002945.XSHE,0.006131956096960032
600660.XSHG,0.7370369803035093
603298.XSHG,0.023715607650846758
002684.XSHE,-0.011901138732309732
002109.XSHE,-0.00456363765627792
000790.XSHE,-0.0011407870952937875
002301.XSHE,0.005721007633071932
300047.XSHE,0.006090598614388822
300080.XSHE,0.0040113691366221
600137.XSHG,-0.015694152188099855
605178.XSHG,-0.0028311360451608505
003009.XSHE,-0.008450730258225209
300048.XSHE,0.03650753973696772
002755.XSHE,0.00510733267077835
002713.XSHE,0.0011644106884946513
003816.XSHE,0.007232235132712497
688058.XSHG,0.026984890993783574
300522.XSHE,0.030380014082806543
000988.XSHE,0.04151146194602189
688301.XSHG,0.04618501613531807
300666.XSHE,0.0063379120132607235
300296.XSHE,0.036417015899325375
600129.XSHG,0.01235840699866775
688099.XSHG,0.03917978815315961
300274.XSHE,0.223195134727712
603918.XSHG,-0.005961029294224802
603567.XSHG,-0.005498641658812367
600833.XSHG,0.00829893734006779
603020.XSHG,-0.010190574663592264
603600.XSHG,0.00394241586397962
000682.XSHE,0.0016078531544296247
002201.XSHE,-0.000243560990253789
300572.XSHE,0.06837520023669164
601008.XSHG,-0.015836101124701303
002313.XSHE,-0.007096093166471484
603709.XSHG,-0.001957002794467172
603037.XSHG,-0.01482873193844882
000333.XSHE,0.15563223513271254
603890.XSHG,0.0013460519625686992
300029.XSHE,-0.015680326146101355
603335.XSHG,-0.01820565064959592
601901.XSHG,0.007601423920451168
300999.XSHE,0.023232235132712453
002848.XSHE,-0.017249795792251086
002009.XSHE,-0.005391488366589928
603970.XSHG,-0.011885719661166676
603398.XSHG,-0.00624903233082443
000560.XSHE,-0.0045835983855801055
688095.XSHG,0.19169927525734287
002003.XSHE,0.013466588408062693
603053.XSHG,-0.00185662311332858
600279.XSHG,-0.013897196517887683
300605.XSHE,0.02652022979163889
601608.XSHG,-0.005697997402452931
300563.XSHE,-0.006184120395443166
000592.XSHE,-0.008562297263553675
300787.XSHE,0.022641078820125872
002361.XSHE,-0.006193767792929237
002463.XSHE,0.008821252360310523
002283.XSHE,0.002844210484008094
603569.XSHG,-0.004922339970223519
000038.XSHE,0.0028108779363466996
300211.XSHE,0.009502829877779607
002733.XSHE,-0.0027897948457798454
300131.XSHE,0.4164027878138046
002188.XSHE,-0.02475562627057037
002637.XSHE,0.005095881294730601
600345.XSHG,-0.0058586934970993425
300159.XSHE,0.0198469880316149
002593.XSHE,-0.015971659773009912
600967.XSHG,0.010048181758554712
603687.XSHG,-0.010919988047293314
000861.XSHE,0.00467332711040948
000875.XSHE,-0.009551865484279037
000862.XSHE,-0.014126955347408933
002577.XSHE,-0.002882693737339282
000028.XSHE,0.0597993616764429
002691.XSHE,-0.01834004440417326
300870.XSHE,0.03885703024418999
600889.XSHG,-0.0006205803467870669
002595.XSHE,0.03587299597140034
002535.XSHE,-0.02001688400151381
600764.XSHG,0.06661633254355959
600235.XSHG,-0.019259422042459205
002660.XSHE,-0.01111632349979741
002908.XSHE,-0.012477154694734902
300833.XSHE,0.0017385071236026232
300227.XSHE,0.004456049900543666
300779.XSHE,-0.004956309091978653
300249.XSHE,-0.001715328018535911
300136.XSHE,0.3420841731831128
603429.XSHG,0.11937058554758423
600105.XSHG,0.03079263833862777
002909.XSHE,-0.012649195810491749
601668.XSHG,0.010332235132712494
300074.XSHE,0.006247817291891607
603757.XSHG,0.006990451337386676
300816.XSHE,0.01322600755181897
601108.XSHG,0.006451171778125674
002058.XSHE,-0.00525800101338139
600315.XSHG,0.05981801138058683
603339.XSHG,-0.014437643108309446
600382.XSHG,-0.013393456505567239
603303.XSHG,0.0029540864024027898
000524.XSHE,-0.0003343592228120598
002766.XSHE,-0.020269258100174194
300324.XSHE,0.048466064729261654
600664.XSHG,-0.00021991714644493433
605088.XSHG,-0.0065846792977522495
600456.XSHG,0.031987699962195984
002575.XSHE,-0.0105500454604377
603726.XSHG,-0.014745145195222464
603519.XSHG,-0.005679613118993433
688277.XSHG,0.013443312683563946
600558.XSHG,-0.014869668583570833
002357.XSHE,-0.016271798529612656
002090.XSHE,0.0011025883493557577
300173.XSHE,0.01903093543147212
300459.XSHE,0.018459847579281093
688123.XSHG,0.004019035460811119
688516.XSHG,0.031549588330765696
600378.XSHG,0.017987240563362625
003016.XSHE,0.007885407524676376
002985.XSHE,0.09705752502025185
600552.XSHG,-0.004983404707542787
002624.XSHE,0.04418992956543418
603658.XSHG,0.07703872781585473
300217.XSHE,0.029315823844988466
600037.XSHG,0.008800424936598628
600834.XSHG,-0.004310888901616995
002011.XSHE,-0.009086006148603835
002394.XSHE,-0.004095552066234787
002797.XSHE,0.009164825593141319
300413.XSHE,0.05723223513271237
688218.XSHG,-0.013879506313888665
000413.XSHE,-0.0039658254883231485
300724.XSHE,0.0921187206781877
601088.XSHG,0.011332235132712472
002759.XSHE,0.014415103289335526
002703.XSHE,-0.011948386705638657
300518.XSHE,0.023786633883862436
300818.XSHE,0.008673616639275777
603117.XSHG,-0.01862397765460488
002792.XSHE,-0.0011638699030288996
600973.XSHG,-0.002065644971521813
600132.XSHG,0.4386114363116281
002007.XSHE,0.7380232023388136
603112.XSHG,-0.011698065261872125
000810.XSHE,0.004666806509053012
300238.XSHE,0.03960660093026873
601886.XSHG,-0.005910311512822322
600064.XSHG,0.03634005778133099
002311.XSHE,0.23696137792786515
603416.XSHG,0.10251293013740846
603798.XSHG,-0.015342221589384013
600807.XSHG,-0.012472965703499646
000661.XSHE,0.7395680932176832
300703.XSHE,0.04647373865885601
603863.XSHG,-0.016270177278477342
000957.XSHE,-0.005739619690825927
601965.XSHG,-0.0019451553845598636
002558.XSHE,0.024533311246662675
300852.XSHE,0.023569198292662866
002627.XSHE,-0.011109624734990768
000826.XSHE,-0.002376212689221195
600009.XSHG,0.05303223513271263
002928.XSHE,0.01007508148912138
300365.XSHE,0.1764493064073047
300729.XSHE,0.06722992778082917
600059.XSHG,0.0056695460954990055
603828.XSHG,-0.010056915690953726
603810.XSHG,0.0004948938763715445
603933.XSHG,-0.013304723100949128
300606.XSHE,-0.0024640926448555728
002859.XSHE,0.028117489751360487
000611.XSHE,-0.021414316261413848
300560.XSHE,0.008316658964872155
603806.XSHG,0.16776130459314054
000540.XSHE,0.0689252402913545
000498.XSHE,-0.009692298229051677
300130.XSHE,0.019798872910044153
600080.XSHG,-0.00996435022588877
601007.XSHG,-0.018203862116090645
300701.XSHE,0.009349129766401497
002075.XSHE,0.015537215726840036
603179.XSHG,0.020395650797442703
002717.XSHE,-0.00758261439295178
300683.XSHE,-0.0033486222243997287
000836.XSHE,-0.01169261567979719
601126.XSHG,-0.004385810413662167
000813.XSHE,-0.0017568212052862155
002461.XSHE,0.008896144812231114
000088.XSHE,0.018406007569389937
002222.XSHE,-0.0041583633426149885
002496.XSHE,-0.006514478214869313
002927.XSHE,0.004845022476569778
300620.XSHE,0.007473428590264534
600197.XSHG,0.04764358121520813
600800.XSHG,-0.004872411668943125
688128.XSHG,-0.0068324790218172345
002841.XSHE,0.050776057880009454
300273.XSHE,0.0010560294376788792
600704.XSHG,0.010626811942640058
300616.XSHE,0.04113259464376817
688122.XSHG,0.04622875642360284
000504.XSHE,-0.010417510528996293
300381.XSHE,0.0036544047644775177
603893.XSHG,0.02932747879196416
603212.XSHG,0.0006894763995151064
600794.XSHG,-0.0012650564783955234
300293.XSHE,0.0439289516973826
600156.XSHG,-0.014964803388143023
002837.XSHE,0.01640051599287045
300629.XSHE,0.006768289838054569
600419.XSHG,-0.002244341719395455
002029.XSHE,-0.0028410862864698995
600029.XSHG,0.007128145871869246
000667.XSHE,0.005050368375494208
603817.XSHG,-0.01702159978983957
000166.XSHE,0.008832235132712491
002956.XSHE,0.023506241184967178
300868.XSHE,0.024008051627024046
600225.XSHG,-0.021879165131933047
601138.XSHG,0.010032235132712484
002655.XSHE,-0.010752912468573982
002912.XSHE,0.0793704295232664
601677.XSHG,-0.004818303046882726
002791.XSHE,0.0801111971402202
603089.XSHG,-0.005037909132881777
000997.XSHE,0.07522606902093852
601166.XSHG,0.039332235132712584
603730.XSHG,0.019616611879423883
300009.XSHE,0.06325017051411749
000558.XSHE,-0.013094237919122105
600729.XSHG,0.03380262304217128
603886.XSHG,-0.010386601108889951
300035.XSHE,0.04049601366103366
688025.XSHG,0.006304226183792942
603648.XSHG,-0.013522174210400566
600366.XSHG,0.018840314751146267
002899.XSHE,-0.016308090741089524
000973.XSHE,-0.011932147729087428
000513.XSHE,0.14075375085313785
605136.XSHG,0.020925458846176935
002441.XSHE,0.01793645507626161
300722.XSHE,0.08871771363143269
002236.XSHE,0.7109171304672216
002216.XSHE,0.22584673364939642
600858.XSHG,-0.005148833477593328
002243.XSHE,-0.0021400930085037437
300813.XSHE,0.07033048713697049
600933.XSHG,-0.0021914735290863635
600798.XSHG,-0.01418060106804505
000408.XSHE,0.007205330527063492
000705.XSHE,-0.011692375597060004
300757.XSHE,0.010662137652454884
600148.XSHG,-0.003009080820241053
600165.XSHG,0.006595680692036284
300598.XSHE,0.03566392504771476
002126.XSHE,0.01833656987107324
300360.XSHE,0.060176073164015347
600271.XSHG,0.04000739474745085
600784.XSHG,-0.007133150665698425
300389.XSHE,-0.0022495257343951598
000668.XSHE,0.008340655856241639
002408.XSHE,0.01664720042671881
603378.XSHG,0.036388391457724226
603766.XSHG,-0.006565749265889963
000903.XSHE,0.015828184283197464
601009.XSHG,0.02486618728686425
002285.XSHE,0.03494008143934546
000819.XSHE,-0.010641891207983475
603011.XSHG,-0.017080595515879288
600956.XSHG,0.00046147636262620136
601231.XSHG,0.02157267114583045
300438.XSHE,0.0539415560978917
600307.XSHG,-0.009439291208944356
688466.XSHG,-0.003411398357796991
300012.XSHE,0.17839217536767255
603868.XSHG,0.025144683351518458
605222.XSHG,-0.0008393096185696156
600519.XSHG,0.7395680932176832
603922.XSHG,-0.012053652195125669
600936.XSHG,-0.012322528857368535
688310.XSHG,-0.0037796739768953744
300475.XSHE,0.0004748994461082068
688021.XSHG,0.0029385042322292738
300549.XSHE,0.006841725887333502
000639.XSHE,0.005489481874820578
603489.XSHG,0.10892758164064563
300284.XSHE,0.004298438538051865
002678.XSHE,-0.005935266381789539
600882.XSHG,0.045099383508134284
603718.XSHG,0.012142466378823526
603803.XSHG,-0.011931192262226295
002157.XSHE,0.115498909429183
300899.XSHE,0.03433103866079034
601086.XSHG,-0.016763610118700326
300721.XSHE,0.001801877986705041
000587.XSHE,-0.008339844028395136
000570.XSHE,-0.01334090599658458
300735.XSHE,0.0005206769478951091
002446.XSHE,-0.005701302588948954
300294.XSHE,0.07532467918208507
600919.XSHG,0.006148322191425059
002548.XSHE,-0.0004302431856647755
002483.XSHE,1.7243230681189547e-06
600319.XSHG,-0.02185637854714033
002698.XSHE,0.0009603367226520398
002648.XSHE,0.039737103519625346
002056.XSHE,0.03041028609801484
002783.XSHE,-0.002265060661734916
600546.XSHG,0.02584109928665539
600070.XSHG,0.034595197177691314
300450.XSHE,0.7338748666823761
600827.XSHG,0.051837860210115494
002234.XSHE,-0.0016647253357215865
300600.XSHE,0.004684474347003472
603357.XSHG,-0.012560116883193143
600547.XSHG,0.11133837666781286
002821.XSHE,0.31333518513421793
300002.XSHE,0.011162459820897181
600909.XSHG,-9.993831495889744e-06
688500.XSHG,-0.005230077348981463
603299.XSHG,-0.013018403996045293
002545.XSHE,0.0007256220952632508
002419.XSHE,-0.0016551576595949247
600482.XSHG,0.008507398703874139
600355.XSHG,-0.01968740009760108
300423.XSHE,0.01710722107111648
002415.XSHE,0.7395680932176832
002727.XSHE,0.02797390085022205
300061.XSHE,0.002807729612302386
300430.XSHE,-0.0024853744459274324
600353.XSHG,-0.008029556711609575
688088.XSHG,0.043652948442361075
002781.XSHE,-0.003647527089606549
002635.XSHE,0.011997763398909188
002318.XSHE,0.01182593475145168
600312.XSHG,2.6389359392614553e-05
688029.XSHG,0.08576777704033368
002505.XSHE,0.0037472199013939824
002819.XSHE,0.010088995469102321
000568.XSHE,0.7395680932176832
002851.XSHE,0.040094095198766354
002010.XSHE,0.001979450923962513
603779.XSHG,-0.017270163890325298
000099.XSHE,-0.007360552320235284
300233.XSHE,0.006864023636196535
601456.XSHG,0.005845131342243721
300007.XSHE,0.03498977863212041
002177.XSHE,0.0020215875289385093
603178.XSHG,-0.016158023683206384
603685.XSHG,-0.010383674461622331
002893.XSHE,-0.015664893229309227
300696.XSHE,0.1673083166634067
601118.XSHG,-0.0013352948306964581
002115.XSHE,-0.005533587014069856
603063.XSHG,-0.005376540790466081
300190.XSHE,0.01868706270368887
002352.XSHE,0.1816322351327122
002670.XSHE,0.0036597902971656944
000889.XSHE,-0.0041309807052562885
600513.XSHG,-0.007037819976128651
002296.XSHE,-0.010163366763952962
603183.XSHG,-0.011872728054638692
603002.XSHG,-0.01608824426857679
000887.XSHE,0.08552678949973094
600006.XSHG,0.0029406099127035554
603300.XSHG,-0.00875903049571555
000672.XSHE,0.05204837878546244
603358.XSHG,-0.004608238318203256
300251.XSHE,0.19518200542963113
000710.XSHE,0.0920544902722485
300401.XSHE,0.0088957257279099
603083.XSHG,-0.004475134064534496
600698.XSHG,-0.013557103209272375
600171.XSHG,-0.0010873390823138065
603366.XSHG,-0.011022692033259375
300705.XSHE,0.0013119939146415162
603228.XSHG,0.029328806707865626
002800.XSHE,-0.013216433273135866
002650.XSHE,0.009897725057111636
600139.XSHG,-0.010323986175004345
002657.XSHE,-0.006189604286032038
600025.XSHG,0.004294379636628866
601000.XSHG,-0.005719892954072961
688561.XSHG,0.03735061576718997
002743.XSHE,-0.012626932373807489
002772.XSHE,-0.010004041721562724
605123.XSHG,0.02498071957770462
600277.XSHG,-0.008306004000933027
688357.XSHG,0.013231077229503993
603110.XSHG,-0.005271281237446416
600329.XSHG,0.00409234272323826
300260.XSHE,0.03358855151166085
002920.XSHE,0.034790365610029204
300526.XSHE,0.19936056311346098
000032.XSHE,0.012542793107577282
601991.XSHG,0.000722913929622626
600458.XSHG,-0.00565631913126032
002897.XSHE,0.0021171595200159214
300706.XSHE,-0.0019142289273195098
600520.XSHG,-0.018370870069636565
002724.XSHE,-0.00467716085445353
300184.XSHE,0.012283113645134984
603996.XSHG,-0.023538920059199678
300115.XSHE,0.0955092585151997
002824.XSHE,-0.00776526172192629
300056.XSHE,0.004006485070407115
601390.XSHG,0.008232235132712495
002860.XSHE,-0.012265954359364895
603877.XSHG,0.043854023721842286
300492.XSHE,0.011314188217511453
300129.XSHE,0.015028353541946572
002019.XSHE,0.12174247398789348
600287.XSHG,-0.013432938120538793
600618.XSHG,0.01427930357009987
688080.XSHG,-0.002362290646337993
601311.XSHG,-0.0011264255015595807
300377.XSHE,0.03915264536795728
000761.XSHE,-0.006972054126936977
000811.XSHE,0.007995811916429268
600053.XSHG,0.008450255560726544
688168.XSHG,0.003085473250330874
002200.XSHE,-0.023033861943343246
002801.XSHE,0.006134281389977134
300203.XSHE,-0.0066693273210901224
600369.XSHG,0.003360983262831932
603533.XSHG,0.010651601886253354
688050.XSHG,0.05226474191169386
600854.XSHG,-0.014806349981110536
601997.XSHG,0.0013559389157642883
002571.XSHE,-0.004884940758348418
600975.XSHG,-4.535545656158581e-05
600210.XSHG,-0.007894213726750074
002614.XSHE,0.02269972933092631
600759.XSHG,-0.013928737717530714
000908.XSHE,-0.009755616300819423
002675.XSHE,0.025084817435807642
603960.XSHG,0.05876395783368165
688300.XSHG,0.009069689946770515
002736.XSHE,0.011132235132712495
300149.XSHE,0.04817968210566374
002986.XSHE,-0.005013322602810998
600706.XSHG,-0.012453649457472975
601555.XSHG,0.004189402764678854
601998.XSHG,0.009032235132712486
600247.XSHG,-0.025928809687093837
002940.XSHE,0.012061408272626042
600699.XSHG,0.033125845217726844
300533.XSHE,0.003539916740907652
002728.XSHE,-0.011823933760641565
603722.XSHG,0.015655623895230265
603068.XSHG,0.016137173655535266
601952.XSHG,0.0002235720279663402
002104.XSHE,0.0030979906241869505
300815.XSHE,0.042420094387571425
600508.XSHG,-0.008053634239332641
688598.XSHG,0.06833662821823866
601398.XSHG,0.008032235132712508
002094.XSHE,-0.014006171971380984
603269.XSHG,-0.018235527238497688
603385.XSHG,-0.008364352886681213
688202.XSHG,0.06423880266579665
300467.XSHE,0.013175682532265809
300008.XSHE,0.03693853587995085
002579.XSHE,0.000827065182948403
600866.XSHG,0.006578929444792093
600293.XSHG,-0.016749930134933477
300693.XSHE,0.01890021870121348
002183.XSHE,0.005793810687708513
300530.XSHE,0.022226042925382744
002885.XSHE,-0.002370801222027758
603987.XSHG,-0.0019179398026549707
600999.XSHG,0.03063223513271247
600755.XSHG,0.013060904829773883
300153.XSHE,0.050589233344879386
002327.XSHE,0.014025592654501906
002588.XSHE,-0.0035402167043515707
300850.XSHE,0.05560631238959195
002195.XSHE,0.002464713916619123
002251.XSHE,0.018199479282102995
300878.XSHE,0.015518612346871056
600316.XSHG,0.05672432590394353
603316.XSHG,-0.02043730755537994
300682.XSHE,0.00381168757555722
000888.XSHE,-0.012672689105288275
600732.XSHG,0.02065436338491568
002975.XSHE,0.06851073134742262
002228.XSHE,0.022378887834649214
300578.XSHE,0.021088745039642233
603717.XSHG,-0.019049335251507635
000488.XSHE,0.0029556773783078177
002118.XSHE,-0.0051440937238116345
300775.XSHE,0.018479401020336413
002290.XSHE,-0.01590078583480485
688286.XSHG,0.05402145143679297
600885.XSHG,0.11361631177691839
002403.XSHE,-0.012211915192466172
300602.XSHE,0.04411516681169465
000030.XSHE,0.0011619589619769766
300500.XSHE,0.01026192251969837
300660.XSHE,0.006912507934797623
300592.XSHE,-0.011086947923536483
600377.XSHG,0.003356094713165936
002943.XSHE,-0.012222379834568052
300005.XSHE,0.020196131724190755
002005.XSHE,-0.01657227070904503
002740.XSHE,-0.014015529001866926
002653.XSHE,0.026517158154854385
000046.XSHE,0.04000231114725624
600167.XSHG,0.010927789394913016
600767.XSHG,-0.02155636340952516
300468.XSHE,0.019918197830190804
601212.XSHG,-0.0046189367259383265
603506.XSHG,0.004402669670122421
300715.XSHE,0.05334363073819748
002932.XSHE,0.02530662953289629
000625.XSHE,0.08614870886675122
603123.XSHG,-0.011629741946107783
300038.XSHE,0.010386309362068972
600333.XSHG,-0.012921629153740597
600232.XSHG,-0.015857238390088544
600285.XSHG,0.0021350518492561574
000599.XSHE,-0.00524650376699104
603058.XSHG,-0.014050161774131546
300821.XSHE,-0.0008700038290590986
600317.XSHG,-0.0028527018961287697
600900.XSHG,0.017332235132712488
000048.XSHE,0.0924424271256967
603115.XSHG,-0.014306187489632883
002652.XSHE,-0.012391874434363308
002317.XSHE,0.047512878788095535
000739.XSHE,0.1279364187181734
603860.XSHG,-0.016392075037057557
002868.XSHE,-0.01362530382104328
600303.XSHG,-0.006267797664248918
002156.XSHE,0.02817861375083931
300888.XSHE,0.06684590225901964
002508.XSHE,0.054258186240549955
000657.XSHE,-0.007064367263022857
600077.XSHG,-0.00745171919913129
000610.XSHE,-0.014256163033747025
000421.XSHE,0.0047607032352250354
002543.XSHE,-0.007967908195196084
603200.XSHG,-0.009213163537064042
002066.XSHE,-0.011336441549048242
002152.XSHE,0.04344310789753026
000829.XSHE,0.01421563678416681
002513.XSHE,-0.02009321056688782
600671.XSHG,-0.01721759717867752
000544.XSHE,-0.005597879112379855
601985.XSHG,0.0036996672615835363
600422.XSHG,0.0042818196571107105
002682.XSHE,-0.01806070781386048
600500.XSHG,0.007396331492416017
300037.XSHE,0.20131299365976743
300633.XSHE,0.0028529460816802948
603703.XSHG,-0.012146312142193291
300763.XSHE,0.1866995193733638
000422.XSHE,-0.011280851270589056
002500.XSHE,-0.0008390680864809046
300653.XSHE,0.017806926063279844
603069.XSHG,0.00030606682788453243
600733.XSHG,0.020449124521676916
000055.XSHE,-0.004234087569213644
600370.XSHG,-0.00586234693659891
600850.XSHG,0.028893820576934275
300832.XSHE,0.15347868297908496
600780.XSHG,-0.0128996843829076
000899.XSHE,-0.011460070555353537
002411.XSHE,-0.001210183710495331
603016.XSHG,-0.01074746950371474
300654.XSHE,0.007668823102304996
600093.XSHG,0.015316458973395557
601016.XSHG,-0.006006383447825851
002810.XSHE,0.01382140830410317
600743.XSHG,-0.0014649202325295648
002196.XSHE,-0.007554525122449571
300207.XSHE,0.12389373994424585
601882.XSHG,-0.006596848334414806
601500.XSHG,-0.012756704360899823
300022.XSHE,-0.006672285923520508
603439.XSHG,-0.0002665833207236897
688569.XSHG,-0.010032642578344797
600363.XSHG,0.0247179839162047
000993.XSHE,-0.016544015675055035
603937.XSHG,-0.01838674770147897
002831.XSHE,0.02495122221244443
603336.XSHG,-0.010393711575863853
688157.XSHG,0.04409168964270279
000996.XSHE,-0.009073350248725978
300395.XSHE,0.10443102831773231
000878.XSHE,0.0022582459565416097
300618.XSHE,0.05405710548209863
300686.XSHE,-0.0013165023439959261
603607.XSHG,-0.010456392542845243
603696.XSHG,-0.009277868175675046
300487.XSHE,0.07490062432052233
600234.XSHG,-0.015593378533670939
603818.XSHG,-0.003109506441252838
688388.XSHG,0.020820556677777935
002076.XSHE,-0.016731510551105597
600962.XSHG,-0.016450891307681004
600159.XSHG,-0.018145104192632485
300437.XSHE,-0.002629981194375979
000876.XSHE,0.3114252502611057
000708.XSHE,0.022557557202330793
603189.XSHG,-0.006499197215915832
002429.XSHE,0.018829748709714524
601606.XSHG,-0.005153066739763825
000833.XSHE,-0.015955129668185054
300826.XSHE,0.013646613221893766
300745.XSHE,0.00598120712166831
000632.XSHE,-0.017524746364420897
688408.XSHG,0.1282655894315399
601678.XSHG,0.0016150520937433
300412.XSHE,0.04313819469433036
002984.XSHE,-0.0036439943703915757
300429.XSHE,0.03556373357297288
300806.XSHE,0.0060730423724353905
603345.XSHG,0.09633190763902082
688077.XSHG,-0.004192480575841293
002445.XSHE,-0.014240084264852966
300612.XSHE,0.14101942274369017
300316.XSHE,0.09828658383384546
600809.XSHG,0.6189322351327118
300269.XSHE,0.0047710454002495815
002937.XSHE,-0.01163066028994195
300079.XSHE,0.008875529553042164
002612.XSHE,-0.011257176313416075
600095.XSHG,0.024273500559827684
601169.XSHG,0.00939616360615797
603187.XSHG,0.03375739280400446
603055.XSHG,-0.00800735321783316
600662.XSHG,0.14316371128378486
600085.XSHG,0.04714960431017953
003011.XSHE,0.016597439784780246
300066.XSHE,0.07882548120856066
300885.XSHE,0.08971592038023071
300556.XSHE,0.005408300457076808
002542.XSHE,0.00017200946437053756
601233.XSHG,0.015312079272356706
000503.XSHE,0.012226626704477038
002342.XSHE,-0.01668196405373401
000929.XSHE,-0.012999599032522057
002603.XSHE,0.016362232291842985
002151.XSHE,0.15824941253166117
300323.XSHE,-0.0010415455315824183
300116.XSHE,0.00770019641569002
600857.XSHG,-0.016862578733182396
002936.XSHE,-0.002915326796100539
300460.XSHE,-0.0057833524469006765
603223.XSHG,-0.0027589403507728913
002057.XSHE,-0.007149801267556594
600870.XSHG,-0.008933443697155805
300673.XSHE,0.0176108577772583
601038.XSHG,0.002572553686561516
601218.XSHG,-0.012176132664085418
000550.XSHE,0.010025754842203211
601969.XSHG,-0.006775948110335628
000806.XSHE,-0.016018258168394597
002338.XSHE,0.012413209015775351
002375.XSHE,0.04321701118162861
300340.XSHE,0.011800763377236654
603595.XSHG,0.019349669270895705
002763.XSHE,-0.010156002672369227
000659.XSHE,-0.009458952143182446
300163.XSHE,-0.0018642638836488395
300236.XSHE,0.028476235047940238
000978.XSHE,-0.018355128756855757
600180.XSHG,-0.011283767571133797
000698.XSHE,-0.00476054486488575
603778.XSHG,-0.012390187076936707
600388.XSHG,0.01173507216206525
603931.XSHG,-0.0018277097540787511
002023.XSHE,0.034597611254154545
600841.XSHG,0.00044475310679178287
300873.XSHE,0.016229823713377115
002265.XSHE,-0.013695640234798218
000678.XSHE,-0.014420719407166193
600249.XSHG,-0.014582089345324394
603676.XSHG,-0.013685737613294887
603919.XSHG,0.05662549307783064
300554.XSHE,0.010487862219427713
603076.XSHG,0.008674115748732895
300472.XSHE,-0.002925263122229755
600410.XSHG,0.018464796986849115
002502.XSHE,-0.018159429040311665
300319.XSHE,0.006773257124555317
002349.XSHE,-0.006716081056379376
002965.XSHE,-0.006855496715115439
600373.XSHG,-0.0004167312418764573
601928.XSHG,-0.0035086766429540074
002343.XSHE,-0.00992477983480098
000010.XSHE,0.001527911560884259
002191.XSHE,0.009937774779204987
600634.XSHG,-0.02582595644774635
688278.XSHG,0.02777933422963195
002735.XSHE,0.03431754832544205
603871.XSHG,0.025929576705982817
601992.XSHG,-0.0011448010377035347
002999.XSHE,-0.014396866593984281
603939.XSHG,0.10820527918141533
300662.XSHE,0.01371923401026579
600543.XSHG,-0.01272253760834894
600610.XSHG,0.08742588400969163
600723.XSHG,0.004881357670680642
603809.XSHG,0.023068556243263615
300400.XSHE,0.008192974575970407
002163.XSHE,0.06774259197419037
300179.XSHE,0.10362111496886929
600376.XSHG,0.00614185270513568
002473.XSHE,-0.019885225803763736
600258.XSHG,0.010425407877500851
300720.XSHE,0.02078744800652396
600195.XSHG,0.022408048281818478
002458.XSHE,0.009504731229717352
300158.XSHE,0.001570253186139653
603330.XSHG,0.011914331688146138
603598.XSHG,0.007629972813037924
600573.XSHG,-0.00993782644328869
000936.XSHE,0.002283804456250182
000953.XSHE,-0.014238785789712795
002268.XSHE,0.019764117510646165
300712.XSHE,0.017523164809250178
688566.XSHG,0.0007189873066480654
600539.XSHG,-0.019839947488294294
600119.XSHG,-0.013552722897015779
002331.XSHE,0.027020538037571776
600371.XSHG,-0.0033094258817596128
300013.XSHE,0.0027970085310775085
002839.XSHE,-0.007379261890426554
300743.XSHE,0.004388349309559121
688126.XSHG,0.018845281510619233
603050.XSHG,-0.005257116293647984
000545.XSHE,-0.015602048859520842
603530.XSHG,-0.001039348187283299
300583.XSHE,-0.0022571041974619767
002091.XSHE,0.005832019765710156
300258.XSHE,0.04078504321539865
600110.XSHG,0.034579588992487385
000636.XSHE,0.21179704261634
300738.XSHE,0.04233398296007458
600375.XSHG,-0.007416123885292761
600829.XSHG,-0.0034921940115438324
002549.XSHE,0.005227637473409595
601021.XSHG,0.025431623585459685
688060.XSHG,0.03125088901286607
603927.XSHG,0.0006907417849119236
688098.XSHG,0.0002669914397747334
000564.XSHE,-0.0017363062108465815
002124.XSHE,0.052096210234109194
002699.XSHE,0.0035113724818276945
603690.XSHG,0.0022673978935526234
600971.XSHG,-0.004581473234095414
601137.XSHG,0.008932377761548578
688208.XSHG,0.05979686582538106
300298.XSHE,0.10934378379794632
688556.XSHG,0.010310517429771793
600818.XSHG,-0.011464971658702597
300219.XSHE,0.01021582354121204
300312.XSHE,0.006768593593206754
600488.XSHG,-0.0043068233756486645
000404.XSHE,-0.015707320204950102
600623.XSHG,0.020240177670811467
002536.XSHE,-0.012002974201207446
600297.XSHG,0.021085201754117894
000011.XSHE,0.018297017966471086
300446.XSHE,0.01633962218690326
300601.XSHE,0.20603097971340187
600816.XSHG,0.00023168550474677273
688093.XSHG,-0.005832516679201597
300221.XSHE,-0.001874031170615303
600318.XSHG,-0.005882364344128409
002950.XSHE,0.0020823256912247965
003008.XSHE,-0.0008747375768427372
002845.XSHE,0.01715695980083863
600362.XSHG,0.007517983616093149
000679.XSHE,-0.010643477846828448
603768.XSHG,-0.011410648818879742
600490.XSHG,-0.0001922744941767491
600563.XSHG,0.10100574268672788
002656.XSHE,-0.021248964628790702
600335.XSHG,0.007201619344286713
300541.XSHE,0.013509726507627816
002852.XSHE,0.010375968412150124
002116.XSHE,-0.011432763686595761
000883.XSHE,0.0014881076347442856
603313.XSHG,0.009581682499915277
002457.XSHE,-0.014611912758589866
300825.XSHE,-0.001809915632683427
000338.XSHE,0.09203223513271241
000680.XSHE,-0.011407023293929732
300279.XSHE,0.009439738731177975
000595.XSHE,-0.018872524410515255
002084.XSHE,-0.006332188351040638
002324.XSHE,0.009862847180636666
603716.XSHG,-0.007421656006905062
605369.XSHG,0.031025765565897985
601929.XSHG,-0.011967602536860114
300853.XSHE,0.04585162402172094
002636.XSHE,-0.009019320132919291
300283.XSHE,0.04766607043148334
688026.XSHG,0.02432565914142998
002469.XSHE,-0.00937251368315566
601799.XSHG,0.1051851360284635
600585.XSHG,0.07843223513271255
002805.XSHE,-0.01372657803061597
002320.XSHE,0.016519610111953027
600696.XSHG,-0.012649930134933467
300112.XSHE,0.02694351343264918
002778.XSHE,-0.0030538248027453113
603823.XSHG,-0.010479521755280266
003007.XSHE,-0.005840151816830884
600898.XSHG,-0.018657649865339656
000019.XSHE,-0.0005489927702563187
002607.XSHE,0.13173223513271268
000877.XSHE,0.04540490429483415
300552.XSHE,0.02438690181161854
603701.XSHG,-0.008959066099860304
688069.XSHG,0.02245580479633323
300445.XSHE,0.04402655146656871
002538.XSHE,-0.010146834148391536
000089.XSHE,0.012049322536774319
002487.XSHE,0.03205387484543276
600687.XSHG,-0.01655161688480717
603109.XSHG,-0.0002060190653527024
000868.XSHE,-0.011269597836443141
600405.XSHG,0.026282752604202674
600016.XSHG,0.03163223513271249
002962.XSHE,-0.009492081119915865
002921.XSHE,-0.012131909168897219
603363.XSHG,0.004084724245771061
300534.XSHE,-0.00031352723878887157
300632.XSHE,0.027335127540996866
600011.XSHG,0.020253043535581453
002875.XSHE,-0.01766399725152363
300405.XSHE,-0.002302827077925885
000035.XSHE,-0.0036231774471231666
603059.XSHG,0.0010459478182563535
688580.XSHG,0.05386764132516027
300266.XSHE,0.006271592056316909
000729.XSHE,0.045964848793658857
600650.XSHG,-0.006108344819531658
300165.XSHE,0.004901407176099038
600773.XSHG,-0.00669526192615085
600892.XSHG,-0.01772952963152907
603578.XSHG,-0.01043908148196262
002454.XSHE,-0.00784795088795975
000782.XSHE,-0.01835103143311011
000722.XSHE,-0.013289873582614496
300570.XSHE,0.0052126737714809565
603683.XSHG,-0.012133827100471907
600526.XSHG,-0.01573712596986382
603920.XSHG,-0.0045447115039785714
000987.XSHE,0.051252240744167774
601699.XSHG,-0.0018304798426711862
300674.XSHE,0.015455785629099321
002708.XSHE,-0.013573297530586776
300152.XSHE,-0.009062265238860242
002340.XSHE,0.017376843246322497
601778.XSHG,-0.0036601582627550327
300843.XSHE,0.007729155037729529
000985.XSHE,-0.010675745458066653
002377.XSHE,-0.0124242347012807
300386.XSHE,0.08609357547272406
002817.XSHE,-0.009165751019017888
002718.XSHE,0.00010738911109510474
600350.XSHG,0.0010674042106566996
002534.XSHE,0.003262237917204286
600416.XSHG,0.02039967821219448
002028.XSHE,0.09109461378289893
300224.XSHE,0.01348934433698843
601003.XSHG,-0.0059763417835143355
601155.XSHG,0.019546684053211468
600199.XSHG,0.0022251857432270174
000656.XSHE,0.025129188515439334
601975.XSHG,-0.007237140419400972
603268.XSHG,-0.008966167742658312
603739.XSHG,-0.005901632743433253
600570.XSHG,0.7380414338736302
605288.XSHG,0.017039470730226422
688017.XSHG,0.03961830790730567
688181.XSHG,0.005682187845951387
002853.XSHE,0.027733273508753157
002123.XSHE,0.033559105722629406
600007.XSHG,-0.005450642166522137
002760.XSHE,-0.015238684994270862
002406.XSHE,-0.005629612851814748
300515.XSHE,-0.001159085497675242
000967.XSHE,0.014646226400176548
603105.XSHG,-0.010166292726807444
300094.XSHE,-0.008877440724674977
600644.XSHG,-0.00902384566893849
300092.XSHE,-0.0009850305995146684
002287.XSHE,0.016485652555691288
600822.XSHG,-0.004065627323170017
300591.XSHE,-0.006120507392699134
002110.XSHE,-0.005381137296864341
002668.XSHE,0.0003380603516479463
300886.XSHE,0.030685823790819806
300783.XSHE,0.029501291323567106
603997.XSHG,-0.006329997927733664
002566.XSHE,-0.015024975189105932
300690.XSHE,0.14541471387635654
002101.XSHE,0.001999137335209074
000791.XSHE,-0.013180708176926282
002022.XSHE,0.040650714352006914
300657.XSHE,0.0034867821490542784
300228.XSHE,0.0029217983246349714
600268.XSHG,0.012360329417358274
688330.XSHG,0.0140528646840532
600879.XSHG,0.02737206811897708
000666.XSHE,-0.011263163877438217
300210.XSHE,-0.0007832145284317436
600686.XSHG,0.007820796606794656
000150.XSHE,-0.01601218760733811
601798.XSHG,-0.015093885325393689
000898.XSHE,-0.002261260776037417
600292.XSHG,-0.011145548300129902
603633.XSHG,-0.010751329482375897
600436.XSHG,0.7395680932176832
002356.XSHE,-0.02734656402100491
300064.XSHE,0.015608480750626888
600403.XSHG,-0.0076100408474134955
600735.XSHG,-0.011672436622588577
300736.XSHE,0.0024242880891737935
002803.XSHE,0.04230125830701919
603977.XSHG,-0.0121346161194321
000616.XSHE,0.043000317747192346
002020.XSHE,0.012883957666054931
688366.XSHG,0.053211706669595724
603501.XSHG,0.09333223513271235
300801.XSHE,0.027638087966085877
600633.XSHG,0.010358893481246271
600257.XSHG,-0.0046735095450538625
002259.XSHE,-0.013851344012438194
000049.XSHE,0.06152704837273097
605108.XSHG,-0.011094371577391314
605158.XSHG,-0.011954223647453015
000932.XSHE,0.0004825526163909099
002475.XSHE,0.7395680932176832
600389.XSHG,-0.00038108344047973336
000637.XSHE,-0.011408291266923378
603021.XSHG,-0.015566688456890512
300469.XSHE,0.0630444409044356
601877.XSHG,0.020962458151959174
603056.XSHG,-2.433868820761638e-05
605166.XSHG,-0.01433994588888698
600903.XSHG,-0.003741088109128446
688399.XSHG,0.10900337220045173
002651.XSHE,0.028849497882046667
002959.XSHE,0.06870875118911957
300330.XSHE,-0.00968656056379707
002529.XSHE,-0.020408702057761366
603681.XSHG,-0.011897592094250144
000023.XSHE,-0.010132341030152823
000063.XSHE,0.13853223513271332
601595.XSHG,-0.008873412702370381
002812.XSHE,0.178733201096352
600812.XSHG,0.01384769573347321
300503.XSHE,0.01964380326895674
600777.XSHG,-0.002771031869371403
300326.XSHE,0.06292916203924666
000759.XSHE,-0.006693825075044601
600071.XSHG,-0.006059676959035141
300710.XSHE,-0.004819118391979597
002929.XSHE,-0.0031581875398455934
601001.XSHG,-0.0055563268135259076
600826.XSHG,-0.003645737187274947
600468.XSHG,-0.002572772783070979
601005.XSHG,-0.007514918746580184
605111.XSHG,-0.009073021993760545
600146.XSHG,-0.026079541691117335
300393.XSHE,0.02532943992942424
600801.XSHG,0.06629674319824783
688101.XSHG,-0.00755105478368347
002633.XSHE,-0.018825956597802163
002666.XSHE,-0.004883751749105478
603713.XSHG,0.06913516215695205
002258.XSHE,0.01629042790995299
300893.XSHE,0.041703650394405545
002451.XSHE,-0.009793977600436175
002465.XSHE,0.008306935575533778
002707.XSHE,0.012212048078467371
300244.XSHE,0.1654487255232488
600418.XSHG,0.020789937017118912
600281.XSHG,-0.018260056255872178
600883.XSHG,-0.011464219382132665
603878.XSHG,-0.011748871361893773
002815.XSHE,-7.372018336492241e-05
601236.XSHG,0.00837839428468755
601368.XSHG,-0.013905561642898726
300397.XSHE,0.022052429627647835
000715.XSHE,-0.011349249593680867
000635.XSHE,-0.006013259464753439
002971.XSHE,-0.011927436731653933
688179.XSHG,0.05197688279956107
000008.XSHE,-0.003260764788534584
000735.XSHE,0.012354458320750678
300749.XSHE,-0.004525590308480416
002131.XSHE,0.021571043731311676
600505.XSHG,-0.01258447489235533
002169.XSHE,0.02271301236950448
600039.XSHG,0.005973710821166812
002911.XSHE,-0.005330460217940219
603608.XSHG,-0.010827520563157285
300532.XSHE,0.00361637802960078
300752.XSHE,0.0014966526653389933
300046.XSHE,0.04127744702711991
603667.XSHG,-0.012896103590054699
002917.XSHE,-3.819174075595996e-05
600497.XSHG,0.014039108097216393
002119.XSHE,-0.006931761815034647
300245.XSHE,0.006358605240681204
002054.XSHE,-0.012704836600129936
300232.XSHE,0.025518023853744888
002224.XSHE,-0.002931950321542965
601163.XSHG,-0.00015135846197534674
600230.XSHG,-0.005177298926643075
603393.XSHG,0.00818752050677962
000926.XSHE,-0.01118987274448071
002016.XSHE,-0.004123579490645481
002280.XSHE,-0.011159242206406168
600744.XSHG,-0.00976541089844739
002182.XSHE,-0.003254628959320662
002112.XSHE,-0.004708418307976959
000839.XSHE,0.005479765252753833
002527.XSHE,-0.011969799046690256
002202.XSHE,0.05948329911387895
603926.XSHG,-0.011924231659851547
603458.XSHG,-0.012168190956790854
601333.XSHG,-0.005800477431486547
601298.XSHG,-0.00021918913177767965
601811.XSHG,-0.003671466925776797
300540.XSHE,-0.005849940024159282
600050.XSHG,0.007732235132712496
600125.XSHG,-0.004043201852505181
300406.XSHE,0.019522365674147963
600726.XSHG,-0.013258571781295529
603966.XSHG,-0.005261084446240287
300270.XSHE,0.02992995714106536
600115.XSHG,0.005647388709975736
002198.XSHE,-0.008828800097979601
300516.XSHE,0.07220328578135153
600331.XSHG,-0.00955800861878672
600716.XSHG,-0.014170080970151261
002438.XSHE,0.040611278380461815
603283.XSHG,0.013566147115078402
300178.XSHE,-0.0033832664852974613
600781.XSHG,-0.0158450086455799
300356.XSHE,0.003155401383984506
000060.XSHE,0.019496154624596695
002619.XSHE,-0.012902343029223643
300120.XSHE,0.02064084641965428
002165.XSHE,0.02761880853564498
002246.XSHE,-0.01409130259773439
002582.XSHE,0.007193482663324011
300375.XSHE,0.01862338488661962
000786.XSHE,0.13510968748874638
600527.XSHG,0.0004202076561712984
002705.XSHE,0.060186804214991285
600233.XSHG,0.02033389319943358
603536.XSHG,-0.0014728362285698054
603301.XSHG,0.05404231819049208
002044.XSHE,0.12736514935732626
603380.XSHG,-0.0015876449712306177
601696.XSHG,0.022875436370335116
300054.XSHE,0.07087485441389953
300142.XSHE,0.2320533979556338
600808.XSHG,-0.004382118855616392
603983.XSHG,0.026350639955897124
300568.XSHE,0.07584272312172295
601518.XSHG,-0.017071222509644348
002556.XSHE,0.015551695530122228
300137.XSHE,0.009807916369347486
603738.XSHG,0.008425508288641234
688599.XSHG,0.003675850048881604
002062.XSHE,-0.00414416127578957
688377.XSHG,-0.011349091285542635
000555.XSHE,0.020404149811303923
300521.XSHE,0.0001913848188359324
300399.XSHE,0.029942332032476378
600275.XSHG,-0.018134398098967008
300075.XSHE,0.010440099695250211
300143.XSHE,0.06468085095581808
300453.XSHE,0.008841054704614205
600824.XSHG,0.0005998197027850122
002185.XSHE,0.043078138756893855
002665.XSHE,0.0012289853214833418
002745.XSHE,0.0040402248367846505
000403.XSHE,0.04645416764997388
600155.XSHG,0.010104370573086581
300553.XSHE,0.0017896641410850844
300208.XSHE,0.16148553715332672
002963.XSHE,-0.012803470799927972
601567.XSHG,0.0018366498230136617
002102.XSHE,-0.011906700671655208
002758.XSHE,0.0029132657635333944
300087.XSHE,0.06472908763947224
600742.XSHG,0.11032233760221295
600853.XSHG,-0.01740656640583315
600875.XSHG,0.00709967981160177
002229.XSHE,-0.002748972157335732
002339.XSHE,0.010443510618136084
603008.XSHG,-0.005968092518364904
000156.XSHE,-0.003992677599084175
000983.XSHE,0.00524731689413332
601828.XSHG,0.001115094926321503
603288.XSHG,0.2835322351327122
000777.XSHE,-0.0017454233891762289
002996.XSHE,-0.011128586257189122
603800.XSHG,-0.017822582186725444
603444.XSHG,0.38156776365218165
600206.XSHG,0.009797405022434057
688266.XSHG,0.03382632272240876
600783.XSHG,0.007195563467013059
603629.XSHG,-0.008742807648633916
600498.XSHG,0.011835081978095503
002302.XSHE,-0.0018767298276669469
600861.XSHG,0.05091262790113837
605100.XSHG,-0.006241634918916394
002230.XSHE,0.1549470257695242
300065.XSHE,0.022464826120169146
300431.XSHE,-0.029804921273431925
603126.XSHG,-0.009001402169285124
002267.XSHE,-0.008914599473176108
688256.XSHG,0.06655430313823155
600787.XSHG,0.011753183426764631
002328.XSHE,-0.012761980043389114
002654.XSHE,-0.0029217472168975907
300197.XSHE,0.040194222389875744
600502.XSHG,-0.004304662696879428
688100.XSHG,0.00856361695550252
300731.XSHE,-0.008259502144455344
000785.XSHE,0.022681890561623945
002547.XSHE,-0.004229870659764042
000818.XSHE,0.004001784650277461
000965.XSHE,-0.015734625704881502
002346.XSHE,-0.009219246267502056
300726.XSHE,0.04469518333570717
002041.XSHE,0.09286445922695906
688258.XSHG,0.0006792812040515295
002583.XSHE,0.002318679064379976
002255.XSHE,-0.010599594541741373
601015.XSHG,-0.013649636038426165
000962.XSHE,-0.012566246856464899
000789.XSHE,0.027470757393930283
600978.XSHG,-0.020795555795741993
300897.XSHE,0.046256846832350464
000681.XSHE,0.01827081893624532
688568.XSHG,0.00472602649580155
600734.XSHG,-0.02040455779862324
002063.XSHE,0.020531828748465264
003012.XSHE,0.0008955144015208097
002205.XSHE,-0.01826053102290147
600823.XSHG,0.05954948533202846
002694.XSHE,-0.018576230494958497
002564.XSHE,-0.013187960215015934
600063.XSHG,-0.0028206688923224
002628.XSHE,-0.015045445451448413
600054.XSHG,-0.0018880194735105445
600259.XSHG,-0.003113371972079753
002240.XSHE,0.008588257341957943
002518.XSHE,0.04490776339012374
600091.XSHG,-0.02180741065733397
600066.XSHG,0.6241231997326468
603067.XSHG,-0.012737126654276999
603898.XSHG,0.012795744364451288
002482.XSHE,-0.009007861608963198
300176.XSHE,0.03497658916055081
603630.XSHG,-0.011693235440008167
601818.XSHG,0.010332235132712503
000930.XSHE,0.011126175826043354
002757.XSHE,0.0009289219528448318
002381.XSHE,0.011391916183567462
300201.XSHE,0.00901020294725989
601011.XSHG,-0.010985004961455951
600246.XSHG,0.059740315666140506
300454.XSHE,0.07087396840586482
002498.XSHE,0.001270263990359624
603318.XSHG,-0.010550151884905724
688028.XSHG,0.007986616843063586
688518.XSHG,-0.01016947596691866
300021.XSHE,0.011549549304555007
601698.XSHG,0.012892554360733386
601399.XSHG,-0.0006349474084970707
600320.XSHG,-0.002730812050395103
600896.XSHG,-0.011097751921270552
002659.XSHE,-0.012341863136048521
601908.XSHG,-0.0016076336187471662
300808.XSHE,-3.963247142509119e-05
688165.XSHG,-0.006092471521084465
600760.XSHG,0.0880369676580607
600273.XSHG,-0.0006890896546582351
300871.XSHE,0.024557880197912378
300543.XSHE,0.0382077762439184
002038.XSHE,0.03025278480897312
600876.XSHG,-0.0054636229724950025
000687.XSHE,-0.02131683196778778
300334.XSHE,-0.011949198625004778
300827.XSHE,0.023152477170593218
300772.XSHE,-0.00199783217698735
603650.XSHG,0.007272523411331166
002775.XSHE,-0.008221787992571407
603661.XSHG,0.03130951183236834
001965.XSHE,0.0008213302590113579
002970.XSHE,0.06458398779122941
688369.XSHG,0.008495046478623319
000002.XSHE,0.46463223513271235
002319.XSHE,-0.006447604457614784
603686.XSHG,0.0520146389458894
002025.XSHE,0.1988129953323705
000609.XSHE,-0.012019355129511244
603991.XSHG,-0.007827675218648675
688007.XSHG,-0.001207546972730773
600579.XSHG,-0.015325266544295665
600506.XSHG,-0.019110711276188984
000650.XSHE,0.02261047049437914
600291.XSHG,-0.003629876288790128
600871.XSHG,-0.0008542910420455017
000725.XSHE,0.01183223513271248
002219.XSHE,-0.002708476882058346
600379.XSHG,-0.0182899724016772
300223.XSHE,0.05652854570476678
603355.XSHG,0.006504976791424898
300025.XSHE,0.004118305089127829
300792.XSHE,0.1433782238803634
300883.XSHE,0.01676608800663961
300436.XSHE,0.0035548645439475862
600248.XSHG,-0.012765980451255788
603708.XSHG,0.01992835734831412
002270.XSHE,-0.010770132546380203
600741.XSHG,0.3678545607192642
603217.XSHG,-0.006351434841794026
600228.XSHG,-0.0065877225661549865
300799.XSHE,0.01023241191634188
002686.XSHE,-0.013184039835949905
000601.XSHE,0.008401032446903073
300188.XSHE,0.08171051104313727
601619.XSHG,-0.011724229602947164
601330.XSHG,-0.00709609156706418
605198.XSHG,0.007763208294764451
000703.XSHE,0.05781081229121745
603516.XSHG,0.01056530682000086
300019.XSHE,0.027606647561884724
603982.XSHG,-0.007972775370667944
002681.XSHE,0.019331368207721897
600215.XSHG,-0.0185532528160606
000158.XSHE,-0.003818396006338394
300664.XSHE,-0.0063984167905506055
000565.XSHE,-0.013322705651992325
603010.XSHG,0.03091616632257494
300668.XSHE,0.025858089697978096
603967.XSHG,-0.014007650509490257
002363.XSHE,-0.01576642167104467
600540.XSHG,-0.01073179802673239
600860.XSHG,-0.020793265338266576
600864.XSHG,0.00800291766937105
300742.XSHE,-0.002430201956158687
603999.XSHG,-0.014955216314201448
603799.XSHG,0.020493772122659747
601939.XSHG,0.009132235132712501
300157.XSHE,0.006276676187203942
300051.XSHE,0.0021044146134408664
300256.XSHE,-0.0005856355990823941
603660.XSHG,-0.012465791867887207
600260.XSHG,0.024626678434426733
600338.XSHG,-0.006401509124445704
300082.XSHE,0.014110806504805862
600643.XSHG,0.003898855719189356
002273.XSHE,0.03809524130223559
300875.XSHE,0.030295991068068972
002004.XSHE,0.0023388925069626823
300043.XSHE,0.037004135354437126
000585.XSHE,-0.020561178701326815
300053.XSHE,0.009128269406666892
300125.XSHE,0.0020910265192211237
603177.XSHG,-0.019710052566627584
601339.XSHG,-0.0007240364556024212
600863.XSHG,-0.0012522908783747138
300859.XSHE,0.019578713020069454
600817.XSHG,-0.0014332141111972792
300230.XSHE,0.024256019167816324
600637.XSHG,0.004861877491154387
600272.XSHG,-0.017987720512915445
002609.XSHE,0.00495940415253201
600926.XSHG,0.02018646729323532
600730.XSHG,-0.013561421598577095
605058.XSHG,0.04592647014580197
002737.XSHE,0.01205838402506633
000955.XSHE,-0.009409181081325617
600711.XSHG,0.03267271747000525
688159.XSHG,-0.006604247953283068
300109.XSHE,0.012025117203059514
300081.XSHE,-0.0016493198064512216
600385.XSHG,-0.023023950651384663
300102.XSHE,0.01426415052352937
600207.XSHG,-0.012939340581877965
600284.XSHG,-0.004366921614970787
002517.XSHE,-0.00028160255530459456
002611.XSHE,-0.005005772361734916
300078.XSHE,0.015822713703900503
002197.XSHE,-0.0030185656493891544
002596.XSHE,-0.0037820115966793674
600397.XSHG,-0.013976071198630646
600084.XSHG,-0.012264189941371283
300822.XSHE,0.040495931882769884
300474.XSHE,0.048918828775258556
300830.XSHE,0.0028782005993205836
601177.XSHG,-0.01511373727321188
000779.XSHE,-0.009798806053473778
002742.XSHE,-0.008171567421107117
300539.XSHE,-0.0062112898800893955
002032.XSHE,0.1973437805296021
300172.XSHE,0.00146519461278612
688586.XSHG,0.004390679100686605
603233.XSHG,0.06901341761184128
002307.XSHE,-0.00947490333666566
603680.XSHG,-0.007288301320111228
002600.XSHE,0.041062072314766766
300320.XSHE,0.018654176851121862
002520.XSHE,0.019622269592738113
300760.XSHE,0.14843223513271225
300083.XSHE,0.022751150550322646
300095.XSHE,0.0029694508522229227
603327.XSHG,-0.0033254753599481213
603508.XSHG,-0.004577572175984027
600383.XSHG,0.06982146513605118
000159.XSHE,-0.010856048012019247
002181.XSHE,-0.010156742548976722
600738.XSHG,0.004043834001684106
300528.XSHE,-0.013650846652444204
688596.XSHG,-0.004011854561480389
300282.XSHE,-0.007076126046869715
600837.XSHG,0.12193223513271251
600162.XSHG,-0.00963153245599229
300739.XSHE,0.00976580851705486
300246.XSHE,0.03412944829610309
603214.XSHG,0.011405331969085379
603079.XSHG,-0.0013009853687843496
603505.XSHG,-0.007353619786130707
300204.XSHE,0.007788493848908657
688567.XSHG,0.01895912048327269
603081.XSHG,-0.012328082583755855
000738.XSHE,0.00635311252958116
605388.XSHG,0.006187671205847695
300347.XSHE,0.6508718265942178
000566.XSHE,0.03317565416021933
002064.XSHE,0.0514245789210007
600455.XSHG,-0.015179121618606465
600774.XSHG,0.011430271623577223
002096.XSHE,0.009818091175141836
605255.XSHG,-0.006493907995218692
300359.XSHE,0.027268832157061867
600099.XSHG,-0.017620626828347263
002207.XSHE,-0.01707399838464839
000415.XSHE,0.007468212019878894
002326.XSHE,0.03617266961961858
603159.XSHG,-0.014642469965604527
002863.XSHE,-0.014334603796330003
600601.XSHG,0.7226904532591404
601010.XSHG,-0.010163913112579014
300349.XSHE,0.02382198348593771
000726.XSHE,-0.0054702032166475826
002592.XSHE,-0.02180278409895671
002981.XSHE,-0.007070823130579199
300676.XSHE,0.0639910250808642
601019.XSHG,-0.007226933738969031
600561.XSHG,-0.01655153305330382
603903.XSHG,-0.01611195383804015
300677.XSHE,0.1510905495525615
000530.XSHE,-0.009297387992629618
002806.XSHE,-0.0167903823543813
300695.XSHE,0.014245373474555591
600238.XSHG,-0.006135315604667346
600135.XSHG,-0.011279300005307986
000509.XSHE,-0.011639606837031257
002417.XSHE,0.00441732596425206
603619.XSHG,-0.010388293714705895
600663.XSHG,0.04758873036318893
688981.XSHG,0.03233223513271249
600802.XSHG,-0.007618193580985574
300586.XSHE,0.016569471011311284
603199.XSHG,-0.015990672036968273
600223.XSHG,-0.0012557045425783068
688378.XSHG,0.020353723385091255
002574.XSHE,-0.01738143421154951
600101.XSHG,-0.01492073530605487
300805.XSHE,0.01929411779173114
300872.XSHE,0.017829789177947062
000573.XSHE,-0.01726000604846957
300041.XSHE,0.013313648028604144
600531.XSHG,-0.004850013812716212
003010.XSHE,0.01716909430207124
000701.XSHE,-0.013081848424453337
600487.XSHG,0.0291671396317712
600600.XSHG,0.06745631707435566
603688.XSHG,0.0016954819925258345
601600.XSHG,0.0015767642093763373
300577.XSHE,0.02808741468986443
603386.XSHG,-0.0127614646544066
002478.XSHE,-0.013527590168374777
603697.XSHG,-0.004973600828241895
600697.XSHG,-0.009703882275178996
002046.XSHE,-0.007386890791476933
002053.XSHE,-0.0035960415133822407
600499.XSHG,-0.0027622243094656655
600462.XSHG,-0.02031007455203938
603100.XSHG,-0.011077459514936992
002702.XSHE,0.007297333283451904
002541.XSHE,0.09899487311339503
300494.XSHE,-0.00409717247923639
002436.XSHE,0.019642845979437128
002646.XSHE,-0.010727645016613843
605336.XSHG,-0.0019463788560374305
688118.XSHG,-0.0025836647993126485
600489.XSHG,0.02436626107542115
002060.XSHE,-0.014632694992707578
600819.XSHG,-0.012359446231166365
002769.XSHE,-0.007766800814161078
603308.XSHG,0.004516614997713296
300694.XSHE,-0.0056429080634390946
300838.XSHE,-0.0009739894067518733
002829.XSHE,0.023364139569253647
603321.XSHG,-0.018045740536145334
688368.XSHG,0.07676654892801972
002373.XSHE,0.0220543542569633
002486.XSHE,-0.015425157305314583
600958.XSHG,0.00632248960057687
603808.XSHG,0.011845328592402714
300551.XSHE,0.043607986812698715
300479.XSHE,0.016440316727525574
000807.XSHE,0.008655326153405734
603788.XSHG,-0.008321455404210755
600616.XSHG,0.4730774553937979
000733.XSHE,0.061764242117823435
603602.XSHG,-0.01094332767845292
603613.XSHG,0.055976371674443116
603826.XSHG,0.02544263160795394
600630.XSHG,-0.014123291711242287
603156.XSHG,0.02122559410385349
600103.XSHG,-0.013229701627930995
603867.XSHG,-0.008287256242664817
300456.XSHE,0.04004768333351073
600179.XSHG,-0.0029227608003430505
600354.XSHG,-0.01816271634787493
603297.XSHG,0.0016122581128903534
300073.XSHE,0.11219359084091976
300357.XSHE,0.2494309082781959
601168.XSHG,-0.001476806811373613
002858.XSHE,-0.007619981887574621
002069.XSHE,-0.009348122203613314
600096.XSHG,-0.01025490023228233
000949.XSHE,-0.013129876061874036
002709.XSHE,0.20513711987601102
688086.XSHG,0.004212612763523202
300462.XSHE,0.01228516835326844
688078.XSHG,-0.011055373784205918
000788.XSHE,-0.008578604553356307
300257.XSHE,0.030123406037562472
600679.XSHG,0.003357552250388255
603108.XSHG,0.03330288640228643
603116.XSHG,-0.009994534676421828
603883.XSHG,0.04829419226836592
600836.XSHG,0.016729092657280682
002289.XSHE,-0.012306873052358691
002501.XSHE,-0.015738766695674346
603968.XSHG,-0.0009396547606133586
605333.XSHG,-0.004793885094812733
688600.XSHG,-0.013001181103726042
600051.XSHG,-0.012460724700938793
600090.XSHG,-0.017379797822799026
300689.XSHE,0.003434625082669382
600982.XSHG,-0.015039468003568205
002919.XSHE,0.045937923878865805
002396.XSHE,0.014237443713391265
688313.XSHG,-0.0009665786798872464
000017.XSHE,-0.01893692521711374
002122.XSHE,-0.014924391867508723
300478.XSHE,-0.008144438865855372
002526.XSHE,-0.0128131015372519
300432.XSHE,0.015611795595767685
603963.XSHG,-0.015770779770973336
600203.XSHG,-0.009659707995538981
002281.XSHE,0.026107509996094833
300642.XSHE,0.03376518799557042
600636.XSHG,0.13746409499087692
000886.XSHE,-0.010611025070622778
300628.XSHE,0.36090299762497713
600779.XSHG,0.28268480876535257
600536.XSHG,0.13452310631569372
002511.XSHE,0.0833801882166382
600114.XSHG,0.012622810466058643
300881.XSHE,0.045034893010425424
600724.XSHG,-0.002767489037679342
002008.XSHE,0.3554101479526297
002421.XSHE,0.012211143657142704
300119.XSHE,0.03838014264640703
002991.XSHE,0.05145657609374614
300820.XSHE,0.12534604351902956
002172.XSHE,-0.018229746056251685
002303.XSHE,-0.005570274648188573
300679.XSHE,0.02351832989271748
300086.XSHE,0.01047133546347329
600290.XSHG,-0.021945117050091986
002725.XSHE,-0.00784706632194699
300644.XSHE,0.0026451762939272844
601216.XSHG,0.035645647569360034
002878.XSHE,0.016448752372748232
000402.XSHE,0.040841708777004056
000793.XSHE,-0.005369790068793788
600022.XSHG,-0.006502013024795092
002615.XSHE,-0.011393333194020923
002630.XSHE,-0.013392113452050592
603590.XSHG,0.0029375283793635944
000933.XSHE,0.017758552068709736
300681.XSHE,-0.0035277916092029075
002576.XSHE,-0.012036077543547024
300667.XSHE,0.03823203376141508
600308.XSHG,-0.007372202545849425
600789.XSHG,-0.004971897191289917
688528.XSHG,-0.013854086109620838
603895.XSHG,-0.01410175141780792
600428.XSHG,-0.005683233391889286
601598.XSHG,-0.0004301486231369368
300062.XSHE,0.1457338845216487
600594.XSHG,0.011782285065606768
002631.XSHE,-0.00942970269298092
601688.XSHG,0.016932235132712498
603900.XSHG,-0.012970054497623583
300180.XSHE,0.011522360729535122
600725.XSHG,-0.01767683070363399
603950.XSHG,-0.00025263069516877866
002321.XSHE,-0.018660814315188838
002211.XSHE,-0.012205015598049148
300309.XSHE,-0.004866005935593833
000757.XSHE,-0.010930321845639029
300465.XSHE,0.002616550487164542
002310.XSHE,0.024367405425762434
600577.XSHG,0.004031034858087621
002049.XSHE,0.2979198298123508
600814.XSHG,-0.005131889159864643
002372.XSHE,0.029991671159882362
002199.XSHE,-0.017187440719554317
000756.XSHE,-0.003469232915947775
002591.XSHE,-0.016783817020927756
603936.XSHG,-0.0013180583233090067
300856.XSHE,0.01898550170290258
002178.XSHE,-0.0056353530314707505
600221.XSHG,-0.0014346555958102494
002150.XSHE,-0.009825089449560223
002129.XSHE,0.06701743186535722
601077.XSHG,0.0026219164719819225
688005.XSHG,0.014490862055029094
002448.XSHE,-0.006518260829187066
600398.XSHG,0.022845325477778056
600302.XSHG,-0.017204411586670992
601989.XSHG,0.00634213189460878
002476.XSHE,-0.010597758692206895
002906.XSHE,-0.005623839732471128
002037.XSHE,-0.012227667382662389
601127.XSHG,-0.005480489695299305
603077.XSHG,-0.0055481327735874796
002237.XSHE,0.01586192358841311
603949.XSHG,-0.005188682139495242
601958.XSHG,-0.0043097286450573535
300824.XSHE,0.008922031259463937
603858.XSHG,0.006931814525844264
002047.XSHE,-0.011162742970458387
002383.XSHE,-0.004409924533719694
000961.XSHE,0.015209975648786778
000766.XSHE,-0.013648568518070895
603317.XSHG,0.0557519938136338
300866.XSHE,0.09183265801607157
300146.XSHE,0.23298166584341773
603003.XSHG,-0.015701691167458887
300162.XSHE,0.013519857723235218
600695.XSHG,-0.01106444980256017
002838.XSHE,0.029430074980971145
300889.XSHE,0.028512008521564155
603711.XSHG,-0.002286726093039086
000598.XSHE,0.018314776333665593
002132.XSHE,-0.005087193558439484
600529.XSHG,0.1409366041063919
300034.XSHE,0.03338258524863717
002144.XSHE,-0.012250819495503358
003003.XSHE,-0.010032001367079366
300098.XSHE,0.015931294949857552
600592.XSHG,-0.0064680922145884875
688551.XSHG,-0.007341198493684633
601858.XSHG,-0.007677009013475191
000758.XSHE,0.0032358560094964336
600323.XSHG,0.01932132333435433
603825.XSHG,-0.001283560958776745
000837.XSHE,-0.011262187340159406
002252.XSHE,0.07488595395749235
002402.XSHE,0.048607757153544796
600058.XSHG,-0.004842767099876175
002846.XSHE,-0.011142136615970393
603668.XSHG,-0.01378827363247783
603229.XSHG,0.0454280430158581
603928.XSHG,-0.015277869621361722
600888.XSHG,0.00317941737305724
300374.XSHE,0.018428539460857978
002490.XSHE,-0.016936822822264493
603507.XSHG,-0.010096202255396772
000603.XSHE,0.0038503018885661655
300665.XSHE,-0.012831486131817489
300848.XSHE,0.01614641657562281
300164.XSHE,-0.008569075753384583
600626.XSHG,-0.008505976997712827
600028.XSHG,0.007932235132712491
000768.XSHE,0.08347438611769474
002277.XSHE,-0.0064715261879362326
300220.XSHE,0.027063059114578573
688360.XSHG,-0.0001619531902247208
002329.XSHE,-0.0048838154215204
300004.XSHE,0.012495291886610178
002055.XSHE,0.04880961764928355
002966.XSHE,-0.0014373259576755675
002162.XSHE,-0.014289443090185266
300575.XSHE,0.04666357070085837
002190.XSHE,0.00860519032477423
300415.XSHE,0.03123814106486181
300458.XSHE,0.014835861715382762
605009.XSHG,0.10143650391850272
300017.XSHE,0.03250597333773621
603031.XSHG,-0.01232933032080083
600810.XSHG,-0.005998531431641684
600510.XSHG,-0.0007915801072750413
000552.XSHE,-0.006742599817506244
601568.XSHG,0.0034860546760739986
002790.XSHE,-0.015118269045810035
600020.XSHG,-0.010156499801782277
002898.XSHE,-0.016695294335145824
002663.XSHE,-0.012648163129342955
603488.XSHG,-0.012474187194933085
605188.XSHG,-0.00899618087753783
000972.XSHE,-0.018706289503845386
300877.XSHE,0.04736505935877451
600252.XSHG,0.013773963303866543
600624.XSHG,0.009214256453902676
600890.XSHG,0.008832259390950352
000697.XSHE,0.004977299600061812
300781.XSHE,0.06459526221893276
603610.XSHG,-0.0004939307382391227
002992.XSHE,-0.007293773421955342
600365.XSHG,-0.023741840469888354
000563.XSHE,0.008592242308433053
600150.XSHG,0.012954796999299262
300315.XSHE,0.01759918937259991
600613.XSHG,0.008414623500832986
000507.XSHE,-0.010957349224812115
000407.XSHE,-0.002985155052971148
002021.XSHE,-0.015060485760111788
000848.XSHE,0.029769556365361667
300126.XSHE,0.023361606591499856
300499.XSHE,0.016448999530198263
603515.XSHG,0.006402543167091135
002695.XSHE,0.02688247806289578
600189.XSHG,-0.010111670315171819
000062.XSHE,0.016056556392154885
000720.XSHE,-0.006421123880900029
600033.XSHG,-0.010416779549760207
002865.XSHE,0.0008675068250923942
300851.XSHE,0.008659243410517468
002242.XSHE,0.10236579300246806
601113.XSHG,-0.014329193009884814
002014.XSHE,0.03943090888208417
300049.XSHE,-0.006887656383003388
603565.XSHG,-0.002424809498813625
600062.XSHG,0.0016225337177913739
000966.XSHE,-0.011801150597914768
002395.XSHE,-0.0018021902000556738
300344.XSHE,-0.002207486422270118
300067.XSHE,0.007367853032186025
300027.XSHE,0.02122007597794602
300596.XSHE,0.006527830393838151
600201.XSHG,0.16539079815569763
000828.XSHE,-0.0036754440562656553
300175.XSHE,-0.006957940839892655
002173.XSHE,-0.0122703293463718
603992.XSHG,0.0037298711062666596
600056.XSHG,0.0103272158088209
603776.XSHG,-0.0005971555152977231
300585.XSHE,0.0008857589764945731
688015.XSHG,0.005209834454642875
603127.XSHG,0.14365074463090236
600098.XSHG,-0.0012513135029620882
000591.XSHE,0.011825479993454931
601588.XSHG,-0.010304303255354386
600299.XSHG,0.009162706297598877
600710.XSHG,0.004501864067860453
300072.XSHE,0.06174646260335089
000902.XSHE,0.011096248725962547
002544.XSHE,0.01618864044149774
300498.XSHE,0.014832235132712488
603095.XSHG,-0.013227463965455065
300433.XSHE,0.09773223513271262
603029.XSHG,-0.019058941723264097
600862.XSHG,0.13640540431928527
300226.XSHE,0.06511786828692395
000850.XSHE,-0.00920985888492544
000506.XSHE,-0.017587480276457602
603816.XSHG,0.02924823607610126
603018.XSHG,0.009543820994168903
002569.XSHE,-0.010381037039444607
000918.XSHE,-0.008079621712588381
300350.XSHE,-0.006018692082889736
002522.XSHE,0.004020097352140243
603555.XSHG,-0.022118802998138464
002492.XSHE,-0.017264890718572616
600133.XSHG,-0.009515171232944673
603198.XSHG,0.00842890316624759
300346.XSHE,0.08866463533350545
300698.XSHE,-0.011325138591912878
002861.XSHE,-0.010253542118010796
002608.XSHE,0.0008650338012409007
688588.XSHG,-0.002036482851749788
603320.XSHG,-0.018478066040716574
000034.XSHE,0.04038822037265159
002753.XSHE,-0.014487630898665381
002830.XSHE,-0.01362260736728704
300733.XSHE,-0.003604055870988261
000737.XSHE,-0.015188185998271804
300281.XSHE,0.01380557562760919
688311.XSHG,0.037705270657351284
601766.XSHG,0.007532235132712501
002649.XSHE,0.009153402589140122
603315.XSHG,-0.01283893595442354
600792.XSHG,-0.014070146468889645
300842.XSHE,0.0036696606597297586
600393.XSHG,-0.006724182894470803
601318.XSHG,0.08583223513271235
002390.XSHE,0.015303875873884978
300292.XSHE,0.0016998042613935466
300758.XSHE,0.001793129915874955
605116.XSHG,-0.0007283848932213548
300427.XSHE,0.028096148841849897
000736.XSHE,-0.006538036323991041
002618.XSHE,-0.009036024367910756
300222.XSHE,0.06001884984567615
003006.XSHE,0.001522501385656811
002506.XSHE,0.01519789188564942
600406.XSHG,0.14219723470229928
002510.XSHE,-0.013051978529627598
603030.XSHG,-0.011378300417567391
603677.XSHG,-0.005503972116345204
002249.XSHE,-0.0020429198521838172
000977.XSHE,0.04173822786826354
002882.XSHE,-0.01377810932346221
002226.XSHE,0.0038051485609106855
603662.XSHG,-0.004477539770653793
002470.XSHE,-0.013441010214092452
603279.XSHG,-0.001803042510794068
300240.XSHE,0.0026151593526803282
300723.XSHE,0.0005522045288051565
600676.XSHG,0.0038075725997949797
002948.XSHE,-0.0024194828476482326
002512.XSHE,0.023979313078689134
002951.XSHE,-0.009656123853815677
600219.XSHG,-0.0006419616440051703
000935.XSHE,-0.0011796432405031133
300243.XSHE,0.009247178437642153
600010.XSHG,0.003227423413032556
600439.XSHG,-0.007531889921138079
603719.XSHG,0.027589804120123202
002856.XSHE,-0.012810818688846627
600557.XSHG,0.031718801310876496
002093.XSHE,0.009413569218574036
300358.XSHE,0.04240703568289784
600282.XSHG,-0.0036693766134985994
601388.XSHG,-0.011642564140165956
600847.XSHG,-0.01753435070607744
002282.XSHE,-0.0060040232350771355
605001.XSHG,-0.010481818526194925
002081.XSHE,0.06412197215469045
300627.XSHE,0.009285042227209144
002645.XSHE,0.01517786869537313
688418.XSHG,-0.004747032467265296
300796.XSHE,-0.004442806583584003
000630.XSHE,0.004679992558556587
603066.XSHG,-0.011844405468670743
600981.XSHG,-0.005130175860602919
600448.XSHG,-0.011984140250755133
601880.XSHG,-0.0029933375237513405
002117.XSHE,-0.004206988908555507
000567.XSHE,0.009410935599098945
603368.XSHG,0.001216286973328845
000409.XSHE,-0.018902075789545583
300248.XSHE,0.044252534225792575
600130.XSHG,-0.011494922797434769
300579.XSHE,0.034088769916427335
002642.XSHE,-0.007861565830485272
300649.XSHE,-0.00793310083893261
002368.XSHE,0.02792471737016211
600309.XSHG,0.7395680932176832
000058.XSHE,-0.0022311443349793698
600052.XSHG,-0.01682586728732853
600283.XSHG,-0.013647639981234494
600192.XSHG,-0.01751189123067513
000553.XSHE,-0.0004633729968671436
300636.XSHE,0.00888876725197023
300624.XSHE,0.013975329711621336
600183.XSHG,0.11255762429681122
600590.XSHG,-0.0025474364871668747
000429.XSHE,-0.0018919064553918792
002453.XSHE,-0.01293470002779579
600330.XSHG,0.002866466542203081
300407.XSHE,0.03610771006076685
601328.XSHG,0.008432235132712499
002336.XSHE,-0.019351402817100558
600628.XSHG,0.2405846204820954
603195.XSHG,0.09714185423134765
002580.XSHE,-0.011714468556224426
600688.XSHG,0.00011309879226953281
000980.XSHE,-0.016809691983192255
002274.XSHE,-0.012660296946162271
600266.XSHG,-0.0023871880026089436
688505.XSHG,0.003308463332856054
300439.XSHE,0.012073093341111448
002176.XSHE,-0.011720837089686447
002493.XSHE,0.12353223513271247
300700.XSHE,-0.003338900734580253
601916.XSHG,0.005897851951774177
600717.XSHG,0.006642061293871963
002746.XSHE,-0.008439388278543914
002967.XSHE,0.015534441220662398
002089.XSHE,0.0036342059251525637
002532.XSHE,0.006900796854946421
300488.XSHE,0.0518806217468316
300517.XSHE,-0.005210026321016007
000959.XSHE,-0.004022184019101258
300610.XSHE,0.004159309820585141
300191.XSHE,0.00732758201761758
600859.XSHG,0.061515422796985325
600620.XSHG,0.7180420061567617
601366.XSHG,-0.011979075287102037
605018.XSHG,-0.004628003239368352
603180.XSHG,0.011761677872984974
300448.XSHE,0.04095017766202575
603885.XSHG,0.0023609329017086926
002674.XSHE,-0.008515860371457025
002435.XSHE,-0.012201557355469064
002337.XSHE,-0.016608656337474617
002876.XSHE,0.011201457233445868
603679.XSHG,-0.0004687654542121708
688158.XSHG,0.019063149113130215
600343.XSHG,-0.002397429906548891
300305.XSHE,-0.0021496566550116333
