code,price_amplitude
002433.XSHE,0.005748484286709738
688195.XSHG,0.006134146683790286
000713.XSHE,0.004175012515152816
000576.XSHE,0.0028093258776185695
603227.XSHG,0.003286145941671359
002731.XSHE,0.007020128510880175
300564.XSHE,0.012158229627300903
300675.XSHE,0.012619054489459491
300267.XSHE,-0.0024822607071388267
301270.XSHE,-0.0033526773623976085
000626.XSHE,-0.01345011141377313
300144.XSHE,-0.036732402791862684
688520.XSHG,-0.04227522860733793
000633.XSHE,-0.0028992031402266145
600901.XSHG,0.003389086591061671
301289.XSHE,0.0076606799499065684
002134.XSHE,0.012809209783272017
603583.XSHG,-0.008210731968488986
301326.XSHE,-0.024958062313232207
300044.XSHE,-0.008620527858284389
002902.XSHE,-0.001992750130591678
601199.XSHG,0.005585011518155581
688136.XSHG,0.007644564177985755
002471.XSHE,0.007952988265692667
601801.XSHG,0.0023444987030927606
002410.XSHE,-0.23958683475377673
603012.XSHG,0.011468796017684406
002401.XSHE,-0.040488174269184204
688011.XSHG,0.011133034295986194
603278.XSHG,0.014083403086818505
301365.XSHE,0.01123275363043873
600537.XSHG,-0.007404334077403998
000620.XSHE,0.00868817190412948
000691.XSHE,0.014055492969232199
300379.XSHE,-0.044870549197358986
603093.XSHG,0.008672859750759414
300404.XSHE,-0.018979838535071764
600202.XSHG,0.009739619344268965
000825.XSHE,-0.0026693098085802027
002474.XSHE,-0.007199213847815449
300039.XSHE,-0.08190447735050928
002715.XSHE,0.010508620641176029
600211.XSHG,-0.018727646426660964
001914.XSHE,-0.024934875536550365
300327.XSHE,-0.02108719919186491
688207.XSHG,-0.027507087253475275
000716.XSHE,-0.014885068814429088
000882.XSHE,0.010343138205710764
300555.XSHE,0.016597707349319608
605286.XSHG,-0.005182640609492509
300829.XSHE,0.005558510878257918
002799.XSHE,0.006524560888435033
000968.XSHE,0.006352768552525431
300355.XSHE,0.005765894565959133
300812.XSHE,-0.0018116192776231766
000921.XSHE,-0.003341300840557957
603001.XSHG,0.013723569492152407
600587.XSHG,-0.06945652536624136
600690.XSHG,-0.27597637308278367
000655.XSHE,0.002702823208601787
601816.XSHG,-0.006376373082783935
002716.XSHE,0.007507063098580891
603388.XSHG,0.00894070421377673
600479.XSHG,-0.0024775809576220668
000020.XSHE,0.008843121348170543
688232.XSHG,-0.012600743790156967
301096.XSHE,-0.0066672403718163395
600648.XSHG,-0.0008867091812014578
600714.XSHG,0.009279444447796395
000776.XSHE,-0.023776373082783967
600348.XSHG,-0.05662138536602481
002365.XSHE,-0.005727856392311171
002388.XSHE,0.0013930775284730912
688161.XSHG,-0.01707956194712579
000090.XSHE,0.0004645460172342389
000880.XSHE,0.0035130752417737634
603377.XSHG,0.004783365130221783
688143.XSHG,-0.017663480007367473
600332.XSHG,-0.009029044025941704
002862.XSHE,0.009553064928210342
301231.XSHE,0.006754100126628106
002325.XSHE,0.00029911204691523974
600178.XSHG,0.0122287892980847
000803.XSHE,-0.0095709406737075
600538.XSHG,0.012996463402903584
300558.XSHE,-0.024631935086199454
002272.XSHE,0.009983469404701295
300718.XSHE,-0.008852875309141498
300975.XSHE,0.009336112490025195
301032.XSHE,0.014716852007143344
301150.XSHE,-0.006183840952812662
603113.XSHG,0.0033652506799753453
603777.XSHG,0.003005675527813864
002565.XSHE,0.0023303312007914422
301153.XSHE,-0.08577208525452713
301030.XSHE,-0.010095260480630376
600775.XSHG,0.004358610513142697
002153.XSHE,-0.1563864828146312
688170.XSHG,-0.014463408288857534
603239.XSHG,-0.021513270796895724
688030.XSHG,-0.03209971502268716
002298.XSHE,0.002700576853901314
603039.XSHG,-0.10675870003755615
600163.XSHG,0.00497506249065576
002673.XSHE,-0.00044762158908944524
600446.XSHG,-0.05345900303152049
603637.XSHG,0.013672341484183594
000301.XSHE,-0.018911837293102696
300562.XSHE,0.008017000704292098
002424.XSHE,-0.014999246450617712
300447.XSHE,-0.028818859282432427
600566.XSHG,-0.023786372893651913
002823.XSHE,0.008855333716701077
688488.XSHG,0.007370497512459895
300862.XSHE,0.008558510726051446
002825.XSHE,-0.007283169642198106
600615.XSHG,-0.26293657281322635
002315.XSHE,-0.011124326694490452
300639.XSHE,-0.0019485639582327036
600979.XSHG,0.00984813204315064
000029.XSHE,0.00192771095319049
003004.XSHE,0.003364044093038308
300419.XSHE,-0.005670841987186238
300915.XSHE,-0.005789556556405917
688690.XSHG,-0.008223659648808418
688185.XSHG,-0.021503573499955984
300962.XSHE,0.0097867401565652
300214.XSHE,0.01019704720291336
002842.XSHE,0.0024137908462674874
000938.XSHE,-0.11865470725025065
002050.XSHE,-0.09692273922171189
300100.XSHE,0.004278480979596759
002208.XSHE,0.0061792081112527234
605318.XSHG,0.013701479205806073
000798.XSHE,0.00374076500224225
600094.XSHG,0.006295368458049335
000925.XSHE,-0.0047572196843475596
000809.XSHE,0.01366695124980371
300791.XSHE,-0.019067245901233668
688337.XSHG,-0.046640684554827914
000860.XSHE,-0.017796696774123853
002221.XSHE,-0.00291717936674922
300857.XSHE,0.007720706687807123
300864.XSHE,0.0038293839461815953
600121.XSHG,0.0049596508546074355
688390.XSHG,-0.2330539036668247
300790.XSHE,0.0007238177773532251
688557.XSHG,0.0035277705474204835
002370.XSHE,0.012904452645329722
603909.XSHG,0.006158681259872753
000547.XSHE,-0.055486879703314514
300001.XSHE,-0.07257182622661308
002304.XSHE,-0.1472763730827836
600328.XSHG,-0.005033983552696926
600894.XSHG,0.005924269257718567
601188.XSHG,0.011786833711747654
002078.XSHE,-0.018490661916144104
002869.XSHE,-0.009663369910765897
000783.XSHE,-0.0012062935112317915
301230.XSHE,-0.019775835461672237
600603.XSHG,-0.4243203164797222
600612.XSHG,-0.42897113632942496
600575.XSHG,0.0022846758862645946
300020.XSHE,-0.009442276386204772
600528.XSHG,-0.0017735331454320465
600691.XSHG,0.002149712663486599
600750.XSHG,-0.05564376809095296
002106.XSHE,0.0004739829749424423
300671.XSHE,-0.014496196196369816
001255.XSHE,-0.02725218184573329
300707.XSHE,-0.007286754130739415
603587.XSHG,0.0051615010114071415
603665.XSHG,0.0023203765033762026
300117.XSHE,0.008813482533633638
600997.XSHG,0.003747097535516163
002481.XSHE,-0.006088834860501628
601099.XSHG,0.003250814402242815
002127.XSHE,-0.003992209758055027
301358.XSHE,-0.01007694638595237
000619.XSHE,0.00369741594105886
301209.XSHE,0.012431696173853554
300070.XSHE,-0.006968390540594252
603213.XSHG,0.004924583181727028
300337.XSHE,-0.0021646139742638407
000526.XSHE,0.0034979664943157063
300024.XSHE,-0.054690833047083325
002384.XSHE,-0.055757922953814015
600352.XSHG,-0.03775599065191193
603527.XSHG,-0.0039724989890432705
605378.XSHG,0.010673938493732132
300604.XSHE,-0.22845881527720502
002997.XSHE,-0.0005441428736761376
300625.XSHE,0.009288661586963566
301221.XSHE,-0.0050006566307979235
002555.XSHE,-0.1406692158084863
301031.XSHE,-0.14978462793627903
300782.XSHE,-0.2201656311794472
300410.XSHE,-0.015628373862729923
300797.XSHE,0.006884923176269154
600493.XSHG,0.014482654095073606
002235.XSHE,-0.019777079782750305
002503.XSHE,0.005206892014474518
600598.XSHG,-0.0007140350889913122
603839.XSHG,0.013449122877440085
002982.XSHE,0.001945549787270906
002367.XSHE,0.003269958088286654
600444.XSHG,0.014189487159268734
002714.XSHE,-0.1984763730827848
300537.XSHE,0.008306979993407002
300613.XSHE,-0.12737290557841216
001202.XSHE,0.013435957795131452
002479.XSHE,0.00856048199145451
600811.XSHG,0.0032577350004591122
300622.XSHE,0.006188243212852715
688191.XSHG,0.006051705098195274
300183.XSHE,-0.03142428795344491
000915.XSHE,-0.06008591651611158
600769.XSHG,-0.004757831154860084
605068.XSHG,-0.008391813864567233
002244.XSHE,-0.031541052894894735
603365.XSHG,0.010794041008380913
688150.XSHG,-0.01676428890946349
603707.XSHG,-0.019557504837283267
301099.XSHE,-0.021197848336176554
000971.XSHE,0.015526300257849889
300006.XSHE,0.008081322239974337
300225.XSHE,0.007876272979571493
002442.XSHE,0.011309655839593806
600586.XSHG,-0.04427093988925864
001267.XSHE,0.008170343449808512
300097.XSHE,0.010876795756951968
688131.XSHG,-0.10816009871399089
600067.XSHG,0.0004681574386622856
300847.XSHE,-0.0102008380946637
600963.XSHG,-0.0006994005718100734
600395.XSHG,0.0017897086637892936
605266.XSHG,-0.036811216730731636
000638.XSHE,0.005935930382208899
688105.XSHG,-0.018126897165627712
003022.XSHE,-0.017414904639054516
002734.XSHE,-0.003467449904263382
002125.XSHE,-0.01104192909836165
600746.XSHG,-0.004775983678785225
000709.XSHE,-0.0020172781235196515
300470.XSHE,-0.056065593937049754
300891.XSHE,0.010836596971271381
300747.XSHE,-0.02911716277849733
600089.XSHG,-0.11322627417966064
603186.XSHG,-0.008243559366371188
600825.XSHG,-0.022953051629960267
603517.XSHG,-0.03201781204169202
300318.XSHE,0.006062745074905047
605218.XSHG,0.008448456780121665
605500.XSHG,0.010947350015400398
300800.XSHE,0.009820469695604739
000796.XSHE,0.0061675847443198265
600658.XSHG,0.004054243903185592
002398.XSHE,0.006772848528010164
000523.XSHE,0.0028657459741840575
000795.XSHE,0.0027047782252905316
601615.XSHG,-0.00805329783110303
000797.XSHE,0.0053796045550254966
600530.XSHG,0.010908317916500406
688786.XSHG,-0.006325273937392146
002610.XSHE,0.000949415667267522
002969.XSHE,0.010061274890708226
601258.XSHG,0.0056125473915955015
603136.XSHG,-0.0031858618775975848
603060.XSHG,0.0014747485783555142
600745.XSHG,-0.03839564435521194
600839.XSHG,-0.007386020931089387
002559.XSHE,0.004602553391141464
300594.XSHE,-0.001531837465123526
600276.XSHG,-0.43709950780368384
600712.XSHG,0.013721735865063579
603535.XSHG,0.007919434801599907
300867.XSHE,0.007062668002600707
688326.XSHG,-0.08783362013322119
603170.XSHG,0.0012319780921775112
603348.XSHG,-0.022831803199757986
601888.XSHG,-0.1171763730827837
688416.XSHG,-0.02017759748733296
300015.XSHE,-0.4310763730827837
600082.XSHG,0.012461329540930492
600295.XSHG,-0.025125338744918273
300702.XSHE,-0.007671182527960211
605277.XSHG,0.008283761234457027
600301.XSHG,0.002729180411479442
603013.XSHG,0.005766472941925352
002949.XSHE,0.010169968631960815
688318.XSHG,-0.053182755954514556
603220.XSHG,0.010535776565429525
603767.XSHG,0.012817540362629217
603096.XSHG,0.008808483201901033
002074.XSHE,-0.03893474265491259
002113.XSHE,0.001165161729263002
002154.XSHE,-0.019143344374755927
688306.XSHG,0.008742103264873189
002539.XSHE,-0.003927838984485877
002905.XSHE,0.011670623869483927
301331.XSHE,0.0006233162746520707
002605.XSHE,-0.014521843429544854
600846.XSHG,-0.022807131488813494
600645.XSHG,-0.06061295659189046
301057.XSHE,0.004552707166942132
001238.XSHE,0.008929003996995095
688066.XSHG,-0.012831142491358588
600736.XSHG,-0.006554015074743343
603161.XSHG,0.008341320721962524
688317.XSHG,0.0049547065009264936
001258.XSHE,0.005208225122350363
300966.XSHE,0.007748269529258406
600120.XSHG,-0.09654468191147898
301047.XSHE,-0.03572798215221737
603421.XSHG,0.0063687302852112075
601200.XSHG,0.005285832216702167
002072.XSHE,0.011842752422694034
300314.XSHE,0.000569770626675993
300497.XSHE,-0.007693564573813212
601068.XSHG,0.0044029781376593346
301123.XSHE,0.005702977528833353
600076.XSHG,0.011239531658041299
601918.XSHG,0.005911925190077744
002690.XSHE,-0.015354774024753014
603477.XSHG,-0.0032107429336579478
688188.XSHG,-0.07388220471047414
002903.XSHE,0.003574681897518771
605376.XSHG,-0.013165153164273288
688013.XSHG,0.009876883864674476
000520.XSHE,0.009758593304356702
300545.XSHE,-0.01056241203052454
600475.XSHG,-0.011882326603526706
600692.XSHG,0.0033947179186618916
300770.XSHE,-0.025185696299492084
605358.XSHG,-0.016217421115628343
603728.XSHG,-0.02322832883123468
002068.XSHE,-0.022765731399741175
300785.XSHE,-0.020212054005821975
688350.XSHG,0.011051121450391983
603281.XSHG,-0.020217751908885136
600796.XSHG,0.004281300297928028
600433.XSHG,0.0017527850588199053
603617.XSHG,0.007039537082084853
688295.XSHG,-0.013900550576673363
601921.XSHG,0.0035715279307846673
601369.XSHG,-0.005077012856041643
688668.XSHG,-0.041555655781053524
000623.XSHE,-0.020186824643305533
600748.XSHG,0.0049705417595063426
601838.XSHG,-0.004579798318794129
000820.XSHE,0.012006192646986925
300387.XSHE,0.011596694549567549
001231.XSHE,0.011570447513540555
000153.XSHE,0.003026240043085755
002561.XSHE,0.009226746782499353
600509.XSHG,-0.002345326441413345
600881.XSHG,-0.006786775627874315
000711.XSHE,0.005960035794634354
688103.XSHG,-0.019975862862886655
002189.XSHE,0.006195175349939414
601279.XSHG,0.007711016512598675
300411.XSHE,0.009410355136832322
600897.XSHG,-0.0002175434301753803
002105.XSHE,0.012837730949875944
605196.XSHG,0.011487610046165947
600127.XSHG,0.007212227516674866
600168.XSHG,0.010329439193521616
600212.XSHG,-0.012868754732810446
300597.XSHE,0.013230512489034415
300890.XSHE,-0.016322443689016385
688189.XSHG,0.009811715142470256
603036.XSHG,0.011077864085040655
002947.XSHE,-0.0018431682998091819
600182.XSHG,0.009044382561913502
300394.XSHE,-0.1702694422687227
600720.XSHG,-0.01722334087445792
300272.XSHE,0.007961935458609373
000958.XSHE,-0.0005226905458178221
600496.XSHG,0.002381069385427993
688400.XSHG,-0.0005434705678653328
601878.XSHG,-0.00135619424515505
600562.XSHG,-0.021911381278516193
603813.XSHG,0.014771416347242786
600396.XSHG,0.009975695036808379
688092.XSHG,0.012937510370302514
600511.XSHG,-0.017690777811451255
300561.XSHE,-0.004029243892829031
002551.XSHE,0.008300114174203056
600831.XSHG,0.002852999383068204
600838.XSHG,0.0033852972799171786
603163.XSHG,0.012184691572985738
002488.XSHE,0.002596871502628665
300425.XSHE,0.008487664965676638
603006.XSHG,0.00837927367981128
300473.XSHE,-0.013751994735368296
600761.XSHG,-0.06922417203472116
603238.XSHG,0.011695582372510914
601319.XSHG,-0.006276373082783946
300970.XSHE,0.0007605587125130986
688280.XSHG,0.0040321868401757225
300810.XSHE,0.0014542764357387637
300313.XSHE,0.015035682471670243
300402.XSHE,0.007621780346273856
002316.XSHE,0.014900003375110046
301380.XSHE,0.0019895975251586796
600990.XSHG,-0.025204873911363807
688289.XSHG,-0.00045786874850283713
002901.XSHE,-0.00816560459780585
600435.XSHG,-0.032279567722415234
000012.XSHE,-0.03010446575309784
600758.XSHG,0.008368988926755071
300931.XSHE,0.015715877339610863
000004.XSHE,0.014687829583710293
002392.XSHE,0.006582698775323155
002167.XSHE,-0.08120476376792961
603948.XSHG,0.009701083206944598
600149.XSHG,0.012423184013548645
600821.XSHG,-0.010893580611780015
000830.XSHE,-0.024253402948572388
002358.XSHE,-0.012284441399615147
600848.XSHG,-0.004061689397964966
002907.XSHE,0.0008862780505683168
002850.XSHE,-0.08477685292443553
603518.XSHG,0.01001206196198582
688299.XSHG,0.00768066716636587
300150.XSHE,0.011346727649967994
600325.XSHG,-0.03785757115516597
301396.XSHE,-0.011430961671443333
000096.XSHE,0.009557905229867474
603007.XSHG,0.016813283896106427
600674.XSHG,-0.04635965180297083
000423.XSHE,-0.10192534430945974
600533.XSHG,0.00474772456395973
300151.XSHE,-0.050466634419012835
300209.XSHE,0.009970579704394841
603758.XSHG,0.00906983680406046
002843.XSHE,-0.0010495333656361933
600079.XSHG,-0.18344348087737605
300895.XSHE,-0.04745978537539185
300241.XSHE,0.0050712902126743955
688267.XSHG,0.0013005714766905103
300896.XSHE,-0.24827637308278383
300485.XSHE,-0.001252440346778825
300584.XSHE,0.0012843558825538798
600337.XSHG,-0.003744594447707075
601860.XSHG,0.0072404627107697005
002073.XSHE,-0.00905949344026241
688052.XSHG,-0.09589301300194415
600208.XSHG,0.0008314774675907432
601375.XSHG,0.0038928361893807335
688235.XSHG,-0.041876373082783996
600097.XSHG,0.01256622443426891
002560.XSHE,0.006017028772873442
000528.XSHE,-0.008576468066365776
603938.XSHG,-0.009643867163844569
300444.XSHE,-0.004121155472137556
300737.XSHE,-0.004586725605538642
002491.XSHE,0.0023083789742543385
002641.XSHE,-0.0014557604301951767
002462.XSHE,0.008661753912786287
300482.XSHE,-0.03802652850943966
300817.XSHE,-0.0026953986458132483
600874.XSHG,0.00678625063764576
300385.XSHE,0.012646892771453897
603319.XSHG,0.004738980952577906
688006.XSHG,-0.022149234999558773
000909.XSHE,0.00667835452890721
301016.XSHE,0.009401446345423586
600187.XSHG,0.009887031998029101
605086.XSHG,0.004054507781441969
002776.XSHE,0.008048500394925754
002762.XSHE,-0.03868501956483399
603811.XSHG,-0.008150293322550163
603822.XSHG,-0.011546097831824005
002701.XSHE,-0.000576517608665705
605138.XSHG,0.009205218494614855
601288.XSHG,-0.005876373082783945
002910.XSHE,0.012141953982314825
002697.XSHE,0.004514865160392956
603337.XSHG,-0.00484179690750732
603277.XSHG,0.005134455499876358
002530.XSHE,-0.004606250458420905
300390.XSHE,-0.07246420551158463
688113.XSHG,0.0028826379634412144
002796.XSHE,0.003640929924688943
000600.XSHE,-0.0027076321836494296
300200.XSHE,0.010883205140074615
601607.XSHG,-0.005828900647462762
300057.XSHE,0.001979632354318391
688009.XSHG,-0.0019928695532154843
688682.XSHG,-0.049717763740460316
301130.XSHE,0.004593336006102226
002366.XSHE,0.002590005777090291
300502.XSHE,-0.08490179000057661
000728.XSHE,-0.0005085234650114635
002563.XSHE,0.0009776064738176446
603392.XSHG,-0.05807637308278403
002887.XSHE,0.010292862571982428
300174.XSHE,-0.012814938787338113
688163.XSHG,0.007683772129376906
000612.XSHE,-0.003522537173949767
002276.XSHE,-0.03576766404118059
603733.XSHG,-0.011327067886780041
600169.XSHG,0.004357679893617343
600895.XSHG,-0.0270607261405131
688196.XSHG,-0.016246014668109206
688425.XSHG,0.0024871761609568917
688409.XSHG,-0.1292845228890586
600989.XSHG,-0.01029172383670124
601066.XSHG,-0.009476373082783932
000721.XSHE,-0.017273930080948977
000905.XSHE,0.007938843606968405
301263.XSHE,-0.03662189280793008
002332.XSHE,-0.0026056223645319343
301122.XSHE,-0.0025012511149801187
603699.XSHG,0.0031442122271314113
688019.XSHG,-0.07070479082960612
603000.XSHG,-0.06044490734139476
688529.XSHG,0.008503406645657617
002866.XSHE,-0.02225659147337658
301298.XSHE,0.013538551262052279
002879.XSHE,0.008430193281480675
600739.XSHG,-0.04979725843304849
300354.XSHE,-0.02908218923450103
688137.XSHG,-0.01098706211554391
300373.XSHE,-0.11104961474970598
600190.XSHG,0.007161924903227052
000027.XSHE,-0.021534974305029004
603267.XSHG,-0.021550270151143875
002193.XSHE,0.012348291330806348
002601.XSHE,-0.052986812963936904
300939.XSHE,0.0015924993632542798
000881.XSHE,0.004217194210480558
001236.XSHE,0.002620509314764626
603237.XSHG,-0.04026707535570404
603855.XSHG,0.0013411729029280837
300995.XSHE,0.012127891410151803
605006.XSHG,0.008511985322884523
000056.XSHE,0.007359419520612403
688187.XSHG,-0.013891685528858779
300741.XSHE,0.0005418395154069789
688513.XSHG,-0.0011798436195777622
600255.XSHG,0.005730936907722908
002750.XSHE,-0.02354118073885899
301369.XSHE,-0.008111773129527114
600131.XSHG,-0.05035486768530933
601898.XSHG,-0.007146761821667922
600030.XSHG,-0.021076373082783862
603038.XSHG,0.013512061657572856
603596.XSHG,-0.019878290002377657
600835.XSHG,-0.00034269977457247486
002001.XSHE,-0.09248829947880524
300345.XSHE,0.003537577250178491
688662.XSHG,0.009707888413305877
002217.XSHE,0.005207845114622935
600965.XSHG,0.008019996601022449
600136.XSHG,0.013816119521692982
002387.XSHE,-0.001243823162670155
300287.XSHE,-0.01072136448942413
301037.XSHE,0.011865310239080747
301091.XSHE,0.0037994811597228005
600346.XSHG,-0.03667637308278389
002404.XSHE,0.00433599680546534
600763.XSHG,-0.2292164903321884
600791.XSHG,0.006133689393011083
300297.XSHE,0.013042058397292612
301306.XSHE,0.0013549979911446682
300332.XSHE,0.002060284384248147
603712.XSHG,-0.007106078882570527
603612.XSHG,-0.01022581285811314
688800.XSHG,-0.03880136619071399
002380.XSHE,-0.029497986138405548
600321.XSHG,0.011890329788153436
688711.XSHG,-0.04671456414511326
603579.XSHG,0.005335969088129911
600143.XSHG,-0.03069109153642064
600749.XSHG,0.009236569160270278
002371.XSHE,-0.43709950780368384
600593.XSHG,0.009365662623138156
002192.XSHE,-0.12762353288199751
600280.XSHG,0.006603599355689001
002629.XSHE,0.013800069657868244
600795.XSHG,-0.19274281981773073
002088.XSHE,-0.024174364785731234
600083.XSHG,0.015030649975142153
300477.XSHE,0.000833607470364461
000885.XSHE,0.005241260858444134
601718.XSHG,0.005489796701262701
600977.XSHG,0.0008911239753082393
600996.XSHG,-0.0010078685670259074
000671.XSHE,-0.0020455687054528743
002233.XSHE,0.0037624151129297644
300302.XSHE,-0.011315385194905669
301189.XSHE,0.009583926473024893
600657.XSHG,-0.013353474889537968
600694.XSHG,0.0007449937514294337
600640.XSHG,-0.048376347180218035
002194.XSHE,-0.004282684692624236
003002.XSHE,0.006631135065214271
300719.XSHE,0.007402525673805856
603917.XSHG,-0.007907957482613687
688135.XSHG,0.00537606953853492
688448.XSHG,0.012728265876753752
603915.XSHG,-0.007414459343765117
000812.XSHE,0.004784725053902438
002439.XSHE,-0.14403789802662992
600081.XSHG,0.0002784096942898603
300311.XSHE,-0.05092683751285681
000069.XSHE,-0.05411852762276957
002416.XSHE,0.0008712193722787698
000952.XSHE,0.01202092112913732
300271.XSHE,-0.02867037325120219
603586.XSHG,0.010479119617159856
300623.XSHE,-0.03805891473646681
000529.XSHE,0.006397361290836495
300697.XSHE,0.009032263643191665
002002.XSHE,0.0021738896422155802
603889.XSHG,0.007694855931638273
600938.XSHG,-0.007276373082783942
600608.XSHG,-0.227954092990038
600503.XSHG,0.010094701868986863
301239.XSHE,-0.02991288470946598
002880.XSHE,-0.007758243613183278
603173.XSHG,-0.006361508882462721
605066.XSHG,0.011861836338885042
002873.XSHE,-0.019932575023371694
002679.XSHE,0.01121024500510617
000005.XSHE,0.01442199455344023
603615.XSHG,0.012601446216633474
000410.XSHE,0.0037088749358299296
300167.XSHE,0.006243357883753482
300663.XSHE,-0.01485071685141612
603208.XSHG,-0.09626463585776905
002968.XSHE,-0.014078401187841148
000538.XSHE,-0.18296908871384596
300414.XSHE,0.004681773497884036
301041.XSHE,0.009019070948921222
600157.XSHG,-0.009543062514973093
605189.XSHG,0.008131602747461164
002640.XSHE,-0.007160776279930442
300840.XSHE,0.013744635393043486
002232.XSHE,0.0019253154095972592
002748.XSHE,0.0044018484122791725
300476.XSHE,-0.08658996862835881
600036.XSHG,-0.0645763730827838
600185.XSHG,-0.015730322015267577
603192.XSHG,0.010038149464485089
301180.XSHE,-0.02879613025314929
002661.XSHE,0.006347999875712716
600517.XSHG,-0.011492165136346374
600571.XSHG,-0.041559625736490385
603912.XSHG,0.0029325390369020748
002061.XSHE,0.00507560759645277
300869.XSHE,0.0033640064174381493
603019.XSHG,-0.11650994374395458
603657.XSHG,0.010802299705313462
300301.XSHE,0.013515271609263047
002344.XSHE,0.00811543210286245
000732.XSHE,0.013000868308994927
600449.XSHG,0.008722276261016714
688220.XSHG,-0.07139898710658232
002900.XSHE,0.007527660743523695
603551.XSHG,0.008197994457523273
601069.XSHG,0.002165906093121354
301128.XSHE,0.010559776848677553
600466.XSHG,0.011748869718480735
301308.XSHE,-0.027492798326449474
603605.XSHG,-0.061435794359625
002148.XSHE,0.0023650298662380633
300547.XSHE,-0.010242931752518017
002840.XSHE,-0.004240194626121746
600477.XSHG,-0.04592559257124465
300234.XSHE,-0.017894457084535305
600008.XSHG,0.0006646896181688577
301361.XSHE,0.008510933290342889
600576.XSHG,0.003352344543623595
603023.XSHG,0.010380369327156988
688108.XSHG,0.013896909412392619
688622.XSHG,0.0018637578395326072
300463.XSHE,-0.0016760166328332413
300322.XSHE,-0.0004194651766949182
603236.XSHG,-0.0915715838454917
000688.XSHE,-0.027791400071510226
600929.XSHG,0.004722243517716134
002391.XSHE,0.0029865530227838385
002664.XSHE,0.005145450843169448
300972.XSHE,-0.002194809620799194
603887.XSHG,0.004063917654056882
603693.XSHG,0.004680794307838725
002158.XSHE,-0.01587555399996774
603773.XSHG,-0.016391483633303484
600141.XSHG,-0.025398293233387357
002353.XSHE,-0.05850875467021617
300378.XSHE,-0.0056106774587650204
002082.XSHE,0.005807971459938802
002621.XSHE,-0.00017765806505107284
688355.XSHG,0.0039574867035501015
688356.XSHG,-0.07630892604702733
601633.XSHG,-0.03417637308278389
002960.XSHE,-0.005268764972071578
300259.XSHE,0.0013768733912494831
600265.XSHG,0.00022930662800518462
688375.XSHG,-0.030343491912793872
300011.XSHE,0.00666668712567531
300403.XSHE,0.003047471405000307
300937.XSHE,0.007575788451492578
301021.XSHE,-0.0009876018324219502
300141.XSHE,-0.013933918698338002
002867.XSHE,-0.008340943161247167
300103.XSHE,0.007631613618964644
600218.XSHG,0.008916125648228048
601198.XSHG,0.0004872038197514753
002993.XSHE,-0.02072130904304493
603387.XSHG,0.004290121110404339
000981.XSHE,0.0029347809276306785
002467.XSHE,-0.016927013423888908
600055.XSHG,-0.06595955347940347
688625.XSHG,-0.00529705539009008
600887.XSHG,-0.43709950780368384
603585.XSHG,0.008404474844956211
688129.XSHG,0.015130088327926087
002341.XSHE,-0.021838356055025182
300685.XSHE,-0.024491807843406
688246.XSHG,-0.006098729401693858
002399.XSHE,-0.006985453567124899
002552.XSHE,-0.0003475233943122293
002693.XSHE,0.009211219614097745
300519.XSHE,0.004992504635091424
000517.XSHE,-0.0021214577519018413
002599.XSHE,0.007419996191235781
300659.XSHE,-0.03433357122316366
300651.XSHE,0.005948115326108705
688229.XSHG,-0.029851273753663733
300949.XSHE,0.007715646228071487
601609.XSHG,0.006260201782526502
002685.XSHE,0.010718091302256457
000931.XSHE,0.009147350308105187
300980.XSHE,0.010391370258408287
002305.XSHE,0.009850703427526895
600684.XSHG,0.005099365217582787
300088.XSHE,-0.02166744906127354
002077.XSHE,7.55195355629859e-05
600113.XSHG,0.006245230228471431
605056.XSHG,0.00914194897976615
002961.XSHE,0.005596750370608935
603408.XSHG,0.009973212029443092
000910.XSHE,0.006517645444973915
688525.XSHG,-0.008338372163241174
002079.XSHE,-0.013701129444383465
301233.XSHE,-0.02844985859435134
002915.XSHE,-0.011763402665774676
000750.XSHE,0.0014021909200293064
300199.XSHE,-0.02823564113996348
301168.XSHE,-0.008575510326622723
300031.XSHE,-0.026998338323423687
600231.XSHG,0.008000709115004747
300713.XSHE,-0.04824124162099012
000031.XSHE,-0.012360968533342398
300778.XSHE,0.011321796407657084
600461.XSHG,0.006285237369566048
600495.XSHG,0.007860961095489855
688213.XSHG,-0.0076488497199942935
000037.XSHE,0.004638782982417592
600718.XSHG,-0.0845198332943062
600262.XSHG,0.010007084607424058
300837.XSHE,0.0023169516069035685
002120.XSHE,-0.037960202625516255
688670.XSHG,-0.0036394629368283384
300442.XSHE,-0.024899196053619885
000521.XSHE,0.005758896391986255
002026.XSHE,-0.001876143809430653
300275.XSHE,0.006173817361712403
603528.XSHG,0.006567491212553741
603721.XSHG,0.009598478540690914
600655.XSHG,-0.3477464763291954
002983.XSHE,0.006992851700478959
301004.XSHE,0.003309479788063386
603138.XSHG,-0.037580724556304956
002385.XSHE,-0.014787517989631852
000411.XSHE,0.006682830802262738
605003.XSHG,0.011032533121114449
002638.XSHE,0.010987598963915008
600360.XSHG,-0.007088372414967292
000617.XSHE,-0.01102053697355921
002780.XSHE,0.0125197536344915
002484.XSHE,-0.017323973561108826
600032.XSHG,0.00025874874857467886
688001.XSHG,-0.0036774149931463563
300441.XSHE,0.007450037107752854
600708.XSHG,0.007110498667517769
000551.XSHE,-0.003250408890028051
000982.XSHE,0.0036976864610105548
600012.XSHG,0.0030233282350174157
000990.XSHE,3.8893617595961265e-05
002533.XSHE,-0.0016630890578873524
002923.XSHE,0.0038798576554439166
603222.XSHG,-0.003367345114623428
605296.XSHG,0.0007327435199677062
601728.XSHG,-0.010676373082783942
300717.XSHE,0.013283925981280843
002696.XSHE,0.010176146247885353
300181.XSHE,-0.030023770401068687
603322.XSHG,0.00837858544140729
300353.XSHE,-0.02731882068188523
600851.XSHG,-0.004812967674141584
002288.XSHE,0.006121202286428783
002292.XSHE,-0.004733730780107881
000838.XSHE,-0.004052462394198764
601727.XSHG,-0.0031709665411488123
300110.XSHE,0.007641244176526776
300422.XSHE,0.00818272605945558
002184.XSHE,-0.024164498512159724
002622.XSHE,0.005362001507203777
600703.XSHG,-0.0922227722225927
300166.XSHE,-0.14643391225568203
300496.XSHE,-0.06633820055226626
301000.XSHE,0.006203346021106747
300343.XSHE,-0.033825102583997416
600843.XSHG,0.01124817052661596
600893.XSHG,-0.04337637308278376
600460.XSHG,-0.10000412933675708
001212.XSHE,0.00302882788692377
688658.XSHG,0.0010379684455305875
600467.XSHG,0.009959876284523049
002034.XSHE,-0.0012271841333331302
600356.XSHG,0.010768404822332326
300751.XSHE,-0.43406566276741554
601899.XSHG,-0.014876373082783922
300139.XSHE,0.006949128266359086
603166.XSHG,0.009980634013278564
002245.XSHE,-0.02896099600480592
600470.XSHG,0.010884201726236978
688701.XSHG,0.017937394545244404
002672.XSHE,0.007108544037199288
601336.XSHG,-0.012069297977004954
001288.XSHE,0.012488083269538283
300161.XSHE,0.004355174393920787
603801.XSHG,-0.027872035864433833
600476.XSHG,0.0060370427114720075
688420.XSHG,-0.005013353527407399
000900.XSHE,-0.00289082814990828
003032.XSHE,0.005079560670932996
002434.XSHE,-0.005167537344619005
002449.XSHE,0.0034016340646145097
300501.XSHE,-0.0645071757241518
300621.XSHE,0.01201746312641016
600193.XSHG,0.00247230862380113
002751.XSHE,0.016222654934010306
600367.XSHG,-0.0032033159238574315
600572.XSHG,-0.009408490990999354
300380.XSHE,-0.0007625333967080927
002335.XSHE,-0.07154179093317838
000802.XSHE,0.011357866500530089
300138.XSHE,-0.0110243539434982
002407.XSHE,-0.04583657657470631
600675.XSHG,-0.03064681251137047
688076.XSHG,-0.0018862361568683823
002204.XSHE,0.0021002689861787383
600242.XSHG,0.02190012952138664
600599.XSHG,0.013053180624478326
688699.XSHG,-0.022638295383641677
600415.XSHG,-0.02707204076160869
601106.XSHG,0.0029917681305804337
600683.XSHG,0.008925507803507413
600478.XSHG,-0.027243062959884143
688180.XSHG,-0.010829556037192366
300637.XSHE,0.01508122255825678
300252.XSHE,0.002162981903192784
600985.XSHG,-0.005553111013442797
000584.XSHE,-0.03209266154283332
002130.XSHE,-0.11289998985440436
603856.XSHG,0.010399497361604325
300076.XSHE,-0.002484436291692829
603989.XSHG,-0.0028652634364977354
603185.XSHG,-0.08608493547617183
300145.XSHE,0.004951589963920431
300648.XSHE,-0.05881163530388169
600176.XSHG,-0.07195376032347053
001316.XSHE,0.007031459696811606
301391.XSHE,-0.04062502580439782
600559.XSHG,-0.1391609900890182
600545.XSHG,0.008420227817935583
000685.XSHE,-0.0038672401259443653
300638.XSHE,-0.08329633914164586
688689.XSHG,0.00734852839325788
601006.XSHG,-0.006153038732939672
688138.XSHG,0.0057934355941542705
603815.XSHG,0.010352586514958252
002719.XSHE,0.008541915299810222
688169.XSHG,-0.19461177748812497
600589.XSHG,0.01390528918280397
000858.XSHE,-0.43709950780368384
002179.XSHE,-0.12369763738703804
002174.XSHE,-0.004749384118202443
300615.XSHE,0.0078762453676097
688215.XSHG,0.011109187408022622
300277.XSHE,0.00607910852320071
300003.XSHE,-0.017984528055522055
000045.XSHE,-0.003502627580079732
600088.XSHG,-0.006386913687683465
601789.XSHG,0.005579180569540044
000950.XSHE,0.006184406080512493
001229.XSHE,0.004476267543819771
600984.XSHG,0.002499894379078495
600986.XSHG,-0.004475047845963748
001309.XSHE,-0.009242001074451856
605099.XSHG,0.0024676843909128146
300481.XSHE,-0.017649026380350572
000631.XSHE,-0.00787626456678827
603881.XSHG,-0.013892182333424177
603986.XSHG,-0.23952808018307917
600359.XSHG,0.011493424266031279
300123.XSHE,-0.0009577315199753404
300369.XSHE,-0.07403915954478582
601658.XSHG,-0.006876373082783943
605128.XSHG,-0.0075223117206177584
688410.XSHG,-0.00948420450107836
001696.XSHE,-0.02083429238049113
600239.XSHG,0.008230705339564104
601100.XSHG,-0.09302642826572868
300918.XSHE,0.011117078151258638
300286.XSHE,-0.1296291221402753
002671.XSHE,0.012050471812535282
000519.XSHE,-0.02968324539147678
688555.XSHG,0.022679322215206663
002793.XSHE,0.0035836627352668115
600757.XSHG,-0.0015115086307366504
300483.XSHE,0.00912583816356123
300647.XSHE,0.00853801749608643
300091.XSHE,-0.006768385748793
002355.XSHE,0.012462849349384568
300336.XSHE,0.013313647338998412
300512.XSHE,0.009737863199271187
001333.XSHE,0.0028517879809134786
603916.XSHG,-0.0011809447729244447
688156.XSHG,-0.004026402784657922
000919.XSHE,0.007956781970559858
000922.XSHE,0.004324753820922091
300449.XSHE,-0.0028676210703270193
301179.XSHE,-0.010949219289421296
688365.XSHG,0.0009444266450452411
601919.XSHG,-0.0077763730827839495
002098.XSHE,0.013240428773233587
600387.XSHG,0.0048427195506033464
301035.XSHE,-0.0226939823625144
688130.XSHG,0.004252327451919502
002987.XSHE,-0.010172685619372412
301312.XSHE,-0.025210374652132037
002683.XSHE,-0.010827816656069378
600326.XSHG,0.0009782994806064073
600666.XSHG,0.013482599456559545
688589.XSHG,-0.011891307429566508
001300.XSHE,0.010664325121539663
600654.XSHG,-0.42222529965640604
002891.XSHE,-0.004499714788523361
300050.XSHE,0.00610009182237011
301175.XSHE,0.006836459836409372
300014.XSHE,-0.39787637308278423
301018.XSHE,-0.007489374331507614
688660.XSHG,0.006983778372993853
002729.XSHE,-0.0740921276363692
300525.XSHE,-0.09414027705222049
300285.XSHE,-0.07490504360219581
603356.XSHG,0.012740015729500767
600998.XSHG,-0.006872013266728814
600256.XSHG,-0.15368170876060722
002613.XSHE,0.007368724615295622
002889.XSHE,0.00974329763386476
605268.XSHG,0.0021806671078249008
002159.XSHE,0.011352382336305622
603589.XSHG,-0.014812460115154597
600939.XSHG,0.008514264959462392
300587.XSHE,-0.012939732004964444
301058.XSHE,0.005857162282700268
301177.XSHE,-0.023439638063411622
300366.XSHE,-0.03413798696563409
601933.XSHG,-0.0014667714250847347
688107.XSHG,-0.03566614378781528
000416.XSHE,0.0064302866961649
600026.XSHG,-0.01339040816006704
002239.XSHE,-0.0033974791297035224
300529.XSHE,-0.01898787602018866
002187.XSHE,0.007001188008292709
601519.XSHG,0.0029075646012819687
002537.XSHE,-9.20006588110327e-05
300892.XSHE,0.006713091584153562
300466.XSHE,0.003931646900842082
300490.XSHE,-0.004640106963310447
300304.XSHE,0.0019418607198370685
603289.XSHG,0.004194569572758856
002431.XSHE,0.005685149074512437
603133.XSHG,0.013387725367771804
300036.XSHE,-0.025185751336084715
600409.XSHG,-0.00544362467734947
600480.XSHG,0.006015002833831743
688349.XSHG,-0.012202130798930722
000014.XSHE,-0.002711839658157432
603167.XSHG,0.011550367362432921
603466.XSHG,-0.03558277262472393
688020.XSHG,-0.008588323013165719
301056.XSHE,0.014496094418886142
605366.XSHG,0.0006513864760511016
000927.XSHE,0.0036569150278203347
002774.XSHE,0.013538474236580665
000009.XSHE,-0.026230943842123197
002412.XSHE,0.00836169315944538
300835.XSHE,-0.03420130621011362
601002.XSHG,0.011299161729713448
603499.XSHG,0.011382588128436611
000998.XSHE,-0.03575983958070278
601968.XSHG,0.00793863457797359
000851.XSHE,0.00275498736551318
603682.XSHG,0.013640164578856043
002278.XSHE,0.014136624056364584
002634.XSHE,-0.01309977560040518
300206.XSHE,-0.0024640138318743204
603048.XSHG,0.013445472293471617
002752.XSHE,0.007555956234339996
600386.XSHG,0.006475403160219894
600751.XSHG,0.007362497539028543
002888.XSHE,0.003855305964240942
603106.XSHG,0.005770816638056288
300959.XSHE,0.0047590556445173664
002263.XSHE,0.009058032043510954
301028.XSHE,0.011185429646394334
001234.XSHE,0.012460057748388828
300068.XSHE,-0.02503696213526746
603181.XSHG,-0.005424568700949647
000963.XSHE,-0.13253844791251918
300491.XSHE,-0.08425355267604193
600250.XSHG,0.014547476302175271
002186.XSHE,0.006194575230966224
300589.XSHE,-0.004468517986480078
300124.XSHE,-0.4326763730827844
000892.XSHE,0.008737835833181395
600138.XSHG,-0.009365505747369877
603882.XSHG,-0.02213731413295465
688087.XSHG,-0.003749742418047524
002553.XSHE,0.0016392949702518714
300761.XSHE,-0.004522553118250998
600960.XSHG,0.010358609857483965
000700.XSHE,-0.007843361068381594
688276.XSHG,-0.011545534884998671
600019.XSHG,-0.008076373082783962
688565.XSHG,0.013279603688619315
600423.XSHG,0.011636778423428954
000702.XSHE,0.013999287712075344
688132.XSHG,0.003776757741814289
002890.XSHE,0.011411819440366136
300691.XSHE,-0.00045899271030191806
000723.XSHE,-0.010137683035014576
002042.XSHE,0.007010961183301275
300440.XSHE,0.004786464704313868
600617.XSHG,-0.01562966753877694
601777.XSHG,0.002633707292580323
601101.XSHG,0.004505345413632095
001289.XSHE,-0.009276373082783935
688039.XSHG,-0.00322454726235564
603332.XSHG,0.013952145426060549
688265.XSHG,-0.004684540566172311
688339.XSHG,-0.05354469848802262
300811.XSHE,-0.10190076068282193
002248.XSHE,0.011117281732793555
002925.XSHE,-0.01049280974823803
002523.XSHE,0.00853610150143978
301042.XSHE,0.005211401241878156
000534.XSHE,-0.012616777721388443
000078.XSHE,-0.021074689803698962
603057.XSHG,-0.0022143218225328673
002142.XSHE,-0.02577637308278385
300108.XSHE,0.015030000091413427
600635.XSHG,-0.041410109942594704
603611.XSHG,0.0023125578650204977
301001.XSHE,0.009204022954804127
301065.XSHE,0.009431426496891559
002362.XSHE,-0.03904823903393055
002425.XSHE,0.0018266752747368477
002620.XSHE,0.010911092788745995
688536.XSHG,-0.11962326298257997
003041.XSHE,0.010329069869966593
000800.XSHE,-0.0034476379314692853
002376.XSHE,0.005140038315497499
002828.XSHE,0.012340825088216257
000554.XSHE,0.005224990075508432
003043.XSHE,0.0001390858475914837
688109.XSHG,0.0072412820628743185
000607.XSHE,-0.01620275970068495
003033.XSHE,0.0006256014289390942
000572.XSHE,-0.016149769690471757
300617.XSHE,-0.010988080632044341
688485.XSHG,0.012377825636699933
603209.XSHG,-0.007898283158040994
002015.XSHE,-0.025807598749565452
688022.XSHG,-0.028001058229325835
000036.XSHE,0.0056235094178865965
002218.XSHE,0.0009107467419710831
002826.XSHE,0.012945400656919003
300567.XSHE,-0.0734391316869521
600995.XSHG,-0.028196453994923903
603958.XSHG,0.016764572317878635
002625.XSHE,-0.013999900903692011
002171.XSHE,0.001741360259165054
300506.XSHE,0.006138133215770799
300363.XSHE,-0.08513684645070761
600653.XSHG,-0.41873133464317586
603196.XSHG,0.01278290200561228
600804.XSHG,0.0014015790046055104
002138.XSHE,-0.02864375104608159
603599.XSHG,-0.009833537461250619
688606.XSHG,-0.012111299531492615
601579.XSHG,0.005520123297584062
300263.XSHE,-0.023223181270680876
300841.XSHE,-0.1461081330424
603399.XSHG,5.176642523755867e-05
000040.XSHE,0.0031145622483862703
603188.XSHG,0.013761924177319189
002374.XSHE,0.005289080347444715
300420.XSHE,0.006609265065736627
688198.XSHG,-0.05100853481655074
600621.XSHG,-0.4253378419634955
002065.XSHE,-0.07817018539151298
000676.XSHE,-0.062416673165912505
002933.XSHE,0.009543985883976893
600229.XSHG,0.008616467137365564
603456.XSHG,-0.049431868803441144
002809.XSHE,0.011670739296463527
300943.XSHE,0.007804788558217216
300306.XSHE,-0.00026258283363419545
000546.XSHE,0.000359535509585205
601628.XSHG,-0.018576373082784006
001339.XSHE,-0.021564283661042787
600867.XSHG,-0.16461674408826543
603035.XSHG,0.0010524712167687723
301126.XSHE,0.010006517571289009
605155.XSHG,0.012615877409860013
300451.XSHE,-0.03721405749936533
300650.XSHE,0.0112064457591135
002836.XSHE,0.009858477373924854
300849.XSHE,0.013773651877272511
603797.XSHG,0.011751798910957952
600569.XSHG,0.008486481608686838
000707.XSHE,6.962207002548897e-05
300913.XSHE,0.0013009399923803126
600961.XSHG,0.009445659860456071
002688.XSHE,0.0073508575253028756
002133.XSHE,0.011921020225445278
600928.XSHG,0.004633189576289516
300182.XSHE,-0.08409812859193724
002284.XSHE,0.0021775508518154883
002723.XSHE,0.0063132789638069625
301131.XSHE,-0.004916740069204806
300678.XSHE,-0.00811383799694543
300876.XSHE,0.006458719848711764
000975.XSHE,-0.03345782413850261
603256.XSHG,0.00889187750127412
603959.XSHG,-0.004106371637273386
688225.XSHG,0.003601155264992115
688167.XSHG,-0.025471518300349424
603556.XSHG,-0.017999956748149887
300417.XSHE,0.010731249988741606
600768.XSHG,0.009932967872729669
002253.XSHE,-0.02125129539129704
000505.XSHE,0.005428277626371597
002554.XSHE,0.006349277466960099
301335.XSHE,0.007667573603527918
600782.XSHG,-0.0020378544469503513
002788.XSHE,0.010733805300026471
600830.XSHG,0.003948979733124995
002669.XSHE,0.003273762582699985
300237.XSHE,0.00641582268938861
300854.XSHE,0.009269720522382908
603258.XSHG,-0.0038382293116308187
002785.XSHE,0.005248264292545881
601012.XSHG,-0.24017637308278325
688035.XSHG,-0.029166673078101012
002033.XSHE,-0.0015153574424455266
002145.XSHE,-0.008058253852444477
300335.XSHE,0.013149238421501588
688686.XSHG,-0.05916523003753827
301087.XSHE,-0.0016682589234413622
002306.XSHE,0.009208081380917468
600267.XSHG,-0.0023211602639387477
002782.XSHE,-0.0348024179539672
603879.XSHG,0.011118063409298039
688023.XSHG,-0.06118446825054449
002386.XSHE,0.0033641053732478164
605567.XSHG,0.011707293812041749
300994.XSHE,-0.0013315507198737898
603729.XSHG,0.0149656789421016
601669.XSHG,-0.006576373082783939
688327.XSHG,-0.050142699306244876
600429.XSHG,0.007633101058780266
603698.XSHG,-0.000367278808448869
600109.XSHG,-0.010802626432677036
300982.XSHE,-0.03712091262268852
601222.XSHG,-0.002758435690972342
300550.XSHE,-0.011420753639445766
603580.XSHG,0.0018953181078842675
688216.XSHG,0.003143231550145788
000501.XSHE,-0.002171579006857655
300903.XSHE,0.006474594082500989
603015.XSHG,0.009949073393681151
002741.XSHE,-0.02405320544673966
600128.XSHG,0.01264860513773287
300303.XSHE,-0.0059429149652269544
300045.XSHE,-0.010557990477640371
301191.XSHE,-0.057550304147220836
603789.XSHG,0.012144161865258152
600560.XSHG,0.001118146081268874
603859.XSHG,0.0035254750953314104
300655.XSHE,-0.014473742783252808
300607.XSHE,-0.0038523356508044174
688309.XSHG,0.012240918619982357
300809.XSHE,0.004192097647644464
000596.XSHE,-0.2102763730827843
002333.XSHE,-0.002130174301606896
000652.XSHE,-0.003799874532798614
001215.XSHE,-0.012170654139205296
002275.XSHE,0.003162954630768513
300140.XSHE,0.0052009014386657955
600305.XSHG,-0.01879095986072671
003027.XSHE,-0.002000100571540037
600512.XSHG,0.009952129434926446
603628.XSHG,0.007655801972649346
600877.XSHG,-0.01169110830029538
300118.XSHE,-0.0483319568994555
301025.XSHE,0.00776139606956074
300630.XSHE,-0.018337810480900475
603906.XSHG,-0.00855113488598945
000969.XSHE,-0.00023520080039001606
000719.XSHE,0.0007161261399721052
301070.XSHE,0.00974353948811755
002059.XSHE,0.0070204867638924235
688575.XSHG,-0.0019742601951306497
002083.XSHE,0.010191431245913044
600166.XSHG,-0.029539329598571213
002562.XSHE,-0.004706481757291351
300661.XSHE,-0.3401088203324403
300670.XSHE,0.005366653960879838
002170.XSHE,0.0035285969158826832
600727.XSHG,0.008500516053727572
688363.XSHG,-0.02320236731109735
600507.XSHG,-0.00944831030752924
601857.XSHG,-0.006276373082783938
002813.XSHE,0.006338309279009364
605300.XSHG,0.003522980970590571
002587.XSHE,-0.0037213702061725164
688012.XSHG,-0.045495594848036634
002952.XSHE,-0.030989391552001824
002643.XSHE,-0.024729143777908358
301273.XSHE,-0.010903255662260558
603323.XSHG,0.0075459245934104005
300198.XSHE,2.0442224141138665e-05
002247.XSHE,0.012709732818232667
300548.XSHE,-0.013976479581819861
603669.XSHG,0.005573333032672716
688200.XSHG,-0.16239790795382295
300489.XSHE,-0.00030269967325193166
688210.XSHG,0.001268515047724031
600731.XSHG,-0.014423082607576007
601158.XSHG,0.0016669692079139464
002855.XSHE,0.012332197395558044
000913.XSHE,-0.02055584258700554
300930.XSHE,0.006553384533842562
000815.XSHE,-0.011150441305499265
603026.XSHG,-0.030258600835874734
300898.XSHE,0.006184559546046088
300147.XSHE,0.006179334503401325
688389.XSHG,-0.0037521867546163584
300656.XSHE,-0.04450907507200558
600606.XSHG,-0.09976625915625348
300619.XSHE,-0.0009754223828147626
600421.XSHG,0.012402173079001003
300520.XSHE,-0.06000215397033706
003001.XSHE,0.013277313402993615
600216.XSHG,-0.01934077814513474
000582.XSHE,-0.0002955298180548861
600642.XSHG,-0.004564971056456909
603990.XSHG,0.0032270992368058516
605566.XSHG,-0.0005040594564341867
300919.XSHE,-0.014684489454974718
301299.XSHE,-0.0008085193991180621
301013.XSHE,-0.003973016646793141
002309.XSHE,0.006422149271750326
603286.XSHG,0.009879873529496049
603897.XSHG,0.007930810246285957
688595.XSHG,-0.006158535431230853
300730.XSHE,-0.004639644787064473
603819.XSHG,0.006077847812910011
601872.XSHG,-0.007209370979362906
603786.XSHG,-0.01712549853602603
600976.XSHG,-0.09336104595689224
301419.XSHE,-0.024459383601241086
002051.XSHE,-0.0010526602238607142
601599.XSHG,0.011531272586446614
300398.XSHE,-0.06573347730502743
301199.XSHE,0.00855376454157
688698.XSHG,0.003311742894930407
600107.XSHG,0.012369148085620632
000559.XSHE,-0.014680079803914949
600237.XSHG,0.004091420233911255
000006.XSHE,-0.0719582435429344
000692.XSHE,0.009351787477461269
301049.XSHE,0.01159034615394962
002286.XSHE,0.009704640001566733
688075.XSHG,-0.01332870378958065
301339.XSHE,-0.00269098764831144
688619.XSHG,-0.0031143062411854647
000425.XSHE,-0.09520480635241277
301183.XSHE,0.010832279833365016
603045.XSHG,0.013805052647221015
600243.XSHG,0.015199882465545957
002393.XSHE,0.007090572344897707
603379.XSHG,-0.00877460127448151
002149.XSHE,-0.009947859178409612
301022.XSHE,0.01290131402577918
688055.XSHG,0.0038037269537813346
600886.XSHG,-0.08955964058022203
688793.XSHG,-0.009776523981072737
300603.XSHE,-0.010019294385293361
002765.XSHE,0.007936096100812617
603182.XSHG,0.01108713084846502
600641.XSHG,-0.14779959305938623
601512.XSHG,0.003109590727654744
300408.XSHE,-0.06279375589056989
688396.XSHG,-0.014385469253846078
603090.XSHG,0.007586294018286001
600198.XSHG,0.004104706705819824
002136.XSHE,0.007997212382940282
000070.XSHE,-0.004326220665133482
300771.XSHE,0.005629841014505146
002024.XSHE,-0.013964288499676967
300268.XSHE,0.009152228343903375
002426.XSHE,0.004516891509221334
002485.XSHE,0.014003075946066226
301206.XSHE,0.0007454234536632583
688367.XSHG,0.013910674098514004
600486.XSHG,-0.09869946052899428
300908.XSHE,0.0028994755015154267
300089.XSHE,0.013542300356919109
002086.XSHE,0.01461070175730861
300192.XSHE,0.009538116311397771
000541.XSHE,-0.01959974223657062
603558.XSHG,0.006403114827610032
300571.XSHE,-0.1317579353825067
300880.XSHE,0.0021493267399715753
300096.XSHE,0.0031284864329107903
600172.XSHG,-0.02415762120091813
603838.XSHG,0.01367573315731978
002160.XSHE,0.009206831600671187
300505.XSHE,-0.0014428379397553696
300213.XSHE,0.0033042160863304137
600604.XSHG,-0.013564437618320598
300134.XSHE,-0.0050658693307601855
600776.XSHG,-0.0033133527546667764
688630.XSHG,-0.03161194332381081
000419.XSHE,0.0020173808759342514
300215.XSHE,-0.0014715518632235393
001269.XSHE,-0.03157339562419969
002700.XSHE,0.006478012665107544
688089.XSHG,-0.00013425400239960687
688509.XSHG,0.011382076445015283
000516.XSHE,-0.17125835831425573
300276.XSHE,-0.0023154290907063477
300984.XSHE,0.002459963935626133
603639.XSHG,-0.021694808801225752
000571.XSHE,0.01406007405564408
000823.XSHE,0.0037896640069561578
600380.XSHG,-0.022211034365335107
002430.XSHE,-0.022034043650379174
002768.XSHE,-0.007316232674132454
002400.XSHE,-0.029102693371094043
603071.XSHG,0.004326009458414987
300278.XSHE,0.005725084216100505
600004.XSHG,-0.004249212729683162
600722.XSHG,0.010676421770385825
688609.XSHG,0.007642020358738565
300907.XSHE,0.012260536594843982
002980.XSHE,0.005120150640257509
600908.XSHG,0.005701326196891927
603601.XSHG,-0.003106327600974441
300511.XSHE,0.008500719764052624
603022.XSHG,0.011424604421281827
002080.XSHE,-0.01834539696568787
002773.XSHE,-0.004393525516646474
002988.XSHE,0.0034262456544603987
300033.XSHE,-0.3815845883756587
600481.XSHG,-0.019741488056296705
600452.XSHG,-0.09653336688059644
603603.XSHG,0.010326746817623937
603787.XSHG,0.006961263843581851
603618.XSHG,0.00944062734051162
300961.XSHE,0.013910558624701664
002397.XSHE,-0.010731743570403471
300205.XSHE,-0.02133470005872134
300265.XSHE,0.006565784153236389
603005.XSHG,-0.014183240377219969
688211.XSHG,-0.007938934149994777
000669.XSHE,0.015006054458387699
688776.XSHG,-0.050896801657429505
601018.XSHG,-0.0034120137310033704
603086.XSHG,0.0019748526655038855
002261.XSHE,-0.07198253029043544
603211.XSHG,0.0109175681619221
300964.XSHE,0.009583447169950236
688115.XSHG,0.006149679018655249
603266.XSHG,0.009573217137365454
301267.XSHE,-0.05319782497743916
300421.XSHE,2.5871211274852007e-05
603042.XSHG,0.013965442371394077
300819.XSHE,0.013009418952765134
002546.XSHE,0.0056790206145174655
688379.XSHG,0.0071716751995341
300154.XSHE,0.005512794306937869
301100.XSHE,0.004345081812319227
603080.XSHG,0.014364572528626097
688302.XSHG,-0.02070704341621562
001298.XSHE,0.007217078151258632
002254.XSHE,-0.06860258814825083
603976.XSHG,0.0074522008373152145
002087.XSHE,0.013968713170090753
300428.XSHE,-0.09136586319251698
603988.XSHG,0.01135553176881865
601377.XSHG,-0.004427882177795115
688186.XSHG,0.0020413874496320056
603232.XSHG,-0.021258998239719145
000066.XSHE,-0.0887509029080439
688182.XSHG,0.0019155203862078925
002573.XSHE,-0.001326672051833273
300608.XSHE,-0.008388659160217027
300768.XSHE,-0.014081274898814437
300480.XSHE,-0.011693333356900036
300640.XSHE,0.01356104865292743
688733.XSHG,0.0018322421577648693
300773.XSHE,-0.006922426480230386
300254.XSHE,0.015159963877085167
002567.XSHE,-0.0028587388605592744
002647.XSHE,0.007290016168557965
300195.XSHE,0.011693225897792538
688121.XSHG,0.0031985065975640376
600647.XSHG,-0.008410903801919702
002389.XSHE,-0.03931983846076953
688553.XSHG,0.006302614296688859
300748.XSHE,-0.006205153815878865
300058.XSHE,-0.04469934540642741
002128.XSHE,-0.003889957347068615
603027.XSHG,-0.025747126201215345
600023.XSHG,-0.0021852052233831964
688468.XSHG,0.006456297629811997
688085.XSHG,-0.005995321046640278
002241.XSHE,-0.1688056432177163
300923.XSHE,0.013104606555774667
600583.XSHG,-0.07681303839745526
000762.XSHE,-0.06362579049457197
300946.XSHE,0.0027162577454167766
603869.XSHG,0.007004689801446822
688051.XSHG,-0.009533048633114365
000821.XSHE,-0.020753502384417748
600685.XSHG,-0.008663153959078997
000731.XSHE,-0.0059932344362149895
603956.XSHG,0.0100262787841313
003005.XSHE,-0.004464867355678829
002749.XSHE,0.0021122053755894387
002931.XSHE,0.010608587581754283
300010.XSHE,0.009644162017464614
603118.XSHG,0.0036103337099464604
000514.XSHE,0.009217672764230952
000531.XSHE,-0.005461960269162489
002378.XSHE,0.0034100639510270953
002606.XSHE,-0.001988554370577114
301139.XSHE,0.006879565696898073
688272.XSHG,-0.006420142883132911
600399.XSHG,-0.010379088407632355
603389.XSHG,0.016318178754320282
300364.XSHE,-0.08377415019219459
300911.XSHE,-0.013326386044199615
000976.XSHE,0.00621294349583072
300155.XSHE,0.0049884742892675575
301373.XSHE,0.004173608321009315
001872.XSHE,-0.010469926269933238
600705.XSHG,-0.12475672833894985
603979.XSHG,-0.012185739949420748
300802.XSHE,0.0023063582133841312
688071.XSHG,-0.016666992859356175
688228.XSHG,-0.037905182727449964
301330.XSHE,-0.00014948913029802155
001227.XSHE,0.0033750684064433674
300680.XSHE,-0.022485729581369462
603955.XSHG,0.009445576930905052
002767.XSHE,0.012842201658689661
300261.XSHE,-0.05772263590730366
600177.XSHG,-0.020406084318322165
600797.XSHG,-0.056784496131794704
300894.XSHE,-0.00676048962834626
002835.XSHE,0.0006854075989743604
300042.XSHE,-0.03166939922762013
002570.XSHE,0.008214308831846696
300766.XSHE,0.00019609499258751127
002872.XSHE,0.016205966502871635
600390.XSHG,-0.003601453912066182
000912.XSHE,0.007161594613422384
300807.XSHE,0.0031930549541844787
300688.XSHE,0.005475937183765999
002297.XSHE,0.006920046014532254
000906.XSHE,-0.006154367353427219
002623.XSHE,0.0003402808137007874
688178.XSHG,0.013435478679387896
300435.XSHE,0.0013945147937464899
300967.XSHE,0.010948814623347179
301106.XSHE,0.0066633062303770915
002111.XSHE,-0.0008098404412548756
600693.XSHG,0.003101204315547952
688002.XSHG,-0.00890093092393832
002472.XSHE,-0.02427288875599628
300535.XSHE,0.015226569899687367
688234.XSHG,-0.055320201517291064
002279.XSHE,-0.012090580274494313
600251.XSHG,-0.004404703225336157
600017.XSHG,0.007191723520580071
002594.XSHE,-0.06017637308278383
600815.XSHG,0.007096700629269783
300611.XSHE,0.011682323840393527
002180.XSHE,-0.1414878643291115
603908.XSHG,-0.006007252784747992
002739.XSHE,-0.007125636115799427
600578.XSHG,0.00028783688106455516
600740.XSHG,-0.008217641870824511
300416.XSHE,-0.06254251260566655
300370.XSHE,0.00439318208394918
688041.XSHG,-0.06207637308278395
688336.XSHG,0.004818157866011281
600483.XSHG,-0.0015273376105748564
002497.XSHE,-0.039310500154458215
300925.XSHE,-0.01126729558403176
600868.XSHG,-0.0035545327090771486
002568.XSHE,-0.07527114296734114
600191.XSHG,0.011123822803318261
300457.XSHE,-0.07164992909520944
002590.XSHE,0.0068303862256759275
600220.XSHG,0.008545566363814528
688779.XSHG,-0.0021024998766137376
300288.XSHE,-0.011434331367408663
600918.XSHG,-0.0018687037621111908
300084.XSHE,0.007077104268625069
300299.XSHE,0.0009301218908000803
002916.XSHE,-0.05257827325021107
000799.XSHE,-0.07832251388546134
600057.XSHG,-0.028556040369834675
600820.XSHG,-0.007871567538236177
688293.XSHG,-0.05790507190494059
301005.XSHE,0.007845643073164918
300331.XSHE,-0.016172432600911432
603169.XSHG,0.005812701407414135
000061.XSHE,-0.012584798833053922
300239.XSHE,0.006982368391852911
300262.XSHE,0.013915277232345846
600515.XSHG,-0.005916385706463054
600778.XSHG,0.009402888765452094
300793.XSHE,0.0032350059594677743
688079.XSHG,0.008564358262918757
600567.XSHG,0.0043031101528907476
002213.XSHE,0.0029016007710289202
000016.XSHE,-0.027499846604715484
002052.XSHE,0.013172660598071788
002460.XSHE,-0.2589763730827832
688027.XSHG,-0.0762930301873133
605589.XSHG,-0.0028236487538885954
600588.XSHG,-0.4356402303619411
002455.XSHE,-0.0031216728020581133
601611.XSHG,0.001843667776993155
002581.XSHE,0.00224600727708943
600661.XSHG,0.0040096338975475765
300093.XSHE,-0.008656624614755729
603191.XSHG,0.0039164234171877544
300909.XSHE,-0.008295574451471678
301159.XSHE,0.0027359470055852726
000989.XSHE,0.0007463044606395384
688268.XSHG,-0.01736116704207948
603261.XSHG,0.002214666382367461
300581.XSHE,-0.02528565253248151
600619.XSHG,-0.01891009364704706
000059.XSHE,0.0008458146841399039
603128.XSHG,-0.008934528834116766
001318.XSHE,0.008429527336368715
603700.XSHG,0.01065145744523681
603496.XSHG,-0.019976160421098878
601890.XSHG,-0.00783614220946146
688090.XSHG,0.009589960640221322
000727.XSHE,0.0021938654485945458
603369.XSHG,-0.06672292103682326
002137.XSHE,0.00612922998890389
600968.XSHG,5.355675364346899e-05
300077.XSHE,-0.014671094361696717
300986.XSHE,-0.008477740362359727
000537.XSHE,-0.009579132572721477
000778.XSHE,-0.0010299147116995516
301217.XSHE,0.005179181014451319
601881.XSHG,-0.006383998999400049
000001.XSHE,-0.4269763730827828
002827.XSHE,0.002487323570204628
002504.XSHE,0.01649927111211532
300391.XSHE,0.008405135576772027
301119.XSHE,0.009937659289906964
300658.XSHE,0.010972325165220141
688376.XSHG,-0.009811393215465168
000683.XSHE,-0.03597888460364184
300684.XSHE,0.0034277268974917986
603085.XSHG,0.003281118611606657
603568.XSHG,-0.010714491899734665
600756.XSHG,-0.035150447244703134
002097.XSHE,0.004436652359109683
601058.XSHG,-0.01386219595004746
600361.XSHG,-0.008669970540396033
002468.XSHE,-0.00023796448501095177
002432.XSHE,-0.02239619015179224
300863.XSHE,-0.027397512552079298
000717.XSHE,0.006596210782521041
600161.XSHG,-0.08507680875934649
600916.XSHG,0.0009726182594605717
605488.XSHG,0.012663801817290595
688655.XSHG,0.012426834328228706
603985.XSHG,-0.05039912531859804
600184.XSHG,0.0014462658015513344
603122.XSHG,0.008759958979910217
002323.XSHE,0.003997884595085549
002166.XSHE,-0.011235591831827478
600306.XSHG,0.01288048480096935
002452.XSHE,0.0031901538888295267
002108.XSHE,-0.0036031284154139677
600987.XSHG,-0.0068399249725760464
300590.XSHE,-0.010666100805253355
300965.XSHE,0.000988232036936201
000400.XSHE,-0.11073848172126594
600116.XSHG,-0.01483456165937474
002294.XSHE,-0.11916980506766407
300321.XSHE,0.01396146142737184
600152.XSHG,-0.008067945163347509
688133.XSHG,-0.05535705396574372
688439.XSHG,-0.03454619020447901
688515.XSHG,-0.12187753049037503
688081.XSHG,-0.0026548692542068472
688508.XSHG,-0.0112925733648615
600425.XSHG,0.002326130344562696
000665.XSHE,-0.01811445977696825
300242.XSHE,0.009962970364322393
688111.XSHG,-0.13227637308278417
002886.XSHE,-0.0069456241284156835
002413.XSHE,0.004276565324487688
603329.XSHG,0.010607794787874249
300836.XSHE,-0.005395833994546281
000050.XSHE,-0.029638790092440765
301082.XSHE,0.006746254321221909
002958.XSHE,0.004337654978141575
301158.XSHE,0.011979367305242905
603520.XSHG,-0.01457105050102073
688003.XSHG,-0.0062809392435071495
002209.XSHE,0.008970998078505692
002953.XSHE,-0.0027461911879671976
600269.XSHG,0.006183183654647819
002048.XSHE,-0.022298470045950196
688315.XSHG,-0.008064602611016367
301236.XSHE,-0.026155065807675945
688166.XSHG,0.0005747596371900683
002732.XSHE,0.00890754162891486
002514.XSHE,-0.032968770864442734
300264.XSHE,0.008010195497930889
600213.XSHG,-0.0012575998794060184
002466.XSHE,-0.1570763730827838
688177.XSHG,0.0007758278247804304
002922.XSHE,0.00560288939769447
000863.XSHE,0.005434857262318993
300565.XSHE,0.004185699604352947
688617.XSHG,-0.1972042454779372
601988.XSHG,-0.005976373082783943
002808.XSHE,0.00025476119798151405
605389.XSHG,-0.017165930212891194
002030.XSHE,-0.04482117644240354
301356.XSHE,-0.003866133759301539
002262.XSHE,-0.15059141090788897
600753.XSHG,0.002870756048630088
600765.XSHG,-0.06047659944935478
605005.XSHG,0.00555232243766265
688045.XSHG,-0.035559879071072636
300388.XSHE,0.00811627438050146
300767.XSHE,-0.044040348688773004
603367.XSHG,0.0076671335449510596
002043.XSHE,-0.040390530486322365
688096.XSHG,0.01616869627742594
600061.XSHG,-0.011834654711104889
600651.XSHG,-0.4232948513426554
000920.XSHE,0.00391527780604725
600400.XSHG,0.0011384695384449913
688333.XSHG,-0.06894263349181433
002706.XSHE,-0.03586829149111876
689009.XSHG,-0.008010147875774396
003000.XSHE,0.006140622092090941
300212.XSHE,-0.12820716382232739
002726.XSHE,0.0015129822602926437
002871.XSHE,0.007036293836809095
001270.XSHE,-0.050117201367336384
000525.XSHE,-0.01232381456615776
300018.XSHE,0.0001365637947676867
603103.XSHG,0.003998760201434658
000100.XSHE,-0.012529324550990869
300434.XSHE,-0.002404890640114
002598.XSHE,0.0020767908246524473
000751.XSHE,0.009413752643798762
002998.XSHE,0.013833265477774737
601702.XSHG,-0.0006645860110562766
603338.XSHG,-0.10903474854728412
600790.XSHG,0.0024518433687517943
603033.XSHG,-0.014219717633162775
002584.XSHE,0.009891139427865526
300106.XSHE,0.014719715069068854
002756.XSHE,-0.06977019598201999
300531.XSHE,-0.015889969354266655
601618.XSHG,-0.0037207407541333514
603978.XSHG,-0.029493074926103674
001218.XSHE,0.012662717170238466
300774.XSHE,0.00824448168163782
600153.XSHG,-0.06801302171553777
688036.XSHG,-0.052380271612415596
601360.XSHG,-0.02737494725100724
688072.XSHG,-0.2343176688388359
002418.XSHE,0.008828651730019635
002444.XSHE,-0.029478295602044152
601865.XSHG,-0.015270509449408816
603171.XSHG,-0.0038478587452065597
002639.XSHE,0.0024244675908327764
688768.XSHG,-0.0231105505865806
603129.XSHG,-0.07422783873861408
002107.XSHE,0.004776443829514037
688787.XSHG,-0.4241792141947341
601238.XSHG,-0.009176373082783955
603390.XSHG,0.013465266448653783
300185.XSHE,0.004743028542312275
301024.XSHE,0.008231013277535861
002597.XSHE,-0.027821275655793842
301127.XSHE,0.010777501087059969
688678.XSHG,0.006487131059212455
601666.XSHG,-0.003008892472445287
601028.XSHG,-0.0014283126761858809
300187.XSHE,0.0017806394490302822
002215.XSHE,-0.011130163008608472
300672.XSHE,-0.02884681246453771
600532.XSHG,0.002829329319375706
600880.XSHG,-0.1293136009462022
300769.XSHE,-0.17508577247026577
600222.XSHG,0.00722501225171849
600845.XSHG,-0.13479899733413542
002978.XSHE,-0.001794808438271847
000752.XSHE,0.010822941304597909
002334.XSHE,-0.07790626124796718
002896.XSHE,-0.003934155128547201
000690.XSHE,-0.14037369298337296
301069.XSHE,-0.0008062279660896099
300652.XSHE,0.004289096397119748
600737.XSHG,-0.006240276993679616
600865.XSHG,0.00517635571008326
600072.XSHG,-0.0016813135227780373
002012.XSHE,0.007337323529225951
605118.XSHG,0.005335529017844793
002550.XSHE,-0.0015131768670509638
600668.XSHG,-0.00960951024511577
000021.XSHE,-0.0481912238677732
300307.XSHE,0.010720717676392544
300461.XSHE,0.007231668760930968
600289.XSHG,0.013813763035266394
300756.XSHE,0.00630771762190435
688321.XSHG,-0.004767823691790209
600597.XSHG,0.001539923403678377
601515.XSHG,0.006075216518182599
300789.XSHE,-0.00330823334465169
601825.XSHG,-0.0021805030283679814
300940.XSHE,-0.0009777131484763682
300542.XSHE,-0.0018292548345816666
000532.XSHE,0.0044645839738309285
002382.XSHE,0.0024551581334983207
600426.XSHG,-0.10186453541501966
601059.XSHG,-0.007900698992825542
601996.XSHG,0.012239537000127523
688455.XSHG,0.012607034983166829
301283.XSHE,-0.018492083752276678
600381.XSHG,0.007596408928304179
002795.XSHE,0.007379097628280832
002031.XSHE,-0.009157131283920225
688247.XSHG,0.005320057284114265
688110.XSHG,-0.004003469447931993
605377.XSHG,-0.01776488381514054
600611.XSHG,-0.26680575483637975
605299.XSHG,0.009748308282012121
000627.XSHE,-0.015746151849803804
300471.XSHE,-0.003254339963921016
600340.XSHG,-0.007361937858788573
600770.XSHG,-0.06170211519416708
300235.XSHE,-0.0017565099371004457
600771.XSHG,-0.07156334154947958
000533.XSHE,0.011397999717652145
000677.XSHE,0.005281305429266813
601808.XSHG,-0.007060130626009747
688700.XSHG,-0.06349217648788581
600548.XSHG,0.0011723484068756657
300759.XSHE,-0.03376893470973594
002100.XSHE,-0.011511062328542793
300486.XSHE,0.00988008880210785
603353.XSHG,0.010640588669715215
688559.XSHG,-0.022774221594583317
605399.XSHG,-0.01596847352868616
000539.XSHE,-0.07486419456983223
002489.XSHE,0.00011384107935064405
001332.XSHE,-0.010184110922479598
301218.XSHE,-0.0139281263268534
600521.XSHG,-0.08737916543310409
301112.XSHE,-0.0073940879483113744
688059.XSHG,-0.140888267789242
688139.XSHG,-0.008485552616600103
601827.XSHG,0.005670982614240219
301190.XSHE,0.009893396888233307
300085.XSHE,-0.0806505240594275
600682.XSHG,-0.00863254670891848
600678.XSHG,0.009049177761826168
601866.XSHG,0.0006103236580163942
688426.XSHG,-0.019152170740065963
688273.XSHG,-0.005875180388063759
688601.XSHG,-0.0503875079611182
300788.XSHE,0.0020992883326094915
002617.XSHE,-0.009840541188057012
002578.XSHE,0.005724885719071595
002977.XSHE,-0.002503371136072916
002480.XSHE,0.009619798162534542
603790.XSHG,0.012202129007577452
000767.XSHE,0.002952118961501475
603588.XSHG,-0.005534324971585269
688526.XSHG,-0.011661128289325712
002771.XSHE,0.007118366344721113
688370.XSHG,0.009874527788034607
600728.XSHG,-0.017622360537009725
688766.XSHG,-0.09856058900565057
002293.XSHE,-0.01804573922756608
000151.XSHE,0.004296518860990997
002347.XSHE,0.011254590324622657
301167.XSHE,0.012756164818423541
600035.XSHG,0.00949398618253576
000629.XSHE,-0.012129578108028739
301053.XSHE,0.01353716908020423
688579.XSHG,0.00842084436124593
002161.XSHE,0.0013267522533756734
600649.XSHG,-0.006320984235824784
603609.XSHG,0.0031653664464924764
002314.XSHE,0.005357294578928288
300348.XSHE,-0.036499725624902536
300777.XSHE,-0.0074718260978228705
600122.XSHG,0.014573392954732055
600018.XSHG,-0.006576373082783939
000753.XSHE,0.006431195607807727
688067.XSHG,0.012644756197233854
002227.XSHE,-0.011125885208865406
300513.XSHE,-0.012618363929682744
600966.XSHG,-0.007057510987234668
600459.XSHG,-0.025902561004616825
688496.XSHG,0.007476961616053967
002807.XSHE,0.007194355412425227
301219.XSHE,-0.01972909427073297
603666.XSHG,-0.03133226612532831
688205.XSHG,-0.009015005105220877
300105.XSHE,-0.00011019301264338262
601963.XSHG,0.001764909951870267
300580.XSHE,0.004675799826448306
300342.XSHE,-0.018118055617048896
002942.XSHE,0.00034634241723625545
002350.XSHE,0.001880496374964357
300514.XSHE,0.00925336791046618
603221.XSHG,0.014554760823319399
300861.XSHE,-0.009794521810104043
688056.XSHG,-0.002450574245677838
688550.XSHG,-0.0258718490818982
002777.XSHE,-0.03167182131772998
603848.XSHG,0.0014669242700841873
603577.XSHG,0.009137510908879303
002644.XSHE,0.0027429179656748674
000068.XSHE,0.010945874559366473
300727.XSHE,-0.006893983381127046
603098.XSHG,-0.0038487011867601477
000822.XSHE,0.005155174581251871
002114.XSHE,0.011895604431639065
002955.XSHE,-0.004878428647596446
300746.XSHE,0.013625298259352164
603025.XSHG,0.0006473786225584693
600339.XSHG,0.0014197660280598958
603486.XSHG,-0.06096540011474038
002787.XSHE,0.0031896745155057353
600917.XSHG,0.004616335590461796
688127.XSHG,-0.0035501441453655302
688393.XSHG,-0.0001835002247075699
688116.XSHG,-0.019490667820223625
688230.XSHG,-0.011896604050223074
300133.XSHE,-0.018305369205572602
600278.XSHG,0.008363262802904075
600549.XSHG,-0.0813494495228464
300177.XSHE,-0.014991345842782779
600980.XSHG,0.011128183579445085
300508.XSHE,0.004590533498478468
301008.XSHE,0.009556555791320056
300127.XSHE,0.004195335176171916
001222.XSHE,0.009576361227792343
605319.XSHG,0.0004685701428575155
603131.XSHG,0.008497498800360659
300101.XSHE,-0.03344454413266656
300253.XSHE,-0.12069822740724885
301010.XSHE,0.012848351849983432
603160.XSHG,-0.01000552277647992
000605.XSHE,0.013630154563851533
000856.XSHE,0.01293159159496107
300289.XSHE,0.011339514999540298
000951.XSHE,-0.03301090783268821
605016.XSHG,0.004152338709793343
002519.XSHE,-0.04755432888167012
301125.XSHE,0.010871025491428259
002040.XSHE,0.009491128298781812
601869.XSHG,-0.012668885787970202
000893.XSHE,-0.010458446457102206
300328.XSHE,0.0028248527767317736
002658.XSHE,-0.0016771843616428129
300443.XSHE,-0.05810740082623812
002892.XSHE,0.0049874999612725705
002443.XSHE,0.00963654727676499
002895.XSHE,-0.007919568982846771
600322.XSHG,0.013640797722126442
605398.XSHG,-0.00798998079947159
301186.XSHE,0.0017666759029260522
603305.XSHG,-0.01323348773161958
688319.XSHG,0.000483921470476191
002721.XSHE,0.009715822689388576
000917.XSHE,-0.004771342283943646
600200.XSHG,-0.026641813729923042
300291.XSHE,0.0018796869928324952
000042.XSHE,-0.05447351736504541
000536.XSHE,-0.00031472419380141475
688173.XSHG,-0.004159388533540529
300879.XSHE,0.011684284234293074
002264.XSHE,0.007107029781578921
600100.XSHG,-0.0918998958543105
002779.XSHE,-0.0036777517724400216
300945.XSHE,0.01123533038031761
600518.XSHG,-0.027471600211287823
600522.XSHG,-0.02846953509799756
601900.XSHG,0.007116285708624367
000695.XSHE,0.0072495689220536475
600310.XSHG,0.005266004604019759
600158.XSHG,-0.0022562778069484517
603659.XSHG,-0.03599284733017264
300957.XSHE,-0.03577365901071178
688348.XSHG,-0.20722163313606523
002495.XSHE,0.010817694565778892
300464.XSHE,0.012432681841679638
600805.XSHG,0.005140676882811523
002330.XSHE,0.008356688380252823
000581.XSHE,-0.012502599300750974
603218.XSHG,-0.010128141486705888
002833.XSHE,-0.000521447009188528
600581.XSHG,0.002157668741117289
002409.XSHE,-0.02174006746123233
002687.XSHE,0.008540010363998159
600000.XSHG,-0.014676373082783998
605050.XSHG,0.00754296221272132
001896.XSHE,0.007540473593981387
300071.XSHE,-0.013255782618113377
300692.XSHE,0.01206300355253426
601225.XSHG,-0.010776373082783957
002881.XSHE,-0.006993569974440422
300643.XSHE,0.0030404125713520812
600060.XSHG,-0.014349648043291693
300113.XSHE,-0.08537410073185223
300026.XSHE,-0.09400470807567853
605338.XSHG,0.0005321705797532526
688298.XSHG,-0.019125086042578256
688380.XSHG,0.0006119582963322765
688597.XSHG,0.007426851138936165
002027.XSHE,-0.020392296531043647
002135.XSHE,0.005801067145561372
300231.XSHE,-0.01225683445161587
300599.XSHE,0.012997151734973053
600993.XSHG,-0.06215843603051001
000007.XSHE,0.0027146772772872994
603896.XSHG,-0.008143927835228212
603899.XSHG,-0.021812437868695283
000065.XSHE,-0.042007153173279486
002507.XSHE,-0.0406683463169642
688517.XSHG,0.008883012207587576
601949.XSHG,0.0034632355421879953
600021.XSHG,-0.0029161823239674195
300099.XSHE,-0.01507949695226863
002067.XSHE,0.00976855382389411
300196.XSHE,0.0007942340579498199
603040.XSHG,-0.02887199811858452
300753.XSHE,0.0106205575925798
600715.XSHG,0.008828172813315317
603259.XSHG,-0.07477637308278391
603383.XSHG,-0.040304196544463426
300990.XSHE,-0.08191874338712538
300858.XSHE,-0.012217840590309163
688385.XSHG,-0.028940066946072058
002761.XSHE,-0.008580938541015617
002225.XSHE,0.010790164889123112
300732.XSHE,0.008452916582307327
605151.XSHG,0.012044002261481276
603725.XSHG,0.01576612504525617
601139.XSHG,9.568837980275611e-05
600392.XSHG,-0.030842754319420875
300855.XSHE,-0.01273488115963313
000928.XSHE,0.0034229756285043466
603333.XSHG,0.009959033889802182
002946.XSHE,0.0003752058223019678
002521.XSHE,0.012043875635168816
000852.XSHE,0.004813108582192128
605122.XSHG,0.01244639186587058
688628.XSHG,-0.014474783909166412
002266.XSHE,-0.0035851451725337734
002437.XSHE,-0.0053539545321500594
002515.XSHE,0.00417935109165316
601128.XSHG,0.0013304092565839523
603158.XSHG,0.003921967515179795
300107.XSHE,0.006909397139508996
300711.XSHE,0.009705862216683944
000417.XSHE,-0.008438488409794189
002973.XSHE,0.009712822141355349
300973.XSHE,-0.05058400012338649
600992.XSHG,-0.005141312730674107
601566.XSHG,0.00890253691997151
688681.XSHG,0.0057430549600385895
000518.XSHE,0.009263515657450469
301182.XSHE,0.010271047573972791
600638.XSHG,-0.008209923277140452
002802.XSHE,0.010652140013725185
688331.XSHG,-0.04098941737261034
300310.XSHE,0.00527187382535306
002926.XSHE,0.00260235067601271
000586.XSHE,0.008572903049442315
601229.XSHG,-0.0052624155578410515
601577.XSHG,-0.0011653839362750684
300536.XSHE,0.005989674831626912
688047.XSHG,-0.08632099975863126
301132.XSHE,0.006914897833444397
002214.XSHE,-0.0034001495752630584
300510.XSHE,-0.026746323238323197
600713.XSHG,0.0017625140336148884
300409.XSHE,-0.02682638014012019
603880.XSHG,0.01438677817170284
300953.XSHE,-0.011728389888988475
000663.XSHE,0.008919561193748524
300595.XSHE,-0.28114598627169857
603829.XSHG,0.014310520070987202
300588.XSHE,0.007338903564152297
002423.XSHE,0.003353831643901617
600556.XSHG,-0.002237733291514234
002440.XSHE,0.004360410893478647
002308.XSHE,-0.011413623145828498
002036.XSHE,-0.023110467528239288
688176.XSHG,0.0021950436508291656
688798.XSHG,-0.04603816804312951
301020.XSHE,0.006863218286569212
601616.XSHG,0.01191578967679959
600075.XSHG,-0.0012245576421150775
001323.XSHE,-0.004365560538090473
002006.XSHE,-0.1146691395557552
600015.XSHG,-0.005393816304373192
000026.XSHE,-0.02113126991382805
301316.XSHE,-0.017944384645971603
000543.XSHE,0.0032580048764604087
601717.XSHG,-0.010245523943245953
300329.XSHE,0.010392284172599884
300295.XSHE,-0.004092970721873288
603500.XSHG,0.006489823388277415
002360.XSHE,0.00522738526785598
600123.XSHG,-0.021835194966559782
301048.XSHE,0.009629593466920454
000155.XSHE,-0.0030316707747399087
300762.XSHE,-0.0012590528314005388
002369.XSHE,0.010071279107007048
603655.XSHG,0.0005435948408312914
002738.XSHE,-0.05114757740058375
688788.XSHG,-0.004321722531688946
001228.XSHE,-0.010129931791695367
601528.XSHG,0.005215867475011822
603616.XSHG,0.013344046192406532
603290.XSHG,-0.081907889900246
688626.XSHG,-0.005693074621690693
002941.XSHE,0.0051863937117117365
603559.XSHG,0.00638583109271579
600596.XSHG,-0.03346526862637732
000622.XSHE,0.005819406779851353
000420.XSHE,0.000431157698043836
002662.XSHE,0.007228899769348372
300055.XSHE,-0.012036913283750988
300803.XSHE,-0.01296861066354815
000816.XSHE,0.004417617985218558
002250.XSHE,-0.019193910948417478
688083.XSHG,-0.16607869224485608
603606.XSHG,-0.044077392372024876
002712.XSHE,0.006444437270676704
002223.XSHE,-0.0315381402555448
002632.XSHE,-0.0034306201823058238
300765.XSHE,-0.0013576872026797122
600793.XSHG,0.01078202663342702
600844.XSHG,0.009883618078433708
603706.XSHG,0.011839068908093922
002589.XSHE,0.006196651180635506
301238.XSHE,-0.003215532838317197
300121.XSHE,-0.0004716619481168055
601966.XSHG,-0.004158914326680086
600605.XSHG,-0.1409771243693342
688209.XSHG,0.002728536724534926
600639.XSHG,0.0004292031262663207
300504.XSHE,0.004734890228075202
300834.XSHE,0.00919833038211897
603351.XSHG,0.004993611505186341
002847.XSHE,-0.025151531259513003
002459.XSHE,-0.030476373082783982
300040.XSHE,0.0013599809219564784
603861.XSHG,0.01139444845244728
002626.XSHE,-0.14952801510626543
002203.XSHE,-0.004814024100405898
300052.XSHE,-0.02857943078659244
605339.XSHG,0.004277275832767227
603328.XSHG,0.004910735624595589
600027.XSHG,-0.005451954378592328
601208.XSHG,-0.002967201478564296
300218.XSHE,0.01242936174655511
603078.XSHG,-0.004757186449302975
300740.XSHE,0.0008951204304287058
000651.XSHE,-0.43709950780368384
601186.XSHG,-0.006597345475325303
605008.XSHG,0.003897460878888494
601136.XSHG,-0.0063108852583997265
301086.XSHE,-0.0023029801397600937
000589.XSHE,-0.0006994781124421059
300317.XSHE,0.002938716945531431
300352.XSHE,-0.04710618978703725
603901.XSHG,-0.020394957451541774
688197.XSHG,-0.01682348980577045
001313.XSHE,0.008213416988491477
600408.XSHG,0.012496314776003924
603009.XSHG,0.011862634521684064
002935.XSHE,-0.01191715221140692
301060.XSHE,0.005152647408797478
300383.XSHE,-0.09768718800424014
600622.XSHG,-0.16577467922489944
300168.XSHE,-0.03879885538405577
300631.XSHE,-0.00826274232032915
300193.XSHE,0.010102834138646223
002155.XSHE,-0.015389203118611292
300418.XSHE,-0.10071976673055144
002210.XSHE,0.00674906281488245
300452.XSHE,-0.005641346000843395
300069.XSHE,0.0133486490218254
300935.XSHE,0.005827258430796027
000608.XSHE,0.008382742401835442
600151.XSHG,-0.004281594106368152
600420.XSHG,-0.011255220455736934
600702.XSHG,-0.20506128145044672
603538.XSHG,0.001058296331554005
301036.XSHE,0.013597938812104752
002870.XSHE,-0.02411117296372111
601956.XSHG,0.011510531539608468
600673.XSHG,-0.02335987799391901
300455.XSHE,-0.006905270366844825
688521.XSHG,-0.03918014550126361
603260.XSHG,-0.04277394493638843
000628.XSHE,0.001120238747980045
300030.XSHE,0.012406781554919092
603511.XSHG,0.007358340449810305
002456.XSHE,-0.03034457711013099
600117.XSHG,0.012400967475552015
001317.XSHE,-9.109835373893697e-05
300626.XSHE,0.015095367427728448
600884.XSHG,-0.15075997684435563
600226.XSHG,-0.00028456765126552014
603311.XSHG,0.010620596380458126
688386.XSHG,-0.03353207384849996
301268.XSHE,-0.05911427735303081
300160.XSHE,-0.0010319414937309881
300557.XSHE,0.010190533428229318
300798.XSHE,0.012075815993205254
301286.XSHE,-0.007848525287436216
002884.XSHE,-0.004022790508531861
002422.XSHE,-0.09681984910981736
000401.XSHE,-0.006306651576912936
000831.XSHE,-0.04806550489267176
603529.XSHG,-0.035059635589381216
002299.XSHE,-0.011347792286825423
002939.XSHE,-0.0019039313431814368
002231.XSHE,0.007134262216143586
002832.XSHE,-0.025522844948006582
600438.XSHG,-0.08657637308278426
002351.XSHE,-0.00999334419327903
600629.XSHG,-0.031203475562758834
300828.XSHE,0.011888441183012983
002786.XSHE,0.006362007177119376
002271.XSHE,-0.4357649027402525
600112.XSHG,0.011394756425543592
000039.XSHE,-0.094446988188239
601601.XSHG,-0.011276373082783963
601117.XSHG,-0.0039067776997731805
000890.XSHE,0.014993209122209607
301165.XSHE,-0.010894824663569787
301311.XSHE,0.008041134021384242
603111.XSHG,0.009767816066606667
003026.XSHE,0.0001266202264360288
688217.XSHG,8.811086979191966e-05
603557.XSHG,0.017076228545194024
300936.XSHE,0.011135209037550421
603165.XSHG,0.008148401696696304
300170.XSHE,-0.07687262502994609
002269.XSHE,0.009963449831311698
603032.XSHG,-0.018557268570988668
001330.XSHE,0.00364971854414963
300128.XSHE,0.003759342319517956
603235.XSHG,0.001595666121635331
603326.XSHG,0.011065574808120402
601689.XSHG,-0.04622990266937692
600803.XSHG,-0.03184034224611683
600869.XSHG,-0.00442009213488932
603121.XSHG,0.012228062377176208
002085.XSHE,-0.01609591517957673
600351.XSHG,-0.0022426673356848864
600988.XSHG,-0.02649557332748529
688558.XSHG,-0.004081677258374734
003015.XSHE,0.007099678977676584
603168.XSHG,0.009650460870782644
600681.XSHG,0.005830810386784185
300582.XSHE,0.0038335631999016403
600261.XSHG,0.002584273526704166
002524.XSHE,0.006770045868179889
603101.XSHG,0.013252729284611265
000025.XSHE,-0.008117328368311015
300645.XSHE,-0.005837750593965766
300951.XSHE,-0.01775714240129577
300958.XSHE,0.012446435902169584
301278.XSHE,-0.011790580391576159
300634.XSHE,-0.009354268104912803
600118.XSHG,-0.12110813257407256
300507.XSHE,8.13003681773266e-05
688018.XSHG,-0.03803666538492046
688618.XSHG,-0.03968733200325328
002095.XSHE,-0.043963645117145164
002045.XSHE,-0.004696890256895974
603866.XSHG,-0.022259035727988288
600313.XSHG,0.0007264335375660258
301102.XSHE,-0.0037706540221233327
002168.XSHE,-0.05477330840629977
600551.XSHG,-0.006856057883033638
605028.XSHG,0.01212974176599075
000755.XSHE,0.003618152348302167
002972.XSHE,0.009441249413239261
002121.XSHE,-0.06038676964183774
002877.XSHE,-0.017779959643675146
002849.XSHE,0.006034972583924826
300831.XSHE,0.003215327442012663
301052.XSHE,0.005893952479163481
300576.XSHE,0.0016320546493215227
301222.XSHE,0.010641144693848473
301007.XSHE,0.0130606742565746
605199.XSHG,0.006266247090514822
600160.XSHG,-0.06358642757899872
001979.XSHE,-0.011044322651562338
601107.XSHG,0.005883756524613138
000859.XSHE,0.009005796542751687
300527.XSHE,0.005956666719203174
600078.XSHG,-0.010190486625646256
600584.XSHG,-0.03965118912642491
300845.XSHE,0.005272655419900239
688233.XSHG,-0.004474959773365738
300148.XSHE,0.008019120713676761
600358.XSHG,0.008951385925766095
600872.XSHG,-0.14411123792345373
003038.XSHE,-0.013618159879820194
301085.XSHE,8.283067347267074e-05
600969.XSHG,0.012014104723443176
002146.XSHE,0.0019379189032306867
688252.XSHG,0.0006446636840804175
688335.XSHG,0.009410531211779094
688577.XSHG,-0.0002845628945888825
688212.XSHG,-0.02142956262034685
001299.XSHE,0.010356148710207583
301215.XSHE,0.008160146523478271
603737.XSHG,-0.14544687800968023
300780.XSHE,0.012915624239192484
600126.XSHG,-0.00031879807247203653
002667.XSHE,-0.014398321828837289
002212.XSHE,-0.012665241271995774
603155.XSHG,0.0010283162269188618
003018.XSHE,0.013243187373348512
688004.XSHG,-0.009380967745291537
002976.XSHE,0.005640539115707142
301213.XSHE,-0.0034197185698180785
601111.XSHG,-0.009176373082783938
002820.XSHE,0.009974808184293658
603099.XSHG,0.013366587830328116
002139.XSHE,-0.027292082944411728
000593.XSHE,-0.0003768874707974785
300255.XSHE,0.005203985080164745
688032.XSHG,-0.4323182838287359
002883.XSHE,0.011693495481089049
600469.XSHG,0.008319792633117275
603306.XSHG,-0.01706818697076756
002516.XSHE,0.002645104140735724
600311.XSHG,0.02054699110672943
600170.XSHG,-0.0024373365199120626
600525.XSHG,-0.012772135171489205
688008.XSHG,-0.03878483056945024
300308.XSHE,-0.09440939895427872
300593.XSHE,-0.01820828715188412
300250.XSHE,-0.1523224822778555
603998.XSHG,-0.002531407622391478
688222.XSHG,0.006891299324347165
601226.XSHG,-0.002871733163174548
002103.XSHE,0.007287086882415198
002918.XSHE,-0.02767248752042205
600227.XSHG,0.007578288538853753
688016.XSHG,-0.09031867696386853
688403.XSHG,0.004896001788650778
002300.XSHE,0.0007530821487045092
002995.XSHE,-0.004011668737965648
603043.XSHG,-0.007211502597867108
600391.XSHG,-0.004953943403066416
300122.XSHE,-0.13797637308278352
300887.XSHE,-0.01807138063861881
300795.XSHE,-0.02606185563172913
600602.XSHG,-0.4257094089280305
000999.XSHE,-0.06464164726199495
300933.XSHE,0.01058486805771923
605168.XSHG,-0.06167150726493133
300709.XSHE,0.0018024212822445127
600568.XSHG,0.00783386039516
002175.XSHE,0.007705009102666113
605289.XSHG,0.001982973806079558
000712.XSHE,-0.06916208636860627
601162.XSHG,0.0018007320288309025
003013.XSHE,0.005457531102803051
301192.XSHE,0.012721625709921075
300371.XSHE,0.0033586150941965
300846.XSHE,0.0033034510683269108
603197.XSHG,-0.014930052631010283
002420.XSHE,0.012079664711248656
300776.XSHE,-0.2875972032325409
600523.XSHG,0.0013382050162381066
688046.XSHG,-0.01030715304448951
002557.XSHE,-0.01855405824463633
603360.XSHG,0.0029277543806634863
002692.XSHE,0.011880275818807275
600327.XSHG,0.003452052304081181
300339.XSHE,-0.14521025808945792
301121.XSHE,-0.015767537918320355
301195.XSHE,-0.04170877212487437
002322.XSHE,-0.006132321653664894
600173.XSHG,0.01062959879729847
603876.XSHG,-0.01138054767349294
000937.XSHE,-0.008543062784261451
600463.XSHG,0.008568608602906456
600785.XSHG,-0.013441907659767584
000548.XSHE,0.011361808656674088
688398.XSHG,-0.0007928216734787788
300189.XSHE,0.008882572090469738
300860.XSHE,-0.04325226950854446
300111.XSHE,0.010110834451615135
603226.XSHG,0.013734625342914386
002818.XSHE,0.0028575643495558634
601999.XSHG,0.011325821645558554
300059.XSHE,-0.3083763730827838
600111.XSHG,-0.11078392186855415
002864.XSHE,0.004183546477005666
300063.XSHE,0.005026421705990797
000426.XSHE,-0.014366414097019687
000960.XSHE,-0.009675614226440084
002531.XSHE,-0.02846175002251581
300786.XSHE,-0.0009329935379808856
002295.XSHE,0.013363933773981061
601156.XSHG,0.00023677979328735064
603087.XSHG,-0.0114148830950868
002585.XSHE,-0.03567731028546376
603017.XSHG,0.009015277478217927
300341.XSHE,-0.0035343917695039237
002676.XSHE,0.005701848412279161
002957.XSHE,0.004571632064765857
002938.XSHE,-0.01247492530896098
300290.XSHE,0.0009442721843153732
002990.XSHE,-0.026305396805826227
600959.XSHG,0.004585887522583147
002354.XSHE,-0.005978086924295035
603636.XSHG,-0.025933207569524226
600689.XSHG,0.012427390399194733
605228.XSHG,0.011404089495142562
601326.XSHG,0.004775222410553804
688068.XSHG,-0.005585278194669549
300032.XSHE,0.005721554623653479
300669.XSHE,0.013381459339711747
300016.XSHE,0.006715618955647191
301027.XSHE,0.014106924722650585
688262.XSHG,-0.018706998794507084
000510.XSHE,0.0022008574726159903
601020.XSHG,0.0025599814722414745
600196.XSHG,-0.047273669776841526
000557.XSHE,0.0007027684764221599
000597.XSHE,0.003947504815667851
300382.XSHE,-0.05245600782557336
605077.XSHG,8.308995896706174e-05
300493.XSHE,0.0022611316410194055
600188.XSHG,-0.03157637308278398
002238.XSHE,0.005332043766109768
688192.XSHG,-0.01438817900244436
600707.XSHG,-0.00031455836982398084
603139.XSHG,0.012354562560454307
688697.XSHG,0.00020277412292135817
300609.XSHE,0.005743737903189097
300194.XSHE,0.0070211637210061606
002035.XSHE,-0.002499280001783495
301200.XSHE,-0.0021569160113084672
603888.XSHG,-0.01681387597695845
600665.XSHG,0.00846123617307908
000901.XSHE,-0.018121821311875744
688125.XSHG,-0.007229772305000394
600719.XSHG,0.00905054326175684
603626.XSHG,0.0015386122378488309
301259.XSHE,0.00934238900321845
002789.XSHE,0.00796023943471023
000897.XSHE,0.009603114921275602
301045.XSHE,0.009315959999873483
301072.XSHE,0.010779659076457643
600300.XSHG,0.006243606286036181
688082.XSHG,-0.02681686489245576
601636.XSHG,-0.016934632921265135
601990.XSHG,-0.0007879530105355953
002930.XSHE,-0.010348706973757647
603028.XSHG,0.00880451329329695
688199.XSHG,0.009434295416063625
603969.XSHG,0.008265729257142085
301080.XSHE,-0.022167735677733186
002540.XSHE,-0.0013051271288642072
000157.XSHE,-0.097487583745521
000718.XSHE,0.004872540695412183
002099.XSHE,0.00011435337159792537
605555.XSHG,0.002138557365170912
600108.XSHG,0.00702740219564535
300755.XSHE,-0.020091113970210926
688519.XSHG,0.0006015515565583867
003017.XSHE,0.011813741046387397
300635.XSHE,0.01251137347770985
002017.XSHE,-0.01254510077733401
688585.XSHG,0.010628916053187255
002822.XSHE,0.011738501942208029
601228.XSHG,0.0024030059603686042
001226.XSHE,0.004831432014600618
603656.XSHG,0.013207012771832165
000606.XSHE,0.014475143874725512
000895.XSHE,-0.09715158520724478
688053.XSHG,-0.008431869833762004
688739.XSHG,0.00227596013271663
600580.XSHG,-0.011223858005339024
688305.XSHG,-0.021810869782425947
300988.XSHE,0.002919594288294816
603678.XSHG,-0.05999569468196059
002689.XSHE,0.006548743373164912
002811.XSHE,0.013547278203224895
688501.XSHG,-0.0056506348702286355
300725.XSHE,-0.08537120420071805
301111.XSHE,-0.0006557277454354946
002528.XSHE,-0.01316728956287037
600106.XSHG,-0.014675218578824275
301093.XSHE,-0.007757638175540286
002427.XSHE,0.0061345600436442625
300641.XSHE,0.013123101493784348
688065.XSHG,-0.02571210770768074
300384.XSHE,-0.03458113217599415
002494.XSHE,0.01424398553273113
002414.XSHE,-0.025118296440980733
603638.XSHG,-0.03856728938724764
300368.XSHE,-0.006524018697977679
002364.XSHE,-0.012433637505921896
002586.XSHE,0.004798611199872911
600186.XSHG,0.008745681954708795
600241.XSHG,0.010118575584463376
601800.XSHG,-0.008076373082783944
603566.XSHG,-0.0025904203780126554
603995.XSHG,-0.024825620218330856
600754.XSHG,-0.06339321076135652
301260.XSHE,-0.01857652837479544
600368.XSHG,0.010128376523640306
600873.XSHG,-0.008493723311183775
600609.XSHG,-0.008971381024989285
002730.XSHE,0.010833964927219709
600516.XSHG,-0.005519640197904456
300396.XSHE,-0.037346438583345444
601098.XSHG,0.0022123494565597906
300135.XSHE,0.008355295069321105
000923.XSHE,0.0028173925435947727
603980.XSHG,0.011708015191824812
001296.XSHE,-0.00040242994945709556
688236.XSHG,-0.006634330688333607
688656.XSHG,0.003211406642505337
002379.XSHE,0.005935809589726706
600535.XSHG,-0.06872162255726687
603230.XSHG,0.01075799878504992
002291.XSHE,-0.007815197241550897
688147.XSHG,-0.011624204918520184
002722.XSHE,0.00578131108747423
300687.XSHE,-0.04017266338462131
300333.XSHE,0.004363845795048652
002798.XSHE,0.007993881252397582
300351.XSHE,-0.046207670959819584
688312.XSHG,0.011058004021762404
300300.XSHE,0.004967623110703237
600298.XSHG,-0.0775119701044912
600565.XSHG,0.006055917668917353
688358.XSHG,-0.005804637422613704
300716.XSHE,-0.019671430789744662
688571.XSHG,0.012603990141254377
600595.XSHG,7.630661584569903e-06
002348.XSHE,0.003799139658877083
603225.XSHG,-0.00584151571509125
300229.XSHE,-0.0952893849337227
688332.XSHG,-0.02340481328681308
002677.XSHE,-0.020061514002093224
000615.XSHE,-0.009520692769023033
002857.XSHE,0.0100243896872468
603070.XSHG,0.005935275917426411
300338.XSHE,0.012646744004055986
603755.XSHG,-0.01252607776669033
300882.XSHE,0.0063781341717893915
000911.XSHE,0.012187984302020451
601788.XSHG,-0.00623724773311444
000428.XSHE,-0.0050947430336279135
301388.XSHE,0.007193903159319224
603836.XSHG,0.010851391466891593
603993.XSHG,-0.011976373082783931
002747.XSHE,-0.02589437873603813
002039.XSHE,-9.012891121075971e-05
300509.XSHE,0.009014506403928486
688459.XSHG,0.011485314102332833
300566.XSHE,-0.01872032382013012
000430.XSHE,0.008765172928595879
300247.XSHE,-0.0008958390556359167
002256.XSHE,-0.0015337089902681487
300426.XSHE,0.0007650738088715147
000590.XSHE,0.0052668465421211175
300910.XSHE,-0.023527431376505033
603843.XSHG,0.012964726954231407
300114.XSHE,-0.4191083747678624
688033.XSHG,-0.0001932007913836714
601179.XSHG,0.0013635830290704613
300559.XSHE,-0.001897975173236463
300865.XSHE,0.014339575214304422
002602.XSHE,-0.020611061626051252
000801.XSHE,-0.014442149502312113
001308.XSHE,-0.009172151092374084
601211.XSHG,-0.007076373082783947
301181.XSHE,-0.02807429394533574
601700.XSHG,0.0003769562388431999
688184.XSHG,0.005888672868253771
301113.XSHE,0.013108675572394882
600582.XSHG,-0.037419221835501774
301023.XSHE,-0.021061602847431776
688371.XSHG,0.0029410957603745614
300538.XSHE,0.0044858643043440526
002312.XSHE,-0.023916980904845123
000948.XSHE,-0.011076908733768567
300523.XSHE,-0.01878433118593175
002989.XSHE,0.008368883996616863
301118.XSHE,0.006951143720267599
603396.XSHG,-0.021416227074466148
603689.XSHG,0.011261214254449207
688037.XSHG,-0.1270996535551467
600550.XSHG,0.0017367516427487274
002572.XSHE,-0.12192470589435293
601116.XSHG,0.0073225128317242144
603041.XSHG,0.013000807555654012
603309.XSHG,-0.015161767512298323
603331.XSHG,0.004898368549463123
688260.XSHG,0.008647437807001787
300569.XSHE,-0.005391554871777657
688106.XSHG,0.002832352418281168
688338.XSHG,-0.0033901182270383197
300546.XSHE,-0.014582079465728778
301115.XSHE,0.0033090065295664764
002164.XSHE,0.009573630239639211
301280.XSHE,-0.03448411666264421
300376.XSHE,-0.09817221169350844
002616.XSHE,0.007051226415654792
300921.XSHE,-0.003799407026174456
600721.XSHG,0.011752431902021855
600766.XSHG,-0.014685834546632213
603359.XSHG,0.008410795944733441
300171.XSHE,-0.0839242763443253
301105.XSHE,0.010366598701831629
002345.XSHE,-0.008794308012724404
600236.XSHG,-0.007336796533745701
300823.XSHE,0.014985164831482656
688269.XSHG,-0.024369420490591327
000561.XSHE,0.0024410736192890733
300424.XSHE,0.006207024064830545
002428.XSHE,-0.005921722274108783
600336.XSHG,0.00893215373392119
605177.XSHG,0.006481993691087156
688193.XSHG,0.00642388317028883
600855.XSHG,-0.005274811216715223
300573.XSHE,-0.09865821563826771
600031.XSHG,-0.16277637308278317
002141.XSHE,0.006069456936831279
600501.XSHG,-0.0925927716862675
603203.XSHG,-0.019453210941032383
300920.XSHE,0.012228640284814744
300839.XSHE,-0.0015653577527126334
600038.XSHG,-0.021469348338878126
301309.XSHE,0.012646199167547386
000686.XSHE,-0.007505737838344277
002913.XSHE,-0.0047964605780785406
301152.XSHE,0.0020367624088784304
603929.XSHG,0.011286580295208105
300495.XSHE,0.010960096091355814
002140.XSHE,-0.03659996798260729
603663.XSHG,-0.0029769972512778513
300392.XSHE,0.01117345892136907
300699.XSHE,-0.012656381542851125
600048.XSHG,-0.1271763730827837
688010.XSHG,-0.0012168058250944282
301290.XSHE,0.0050458800770755785
688288.XSHG,0.0016325827570798836
600667.XSHG,-0.018326446059924423
300484.XSHE,-0.06563886842922984
002979.XSHE,-0.005932530436787788
603833.XSHG,-0.0872993828829882
000970.XSHE,-0.08639808993284899
600288.XSHG,-0.003944836582956402
002405.XSHE,-0.008629424232708394
603088.XSHG,0.0011484348614917948
688155.XSHG,-0.0009234459216779234
600491.XSHG,-0.0015130281699022984
600073.XSHG,0.0005373847391863251
688680.XSHG,-0.08766293964653911
301178.XSHE,-0.012254098308707589
002206.XSHE,-0.012689539628616556
300708.XSHE,0.0015276884608592303
002092.XSHE,-0.009634506482283808
301149.XSHE,0.009742973025683848
600104.XSHG,-0.01827637308278385
300132.XSHE,-0.0004630727037993731
603727.XSHG,0.011224577265939423
688057.XSHG,0.010386585953415486
300750.XSHE,-0.09617637308278405
301171.XSHE,-0.014263688731949328
300280.XSHE,0.00871475996096632
600983.XSHG,0.008357134577072944
600828.XSHG,0.0017417783639875114
000869.XSHE,-0.018202533135074625
600217.XSHG,0.004787770071437695
300169.XSHE,0.01552656992310374
301117.XSHE,-0.026019729054951285
002945.XSHE,-0.0016361469193053823
301265.XSHE,0.009541833154708067
605080.XSHG,-0.0050093009351243264
605303.XSHG,0.014312771990229503
600660.XSHG,-0.4275813230712557
603298.XSHG,-0.0075628734925708
688148.XSHG,0.003630166407134895
688314.XSHG,-0.013128440133779963
002109.XSHE,0.007906980368069137
000790.XSHE,-0.0013429924824426374
002301.XSHE,0.006297796346864653
300047.XSHE,-0.007856817722865684
300080.XSHE,0.0033782781122615527
600137.XSHG,0.013334256288647813
605178.XSHG,0.014181624566571401
301046.XSHE,-0.022823445664097768
003009.XSHE,0.00012218258875229884
300048.XSHE,-0.04490086553100266
002755.XSHE,0.004656699802041306
301129.XSHE,-0.01280062885492142
002713.XSHE,0.005572765692124669
003816.XSHE,-0.0059763730827839395
688058.XSHG,-0.019904791871635324
300522.XSHE,-0.007614234510967316
000988.XSHE,-0.0532247444012343
688301.XSHG,-0.15697808077434394
688303.XSHG,-0.012023493508709827
300666.XSHE,-0.028909828609679743
301040.XSHE,0.0012589896193393822
003023.XSHE,0.005697542602495793
300296.XSHE,-0.021913897719965405
001211.XSHE,0.014693346748815627
600129.XSHG,-0.04403438544392971
688099.XSHG,-0.05523276078729469
300274.XSHE,-0.37067637308278395
603918.XSHG,-0.018500276857234314
603567.XSHG,-0.001324838307662569
001209.XSHE,0.00807725282527558
001336.XSHE,0.013144007638692065
600833.XSHG,-0.0022924860181716324
603020.XSHG,0.009304441890908136
301017.XSHE,0.004234807942474733
301237.XSHE,0.00987676297852677
603600.XSHG,0.007440313369670432
000682.XSHE,-0.05254853612381492
300987.XSHE,-0.004390641379080896
002201.XSHE,-0.015323753859649658
300572.XSHE,0.006154744586313344
601008.XSHG,0.007498633340958389
002313.XSHE,0.012946909324581183
603709.XSHG,0.014592223430967138
603052.XSHG,0.0007265043779615277
603037.XSHG,0.012135374135619999
000333.XSHE,-0.055976373082783956
603890.XSHG,0.0038858922792597795
300029.XSHE,0.01532296355105714
603335.XSHG,0.010811660070753093
601901.XSHG,-0.0024538264540218875
300999.XSHE,-0.012176373082783926
002848.XSHE,0.014214858764569495
300901.XSHE,0.013784988838493214
301011.XSHE,0.0040753591005044925
002009.XSHE,-0.0022942363995881003
603970.XSHG,0.004175810861866471
603398.XSHG,-0.021604818640607468
000560.XSHE,0.0044140502488438
688095.XSHG,-0.04927823600781405
002003.XSHE,-0.03507725003557507
603053.XSHG,0.006828096150797634
600279.XSHG,0.009192846393517305
688391.XSHG,-0.03519513929006976
300605.XSHE,0.0034017987411891545
601608.XSHG,0.004000318786058836
300563.XSHE,0.00797475318282562
000592.XSHE,0.009644547777064985
300787.XSHE,0.003644377044204443
002361.XSHE,0.008332605120621001
002463.XSHE,-0.04427978762291346
688383.XSHG,-0.031410159332687385
001208.XSHE,0.00644439370270538
002283.XSHE,0.0039036879083228296
603569.XSHG,0.008023107432988338
000038.XSHE,0.01253645891146224
300211.XSHE,0.00015652841352203732
002733.XSHE,-0.004165929873353673
300131.XSHE,-0.01043050992178964
002188.XSHE,0.011317342064639562
002637.XSHE,-0.0006670312491559947
600345.XSHG,0.0044337392631402656
300159.XSHE,-0.003139506914586372
002593.XSHE,0.011798847665206674
600967.XSHG,-0.003686053873429208
688297.XSHG,-0.009471787356777422
688362.XSHG,-0.0031246346558785124
603687.XSHG,0.002558692587995721
000861.XSHE,0.006475805402698371
000875.XSHE,0.0033311854387957753
605186.XSHG,0.0050668304339051805
000862.XSHE,0.0068155861655138554
002577.XSHE,0.004759595525310063
000028.XSHE,-0.0213872652287511
301198.XSHE,0.005366819293113228
688322.XSHG,-0.007512675551681045
002691.XSHE,0.014173310552049666
300870.XSHE,-0.033125912375916
600889.XSHG,0.008329906711853814
002595.XSHE,-0.023292176347387224
002535.XSHE,0.010429174507400048
600764.XSHG,-0.042841851592854134
600235.XSHG,0.014098269242407702
002660.XSHE,-0.019686924687977107
002908.XSHE,-0.0027551053331703844
300833.XSHE,-0.0981663427414636
300227.XSHE,0.0014484569206199057
300779.XSHE,-0.004057583150655859
300249.XSHE,-0.010803673872456721
300136.XSHE,-0.07622315322551595
603429.XSHG,0.0014840368974558416
600105.XSHG,-0.00125814458712456
002909.XSHE,0.00787212160710165
601668.XSHG,-0.00787637308278393
300074.XSHE,-0.0020115754286552327
603757.XSHG,0.0014806835672866916
300816.XSHE,-0.0018462190926337805
601108.XSHG,-0.000701668388520955
002058.XSHE,0.010431899825637577
600315.XSHG,-0.043573648654369024
603339.XSHG,0.0005364208260754573
300989.XSHE,0.00857236353160358
001201.XSHE,0.0006410020412774501
600382.XSHG,0.009289988568304302
603303.XSHG,-0.011858056221821713
000524.XSHE,-0.0011315944634680119
002766.XSHE,0.009372804550252141
300324.XSHE,-0.009408001472079921
600664.XSHG,0.004484202264813824
605088.XSHG,0.002011054492611738
605117.XSHG,-0.10602053149097451
600456.XSHG,-0.012581450704472853
002575.XSHE,-0.0009995664894530826
603726.XSHG,0.011196221127155927
603519.XSHG,5.879702638990347e-05
688277.XSHG,0.00595352816990175
600558.XSHG,0.009402811950727981
002357.XSHE,0.009681475951379942
002090.XSHE,-0.0041828334951466775
300173.XSHE,0.008167424976628292
688282.XSHG,-0.00017752590932130184
300459.XSHE,-0.027286208146828
688123.XSHG,-0.02356967375492436
688516.XSHG,-0.15622001447717532
600378.XSHG,-0.0006842968034843375
003016.XSHE,0.00785805943301712
300981.XSHE,-0.007811227848107271
002985.XSHE,-0.015956828020667682
688475.XSHG,-0.006446751886819724
600552.XSHG,-0.03710459283602974
002624.XSHE,-0.00876052769031661
603658.XSHG,-0.04686637485252183
300217.XSHE,-0.014295700597748193
600037.XSHG,-0.0018214686585299386
600834.XSHG,0.008691310078768772
002011.XSHE,-0.029092060932116172
002394.XSHE,0.011546171590710148
002797.XSHE,0.0017025765157150218
688063.XSHG,-0.11052418774485862
300413.XSHE,-0.012277711403955843
688218.XSHG,-0.000888059193450275
000413.XSHE,0.004272127792177661
300724.XSHE,-0.08552672604639701
688667.XSHG,-0.015884485377373216
601088.XSHG,-0.014976373082783937
002759.XSHE,0.003519897610088237
002703.XSHE,0.005524985190041668
300518.XSHE,-0.002438361467360513
300818.XSHE,0.0006735089085802681
603117.XSHG,0.01546598202973114
002792.XSHE,-0.0013235887967046975
600973.XSHG,0.00305480566748359
600132.XSHG,-0.20883794153606042
301003.XSHE,-0.0051016755336686405
002007.XSHE,-0.1771928311868312
603112.XSHG,0.008872920234811916
688141.XSHG,-0.013186907034279901
000810.XSHE,-0.009996372025444816
605287.XSHG,0.012077462170391549
301050.XSHE,-0.06218273379001296
300238.XSHE,0.007447553702309022
688316.XSHG,-0.0025901792028349205
601886.XSHG,0.00220431575633976
600064.XSHG,-0.01455286940506213
002311.XSHE,-0.0719481769341475
603416.XSHG,-0.036836687561130455
001301.XSHE,-0.0266541849763225
603798.XSHG,-0.0017235288746453234
600807.XSHG,0.008458510667510464
000661.XSHE,-0.4352840912119196
300703.XSHE,0.013484283976712832
605259.XSHG,0.0034229915259728436
688257.XSHG,0.003994569619591583
603863.XSHG,0.009116560353010502
000957.XSHE,-0.007904014928391141
601965.XSHG,-0.010752780922677379
002558.XSHE,-0.012099262593958354
300852.XSHE,-0.0028143336072752514
688238.XSHG,-0.000782987300217944
002627.XSHE,0.006431658053342184
000826.XSHE,0.00507173642120267
600009.XSHG,-0.04687637308278399
002928.XSHE,-0.0022120256796604983
605298.XSHG,0.013541750119783313
300365.XSHE,-0.03466855098736083
300729.XSHE,0.005186756662859674
600059.XSHG,-0.011778351282587318
603828.XSHG,0.011963443821858563
301083.XSHE,0.013670552092433022
603810.XSHG,0.007814396553198943
603933.XSHG,0.008633496800061577
300606.XSHE,-0.024993411178528702
605098.XSHG,-0.008012742337891456
002859.XSHE,-0.03257299923896773
300560.XSHE,-0.0033809617592548066
688248.XSHG,-0.023036394829844008
603806.XSHG,-0.05303453312246558
001223.XSHE,-0.0247614095636991
000540.XSHE,-0.016640794873884986
000498.XSHE,0.0036319561032984943
300130.XSHE,-0.030448029852729146
301276.XSHE,0.011555223514725791
600080.XSHG,0.006666885283166674
601007.XSHG,0.00794770808108159
300701.XSHE,0.009513978003465201
300950.XSHE,0.0069826214337303525
002075.XSHE,0.0035317136753443227
603179.XSHG,-0.03123467167401893
002717.XSHE,-0.007568820676031093
300683.XSHE,0.005964859402665936
000836.XSHE,0.00012851962112268162
601126.XSHG,-0.00952268541447904
000813.XSHE,0.004989934058580357
002461.XSHE,-0.00030796212220837857
000088.XSHE,-0.003072993838340707
002222.XSHE,-0.00030750022695897987
002496.XSHE,0.007085033190913367
002927.XSHE,0.004873360410470682
300620.XSHE,-0.005816689777580606
600197.XSHG,-0.0321563545982561
300971.XSHE,0.012476107541964425
600800.XSHG,0.0014583787927773505
301038.XSHE,0.009060173421240391
688128.XSHG,0.0024833268692120965
002841.XSHE,-0.06287847691370349
300273.XSHE,0.014256566651115321
600704.XSHG,-0.012943910661566742
300616.XSHE,-0.001032101319963447
688122.XSHG,-0.02020647501022218
000504.XSHE,0.004223955111254389
300381.XSHE,-0.02195842560391768
603893.XSHG,-0.02524198330367262
603212.XSHG,-0.02782993679424403
600794.XSHG,-0.009666546849867
300293.XSHE,0.003587119824754981
600156.XSHG,0.015098996034526087
002837.XSHE,-0.05986512557572761
300629.XSHE,0.0005636700947639437
600419.XSHG,-0.007144082284249929
002029.XSHE,0.003951936701478658
600029.XSHG,-0.007776373082783931
000667.XSHE,0.0031363215307281898
603817.XSHG,0.012875215909356634
000166.XSHE,-0.005829599651996466
002956.XSHE,0.0032824012639436333
300960.XSHE,0.005600895581419173
300868.XSHE,0.013633474647267892
600225.XSHG,-0.0035793912962226583
601868.XSHG,-0.005148364149886294
601138.XSHG,-0.011876373082783952
002655.XSHE,0.006476372415417008
002912.XSHE,-0.09489293688971094
601677.XSHG,-0.007428339854944664
002791.XSHE,-0.06502149008541593
603089.XSHG,0.01210645668915795
000997.XSHE,-0.04468178118160861
601166.XSHG,-0.010876373082783901
603730.XSHG,-0.003539186782085489
301061.XSHE,0.00010132004694050553
300009.XSHE,-0.025689010490537182
000558.XSHE,0.0110610930755967
600729.XSHG,-0.01290143243834765
603886.XSHG,-0.0007921827783354887
300035.XSHE,-0.025990420190681377
688025.XSHG,-0.004679023377650636
603648.XSHG,0.011886833594665736
600366.XSHG,-0.02174523251156877
300998.XSHE,0.005835060586273666
002899.XSHE,0.014526509403926633
301216.XSHE,0.004014033953296732
000973.XSHE,0.009542246198440876
300942.XSHE,0.00641808060637583
000513.XSHE,-0.03963328941021346
605136.XSHG,0.009231256290899555
002441.XSHE,-0.0034430801335456947
300722.XSHE,-0.053817752541127466
002236.XSHE,-0.12745139300066372
688114.XSHG,-0.038965339618979515
002216.XSHE,-0.036069255088108806
600858.XSHG,0.007924621185156532
605069.XSHG,0.01448947617068333
688728.XSHG,-0.004548265498489611
002243.XSHE,0.005253699195467099
300813.XSHE,-0.0009510090909584726
600927.XSHG,-0.00032611524325122697
600933.XSHG,-0.005948243954521881
001319.XSHE,0.008171526923880196
688031.XSHG,-0.11724745700618032
600798.XSHG,0.00655220654235535
000408.XSHE,-0.03386204706556777
000705.XSHE,0.0048186691747704805
300757.XSHE,-0.008890916210798128
600148.XSHG,0.010518085351344297
600165.XSHG,0.0028661587837530995
301107.XSHE,0.008614176160956569
300598.XSHE,-0.02863287177371878
002126.XSHE,-0.018443481626699877
688373.XSHG,0.0038306288292529337
300360.XSHE,-0.1829817704623116
600271.XSHG,-0.07056382591364402
600955.XSHG,0.00229034179535153
301285.XSHE,0.011001303318190369
600784.XSHG,0.005903753722753387
300389.XSHE,-0.023125587744318755
000668.XSHE,0.008496804587628158
002408.XSHE,-0.004397016157300576
301319.XSHE,-0.014589165630342179
603378.XSHG,0.0012687632041346996
603766.XSHG,0.003166605296694307
000903.XSHE,0.008416428642192029
601009.XSHG,-0.009276373141324935
002285.XSHE,-0.0049421881262758476
000819.XSHE,-0.06748525598333505
603011.XSHG,0.008997212570271328
600956.XSHG,-0.0017874462711220172
601231.XSHG,-0.01016272440905167
300438.XSHE,-0.11794177965188843
600307.XSHG,0.005793166221605196
300978.XSHE,0.004497532070529824
688466.XSHG,0.002492179581999229
300012.XSHE,-0.16706941420014168
603868.XSHG,-0.04546729995433819
605222.XSHG,-0.004418539454344529
688201.XSHG,-0.08365066165090883
600519.XSHG,-0.43709950780368384
603922.XSHG,0.01013564419895237
600936.XSHG,0.00810220133491339
688677.XSHG,-0.04811400819122911
688310.XSHG,-0.004204527571884166
688021.XSHG,0.0005968212929618882
300549.XSHE,0.013455234280855568
000639.XSHE,-0.027625389411204418
603489.XSHG,-0.07313381845462724
300284.XSHE,0.0070004669563390205
688221.XSHG,0.006174247192736311
002678.XSHE,0.0044768132818591155
600882.XSHG,-0.022060203082135698
603718.XSHG,-0.0035970057892492305
603803.XSHG,0.010563014611368826
002157.XSHE,-0.001433774593951216
300899.XSHE,0.014903521744807819
601086.XSHG,0.013688176930094506
688499.XSHG,-0.03174481392671035
300721.XSHE,-0.0014456021278285332
001256.XSHE,0.007689239705349549
000570.XSHE,0.005489625230786107
300735.XSHE,0.004252939191720472
002446.XSHE,-0.005117284261762939
300294.XSHE,-0.04162759660336465
600919.XSHG,-0.006638155965682257
002548.XSHE,0.0071520193500330806
002483.XSHE,0.004362310194499749
600319.XSHG,0.013425100101860824
301327.XSHE,-0.03557035071203803
002698.XSHE,-0.004196768504342107
002648.XSHE,-0.06162620280068872
002056.XSHE,-0.07713061343523672
002783.XSHE,0.0041138901650310585
003028.XSHE,-0.002780526480770963
001268.XSHE,0.006822875736039387
600546.XSHG,-0.024973345636988522
600070.XSHG,0.0017206458993415923
300450.XSHE,-0.389011066663724
600827.XSHG,-0.02016093532171409
002234.XSHE,-0.000779727981850763
300600.XSHE,0.010252376865429277
603357.XSHG,0.010149233301871001
600547.XSHG,-0.05474391538311886
002821.XSHE,-0.13848657065306486
300002.XSHE,-0.07550926183112493
600909.XSHG,0.002223268020253282
688500.XSHG,-0.004863485993404174
603299.XSHG,0.006147703031700153
002545.XSHE,-0.0008168106051874534
002419.XSHE,0.004420877689956078
301257.XSHE,-0.023060787725135326
600482.XSHG,-0.006343205670996342
600355.XSHG,0.01002894863257316
688175.XSHG,-0.005511459498223447
300423.XSHE,-0.04728565246223236
002415.XSHE,-0.15927637308278406
002727.XSHE,-0.008896581253478768
300061.XSHE,0.001622865110407972
300430.XSHE,-0.014922537501779071
600353.XSHG,-0.04037092934558456
688088.XSHG,-0.001750876232737359
002781.XSHE,0.018882141603787112
002635.XSHE,-0.008685613686062372
002318.XSHE,-0.012509129511480503
600312.XSHG,-0.005658342323121012
688029.XSHG,-0.059977222201157504
002505.XSHE,-0.008270741567852655
002819.XSHE,-0.007096168736614623
688328.XSHG,0.011503654087868583
000568.XSHE,-0.43709950780368384
002851.XSHE,-0.05506927161781966
002010.XSHE,-0.004038129606496889
603779.XSHG,0.01201372472742394
688679.XSHG,0.013178871449040978
688696.XSHG,-0.09796433825272394
000099.XSHE,0.005505400192644464
300233.XSHE,-0.014373346351188174
601456.XSHG,-0.00020203734912201381
301067.XSHE,0.01019833539637582
300007.XSHE,-0.01119449513479758
002177.XSHE,0.005333904185586977
603178.XSHG,0.011655140889587766
603685.XSHG,0.009359870310194484
002893.XSHE,0.013213884202410726
300696.XSHE,-0.022219828081010057
601118.XSHG,0.003014276615414715
002115.XSHE,0.0005358867439884465
603063.XSHG,-0.006218655021822399
300941.XSHE,0.00019336394589345232
603206.XSHG,0.005981575621389276
301120.XSHE,-0.0021303557654726406
300190.XSHE,0.005083942955903042
688320.XSHG,-0.020856041072326213
002352.XSHE,-0.07567637308278395
301062.XSHE,-0.0035326464725932687
001216.XSHE,0.010561197724738323
301368.XSHE,0.011115189370495342
002670.XSHE,0.00027791490353342666
000889.XSHE,0.01116337766789047
301116.XSHE,0.004732065872070676
600513.XSHG,0.007709402598677118
002296.XSHE,0.00697030459168101
603183.XSHG,0.012310630308087062
603002.XSHG,0.010057833733813125
000887.XSHE,-0.0812627743611383
600006.XSHG,0.0026635990670372824
603300.XSHG,-0.004901399308676641
000672.XSHE,-0.04496817602901486
603358.XSHG,-0.004147148787212057
300251.XSHE,-0.018319937568785735
000710.XSHE,0.004065949555718985
300401.XSHE,-0.014014393658124761
603083.XSHG,-6.666808726055531e-05
688506.XSHG,-0.045518070847150455
600698.XSHG,0.004775860427582774
001219.XSHE,0.009178271646188969
301015.XSHE,-0.005178747468779802
600171.XSHG,-0.0054230432694127965
603366.XSHG,0.007020739852602603
688227.XSHG,0.00725666609866902
300705.XSHE,-0.018632767124577156
603228.XSHG,-0.004041455102248592
002800.XSHE,0.007170326451769945
002650.XSHE,0.005403885925315872
600139.XSHG,0.021292938602257772
002657.XSHE,-0.015728858098104058
600025.XSHG,-0.006776373082783944
601000.XSHG,0.0015945980628349933
688561.XSHG,-0.034328174030967225
002743.XSHE,0.01225503074615345
002772.XSHE,0.007973310915003595
605123.XSHG,-0.03235928367365156
688387.XSHG,0.0034539583287550224
600277.XSHG,-0.013953761166459947
688357.XSHG,-0.05094331683304327
603110.XSHG,-0.002206052160431354
605090.XSHG,0.00035695895874559777
600329.XSHG,-0.0722224812826591
300260.XSHE,-0.2994902494109882
002920.XSHE,-0.042922315482097954
300526.XSHE,-0.00079177581430496
000032.XSHE,-0.06874464832518873
601991.XSHG,-0.002947296336958011
600458.XSHG,-0.014068704839264796
002897.XSHE,-0.021920180383110045
300706.XSHE,0.0016844936847828125
600520.XSHG,0.0004934406435356479
688251.XSHG,0.01184548320009969
002724.XSHE,-0.011096873586686774
300184.XSHE,-0.00019377391892915624
001338.XSHE,0.0009401488921349675
300969.XSHE,-0.0022958276221392415
300115.XSHE,-0.024421204194864005
688102.XSHG,0.0054048606982220904
002824.XSHE,-0.019858865674202718
300056.XSHE,0.0006978566201697803
601390.XSHG,-0.007176373082783936
002860.XSHE,-0.0007706323259490753
603877.XSHG,0.0027099043823748357
300492.XSHE,-0.052068049718823534
300129.XSHE,-0.005857059670783994
002019.XSHE,-0.029030129398901962
600287.XSHG,0.008238485190041465
600618.XSHG,-0.04857587895939438
301068.XSHE,0.006736987628046625
003042.XSHE,0.005757613341570732
301160.XSHE,0.010007178174314759
688080.XSHG,-6.530840945202093e-05
300902.XSHE,0.0028248031758909414
601311.XSHG,0.004665482049094958
601665.XSHG,0.0033606261309658833
603130.XSHG,0.007848919354446163
300377.XSHE,-0.02308752998512189
000761.XSHE,0.004916715504523694
000811.XSHE,-0.08526504879612842
600053.XSHG,0.00398576587540295
688168.XSHG,-0.034646675961918144
688722.XSHG,0.005564275743154447
002200.XSHE,0.01355024575037736
301301.XSHE,0.0016435410453069944
603219.XSHG,0.005622380793076426
002801.XSHE,-0.006381165106625838
301012.XSHE,-0.009755347854790012
300203.XSHE,-0.022981467468347498
600369.XSHG,-0.0023419559844155527
603533.XSHG,-0.009503822148110647
688050.XSHG,-0.1544430737728468
600854.XSHG,0.00977933423411291
601997.XSHG,0.0029226622781972685
002571.XSHE,0.008836580183980251
600975.XSHG,0.001363631845462507
688392.XSHG,-0.018977514335326233
600210.XSHG,-0.0006997641669085498
002614.XSHE,0.003482682374402372
605089.XSHG,-0.012561293820598268
600759.XSHG,0.00973437818169997
003025.XSHE,-0.0014464666402185383
000908.XSHE,0.012815822584014862
002675.XSHE,-0.024633229335947797
603960.XSHG,-0.003641301753796915
688639.XSHG,-0.0464830915512811
688300.XSHG,-0.017600210270063046
002736.XSHE,-0.00592705597324757
300149.XSHE,-0.006390343727203183
002986.XSHE,0.004185264700531324
600706.XSHG,0.007235660693538654
601555.XSHG,-0.0002931616288432287
300928.XSHE,0.0006196548425965471
688183.XSHG,0.005808340678120067
601998.XSHG,-0.006576373082783939
605258.XSHG,0.011059457477209118
002940.XSHE,-0.018930130195058716
600699.XSHG,-0.007349785634773018
300533.XSHE,-0.01561947610673933
002728.XSHE,-0.011691219263303094
603722.XSHG,-0.012752512205787084
603068.XSHG,-0.009279232652517488
003030.XSHE,0.00914943681315675
601952.XSHG,0.002775712491466408
002104.XSHE,-0.011585206558117046
300815.XSHE,0.005938854607262035
600508.XSHG,0.0018982317307222555
688598.XSHG,-0.0914142389046903
301187.XSHE,0.01062511132461005
301235.XSHE,-0.011208249417743071
601398.XSHG,-0.006376373082783943
603280.XSHG,0.011524813860063338
002094.XSHE,0.009225452614708352
603269.XSHG,0.014668046662985617
688789.XSHG,-0.06633472142706619
603385.XSHG,0.009647080256481004
688202.XSHG,-0.09244976378639214
300467.XSHE,-0.005517940201777524
300008.XSHE,-0.001934743849148336
002579.XSHE,-0.007531902799518252
600866.XSHG,-0.011978252116030205
600293.XSHG,0.011989421415087336
300693.XSHE,-0.13478513993582136
002183.XSHE,-0.010105556140314727
300530.XSHE,-0.01660310676607241
002885.XSHE,-0.06955419110285763
603987.XSHG,8.557867137251769e-05
600999.XSHG,-0.008376373082783974
600755.XSHG,-0.08612343405497828
300153.XSHE,0.009554094737709184
002327.XSHE,-0.007316860545565887
002588.XSHE,-0.005406250388171678
300850.XSHE,-0.041652296464847645
301077.XSHE,0.00671144531330173
301366.XSHE,-0.0014737927938803866
002195.XSHE,-0.019647021762821095
002251.XSHE,0.0019924170074047433
300878.XSHE,0.003338755218249294
600316.XSHG,-0.022532706090239572
603316.XSHG,0.01551091639767806
300682.XSHE,-0.021069100451755977
000888.XSHE,0.0030399226192295518
600732.XSHG,-0.06337282779190784
002975.XSHE,-0.013282750940257923
300979.XSHE,-0.030098568076812864
002228.XSHE,0.00036941278345041517
301095.XSHE,-0.04142955112830924
301163.XSHE,0.005230341826422997
688091.XSHG,-0.06351247175939885
300578.XSHE,-0.01786769775626107
603717.XSHG,0.007937268480925175
000488.XSHE,-0.00382059302876448
002118.XSHE,0.010350400293064568
300775.XSHE,-0.004748210953641074
002290.XSHE,0.011627941221740072
688286.XSHG,-0.03566853472693829
600885.XSHG,-0.05031541683763627
001206.XSHE,0.00899688205801099
002403.XSHE,0.009725887682444725
300952.XSHE,0.005403511177717328
300602.XSHE,-0.007726622462700622
000030.XSHE,0.006460669698937231
300500.XSHE,-0.0006952224186600048
688038.XSHG,0.012620496862655272
300660.XSHE,-0.011152368593144325
300592.XSHE,0.0034573988182832237
301255.XSHE,0.003797476553901393
600377.XSHG,-0.002131241037381534
002943.XSHE,-0.009891940362089506
300005.XSHE,-0.0013727849498442208
002005.XSHE,0.01295915472911712
002740.XSHE,0.015651346892015777
002653.XSHE,-0.019813908369013304
000046.XSHE,0.003122727612591974
600167.XSHG,0.0011408539295381555
600767.XSHG,0.00971829450912923
300468.XSHE,-0.004692204685257119
688777.XSHG,-0.011817123580832409
601212.XSHG,0.0031425884954436106
301288.XSHE,0.014009462918814981
603506.XSHG,0.00980163902033039
300715.XSHE,0.0016389977749935326
002932.XSHE,-0.008509856666552953
000625.XSHE,-0.05527637308278402
300916.XSHE,-0.06570643230865705
603123.XSHG,0.004976037029398155
600333.XSHG,0.01142820563857325
301205.XSHE,-0.035463650681687046
600232.XSHG,0.01249768565314539
600285.XSHG,-0.02631692093595288
000599.XSHE,0.0035052457436227404
600941.XSHG,-0.03007637308278392
603058.XSHG,0.011413383542699402
300821.XSHE,0.0025426874512532675
603151.XSHG,0.0054057908025869714
600900.XSHG,-0.014176373082783885
000048.XSHE,-0.03399271640380306
688676.XSHG,-0.00784389991885334
603115.XSHG,0.009206699398108694
002652.XSHE,0.015295565585219809
002317.XSHE,-0.09246705807666916
000739.XSHE,-0.13183578374570165
603860.XSHG,0.014635153813626773
002868.XSHE,-0.025174552247342018
600303.XSHG,0.0007589237463678823
002156.XSHE,-0.03370080396979645
300888.XSHE,-0.010395694471213274
002508.XSHE,-0.0833284387170886
000657.XSHE,-0.03250242867326423
301279.XSHE,0.00865161701388911
600077.XSHG,0.00780664423272603
000610.XSHE,-0.004715412806867459
000421.XSHE,0.005574681780436869
601187.XSHG,0.004612299785469808
603102.XSHG,-0.0060049956170849985
002543.XSHE,0.0004291421738861524
603200.XSHG,-0.022849406657366532
002066.XSHE,0.0037955054641211853
002152.XSHE,-0.07906930978516365
000829.XSHE,-0.21737728295449846
002513.XSHE,0.013436343262027004
600671.XSHG,0.016227290963349243
000544.XSHE,0.007778173076749598
300912.XSHE,0.006445218830099332
601985.XSHG,-0.006140633630961345
600422.XSHG,-0.06564585468967027
002682.XSHE,0.012197416011307922
600500.XSHG,-0.004524793803035887
300037.XSHE,-0.09131648506035102
300633.XSHE,-0.011124821450122266
603703.XSHG,-0.0016905034597700652
300763.XSHE,-0.23821881368894465
000422.XSHE,-0.03761554410789934
002500.XSHE,0.0024408871528746193
300653.XSHE,-0.02197010885778536
603069.XSHG,-0.002030173821571028
600733.XSHG,-0.009540474835049691
600970.XSHG,-0.031246338901627972
000055.XSHE,0.0027173316380473805
003039.XSHE,0.004301551896095941
300985.XSHE,0.009435936087249045
600370.XSHG,0.0029383155109181797
600850.XSHG,-0.11761289008667675
300832.XSHE,-0.032703788011535256
301338.XSHE,0.004575821756786328
600780.XSHG,-0.05501158006824997
000899.XSHE,0.003351854626625652
603150.XSHG,0.011199309993659123
002411.XSHE,-0.009847567149614649
603016.XSHG,0.006374907596722767
300654.XSHE,-2.6502126837905926e-05
601016.XSHG,0.0011662864755108964
301151.XSHE,0.012608439083644708
002810.XSHE,-0.02407397955299956
600743.XSHG,0.005449486531079537
002196.XSHE,0.00800563671651918
300207.XSHE,-0.02816225079930884
601686.XSHG,0.006216638221471881
601882.XSHG,-0.00543791490758646
601500.XSHG,0.010115129214272158
300022.XSHE,0.012208708596692056
603439.XSHG,0.0024578063325987427
301103.XSHE,-0.009127624859276845
688569.XSHG,0.009634923123582296
600363.XSHG,-0.014531671231359403
000993.XSHE,0.008602223101336764
603937.XSHG,0.010601644608288649
002831.XSHE,-0.013109663242321677
603336.XSHG,0.009287042752450674
688157.XSHG,-0.03233818505287607
000996.XSHE,0.011259606186066126
300395.XSHE,-0.21761769659129643
000878.XSHE,-0.015631544136719293
300618.XSHE,-0.013451812159224391
300686.XSHE,0.007526129934776014
301336.XSHE,0.005569274606559371
603607.XSHG,0.00581808002096627
603696.XSHG,0.009443671831178304
300487.XSHE,-0.27499660839711276
600234.XSHG,0.01413231832853852
603818.XSHG,0.007374544364578247
688388.XSHG,-0.003432441954403064
002076.XSHE,0.0024855065782004027
600962.XSHG,0.004927864360183146
600159.XSHG,0.013122622389748977
300437.XSHE,-0.00021284682311838686
000876.XSHE,-0.029397191681962292
000708.XSHE,-0.015568185753115669
603189.XSHG,0.004751799074872629
300932.XSHE,0.005591601779734364
688560.XSHG,-0.008334501538276117
002429.XSHE,-0.012400694201024277
601606.XSHG,0.005918972730727659
000833.XSHE,0.008674527928532905
300826.XSHE,-0.002749291605049043
688203.XSHG,0.0044016447839114944
300745.XSHE,-0.03836663478196678
000632.XSHE,0.01180704585467037
688408.XSHG,-0.048395122327155767
601678.XSHG,0.0027985070893081056
300412.XSHE,0.0037963313993803274
002984.XSHE,-3.423124077991295e-05
300429.XSHE,0.004767595768029857
300806.XSHE,-0.013565891237681862
301176.XSHE,0.01230281746843704
301389.XSHE,0.007590539472807016
603345.XSHG,-0.03957222759097713
688077.XSHG,-0.007194352224646228
002445.XSHE,0.005855466270509316
300612.XSHE,-0.008309510409030427
300316.XSHE,-0.13857897758512355
600809.XSHG,-0.43709950780368384
300269.XSHE,0.010938760478378176
688395.XSHG,-0.0034492640750445613
002937.XSHE,-0.024825796562566074
300079.XSHE,-0.02209078390286199
002612.XSHE,-0.011254598265927326
600095.XSHG,-0.0043313514266878714
601169.XSHG,-0.005215537419371003
688261.XSHG,-0.09184173601366777
603187.XSHG,-0.004294093044525535
603055.XSHG,-0.0004032163123890804
600662.XSHG,-0.07051324258781565
301079.XSHE,0.01137398223732635
600085.XSHG,-0.1756908927701039
003011.XSHE,0.007304353537313623
300066.XSHE,-0.017456608377749677
300885.XSHE,0.01100648983053706
688329.XSHG,-0.008467466644721687
300556.XSHE,0.006933144392587772
301026.XSHE,-0.0036953598228103724
002542.XSHE,-0.00469787590130564
601233.XSHG,-0.021907642340953222
688112.XSHG,-0.03270611256252651
000503.XSHE,-0.023542804540796033
002342.XSHE,0.004674500363403852
000929.XSHE,0.009300267920733334
002603.XSHE,-0.02752021790650379
002151.XSHE,-0.052419205504830396
300323.XSHE,-0.006032513848535871
300116.XSHE,0.00702015643896317
301166.XSHE,-0.00023027885708295885
600857.XSHG,0.004068569990651012
600905.XSHG,-0.0060763730827839415
002936.XSHE,0.0033843790305438572
300460.XSHE,0.005740853016299253
301296.XSHE,0.003571186066985011
603223.XSHG,-0.006750397222367454
002057.XSHE,-0.004692771557477625
300673.XSHE,0.004314958457995216
601038.XSHG,0.0009946915477683452
601218.XSHG,0.011244591684573856
688292.XSHG,-0.02237338538493859
000550.XSHE,-0.003014453954846171
688223.XSHG,-0.009176373082783955
601969.XSHG,0.003066264147094336
000806.XSHE,0.013152073824632493
002338.XSHE,-0.01870752236804439
002375.XSHE,0.006709898642210104
300340.XSHE,-0.08292710194139821
603595.XSHG,-0.018662422105870925
002763.XSHE,0.011398638437172577
000659.XSHE,-0.0015345020066037645
300163.XSHE,0.014663339020510452
300236.XSHE,-0.029643349552927415
000978.XSHE,0.00761223284705286
600180.XSHG,0.006939498903032481
300955.XSHE,-0.005719002871658848
000698.XSHE,0.008835308555353276
603778.XSHG,-0.043933241015316433
600388.XSHG,-0.04898503513447317
301155.XSHE,-0.013912559632957497
603931.XSHG,-0.005148674288998024
002023.XSHE,-0.005970527477768278
600841.XSHG,0.003131179686922871
300844.XSHE,-0.009399269657148664
300873.XSHE,-0.006504659189037089
002265.XSHE,0.0034425442249807897
000678.XSHE,0.005380154745328519
600249.XSHG,0.009596496544282707
603676.XSHG,0.006088612431034001
603919.XSHG,-0.034791422282844806
300554.XSHE,0.004187554751993113
603076.XSHG,-0.010649819607433745
300472.XSHE,0.002166340271035218
600410.XSHG,-0.06148454574434384
002502.XSHE,0.0005782772809799358
300319.XSHE,-0.01246238944452784
688819.XSHG,-0.006696635868576448
002349.XSHE,-0.009871325625442594
002965.XSHE,-0.012548712432925775
600373.XSHG,-0.0006824695722189569
601928.XSHG,0.0002278434601659606
002343.XSHE,0.010342053207412884
000010.XSHE,0.002308246478987022
002191.XSHE,-0.000852528021298227
688278.XSHG,-0.016387006306210667
002735.XSHE,-0.003513804761900767
603871.XSHG,-0.03701920019786871
601992.XSHG,0.0012836744731764824
002999.XSHE,0.010505581516011938
603939.XSHG,-0.027757923117728445
300662.XSHE,-0.008051493010211578
600543.XSHG,0.013003461354420829
600610.XSHG,-0.24720632696873246
688291.XSHG,0.006546281862934532
603809.XSHG,0.0027968988218857373
300400.XSHE,-0.004153161831935599
002163.XSHE,-0.0018602970939377017
688799.XSHG,0.008399211061265895
300179.XSHE,-0.01496479575425087
600376.XSHG,-0.008698255276790776
600258.XSHG,-0.015093062661325414
300720.XSHE,0.0029365416419740113
600195.XSHG,-0.012139423575248713
002458.XSHE,-0.019157241064400553
300158.XSHE,-0.008614927833877224
603330.XSHG,-0.010094208881291871
603598.XSHG,0.00877116336390633
600573.XSHG,0.008021730546393744
600935.XSHG,0.004245649691444057
000936.XSHE,0.004813730701752563
000953.XSHE,0.01180236029473972
002268.XSHE,-0.10323189645052773
300712.XSHE,-0.015525174349340129
688566.XSHG,0.004375337216999257
600539.XSHG,0.016633177135888372
600119.XSHG,0.011768949893004765
001283.XSHE,-0.023975951075982917
002331.XSHE,-0.0003070217551659291
600371.XSHG,0.007263229462485756
688767.XSHG,0.002650714486361491
300013.XSHE,0.011833226853811113
300884.XSHE,0.01139508147863579
002839.XSHE,0.006499299883188109
300743.XSHE,0.007409567497707437
688126.XSHG,-0.01006770705886692
603050.XSHG,0.0027027239952118823
000545.XSHE,0.009855388870375577
603530.XSHG,0.0033273307112992277
300583.XSHE,0.008315811548596657
002091.XSHE,-0.009166188280733633
300258.XSHE,-0.0010365610401918343
600110.XSHG,-0.004805539645728367
000636.XSHE,-0.08159431821686088
300738.XSHE,-0.07518210091603106
688616.XSHG,0.012892152051994715
600375.XSHG,0.0008006374667439611
600829.XSHG,0.003956027601604219
002549.XSHE,-0.030685674216947546
601021.XSHG,-0.03500513130013124
605598.XSHG,-0.00037287871577414144
688060.XSHG,-0.013973363431184174
603927.XSHG,-0.01715955337402997
688098.XSHG,0.011988507454062998
000564.XSHE,-0.003903579087914139
002124.XSHE,-0.006335613621667117
002699.XSHE,0.008684504509453534
603690.XSHG,-0.002503392422460486
600971.XSHG,-0.0048225259394923834
301313.XSHE,-0.019755810312032607
601137.XSHG,-0.007686422845738467
688208.XSHG,-0.043395738753384205
300298.XSHE,-0.06370251665219663
688556.XSHG,-0.02397391860061934
600818.XSHG,-0.0013399524791641425
300219.XSHE,-0.005955859620168626
600488.XSHG,0.007798429455010525
301073.XSHE,-0.024496647805525372
000404.XSHE,0.008975342699583748
600623.XSHG,-0.02499386144124236
002536.XSHE,-0.00199998480502293
600297.XSHG,0.0016846542720477535
000011.XSHE,-0.001870356815156845
001322.XSHE,-0.0028648226168883576
300446.XSHE,0.008811081811868775
300601.XSHE,-0.029108512265678527
600816.XSHG,-0.029561728127302317
688093.XSHG,0.004700719998216458
300221.XSHE,0.010232720477351444
600318.XSHG,0.011004926360446126
002950.XSHE,0.005892653987898903
688285.XSHG,0.01156200150720377
003008.XSHE,0.009539575319678174
002845.XSHE,-0.005490084898328161
688097.XSHG,-0.000916177274586003
600362.XSHG,-0.023302163507106798
000679.XSHE,0.009006098763975068
603768.XSHG,0.006732324220909771
688538.XSHG,-0.0002266931391815539
300900.XSHE,-0.0009026660050041723
600490.XSHG,0.0021168582975930736
688160.XSHG,-0.0005167397882082144
300926.XSHE,-0.002371034252306387
600563.XSHG,-0.1628796113255109
002656.XSHE,0.009351991269743596
600335.XSHG,-0.00633855921506524
300541.XSHE,-0.009908436586649028
605162.XSHG,0.012190753914137188
002852.XSHE,0.0021741424265127873
002116.XSHE,-0.003071221421212269
688253.XSHG,0.007780606307651196
000883.XSHE,-0.0016060513057332775
603313.XSHG,0.006096618074380936
002457.XSHE,0.011235126634868007
300825.XSHE,0.004245434418832273
603097.XSHG,-0.0025789410452174057
000338.XSHE,-0.057327435770227524
000680.XSHE,0.0021940524418776015
300279.XSHE,0.008154617831210739
000595.XSHE,0.0035874122633366866
002084.XSHE,0.010537587887518147
002324.XSHE,-0.05373944548217027
301076.XSHE,0.0018205303318637334
603716.XSHG,0.011003246714051368
605369.XSHG,-0.03549364683599745
688279.XSHG,-0.02824813438478893
688323.XSHG,-0.004851074987346455
601929.XSHG,0.008460058345506588
300853.XSHE,-0.008010137964342575
002636.XSHE,0.00644872145453503
300283.XSHE,0.005405427195780325
688026.XSHG,0.0016913045376432609
002469.XSHE,0.004051865123466976
601799.XSHG,-0.0351090629008929
600585.XSHG,-0.034476373082783895
002805.XSHE,-0.009007676301905661
300814.XSHE,0.00666489775734112
002320.XSHE,-0.01174156551497135
600696.XSHG,-0.027890260797652028
300112.XSHE,0.004894563973092448
002778.XSHE,0.009560151151364816
603823.XSHG,-0.00019861912946940452
003007.XSHE,0.00321603187058994
600898.XSHG,0.015035935689170523
000019.XSHE,-0.00019827757008272252
688345.XSHG,-0.010012670537424138
002607.XSHE,-0.010510764266878246
000877.XSHE,-0.03180048405975129
301063.XSHE,0.0019421412800108596
300552.XSHE,0.0018534013796746
603701.XSHG,-0.021419442988776658
688069.XSHG,0.00830575199129224
300445.XSHE,-0.01884272821781599
301006.XSHE,0.0055218516901216885
002538.XSHE,0.0025997731651013975
688283.XSHG,-0.043556971855766215
000089.XSHE,-0.0036654559474898415
002487.XSHE,-0.047807240637051704
688153.XSHG,-0.028450215114551227
301212.XSHE,0.0053967279836513934
603109.XSHG,0.007409127415714184
000868.XSHE,-0.0004270467877236818
300963.XSHE,0.006719985120693019
600405.XSHG,-0.0016856087888872922
688498.XSHG,-0.11367766856189226
301377.XSHE,-0.002048712444633974
600016.XSHG,-0.011676373082784026
002962.XSHE,0.009976482336395726
002921.XSHE,0.012894596728101183
603363.XSHG,0.0034667870181402985
300534.XSHE,0.003769682366746959
300632.XSHE,0.0026476199967753987
301108.XSHE,0.009223074022320768
600011.XSHG,-0.01827637308278392
301227.XSHE,0.00033904695433945205
301029.XSHE,-0.021419810766850296
002875.XSHE,0.006923828449817449
300405.XSHE,0.014643737692441622
301349.XSHE,-0.015722129636217788
000035.XSHE,3.1526705477668074e-05
603059.XSHG,0.004531074089417712
688580.XSHG,-0.011302473540844796
300266.XSHE,-0.014831693735398822
688190.XSHG,-0.01827277912772203
000729.XSHE,-0.03805659623005334
301333.XSHE,-0.04009625704337639
600650.XSHG,0.004503775910671584
300165.XSHE,0.0018717965423013395
600773.XSHG,-0.0211898530374645
001266.XSHE,0.006048247493546556
600892.XSHG,0.002974439516397349
603578.XSHG,0.00892888824218619
301089.XSHE,-0.006695772327966391
002454.XSHE,0.007634928770081509
000782.XSHE,0.013041469430819488
000722.XSHE,-0.006309570576961791
300570.XSHE,-0.0016537785508688226
603683.XSHG,0.014037427909079171
600526.XSHG,0.008003115096898474
603920.XSHG,0.0027269179251466144
000987.XSHE,-0.006051216949134191
301258.XSHE,0.0023776056542442903
601699.XSHG,-0.04460821470746635
688255.XSHG,-0.011749296841761481
003020.XSHE,-0.01462864357481652
300674.XSHE,-0.017833592825672456
002708.XSHE,0.010423933063834469
300152.XSHE,0.011513790787726524
002340.XSHE,-0.02172749695677153
301188.XSHE,-2.7509385464519892e-05
601778.XSHG,0.0036792858509240092
688172.XSHG,-0.002689511314163188
603759.XSHG,0.008073624885844842
300843.XSHE,0.0004832051166582113
000985.XSHE,0.009244784043359506
002377.XSHE,0.011788611845624412
300386.XSHE,-0.014219674299355344
002817.XSHE,0.009479158100625159
688489.XSHG,-0.07372896245454101
002718.XSHE,-0.0028561850830475105
600350.XSHG,-0.0005756581807816912
688359.XSHG,-0.01593468896476221
001205.XSHE,-0.0005319636933574633
002534.XSHE,-0.0035286264362797467
600416.XSHG,-0.01075337539515147
688048.XSHG,-0.10084643813843404
002028.XSHE,-0.28685147569605174
300224.XSHE,-0.013818181599410787
601003.XSHG,0.0031831837717297426
601155.XSHG,-0.009683663636797544
600199.XSHG,-0.05384012819115682
000656.XSHE,0.005077639275659188
601975.XSHG,-2.4204766313650882e-05
603268.XSHG,0.00791344924004802
603739.XSHG,0.008021058943074443
600570.XSHG,-0.3249889269287455
605288.XSHG,0.0039766804119296985
688017.XSHG,-0.04910997168374547
688181.XSHG,0.004415910902484865
002853.XSHE,-0.013117455451242946
002123.XSHE,-0.10678445177937461
600007.XSHG,-0.0028960692539363305
688685.XSHG,0.006440423360898222
002760.XSHE,0.008074120074679822
002406.XSHE,0.0011128990146204512
300515.XSHE,0.007265475723520645
000967.XSHE,-0.0020258401656620077
603105.XSHG,0.00217673619784655
300094.XSHE,0.006031944704926365
600644.XSHG,-0.00430518804611983
300092.XSHE,-0.008345734295266383
002287.XSHE,-0.00019241895096449874
600822.XSHG,0.009774373631717683
300591.XSHE,0.01485782217152633
002110.XSHE,0.005107316737576094
002668.XSHE,-1.466908695965663e-05
300886.XSHE,0.002554826860205533
300783.XSHE,0.002990479152669135
603997.XSHG,-0.007067250845241308
002566.XSHE,0.00900698544086697
300690.XSHE,0.00087172506966335
002101.XSHE,-0.021369079001453732
000791.XSHE,0.005977077546485779
002022.XSHE,-0.0112772228451081
301059.XSHE,0.0016112527671850035
301092.XSHE,0.006958753118881013
300657.XSHE,0.002819242290607731
300228.XSHE,0.00565152910520585
301269.XSHE,-0.03797187512496234
600268.XSHG,-0.00307509203446912
688330.XSHG,-0.007312538241196065
600879.XSHG,-0.058551789865932694
000666.XSHE,-0.003794115138778323
603051.XSHG,-0.004396025838171471
300210.XSHE,0.014986524778579636
688480.XSHG,0.0004104707043102087
600686.XSHG,-0.01107434889997092
000150.XSHE,0.018168574899534176
601798.XSHG,0.012947206754003345
000898.XSHE,0.0008364329620636013
600292.XSHG,0.010424125937780589
603633.XSHG,0.00565669394479467
600436.XSHG,-0.43709950780368384
002356.XSHE,0.003584031531953187
600403.XSHG,0.003816776011992628
600735.XSHG,0.0017346146002010059
300736.XSHE,-0.0019133373372341306
002803.XSHE,-0.003329149916151578
603132.XSHG,0.0026348908369011647
603977.XSHG,0.007406171009353647
000616.XSHE,0.008802371365282509
002020.XSHE,-0.04764972546684185
688366.XSHG,-0.048881841665661084
603501.XSHG,-0.031186988664221624
300801.XSHE,0.0031524048169286785
600633.XSHG,-0.018259201282677273
600257.XSHG,0.004688017244360266
002259.XSHE,0.011324246800511894
000049.XSHE,-0.0758277564178886
605108.XSHG,-0.010419618794435048
605158.XSHG,0.011688689163800814
000932.XSHE,-0.0011859982982598168
002475.XSHE,-0.24997637308278456
003035.XSHE,-0.0026594704561870965
600389.XSHG,-0.05591660123665522
000637.XSHE,-0.007808480927360983
603021.XSHG,0.014208488368364412
300469.XSHE,0.005566285129068904
601877.XSHG,-0.017478823581012416
603056.XSHG,-0.001590491557945723
605166.XSHG,0.010288782824357023
600903.XSHG,0.006770371284225974
688399.XSHG,-0.0031231705279674803
002651.XSHE,0.0038276611533104013
002959.XSHE,-0.023425587229158294
002529.XSHE,0.006084570862460898
603681.XSHG,0.006518658490598006
000023.XSHE,0.010747839604568973
000063.XSHE,-0.21807637308278402
601595.XSHG,0.010696326127543282
002812.XSHE,-0.15737637308278354
600812.XSHG,0.004083635334052468
300503.XSHE,0.010794987888328722
600777.XSHG,-0.026215709124011423
300326.XSHE,-0.002713188136633144
688259.XSHG,-0.01713353818715843
000759.XSHE,0.006450235230119546
600071.XSHG,-0.012353431356691112
300710.XSHE,-0.007563089455965934
002929.XSHE,-0.00449400479630477
601001.XSHG,-0.0012321664904435372
600826.XSHG,-0.0010798493129097805
600468.XSHG,0.0028047448380394135
601005.XSHG,0.005235881975603586
605111.XSHG,-0.025573742350049534
688432.XSHG,-0.0014866924173267946
300393.XSHE,-0.06243179760009151
600801.XSHG,-0.05793685174596128
688101.XSHG,0.00802445082695806
002633.XSHE,0.014456192219637945
002666.XSHE,0.006447669539075288
603713.XSHG,-0.05320394269472074
002258.XSHE,-0.005269811205907528
300893.XSHE,-0.004257588422492931
002451.XSHE,0.00927350900224578
002465.XSHE,-0.009834512011701008
300977.XSHE,-0.0011532779145738657
605208.XSHG,0.0017906879357919483
002707.XSHE,-0.01658825660161731
300244.XSHE,-0.059549516016351556
600418.XSHG,-0.03619476936939704
600281.XSHG,0.014122534293734623
600883.XSHG,0.012135456725633455
603878.XSHG,-0.00021761497306245492
002815.XSHE,0.0010975049268956575
601236.XSHG,-0.0012544543488716092
601368.XSHG,0.010850808041543935
300397.XSHE,0.0009683998080754833
301033.XSHE,-0.007031121532800402
300993.XSHE,0.01119446490020084
300976.XSHE,-0.008041890977850288
301051.XSHE,-0.023159339436151956
688435.XSHG,-0.06393090617823138
301277.XSHE,0.006750840995591988
000715.XSHE,0.0061883861347121795
000635.XSHE,-0.0014746353876404893
002971.XSHE,-0.014826975338502099
688179.XSHG,-0.01068571859278409
000008.XSHE,-0.009205953110956023
000735.XSHE,0.0010712962338356733
300749.XSHE,0.014030435194274415
002131.XSHE,-0.011706448217833624
600505.XSHG,0.0040075856652138815
002169.XSHE,-0.021423153787509155
002816.XSHE,0.015262050546051415
600039.XSHG,-0.015713439714986444
002911.XSHE,-0.00020006128020953837
603608.XSHG,0.015398781253658352
688219.XSHG,0.009800962192006771
300532.XSHE,-0.0069014768610168725
300752.XSHE,-0.014259521298096158
300046.XSHE,-0.0024163212501826722
603667.XSHG,0.006403863889604093
002917.XSHE,-0.005414333466776956
600497.XSHG,-0.026924391818137668
605599.XSHG,0.007846122727485362
002119.XSHE,0.002442389389588743
300245.XSHE,-0.021028175775487726
002054.XSHE,0.00856259073125707
300232.XSHE,-0.003060743325882437
002224.XSHE,0.009483585089261056
601163.XSHG,0.005283602298047061
600230.XSHG,-0.0024045930233607734
603393.XSHG,-0.004906398827740313
000926.XSHE,0.010078877552159634
301078.XSHE,0.0013952311943972277
002016.XSHE,-0.0059651042190910775
688073.XSHG,-0.029135674351591825
002280.XSHE,0.0013893998359950106
301185.XSHE,0.006245698191714921
600744.XSHG,0.00436897273658173
301266.XSHE,-0.009366535533452307
301081.XSHE,0.014152569470086944
301234.XSHE,0.01102327753360658
002182.XSHE,-0.011671584149904619
688237.XSHG,-0.0173127311502668
688636.XSHG,-0.04118678679208267
002112.XSHE,0.0056070734197993955
000839.XSHE,0.0024567549908404577
002527.XSHE,0.008440087881213832
002202.XSHE,-0.013231516220344557
603926.XSHG,0.013313476887134428
301248.XSHE,-0.0025421058992163327
603458.XSHG,0.011165288566322906
601333.XSHG,0.004767723225623862
601298.XSHG,-0.00022228833846392823
301363.XSHE,-0.017196718891793077
601811.XSHG,0.003026741943865383
300540.XSHE,-0.001653569463333008
600050.XSHG,-0.009376373082783952
301137.XSHE,0.013016780593046373
600125.XSHG,-0.0045058099081000235
300406.XSHE,-0.013175284416671196
600726.XSHG,0.002617222337602822
603966.XSHG,-0.010020263488284031
300270.XSHE,0.0011980049543645985
600115.XSHG,-0.0067763730827839356
002198.XSHE,-0.0017910211643527105
300516.XSHE,0.0035292465888639452
600331.XSHG,0.003871802586878972
600716.XSHG,0.0067821590818614875
002438.XSHE,-0.01682747059758624
603283.XSHG,-0.003227283264765575
301136.XSHE,0.005075535374490571
600781.XSHG,0.018780776127272837
688633.XSHG,0.004503671027366169
300356.XSHE,0.010591111394408815
000060.XSHE,-0.026784826011812847
300929.XSHE,0.015343302683246208
300120.XSHE,0.008509854149291621
002165.XSHE,0.00977585459375247
002246.XSHE,0.006161153969435921
002582.XSHE,0.003083876883892247
300375.XSHE,0.011961764608666901
000786.XSHE,-0.06985495526616316
600527.XSHG,0.007525981319584549
002705.XSHE,-0.003623681918684096
600233.XSHG,-0.07413103151664273
603536.XSHG,0.013770089424442983
603301.XSHG,-0.00458495847195552
002044.XSHE,-0.020052813829892727
603380.XSHG,0.006852514901822044
601696.XSHG,0.0001986123238592757
300054.XSHE,-0.0690116620845623
300142.XSHE,-0.10876022436852315
600808.XSHG,0.0018788510993087706
603983.XSHG,-0.004101911167720808
300568.XSHE,-0.06326325867846988
003040.XSHE,0.003445263978676477
601518.XSHG,0.01215877509605183
688737.XSHG,-0.0018195587787101716
002556.XSHE,0.0010410462649074045
300137.XSHE,0.007461021497585045
603738.XSHG,-0.030169629964497346
301109.XSHE,0.008039625576177694
688599.XSHG,-0.021476373082783926
002062.XSHE,-0.0030236053966646755
688377.XSHG,-0.0023092896889587156
000555.XSHE,-0.006670824438862688
603255.XSHG,-0.014128180684370899
300521.XSHE,0.007300790990818561
300399.XSHE,-0.0063539385293078544
300997.XSHE,0.0040898016921031635
300075.XSHE,-0.05122408409091342
300143.XSHE,-0.013600078126041599
300453.XSHE,0.009262546671541725
600824.XSHG,-0.02041143745080347
002185.XSHE,-0.029160241308020928
002665.XSHE,-0.003429948028701499
002745.XSHE,-0.0009333009490839657
000403.XSHE,-0.08491562107482994
600155.XSHG,0.0024773147026028812
300553.XSHE,-0.02056439405034912
300208.XSHE,-0.006915742651760941
002963.XSHE,0.012985396270851405
601567.XSHG,-0.02582542163934469
002102.XSHE,0.004965845257823107
002758.XSHE,-0.005178026592448972
300087.XSHE,-0.01276907909511911
600742.XSHG,-0.008434072257537015
600853.XSHG,0.010048616559521386
600875.XSHG,-0.03066759689201628
688419.XSHG,0.003111841792199076
002229.XSHE,-0.034658595985532566
002339.XSHE,-0.019949384668487467
603008.XSHG,-0.01776173394942442
000156.XSHE,0.0015827050306482966
000983.XSHE,-0.03112776101065085
601828.XSHG,0.0015599930930692166
605169.XSHG,0.011817155118189268
603288.XSHG,-0.09777637308278431
000777.XSHE,0.0018211636858815779
002996.XSHE,0.005826367090893097
603800.XSHG,-0.007121083601421116
603444.XSHG,-0.09002909947232127
600206.XSHG,-0.0037030070258140127
688266.XSHG,-0.03504534818442035
300968.XSHE,0.010836178444954053
600783.XSHG,-0.0039015095106519106
688372.XSHG,-0.03856008234819443
603629.XSHG,0.00974087499347007
300947.XSHE,0.01149230625514436
600498.XSHG,-0.03030969651249098
688084.XSHG,-0.0255161006589011
002302.XSHE,-0.008901652643258887
600861.XSHG,-0.008760247738968881
605100.XSHG,0.0074585931053174626
002230.XSHE,-0.43709950780368384
300065.XSHE,-0.02644919692588028
603126.XSHG,0.00939688776305117
002267.XSHE,0.006941442661847475
688256.XSHG,-0.0781020152665775
003031.XSHE,-0.0706721895407149
600787.XSHG,-0.01877160084352989
002328.XSHE,-0.0013564102319665247
002654.XSHE,0.003044922091460397
300197.XSHE,-0.009438108156194766
600502.XSHG,-0.005880537223484333
688100.XSHG,-0.0008617835268488559
300731.XSHE,0.0005063742162264243
000785.XSHE,-0.0035230538482114828
002547.XSHE,-0.010148085018111938
000818.XSHE,-0.008652048589433553
000965.XSHE,0.008509061612991822
002346.XSHE,0.0023905890853560246
300726.XSHE,-0.014184104608613359
002041.XSHE,-0.024175206993121246
601995.XSHG,-0.010976373082783953
688258.XSHG,-0.027905518417881817
002583.XSHE,-0.0053505183895117695
605305.XSHG,-0.0020197787494577128
301162.XSHE,-0.02529045365988996
002255.XSHE,0.003846419723704442
003036.XSHE,0.011548500746171485
601015.XSHG,0.005543623202117361
000962.XSHE,-0.007985096496640037
301297.XSHE,0.0035421197477512956
000789.XSHE,-0.0007420944540114088
300897.XSHE,0.013975854301047735
000681.XSHE,-0.06545389348610428
688568.XSHG,-0.03849129004515773
600734.XSHG,-0.0013611725480802877
002063.XSHE,-0.04457222289284142
688778.XSHG,-0.022235211180149508
003012.XSHE,0.0006809044044402664
002205.XSHE,0.007561544239840904
600823.XSHG,-0.014088636562512032
002694.XSHE,0.0011425983600426362
688353.XSHG,-5.272097720159831e-05
002564.XSHE,0.008121026047567313
600063.XSHG,-0.014654631138018057
002628.XSHE,0.012405328134596928
600054.XSHG,-0.0011084636951585996
600259.XSHG,-0.006538003015309085
002240.XSHE,-0.014673092232157287
002518.XSHE,-0.1381453310810079
301002.XSHE,0.004820557803327333
600066.XSHG,-0.09004261142097818
603067.XSHG,0.0009121837379561064
603898.XSHG,0.004220607509541827
002482.XSHE,0.012381767980174962
300176.XSHE,0.010572369166394568
603630.XSHG,0.009360520416378842
605499.XSHG,-0.06896276244760574
601818.XSHG,-0.005976373082783934
688683.XSHG,0.006557558269853609
000930.XSHE,-0.0010458435371700648
002757.XSHE,0.0043619740942811725
002381.XSHE,0.004903351480274858
300201.XSHE,0.010532588415287269
601011.XSHG,0.00821827332811543
600246.XSHG,-0.02068673668778964
300454.XSHE,-0.06451908904752997
002498.XSHE,-0.00032957886906117336
603318.XSHG,0.007599866439287309
688028.XSHG,-0.00032973385665965166
688518.XSHG,-0.007560737433511127
300021.XSHE,0.006654629124209164
601698.XSHG,-0.006200721087078265
688511.XSHG,0.008127687957406964
605060.XSHG,0.0032169793476554583
601399.XSHG,0.002579016291043878
600320.XSHG,-0.0074501435833723055
301075.XSHE,0.005980727217215319
002659.XSHE,0.012298170380263571
601908.XSHG,0.0010524331196737954
300808.XSHE,-0.002795365703473437
688165.XSHG,0.009837769854836174
600760.XSHG,-0.06287637308278364
600273.XSHG,0.004291096058933417
300871.XSHE,0.004829912604224999
300543.XSHE,-0.003950227449578656
002038.XSHE,-0.02064834362453107
600876.XSHG,-0.006943646736477665
300334.XSHE,0.013887714238688103
300827.XSHE,-0.10985875512098166
300772.XSHE,-0.0020526491650262133
603650.XSHG,-0.0053010465382489205
002775.XSHE,0.011941232602531781
603661.XSHG,0.006518999827529036
001965.XSHE,-0.0021700251906182997
688382.XSHG,-0.0015625930846035812
688510.XSHG,0.00804116151626414
002970.XSHE,-0.03855182386200942
688369.XSHG,-0.03171836914297882
000002.XSHE,-0.43709950780368384
002319.XSHE,0.005443132442129612
301148.XSHE,0.011747685776081412
603686.XSHG,0.0009595130289620953
002025.XSHE,-0.07975653034537376
000609.XSHE,0.007676234121444055
603991.XSHG,0.0031203210101641565
688007.XSHG,-0.006291642628254356
600579.XSHG,0.007310641565960869
301193.XSHE,0.0023703928633182856
600506.XSHG,0.012947470924964491
000650.XSHE,-0.014407918577653434
001213.XSHE,0.0033521634192953515
600871.XSHG,-0.0012241768499388476
688226.XSHG,-0.003375521724994786
688049.XSHG,-0.003516734176833602
605020.XSHG,-0.024476313792966935
000725.XSHE,-0.01767637308278397
002219.XSHE,-0.007789908144306265
600379.XSHG,0.0018716426786891081
300223.XSHE,-0.06116014207121485
301367.XSHE,-0.10397217875116886
603355.XSHG,-0.004881147968088999
688661.XSHG,-0.02379556878155621
300025.XSHE,-0.007562681953358621
300792.XSHE,-0.024087397794267613
300883.XSHE,0.014167766055979124
300436.XSHE,-0.0030959873195815814
600248.XSHG,0.0019019871160388517
603708.XSHG,0.00429345781719711
002270.XSHE,0.004791673908031031
600741.XSHG,-0.17331639113050656
603217.XSHG,-0.02896213075615111
600228.XSHG,0.0072813114035953815
300799.XSHE,-0.04695407512559301
002686.XSHE,-0.02256909072765525
000601.XSHE,0.002636707255204042
300188.XSHE,-0.15019004580603704
601619.XSHG,0.006454304820441204
601330.XSHG,0.006901551814138604
605198.XSHG,0.0021654542849266134
000703.XSHE,-0.0216552694360436
301328.XSHE,-0.04983285538450624
688401.XSHG,-0.0016623400895589124
603516.XSHG,-0.013389039109403433
300019.XSHE,-0.02353077411616692
603982.XSHG,0.0054942120105298765
002681.XSHE,-0.015563408148359185
600215.XSHG,0.011368294831104492
000158.XSHE,0.0008222709189305098
300664.XSHE,0.011197636508924007
000565.XSHE,0.005715701463703288
603010.XSHG,-0.001086368160391659
300668.XSHE,-0.0016724056211918394
603967.XSHG,0.010553120386297816
002363.XSHE,0.008264760037069559
600540.XSHG,0.011816422702988072
600860.XSHG,-0.002992958796632585
600864.XSHG,-0.0023389943530507332
300742.XSHE,0.013141287498626045
603999.XSHG,0.008991998235215345
603799.XSHG,-0.05564650310987512
601939.XSHG,-0.006276373082783946
300157.XSHE,-0.0008601272274833139
300051.XSHE,-0.03243995290065896
001203.XSHE,0.000908572410193576
300256.XSHE,0.007122490913094371
603660.XSHG,0.00923458710532107
300922.XSHE,0.010531085113127694
600338.XSHG,-0.013672277636729228
300082.XSHE,-0.0058473692848280134
600643.XSHG,0.002484262924489177
002273.XSHE,-0.05514494596535845
300875.XSHE,-2.3911264541744137e-06
002004.XSHE,-0.0015946489867014876
000995.XSHE,0.007547570278852623
300043.XSHE,-0.000262747849746418
300053.XSHE,-0.005734716529891323
300125.XSHE,-0.04338999128460473
603177.XSHG,0.00687385603250882
601339.XSHG,-0.0002677356777332071
301135.XSHE,0.0029901756435447117
600863.XSHG,-0.009102968074021079
300859.XSHE,0.007012348601861813
600817.XSHG,-0.020198707108401867
300230.XSHE,0.009685952634522222
600637.XSHG,-0.0017633083144351657
688281.XSHG,-0.15866459667181207
600272.XSHG,0.013780033461102268
002609.XSHE,-0.015632035084038008
600926.XSHG,-0.006941580944112232
600730.XSHG,0.007509160521968718
605058.XSHG,0.009064594810209874
688621.XSHG,-0.05739952746741092
003037.XSHE,0.006890919445409857
002737.XSHE,-0.04837401784913381
301110.XSHE,0.006705966818992772
000955.XSHE,0.010665128810339562
600711.XSHG,-0.0072624550130862
688159.XSHG,0.008310932927388937
300109.XSHE,-0.034106833907184955
300081.XSHE,-0.05091589159478169
300102.XSHE,0.0027643144490754725
600207.XSHG,0.0069362229261643
600284.XSHG,0.007536321999055883
002517.XSHE,-0.01383257951075997
002611.XSHE,0.0027179483452723623
300078.XSHE,-0.08126314415302097
002197.XSHE,-0.03010580990809998
002596.XSHE,0.00787254013341896
600397.XSHG,0.011394822743426368
600084.XSHG,0.0005091720140063712
300822.XSHE,0.006601793258604639
001331.XSHE,0.007907607806299372
300474.XSHE,-0.29939705430122815
300830.XSHE,0.008367524178309963
300991.XSHE,0.01089486655726973
688325.XSHG,-0.007667482975393368
601177.XSHG,0.012002784514389006
000779.XSHE,0.0056659935686015775
002742.XSHE,0.013719483793614802
300539.XSHE,-0.007882431908327029
688287.XSHG,0.007879543766559981
002032.XSHE,-0.09570503244969494
300172.XSHE,0.009934763309057987
301101.XSHE,-0.005168545165238778
688586.XSHG,0.0031049380398148457
301226.XSHE,0.0033177330609524165
603233.XSHG,-0.016974182443751137
002307.XSHE,0.0026124149431609716
301220.XSHE,-0.000707324479841568
603680.XSHG,0.005403445632575139
002600.XSHE,-0.010028840409282251
300320.XSHE,-0.023960853445900272
002520.XSHE,-0.019660291868933435
300760.XSHE,-0.0670763730827838
300083.XSHE,-0.003014255645148434
301318.XSHE,0.008334179708087523
300095.XSHE,0.0017119906766789074
603327.XSHG,0.0040911398961931515
603508.XSHG,0.0009801276953599093
600383.XSHG,-0.05792956716627617
000159.XSHE,0.008644035543358656
301098.XSHE,0.013843291753201733
002181.XSHE,-0.00229768309760873
600738.XSHG,-0.0019079189054828066
300528.XSHE,0.012405939300696514
688596.XSHG,-0.01415544082456291
300282.XSHE,0.006562436176861662
600837.XSHG,-0.02757637308278392
600162.XSHG,0.006593777048167212
300739.XSHE,0.00571005808207228
300948.XSHE,0.014373437119821138
300246.XSHE,0.006315431622826601
603214.XSHG,0.006397074650960511
603079.XSHG,0.009877060220617906
603505.XSHG,-0.022799884877433334
300204.XSHE,-0.009921133249094575
688308.XSHG,-0.03968176506168432
688567.XSHG,-0.007996795659684416
603081.XSHG,0.006060179407277166
000738.XSHE,-0.007010065075013552
605388.XSHG,0.004988507840433325
300347.XSHE,-0.43648046812283103
000566.XSHE,0.0022356501615727487
002064.XSHE,-0.027009481333544565
600455.XSHG,0.013781266512598454
600774.XSHG,-0.016717615148685444
688503.XSHG,-0.06489448907851174
002096.XSHE,-0.006747809226323064
605255.XSHG,0.011448456475708677
300359.XSHE,-0.009097853924134789
600099.XSHG,0.012628678897070152
002207.XSHE,0.013977704293932722
000415.XSHE,-0.01492106659167438
002326.XSHE,-0.026404570390531325
688119.XSHG,0.0074451261647393765
603159.XSHG,0.01311755674013361
002863.XSHE,0.011225546251848163
600601.XSHG,-0.4241306843028277
601010.XSHG,0.009704662271442335
300349.XSHE,0.0008316912298459225
000726.XSHE,0.0016069970616946986
301133.XSHE,-0.0032076990518172532
002592.XSHE,0.016351903021522774
301228.XSHE,0.0072690654370662685
001230.XSHE,0.0026797473363866925
002981.XSHE,0.008083056337552075
300676.XSHE,-0.005808314389183868
601019.XSHG,0.004945126515985121
688456.XSHG,-0.009994220197706643
300983.XSHE,0.007171284741798057
301066.XSHE,0.00824795000558349
688687.XSHG,-0.005763634151976194
301090.XSHE,0.0034378972421810587
600561.XSHG,0.014496242905287504
688171.XSHG,0.010851060743883811
603903.XSHG,0.013188655881923406
301009.XSHE,0.010345164215001614
300677.XSHE,-0.07287990908276276
000530.XSHE,0.0058980604475766885
002806.XSHE,0.0022476031626515475
300695.XSHE,0.008108978730273554
301019.XSHE,0.009664390947678434
600238.XSHG,-0.005189693902015286
600135.XSHG,0.008692989479291468
000509.XSHE,-0.0023584530987976436
002417.XSHE,0.020184762530463248
603619.XSHG,0.005812618700318788
600663.XSHG,-0.015500407432358393
688981.XSHG,-0.009376373082783987
600802.XSHG,0.009796744232365689
300586.XSHE,-0.014133146980098092
603199.XSHG,0.011489190045967743
600223.XSHG,-0.001403018037815837
688378.XSHG,-0.03369342151145535
002574.XSHE,0.005846364593446329
600101.XSHG,-0.007447975249339824
300805.XSHE,0.010089344307658395
300872.XSHE,0.0020453792651577637
000573.XSHE,0.009770309922059062
300041.XSHE,-0.029750402939115836
600531.XSHG,-0.005100645372924081
003010.XSHE,0.012045130897999653
301211.XSHE,-0.0017544664848597683
000701.XSHE,0.008932577602324727
600487.XSHG,-0.04020492241163473
600600.XSHG,-0.0673763730827841
603688.XSHG,-0.08238562927911777
601600.XSHG,-0.006159557873126339
300577.XSHE,0.0005448339017805285
603386.XSHG,0.008345984644259848
300996.XSHE,-0.03553822925308991
002478.XSHE,0.006945995902133666
301097.XSHE,-0.01299841025268101
001217.XSHE,0.008793776849127948
603697.XSHG,0.0061909797889640895
603176.XSHG,0.012693605987477277
600697.XSHG,0.005382626728983805
002046.XSHE,0.0009369882017480451
002053.XSHE,0.00363927351994968
603324.XSHG,0.007274632530841773
600499.XSHG,-0.09177944627427412
600462.XSHG,0.01269160127628214
301071.XSHE,-0.07077404516839114
603100.XSHG,-0.018689065714460884
002702.XSHE,0.003668806900896108
688152.XSHG,-0.2028980131064167
002541.XSHE,-0.06363312445264223
300494.XSHE,0.00054549472726193
002436.XSHE,-0.029696647266948734
002646.XSHE,0.003342053827947014
605336.XSHG,-0.0005966924155257746
688118.XSHG,0.004965051550704123
600489.XSHG,-0.0212705648957881
002060.XSHE,-0.0021603295679499014
600819.XSHG,-0.003515048989313393
002769.XSHE,-0.00022504833185364378
603308.XSHG,-0.005864310722719628
300694.XSHE,0.011285743184032485
300838.XSHE,0.010648671315117403
001314.XSHE,0.008852751964273568
688533.XSHG,-0.013400111021548675
603216.XSHG,0.011443556415906919
605007.XSHG,0.0010932210825749132
002829.XSHE,-0.01106940984154336
603321.XSHG,0.01398797862039669
688368.XSHG,-0.09501834688481138
688707.XSHG,-0.008894406242626168
002373.XSHE,-0.03114046961004538
002486.XSHE,0.00968191666561555
600958.XSHG,-0.007033288789679395
603808.XSHG,0.009811990583013417
300551.XSHE,-0.04087000458330586
300479.XSHE,-0.02459621870040934
603272.XSHG,0.014028155768444009
688607.XSHG,-0.0001922824249284312
000807.XSHE,-0.04109741207420463
603788.XSHG,0.010949976272454557
688162.XSHG,-0.002756195345725068
688270.XSHG,-0.040897390928315444
600616.XSHG,-0.4204841535107418
000733.XSHE,-0.056788046261305104
603602.XSHG,-0.001916519653546096
603613.XSHG,-0.08869910248672924
603826.XSHG,-0.01003932418623594
600630.XSHG,0.012097360857633403
603156.XSHG,-0.008248078645704874
600103.XSHG,0.009058378886442882
603867.XSHG,-0.015016530126971095
300456.XSHE,-0.01155626106649
688611.XSHG,-0.02464016235114879
600179.XSHG,0.004699250551635663
600354.XSHG,0.004342306694201577
603297.XSHG,-0.03798831708566991
300073.XSHE,-0.061657614933885094
300357.XSHE,-0.07068570664412686
601168.XSHG,-0.002381428504846341
002858.XSHE,0.010219137032640204
002069.XSHE,0.007692196310749358
600096.XSHG,-0.01206329697460408
000949.XSHE,0.006850967797527288
002709.XSHE,-0.1560008474206855
688086.XSHG,0.02307932221520666
300462.XSHE,0.01045504161765692
605577.XSHG,0.009379516330221046
688078.XSHG,-0.004289749465476599
000788.XSHE,0.0044065507829172245
300257.XSHE,-0.020756365504884272
600679.XSHG,0.01009514234905859
603108.XSHG,-0.005975923370355463
603116.XSHG,0.012813945084541749
301039.XSHE,0.0025731246944611878
603883.XSHG,-0.008487237452874594
301197.XSHE,0.011577627420667624
301055.XSHE,0.012790120466453815
605133.XSHG,-0.005853937967314581
600836.XSHG,-0.00899102107068718
002289.XSHE,-1.633249634835736e-05
002501.XSHE,0.007880006610172892
603968.XSHG,0.005389184832671637
605333.XSHG,0.0008369223873175005
688600.XSHG,-0.006284551636715074
600051.XSHG,0.010258372865281522
688120.XSHG,-0.1856917687394064
300689.XSHE,0.0021998715940424636
600982.XSHG,0.009508863350126788
002919.XSHE,-0.0052137057124255655
002396.XSHE,-0.03345590861218354
688313.XSHG,0.002975364910918388
000017.XSHE,0.008649045910509471
002122.XSHE,-0.0006774869809447644
300478.XSHE,0.01602362958983462
002526.XSHE,0.00996901084538494
300432.XSHE,-0.01998061934517018
603963.XSHG,0.006740968525236175
600203.XSHG,0.01005603859018963
002281.XSHE,-0.04435774199340028
300642.XSHE,0.0022626733329788144
600636.XSHG,-0.03027525739011895
000886.XSHE,0.007948556169134419
603201.XSHG,0.008014605734400236
300628.XSHE,-0.4340639228711321
301302.XSHE,-0.02785349187586826
600779.XSHG,-0.1797039753092306
600536.XSHG,-0.16417924223612002
002511.XSHE,-0.03781063814401806
600114.XSHG,-0.007350430621326818
003021.XSHE,-0.09870989503293615
301359.XSHE,0.012940175426943156
603215.XSHG,0.012302200761211985
301379.XSHE,0.009125854529357443
300906.XSHE,0.013873007640042992
300881.XSHE,0.0004599093205284385
301043.XSHE,0.014970761156552412
600724.XSHG,-0.0016603304811889132
002008.XSHE,-0.09060957507605832
002421.XSHE,-0.01471280249411462
300119.XSHE,-0.019960368707073902
002991.XSHE,-0.0254290176550482
300820.XSHE,-0.1379145144857316
002172.XSHE,0.011704678520156626
605183.XSHG,0.003661969080024331
002303.XSHE,0.005353148244131695
300679.XSHE,-0.029807152810325824
688351.XSHG,-0.0019617230427963275
300086.XSHE,0.006046380924117948
300992.XSHE,0.013977594127082023
600290.XSHG,0.013868652287959703
002725.XSHE,0.005205344605766875
300644.XSHE,0.011606748401831797
601216.XSHG,-0.009073796976855598
002878.XSHE,-0.02343226661707231
000402.XSHE,-0.020834826052791498
300917.XSHE,-0.006300463897350141
000793.XSHE,0.0005449387031286734
600022.XSHG,0.0035905015864594455
002615.XSHE,0.005793292192258883
002630.XSHE,0.010802993730714895
001210.XSHE,0.005719450944940481
603590.XSHG,0.008642609559375495
000933.XSHE,-0.09683349301516478
300681.XSHE,-0.01573390703067746
002576.XSHE,0.004498913772342001
300667.XSHE,-0.003914107884654879
600308.XSHG,0.0057916076369810094
600789.XSHG,0.006357118082486601
688528.XSHG,0.015263504294202916
603895.XSHG,0.00046487007513014607
600428.XSHG,-0.005071947534255614
601598.XSHG,0.0010306461902454067
300062.XSHE,-0.0119268817599032
600594.XSHG,-0.006589105029207752
002631.XSHE,0.007086921819470182
601688.XSHG,-0.007076373082783911
688117.XSHG,0.009930259131035808
603900.XSHG,0.014246793721978733
300180.XSHE,0.004854271597104747
600725.XSHG,0.008926559519927914
301196.XSHE,0.008850774970413991
603950.XSHG,0.0068821866938233315
605368.XSHG,0.008458290884094057
002321.XSHE,0.009426333926097616
002211.XSHE,0.018377362605755947
300309.XSHE,0.013320870919470523
000757.XSHE,0.011277478782059768
300465.XSHE,-0.0029931353633234556
002310.XSHE,-0.003526523635681003
600577.XSHG,-0.00926672812640179
002049.XSHE,-0.2146944383419766
300614.XSHE,-0.003085168168317229
301201.XSHE,0.002968295158933881
600814.XSHG,0.001139262039620205
688381.XSHG,-0.005782155812125151
002372.XSHE,-0.04472206255730276
688244.XSHG,-0.00423999171195375
002199.XSHE,0.012924554843857326
000756.XSHE,-0.007037771681314037
002591.XSHE,0.008193638801027005
603936.XSHG,0.00092691229035562
301169.XSHE,-0.031073275452251685
300856.XSHE,-0.019150777230094954
605167.XSHG,0.011282467441328128
002178.XSHE,0.007324659832536511
600221.XSHG,-0.004621093067941614
301138.XSHE,0.010638859762017169
002150.XSHE,-0.15510412483766156
002129.XSHE,-0.07267637308278412
601077.XSHG,-0.0005049003290901627
688005.XSHG,-0.019368103830469156
002448.XSHE,0.00968468626602408
000670.XSHE,-0.02117388611489908
600398.XSHG,-0.012343178410280244
301317.XSHE,0.009202564332894098
600302.XSHG,0.013500730436516839
601989.XSHG,-0.004672524587196176
002476.XSHE,0.007404287629217491
002906.XSHE,-0.013782006927645354
002037.XSHE,-0.008193680340330295
605033.XSHG,0.012471157834489028
601127.XSHG,-0.01517103818940964
603077.XSHG,-0.008017553341607139
002237.XSHE,-0.017151063378226885
603949.XSHG,0.005926889856565352
601958.XSHG,-0.006428207148929961
300824.XSHE,0.008589641643415049
603858.XSHG,-0.004154680469570474
688772.XSHG,-0.009573400778954841
002047.XSHE,0.003572936823063785
002383.XSHE,-0.03309030511494768
301300.XSHE,0.009738969647871323
605588.XSHG,0.009225683737955927
000961.XSHE,0.004988816352106434
000766.XSHE,0.006521417067296588
603317.XSHG,-0.007166578996049992
300866.XSHE,-0.012899978221868433
300146.XSHE,-0.16143016189633
603003.XSHG,0.010403957280871883
300162.XSHE,0.00034568708604757956
605011.XSHG,0.007660096852388299
002838.XSHE,-0.010109531871040783
300889.XSHE,0.012668052391442154
300927.XSHE,-0.004533390040294563
603711.XSHG,-0.008427811782310795
000598.XSHE,-0.012139280430933349
002132.XSHE,-9.419225791545624e-05
600529.XSHG,-0.04674584891438094
300034.XSHE,-0.032901228247986886
002144.XSHE,0.014764060458834473
003003.XSHE,0.014685363152888679
300098.XSHE,-0.011695128348317053
600592.XSHG,0.009824087161610425
688551.XSHG,-0.07251270914967951
601858.XSHG,-0.0011516581434056969
000758.XSHE,-0.017001217634063467
600323.XSHG,-0.004586934856989108
603825.XSHG,0.006479543743143632
000837.XSHE,-0.0009054958787178009
002252.XSHE,-0.02216283445882047
002402.XSHE,-0.048995034160892126
600058.XSHG,-0.0008073789076081883
002846.XSHE,0.008050202123865067
603668.XSHG,0.0035753045556559497
603229.XSHG,-0.01109126830215067
688271.XSHG,-0.028276373082784134
603928.XSHG,0.013402762244513377
600888.XSHG,-0.008770879510579838
300374.XSHE,0.006256319337694423
688231.XSHG,0.004557096304355082
002490.XSHE,0.010353461793478005
003019.XSHE,0.0034166321300613967
603507.XSHG,0.00103681188092929
000603.XSHE,-0.026782359686364866
300665.XSHE,0.016112573657115294
300848.XSHE,-0.062398552952084976
600906.XSHG,0.0011074769033461457
300164.XSHE,0.010855267457359243
301208.XSHE,-0.013427663565197805
600626.XSHG,-0.010585961114403781
600028.XSHG,-0.006876373082783915
000768.XSHE,-0.04340616633463426
002277.XSHE,0.007768807228725483
300220.XSHE,-0.0046510315130406515
002329.XSHE,-0.015488399933263638
300004.XSHE,0.011235721282964923
002055.XSHE,-0.001893195765418642
002966.XSHE,0.0004649430464166058
688275.XSHG,-0.02621253773774405
002162.XSHE,0.008102580979686875
300575.XSHE,-0.008515709779670207
002190.XSHE,-0.013694054432270203
300415.XSHE,-0.0411235113965709
300458.XSHE,-0.024302103889460407
601089.XSHG,0.006946579737268023
605009.XSHG,-0.013049020979723496
688665.XSHG,-0.03194527689911352
300017.XSHE,-0.08254649877469307
603031.XSHG,-0.025452611067931237
600810.XSHG,0.001972237771697271
600510.XSHG,0.002909562869820909
000552.XSHE,0.0005598221143366345
601568.XSHG,0.002236251170368472
002790.XSHE,-0.002349373715026616
600020.XSHG,0.007843573378820886
002898.XSHE,0.01335655579132001
002663.XSHE,0.006259567925056424
603488.XSHG,0.014141975912652871
605188.XSHG,0.009988034055067789
000972.XSHE,0.01003150925081965
300877.XSHE,0.01438007740373571
600252.XSHG,-0.004017928452159583
600624.XSHG,-0.0027685786695717824
000697.XSHE,0.008588683798298184
300781.XSHE,-0.054743185192474036
603610.XSHG,0.00018997223763271044
002992.XSHE,-0.012862879502023934
688070.XSHG,-0.018356542516486392
600365.XSHG,0.01596104855926188
000563.XSHE,-0.002439462058713931
600150.XSHG,-0.02052993000034205
300315.XSHE,-0.006141284861132094
600613.XSHG,-0.039065528309950345
000507.XSHE,0.006900521805600533
000407.XSHE,0.008007861047216062
002021.XSHE,0.014069896503664137
000848.XSHE,-0.034832365151387275
300126.XSHE,0.013568729512470576
300499.XSHE,-0.024093895226571828
603515.XSHG,0.001986382957290177
002695.XSHE,-0.004407720537244
600189.XSHG,0.008238606766972502
000062.XSHE,-0.02057682041529863
000720.XSHE,0.0035581257626081256
600033.XSHG,0.007134042584933659
002865.XSHE,-0.05689397125684711
300851.XSHE,0.010363542929874747
002242.XSHE,-0.013740453209124665
601113.XSHG,0.010876774271525178
688718.XSHG,0.004154540969653847
002014.XSHE,-0.0024352066459284484
300049.XSHE,-0.03606157468518517
603565.XSHG,-0.0068243478872123675
600062.XSHG,-0.019465813708758245
688659.XSHG,0.008891546637768033
001207.XSHE,0.008927974339702802
000966.XSHE,0.0033224583220002827
002395.XSHE,0.0006540727605383496
300344.XSHE,-0.007065506403028617
300067.XSHE,0.009793506891169337
300027.XSHE,0.00032962670196511057
301207.XSHE,-0.002703672970925993
300596.XSHE,-0.012659856485075754
600201.XSHG,-0.02724789739258656
000828.XSHE,-0.0033100437886259357
300175.XSHE,0.014264611000383223
002173.XSHE,0.009455928388214357
603992.XSHG,0.007274506068443999
600056.XSHG,-0.029830085151855215
603776.XSHG,-0.02511837502364188
300585.XSHE,-0.07423356019945372
688578.XSHG,-0.00582013078226929
688015.XSHG,0.005545450655838375
603127.XSHG,-0.22031436532025517
600098.XSHG,0.0006081760015453925
000591.XSHE,-0.014003959013684293
601588.XSHG,0.008927088423843373
600299.XSHG,-0.0023088980135707667
301398.XSHE,0.0009640826818773252
600710.XSHG,0.002642158453672297
300072.XSHE,-0.015281528209980258
000902.XSHE,-0.002418621868735169
002544.XSHE,-0.05515561126471863
300498.XSHE,-0.01277637308278395
603095.XSHG,0.011379235290011452
688061.XSHG,-0.01602775682767563
300433.XSHE,-0.01549917926632884
603029.XSHG,0.0050280845065534575
600862.XSHG,-0.025695766014100358
300226.XSHE,-0.12167247644987916
000850.XSHE,0.007290429071792415
000506.XSHE,0.010702630299531125
603816.XSHG,-0.029401800532542474
603018.XSHG,0.005612189033209549
002569.XSHE,0.019151071299266135
000918.XSHE,0.011578877505326872
300350.XSHE,0.009971020278132152
002522.XSHE,0.0033889811925958326
601022.XSHG,0.001521951898707824
605580.XSHG,0.005595290753502598
603555.XSHG,0.00985958470063933
002492.XSHE,0.009890610582491001
600133.XSHG,0.006331443424680907
688613.XSHG,0.007097608873545798
603198.XSHG,-0.018970889550801714
300346.XSHE,-0.060907455628667194
300698.XSHE,-0.00542716260107355
002861.XSHE,0.0108807160647152
002608.XSHE,-0.0006944723029287604
301229.XSHE,0.0058735419094610285
688290.XSHG,-0.017662092307810393
688588.XSHG,-0.002946279225440584
301282.XSHE,0.006622253909183782
603320.XSHG,0.014817815463634828
000034.XSHE,-0.042351591731857346
002753.XSHE,0.010546766437846286
688428.XSHG,-0.007263858855983931
001259.XSHE,0.013100080751827378
002830.XSHE,0.010250477049247773
300733.XSHE,0.007027451585738737
000737.XSHE,-0.008386131156481026
300281.XSHE,0.010149056688347428
688311.XSHG,-0.018409273018749575
605055.XSHG,0.01240620910644865
601766.XSHG,-0.006276373082783946
002649.XSHE,-0.04908149526764034
301156.XSHE,0.014102167444210022
603315.XSHG,-0.00028776140107416963
688608.XSHG,-0.07883081763730561
600792.XSHG,0.011043534427027909
300842.XSHE,-0.007894858659646835
600393.XSHG,0.006529989793611329
605365.XSHG,0.006839917558139912
601318.XSHG,-0.037576373082783915
002390.XSHE,-0.0006706263750369656
300292.XSHE,-0.008304642893490085
300758.XSHE,0.001284020344328533
605116.XSHG,9.62936418228838e-05
300427.XSHE,-0.0036591795982112204
000736.XSHE,-0.016248723374678444
300222.XSHE,-0.0007809173834182059
003006.XSHE,-0.0013070101811709523
002506.XSHE,9.75879032794379e-05
600406.XSHG,-0.26077637308278384
002510.XSHE,0.009758846697479895
603030.XSHG,0.0162844049565261
603677.XSHG,0.009596771703829214
002249.XSHE,-0.004282144718166098
000977.XSHE,-0.21350389254359473
002882.XSHE,-0.013487931747564436
300905.XSHE,0.00948246712520693
002226.XSHE,-0.022095645350408206
603662.XSHG,0.003990825749729048
000792.XSHE,-0.028576373082783862
002470.XSHE,0.00873778105416902
301161.XSHE,-0.012208260535118634
603279.XSHG,-0.0033315994426002526
300240.XSHE,0.01044223485860971
300723.XSHE,-0.03029880038258765
688590.XSHG,0.0061116600590449145
600676.XSHG,0.004929659398432884
002948.XSHE,0.0032295062138958967
002512.XSHE,0.0014289217231028412
688669.XSHG,-0.005613265653848721
002951.XSHE,0.004217590349840373
600219.XSHG,-0.007745292328254356
003029.XSHE,-0.009945601799999175
000935.XSHE,-0.008563605814106461
300243.XSHE,0.010060211764207478
600010.XSHG,-0.007862074127244486
300956.XSHE,-0.010683412187234153
605179.XSHG,0.007479367703321381
600439.XSHG,-0.00849556376729929
603719.XSHG,-0.0049527095554132506
002856.XSHE,0.015444904859258066
688206.XSHG,-0.005031456450491636
600557.XSHG,-0.10482067017131796
002093.XSHE,-0.022194808812933967
300358.XSHE,-0.010961321233520928
600282.XSHG,-0.010331362520647026
601388.XSHG,0.0054970642829092215
600847.XSHG,0.009050961776365975
002282.XSHE,0.010306071714006427
605001.XSHG,0.011215283054467914
002081.XSHE,-0.03364601429344724
300627.XSHE,-0.015263501270338608
002645.XSHE,-0.037413567605783654
688418.XSHG,0.01079414536481774
300796.XSHE,0.00316330667528838
688663.XSHG,-0.01350791884694185
000630.XSHE,-0.03581378159049442
603066.XSHG,-0.004486335592713886
605180.XSHG,0.007424059409150308
600981.XSHG,0.007518989026274698
600448.XSHG,0.015048985040086596
601880.XSHG,-0.00015963551913207791
002117.XSHE,-0.07498979853944886
000567.XSHE,-0.01554087161836008
603368.XSHG,-0.013764514866247662
000409.XSHE,0.007381586633391075
688151.XSHG,0.005497212886392478
300248.XSHE,-0.011222845709039302
600130.XSHG,0.003594696234195843
300579.XSHE,-0.01663555330152936
002642.XSHE,-0.01647163974849038
300649.XSHE,0.0018742247004050298
605081.XSHG,0.013006049163134227
688296.XSHG,0.0027134055081620492
002368.XSHE,-0.07988641704703299
600309.XSHG,-0.43709950780368384
000058.XSHE,0.0049485674738409206
600052.XSHG,0.010258598939147706
600283.XSHG,0.008256027706977939
688062.XSHG,0.002001623239943776
600192.XSHG,0.012526366564024484
000553.XSHE,-0.00411088022072645
300636.XSHE,0.0006203158905335616
300624.XSHE,-0.13057706315937406
600183.XSHG,-0.07929720842242041
600590.XSHG,0.005213482966836703
000429.XSHE,-0.00033309163909247576
002453.XSHE,-0.0018173172743518509
300938.XSHE,-0.010975312450127991
301223.XSHE,0.006007486732820586
600330.XSHG,-0.016589985146361508
300407.XSHE,0.004416257499544763
601328.XSHG,-0.0061763730827839305
600628.XSHG,-0.017401614628120912
603195.XSHG,-0.0689725520118269
002580.XSHE,0.0017008906491196747
600688.XSHG,-0.0009201795752449461
605337.XSHG,-0.022980757510352987
000980.XSHE,0.0007271387037593195
002274.XSHE,0.0038166160686782065
600266.XSHG,-0.0010343252759982347
688505.XSHG,0.006414039412464857
300439.XSHE,0.006022121788578607
002176.XSHE,-0.042742071505060736
002493.XSHE,-0.05567637308278395
300700.XSHE,-0.009809702955147192
601916.XSHG,-0.0027007650531280895
600717.XSHG,-0.0066479690408473725
002746.XSHE,-0.00010788011760450196
002967.XSHE,-0.00620419632200777
301256.XSHE,0.01068531410233285
002089.XSHE,0.0018867614663690864
002532.XSHE,-0.03241180488933966
300488.XSHE,0.0019024982960078787
300517.XSHE,0.009520871598545623
000959.XSHE,0.00019821589179467268
300610.XSHE,0.008046364406115288
688239.XSHG,-0.01251681612289661
300191.XSHE,0.00044254370982034323
600859.XSHG,-0.039286091993940626
301321.XSHE,0.0013607956344663785
600620.XSHG,-0.4229491625823364
601366.XSHG,0.010629554901497792
605018.XSHG,0.00808316691418949
603180.XSHG,-0.04480920175685891
300448.XSHE,-0.002929376001725985
603885.XSHG,-0.025840540719729375
002674.XSHE,0.011309821160119025
002435.XSHE,0.0035884858281379555
002337.XSHE,0.0033775339474424702
002876.XSHE,-0.05971236744979459
603679.XSHG,0.012935610987324106
301088.XSHE,0.010059749681627018
605507.XSHG,-0.004128020682515512
688158.XSHG,0.002469737988749098
600343.XSHG,-0.023425229596680152
300305.XSHE,0.0012207671952760412
