code,date,low_close_diff
300256.XSHE,2022-08-05,-0.17999999999999972
002225.XSHE,2022-08-05,-0.27000000000000135
688588.XSHG,2022-08-05,-0.5999999999999996
300588.XSHE,2022-08-05,-0.5999999999999979
603269.XSHG,2022-08-05,-0.21999999999999886
605277.XSHG,2022-08-05,-0.7300000000000004
601668.XSHG,2022-08-05,-0.16000000000000014
300287.XSHE,2022-08-05,-2.219999999999999
002295.XSHE,2022-08-05,-0.379999999999999
301112.XSHE,2022-08-05,-0.6499999999999986
600858.XSHG,2022-08-05,-0.4200000000000017
603323.XSHG,2022-08-05,-0.1899999999999995
300166.XSHE,2022-08-05,-4.109999999999985
603676.XSHG,2022-08-05,-0.1899999999999995
600536.XSHG,2022-08-05,-25.49000000000001
000929.XSHE,2022-08-05,-0.11999999999999744
688173.XSHG,2022-08-05,-4.830000000000005
600103.XSHG,2022-08-05,-0.2599999999999998
603015.XSHG,2022-08-05,-0.5299999999999976
688109.XSHG,2022-08-05,-2.1799999999999997
688698.XSHG,2022-08-05,-0.5100000000000016
688800.XSHG,2022-08-05,-3.990000000000009
000758.XSHE,2022-08-05,-2.219999999999999
300595.XSHE,2022-08-05,-13.57000000000005
600352.XSHG,2022-08-05,-2.9099999999999966
300931.XSHE,2022-08-05,-0.11000000000000121
002048.XSHE,2022-08-05,-1.6099999999999994
002327.XSHE,2022-08-05,-1.9699999999999989
300789.XSHE,2022-08-05,-1.2899999999999991
605001.XSHG,2022-08-05,-0.16999999999999993
002433.XSHE,2022-08-05,-0.33999999999999986
600105.XSHG,2022-08-05,-0.9299999999999997
002324.XSHE,2022-08-05,-5.5400000000000205
002641.XSHE,2022-08-05,-1.0700000000000003
300618.XSHE,2022-08-05,-3.780000000000001
601390.XSHG,2022-08-05,-0.1299999999999999
002892.XSHE,2022-08-05,-1.3099999999999952
000533.XSHE,2022-08-05,-0.3200000000000003
002441.XSHE,2022-08-05,-0.9499999999999957
000950.XSHE,2022-08-05,-0.1899999999999995
300469.XSHE,2022-08-05,-0.8900000000000006
000989.XSHE,2022-08-05,-0.6499999999999986
600892.XSHG,2022-08-05,-0.6600000000000001
688598.XSHG,2022-08-05,-3.019999999999982
603713.XSHG,2022-08-05,-2.4099999999999966
002352.XSHE,2022-08-05,-3.049999999999983
301046.XSHE,2022-08-05,-0.480000000000004
688212.XSHG,2022-08-05,-1.3999999999999986
603882.XSHG,2022-08-05,-2.3200000000000074
001211.XSHE,2022-08-05,-0.490000000000002
603868.XSHG,2022-08-05,-2.3700000000000045
300279.XSHE,2022-08-05,-0.8699999999999974
688678.XSHG,2022-08-05,-0.6400000000000006
600760.XSHG,2022-08-05,-9.899999999999977
000506.XSHE,2022-08-05,-0.45000000000000107
002606.XSHE,2022-08-05,-0.0799999999999983
300653.XSHE,2022-08-05,-8.950000000000003
688219.XSHG,2022-08-05,-0.47999999999999865
301153.XSHE,2022-08-05,-3.489999999999995
301269.XSHE,2022-08-05,-19.900000000000006
601377.XSHG,2022-08-05,-0.41999999999999993
600576.XSHG,2022-08-05,-0.25
688282.XSHG,2022-08-05,-1.4200000000000017
600327.XSHG,2022-08-05,-1.059999999999988
002231.XSHE,2022-08-05,-1.8599999999999994
603650.XSHG,2022-08-05,-2.730000000000004
002403.XSHE,2022-08-05,-0.120000000000001
600810.XSHG,2022-08-05,-1.0100000000000051
601600.XSHG,2022-08-05,-0.08999999999999986
002313.XSHE,2022-08-05,-0.3500000000000014
603326.XSHG,2022-08-05,-0.7699999999999996
002291.XSHE,2022-08-05,-0.6899999999999977
300699.XSHE,2022-08-05,-1.1200000000000045
300828.XSHE,2022-08-05,-0.7200000000000024
300270.XSHE,2022-08-05,-1.1300000000000026
002377.XSHE,2022-08-05,-0.2699999999999996
600651.XSHG,2022-08-05,-674.7899999999972
688425.XSHG,2022-08-05,-0.07000000000000028
688319.XSHG,2022-08-05,-1.259999999999998
601881.XSHG,2022-08-05,-0.27000000000000135
003016.XSHE,2022-08-05,-0.08999999999999986
688700.XSHG,2022-08-05,-3.3900000000000006
300313.XSHE,2022-08-05,-0.1999999999999993
603363.XSHG,2022-08-05,-0.6900000000000013
600336.XSHG,2022-08-05,-0.5799999999999983
600854.XSHG,2022-08-05,-0.8799999999999955
002788.XSHE,2022-08-05,-0.40000000000000213
600495.XSHG,2022-08-05,-1.2100000000000009
000856.XSHE,2022-08-05,-0.18999999999999773
603798.XSHG,2022-08-05,-0.4499999999999993
300338.XSHE,2022-08-05,-0.14000000000000057
600371.XSHG,2022-08-05,-1.3599999999999994
300232.XSHE,2022-08-05,-3.200000000000003
000421.XSHE,2022-08-05,-1.8699999999999974
002816.XSHE,2022-08-05,-0.29999999999999716
300157.XSHE,2022-08-05,-0.4299999999999997
300762.XSHE,2022-08-05,-0.5300000000000011
605090.XSHG,2022-08-05,-0.5299999999999976
601226.XSHG,2022-08-05,-0.16000000000000014
601999.XSHG,2022-08-05,-0.16000000000000014
000877.XSHE,2022-08-05,-1.730000000000004
000819.XSHE,2022-08-05,-12.450000000000017
001318.XSHE,2022-08-05,-0.28000000000000114
688101.XSHG,2022-08-05,-0.5999999999999996
300079.XSHE,2022-08-05,-1.509999999999991
000789.XSHE,2022-08-05,-1.5300000000000011
000153.XSHE,2022-08-05,-1.0300000000000011
300161.XSHE,2022-08-05,-0.7100000000000009
600837.XSHG,2022-08-05,-6.090000000000003
002695.XSHE,2022-08-05,-0.769999999999996
600187.XSHG,2022-08-05,-0.21999999999999886
688281.XSHG,2022-08-05,-2.329999999999984
603277.XSHG,2022-08-05,-0.10999999999999943
301055.XSHE,2022-08-05,-0.10000000000000142
300328.XSHE,2022-08-05,-0.8900000000000006
601618.XSHG,2022-08-05,-0.06999999999999984
002302.XSHE,2022-08-05,-0.5399999999999991
002833.XSHE,2022-08-05,-1.1499999999999986
300471.XSHE,2022-08-05,-3.240000000000009
688331.XSHG,2022-08-05,-5.890000000000001
603900.XSHG,2022-08-05,-0.1999999999999993
002412.XSHE,2022-08-05,-0.4399999999999977
002393.XSHE,2022-08-05,-0.9400000000000013
600657.XSHG,2022-08-05,-2.3500000000000085
000519.XSHE,2022-08-05,-7.180000000000007
002221.XSHE,2022-08-05,-0.7899999999999991
600375.XSHG,2022-08-05,-0.18999999999999773
600007.XSHG,2022-08-05,-1.1999999999999993
002241.XSHE,2022-08-05,-39.979999999999905
603186.XSHG,2022-08-05,-3.2399999999999984
600386.XSHG,2022-08-05,-0.46000000000000085
002960.XSHE,2022-08-05,-2.4099999999999966
600219.XSHG,2022-08-05,-0.5899999999999999
603286.XSHG,2022-08-05,-3.789999999999999
300477.XSHE,2022-08-05,-1.1600000000000037
000910.XSHE,2022-08-05,-0.6099999999999994
002493.XSHE,2022-08-05,-12.289999999999992
002721.XSHE,2022-08-05,-0.2400000000000002
688308.XSHG,2022-08-05,-1.0300000000000011
301233.XSHE,2022-08-05,-0.480000000000004
300838.XSHE,2022-08-05,-0.29999999999999893
300856.XSHE,2022-08-05,-1.0100000000000051
300672.XSHE,2022-08-05,-11.370000000000005
301212.XSHE,2022-08-05,-0.3100000000000023
002530.XSHE,2022-08-05,-1.3000000000000007
002775.XSHE,2022-08-05,-0.28000000000000114
300120.XSHE,2022-08-05,-0.5199999999999996
603272.XSHG,2022-08-05,-0.259999999999998
688399.XSHG,2022-08-05,-2.819999999999993
000735.XSHE,2022-08-05,-0.5399999999999991
002597.XSHE,2022-08-05,-1.6199999999999761
300635.XSHE,2022-08-05,-0.34999999999999787
002613.XSHE,2022-08-05,-0.22000000000000242
601089.XSHG,2022-08-05,-0.129999999999999
600883.XSHG,2022-08-05,-1.4299999999999997
300490.XSHE,2022-08-05,-0.48999999999999844
002370.XSHE,2022-08-05,-0.9199999999999982
002489.XSHE,2022-08-05,-0.7199999999999989
002665.XSHE,2022-08-05,0.0
688003.XSHG,2022-08-05,-0.39000000000000057
000534.XSHE,2022-08-05,-0.7100000000000009
605189.XSHG,2022-08-05,-0.45000000000000284
000058.XSHE,2022-08-05,-0.5199999999999996
000886.XSHE,2022-08-05,-0.21000000000000085
300052.XSHE,2022-08-05,-2.440000000000005
002484.XSHE,2022-08-05,-4.25
001288.XSHE,2022-08-05,-0.21000000000000085
300676.XSHE,2022-08-05,-2.3500000000000014
002183.XSHE,2022-08-05,-1.9500000000000028
603200.XSHG,2022-08-05,-0.39000000000000057
002215.XSHE,2022-08-05,-0.8299999999999983
001270.XSHE,2022-08-05,-12.259999999999991
000926.XSHE,2022-08-05,-0.28000000000000114
600959.XSHG,2022-08-05,-0.05999999999999961
603136.XSHG,2022-08-05,-1.1700000000000017
002981.XSHE,2022-08-05,-0.7300000000000004
601919.XSHG,2022-08-05,-0.5
301079.XSHE,2022-08-05,-0.5500000000000007
605055.XSHG,2022-08-05,-0.1299999999999999
000593.XSHE,2022-08-05,-0.5700000000000003
001213.XSHE,2022-08-05,-0.07000000000000028
001268.XSHE,2022-08-05,-0.3000000000000007
601528.XSHG,2022-08-05,-0.1200000000000001
300833.XSHE,2022-08-05,-2.299999999999997
301109.XSHE,2022-08-05,-0.3200000000000003
600986.XSHG,2022-08-05,-0.7000000000000028
300525.XSHE,2022-08-05,-4.3700000000000045
300556.XSHE,2022-08-05,-0.39000000000000057
600110.XSHG,2022-08-05,-6.819999999999993
300939.XSHE,2022-08-05,-1.2199999999999989
002407.XSHE,2022-08-05,-7.199999999999989
688138.XSHG,2022-08-05,-1.4399999999999977
600081.XSHG,2022-08-05,-2.289999999999992
002349.XSHE,2022-08-05,-2.299999999999997
001202.XSHE,2022-08-05,-0.23000000000000043
603789.XSHG,2022-08-05,-0.1700000000000017
688200.XSHG,2022-08-05,-67.71999999999997
000785.XSHE,2022-08-05,-0.9499999999999993
600866.XSHG,2022-08-05,-5.540000000000006
605208.XSHG,2022-08-05,-0.36999999999999744
603968.XSHG,2022-08-05,-1.0799999999999983
605111.XSHG,2022-08-05,-17.49999999999997
603320.XSHG,2022-08-05,-0.3200000000000003
603822.XSHG,2022-08-05,-1.3999999999999986
300990.XSHE,2022-08-05,-7.550000000000011
301136.XSHE,2022-08-05,-0.1999999999999993
600691.XSHG,2022-08-05,-0.6600000000000037
603948.XSHG,2022-08-05,-1.0599999999999987
688621.XSHG,2022-08-05,-0.8400000000000034
601111.XSHG,2022-08-05,-0.3199999999999985
300558.XSHE,2022-08-05,-1.6499999999999986
002084.XSHE,2022-08-05,-0.16999999999999993
000505.XSHE,2022-08-05,-0.490000000000002
002678.XSHE,2022-08-05,-0.5899999999999999
600126.XSHG,2022-08-05,-0.4700000000000024
600190.XSHG,2022-08-05,-0.14000000000000057
000028.XSHE,2022-08-05,-2.240000000000009
300625.XSHE,2022-08-05,-0.29999999999999893
603881.XSHG,2022-08-05,-1.5700000000000003
002902.XSHE,2022-08-05,-1.5599999999999987
600537.XSHG,2022-08-05,-0.7999999999999972
600082.XSHG,2022-08-05,-0.41999999999999815
300669.XSHE,2022-08-05,-0.39000000000000057
002866.XSHE,2022-08-05,-0.8699999999999974
000055.XSHE,2022-08-05,-0.6000000000000014
601360.XSHG,2022-08-05,-0.6999999999999993
688028.XSHG,2022-08-05,-0.8900000000000006
000665.XSHE,2022-08-05,-1.9200000000000017
300334.XSHE,2022-08-05,-0.25
300098.XSHE,2022-08-05,-0.9199999999999946
002365.XSHE,2022-08-05,-0.6299999999999955
300029.XSHE,2022-08-05,-0.4400000000000004
002523.XSHE,2022-08-05,-0.9800000000000004
600521.XSHG,2022-08-05,-6.82000000000005
002759.XSHE,2022-08-05,-1.9399999999999977
603396.XSHG,2022-08-05,-2.8799999999999955
603639.XSHG,2022-08-05,-6.490000000000009
300929.XSHE,2022-08-05,-0.28999999999999915
688039.XSHG,2022-08-05,-1.5700000000000003
688378.XSHG,2022-08-05,-2.539999999999999
300599.XSHE,2022-08-05,-0.14999999999999858
600661.XSHG,2022-08-05,-0.5600000000000023
300665.XSHE,2022-08-05,-0.7199999999999989
603661.XSHG,2022-08-05,-1.480000000000004
300766.XSHE,2022-08-05,-0.20999999999999908
300155.XSHE,2022-08-05,-1.4099999999999966
000902.XSHE,2022-08-05,-1.3900000000000006
300391.XSHE,2022-08-05,-0.4100000000000037
002909.XSHE,2022-08-05,-0.8900000000000006
688601.XSHG,2022-08-05,-5.3799999999999955
002226.XSHE,2022-08-05,-0.9100000000000108
002629.XSHE,2022-08-05,-0.2599999999999998
688029.XSHG,2022-08-05,-9.200000000000003
300208.XSHE,2022-08-05,-1.8599999999999994
600513.XSHG,2022-08-05,-0.9100000000000037
300901.XSHE,2022-08-05,-0.13000000000000078
600151.XSHG,2022-08-05,-1.2900000000000063
600759.XSHG,2022-08-05,-0.17999999999999972
002931.XSHE,2022-08-05,-0.5700000000000003
002741.XSHE,2022-08-05,-1.7099999999999937
300302.XSHE,2022-08-05,-1.1099999999999994
301179.XSHE,2022-08-05,-0.8100000000000023
601898.XSHG,2022-08-05,-0.2599999999999998
300240.XSHE,2022-08-05,-0.360000000000003
688017.XSHG,2022-08-05,-3.809999999999974
605080.XSHG,2022-08-05,-0.39000000000000057
002328.XSHE,2022-08-05,-0.5700000000000003
600726.XSHG,2022-08-05,-0.17999999999999972
300187.XSHE,2022-08-05,-1.1599999999999966
002374.XSHE,2022-08-05,-0.46999999999999886
688383.XSHG,2022-08-05,-22.47
688350.XSHG,2022-08-05,-0.4299999999999997
002753.XSHE,2022-08-05,-1.0300000000000011
002323.XSHE,2022-08-05,-0.7800000000000011
300772.XSHE,2022-08-05,-0.9000000000000057
002092.XSHE,2022-08-05,-0.4499999999999993
600761.XSHG,2022-08-05,-3.3600000000000136
600880.XSHG,2022-08-05,-5.349999999999994
688619.XSHG,2022-08-05,-0.5399999999999991
601777.XSHG,2022-08-05,-0.1299999999999999
300572.XSHE,2022-08-05,-0.6799999999999997
301196.XSHE,2022-08-05,-0.6899999999999977
000923.XSHE,2022-08-05,-0.5
688379.XSHG,2022-08-05,-0.1700000000000017
002298.XSHE,2022-08-05,-0.33999999999999986
301200.XSHE,2022-08-05,-1.8500000000000014
688305.XSHG,2022-08-05,-6.260000000000005
301053.XSHE,2022-08-05,-0.509999999999998
688155.XSHG,2022-08-05,-0.8199999999999932
301180.XSHE,2022-08-05,-0.2799999999999976
601330.XSHG,2022-08-05,-0.16999999999999993
300189.XSHE,2022-08-05,-0.39000000000000057
000757.XSHE,2022-08-05,-0.5
002101.XSHE,2022-08-05,-1.1899999999999977
688253.XSHG,2022-08-05,-0.9200000000000017
002060.XSHE,2022-08-05,-0.759999999999998
300473.XSHE,2022-08-05,-0.389999999999997
002983.XSHE,2022-08-05,-1.0200000000000031
300194.XSHE,2022-08-05,-0.7099999999999973
600811.XSHG,2022-08-05,-0.779999999999994
002978.XSHE,2022-08-05,-0.7700000000000031
600260.XSHG,2022-08-05,-0.6099999999999994
300652.XSHE,2022-08-05,-0.25
002242.XSHE,2022-08-05,-1.1500000000000057
300092.XSHE,2022-08-05,-0.48999999999999844
002713.XSHE,2022-08-05,-0.33999999999999986
000516.XSHE,2022-08-05,-6.2099999999999795
000409.XSHE,2022-08-05,-0.1399999999999988
688777.XSHG,2022-08-05,-3.9099999999999966
301279.XSHE,2022-08-05,-0.34999999999999787
603387.XSHG,2022-08-05,-1.0500000000000043
600653.XSHG,2022-08-05,-431.02000000000044
300209.XSHE,2022-08-05,-0.33999999999999986
600137.XSHG,2022-08-05,-0.25
301186.XSHE,2022-08-05,-0.6400000000000006
300408.XSHE,2022-08-05,-6.679999999999993
002204.XSHE,2022-08-05,0.0
300742.XSHE,2022-08-05,-0.2700000000000031
600681.XSHG,2022-08-05,-0.5900000000000034
002404.XSHE,2022-08-05,-2.9200000000000017
600694.XSHG,2022-08-05,-1.3700000000000045
300072.XSHE,2022-08-05,-1.6400000000000006
603808.XSHG,2022-08-05,-0.3999999999999986
688297.XSHG,2022-08-05,-3.010000000000005
002052.XSHE,2022-08-05,-0.2699999999999996
601158.XSHG,2022-08-05,-0.08999999999999986
300959.XSHE,2022-08-05,-0.7300000000000004
002112.XSHE,2022-08-05,-0.25
603360.XSHG,2022-08-05,-0.639999999999997
600660.XSHG,2022-08-05,-54.94999999999982
688009.XSHG,2022-08-05,-0.16000000000000014
688202.XSHG,2022-08-05,-21.370000000000005
601555.XSHG,2022-08-05,-0.20999999999999908
300803.XSHE,2022-08-05,-3.490000000000002
600195.XSHG,2022-08-05,-3.700000000000003
002199.XSHE,2022-08-05,-1.0100000000000016
002195.XSHE,2022-08-05,-1.7999999999999972
001296.XSHE,2022-08-05,-0.6400000000000006
002422.XSHE,2022-08-05,-2.9000000000000057
600918.XSHG,2022-08-05,-0.13999999999999968
002776.XSHE,2022-08-05,-0.17999999999999972
000595.XSHE,2022-08-05,-0.6199999999999974
003015.XSHE,2022-08-05,-0.16000000000000014
603733.XSHG,2022-08-05,-0.7100000000000009
300869.XSHE,2022-08-05,-0.8499999999999979
600968.XSHG,2022-08-05,-0.040000000000000036
600227.XSHG,2022-08-05,-0.1700000000000017
603893.XSHG,2022-08-05,-8.469999999999999
601918.XSHG,2022-08-05,-0.1299999999999999
300978.XSHE,2022-08-05,-0.35999999999999943
688092.XSHG,2022-08-05,-1.1799999999999997
601515.XSHG,2022-08-05,-0.33999999999999986
002592.XSHE,2022-08-05,-0.09999999999999964
600711.XSHG,2022-08-05,-2.4099999999999966
300819.XSHE,2022-08-05,-0.22000000000000242
600673.XSHG,2022-08-05,-3.430000000000007
000717.XSHE,2022-08-05,-0.4200000000000017
600790.XSHG,2022-08-05,-0.6099999999999994
605303.XSHG,2022-08-05,-0.22999999999999865
300987.XSHE,2022-08-05,-1.0399999999999991
300097.XSHE,2022-08-05,-0.36999999999999744
000531.XSHE,2022-08-05,-1.759999999999991
300945.XSHE,2022-08-05,-0.7799999999999994
300042.XSHE,2022-08-05,-0.6400000000000006
603879.XSHG,2022-08-05,-0.5400000000000027
002293.XSHE,2022-08-05,-2.319999999999993
300605.XSHE,2022-08-05,-0.620000000000001
301181.XSHE,2022-08-05,-1.25
600160.XSHG,2022-08-05,-8.879999999999995
600688.XSHG,2022-08-05,-0.20000000000000107
688065.XSHG,2022-08-05,-4.820000000000007
688373.XSHG,2022-08-05,-0.22000000000000064
600033.XSHG,2022-08-05,-0.23000000000000043
688156.XSHG,2022-08-05,-0.23000000000000043
000868.XSHE,2022-08-05,-0.6099999999999994
301033.XSHE,2022-08-05,-0.6799999999999997
000581.XSHE,2022-08-05,-1.8900000000000006
002351.XSHE,2022-08-05,-3.1299999999999955
600099.XSHG,2022-08-05,-0.4399999999999977
300492.XSHE,2022-08-05,-2.8599999999999994
600167.XSHG,2022-08-05,-0.509999999999998
300540.XSHE,2022-08-05,-0.44000000000000483
300693.XSHE,2022-08-05,-0.8400000000000034
000797.XSHE,2022-08-05,-0.28999999999999915
601398.XSHG,2022-08-05,-0.0600000000000005
603196.XSHG,2022-08-05,-0.1200000000000001
600408.XSHG,2022-08-05,-0.16999999999999993
603027.XSHG,2022-08-05,-1.8100000000000023
002185.XSHE,2022-08-05,-9.739999999999995
600997.XSHG,2022-08-05,-0.5700000000000003
603535.XSHG,2022-08-05,-0.4899999999999949
601218.XSHG,2022-08-05,-0.20999999999999908
600638.XSHG,2022-08-05,-2.0799999999999983
300870.XSHE,2022-08-05,-0.9499999999999957
300580.XSHE,2022-08-05,-0.33999999999999986
300345.XSHE,2022-08-05,-1.2899999999999991
000850.XSHE,2022-08-05,-0.5499999999999972
000697.XSHE,2022-08-05,-0.9800000000000004
600848.XSHG,2022-08-05,-0.8299999999999983
300737.XSHE,2022-08-05,-1.0899999999999999
601088.XSHG,2022-08-05,-1.3500000000000014
301026.XSHE,2022-08-05,-0.6700000000000017
000541.XSHE,2022-08-05,-7.859999999999985
300694.XSHE,2022-08-05,-0.16999999999999993
300898.XSHE,2022-08-05,-0.33999999999999986
301050.XSHE,2022-08-05,-5.509999999999991
600460.XSHG,2022-08-05,-69.13
601339.XSHG,2022-08-05,-0.27000000000000135
300348.XSHE,2022-08-05,-14.379999999999995
688617.XSHG,2022-08-05,-4.6200000000000045
600667.XSHG,2022-08-05,-2.8599999999999994
603699.XSHG,2022-08-05,-0.21999999999999886
002345.XSHE,2022-08-05,-0.6000000000000014
688285.XSHG,2022-08-05,-0.129999999999999
603176.XSHG,2022-08-05,-0.14999999999999947
000949.XSHE,2022-08-05,-0.4399999999999977
300634.XSHE,2022-08-05,-0.7599999999999998
603017.XSHG,2022-08-05,-0.6499999999999986
300623.XSHE,2022-08-05,-9.359999999999985
688585.XSHG,2022-08-05,-0.16000000000000014
300606.XSHE,2022-08-05,-0.5499999999999972
000782.XSHE,2022-08-05,-0.33999999999999986
002621.XSHE,2022-08-05,-0.4099999999999966
300262.XSHE,2022-08-05,-0.4299999999999997
601008.XSHG,2022-08-05,-0.1299999999999999
600168.XSHG,2022-08-05,-0.20999999999999908
002009.XSHE,2022-08-05,-3.8299999999999983
002697.XSHE,2022-08-05,-0.5200000000000031
601028.XSHG,2022-08-05,-1.0300000000000011
603530.XSHG,2022-08-05,-1.5
603108.XSHG,2022-08-05,-0.8900000000000006
000004.XSHE,2022-08-05,-1.3400000000000034
688235.XSHG,2022-08-05,-6.950000000000003
002288.XSHE,2022-08-05,-2.469999999999999
600731.XSHG,2022-08-05,-1.3399999999999892
600970.XSHG,2022-08-05,-2.6299999999999955
300703.XSHE,2022-08-05,-0.41000000000000014
002738.XSHE,2022-08-05,-11.629999999999995
000029.XSHE,2022-08-05,-0.259999999999998
605333.XSHG,2022-08-05,-0.9100000000000001
605336.XSHG,2022-08-05,-0.48999999999999844
600713.XSHG,2022-08-05,-1.230000000000004
601789.XSHG,2022-08-05,-0.21999999999999886
002971.XSHE,2022-08-05,-1.1300000000000026
000416.XSHE,2022-08-05,-1.2000000000000028
000833.XSHE,2022-08-05,-0.33999999999999986
300611.XSHE,2022-08-05,-1.5300000000000011
605296.XSHG,2022-08-05,-0.5499999999999972
002921.XSHE,2022-08-05,-0.14999999999999858
000796.XSHE,2022-08-05,-0.35999999999999943
600237.XSHG,2022-08-05,-1.5599999999999952
300779.XSHE,2022-08-05,-0.33999999999999986
600475.XSHG,2022-08-05,-0.5700000000000003
300760.XSHE,2022-08-05,-6.329999999999984
600395.XSHG,2022-08-05,-0.769999999999996
000610.XSHE,2022-08-05,-0.509999999999998
603223.XSHG,2022-08-05,-0.8799999999999955
605180.XSHG,2022-08-05,-0.33999999999999986
300648.XSHE,2022-08-05,-1.9000000000000057
600507.XSHG,2022-08-05,-1.75
300274.XSHE,2022-08-05,-13.799999999999955
600827.XSHG,2022-08-05,-1.5700000000000074
002851.XSHE,2022-08-05,-4.1299999999999955
300315.XSHE,2022-08-05,-1.230000000000004
000810.XSHE,2022-08-05,-2.8299999999999983
002346.XSHE,2022-08-05,-2.979999999999997
000768.XSHE,2022-08-05,-8.099999999999994
603007.XSHG,2022-08-05,-0.33999999999999986
003008.XSHE,2022-08-05,-0.28999999999999915
600323.XSHG,2022-08-05,-1.6499999999999915
600780.XSHG,2022-08-05,-1.3800000000000097
688276.XSHG,2022-08-05,-0.5999999999999943
002104.XSHE,2022-08-05,-2.5700000000000003
300480.XSHE,2022-08-05,-8.499999999999993
300421.XSHE,2022-08-05,-0.35999999999999943
000524.XSHE,2022-08-05,-0.6499999999999986
600132.XSHG,2022-08-05,-13.330000000000041
301149.XSHE,2022-08-05,-0.06999999999999851
301066.XSHE,2022-08-05,-0.3000000000000007
300210.XSHE,2022-08-05,-0.46999999999999886
300479.XSHE,2022-08-05,-2.1799999999999997
601336.XSHG,2022-08-05,-0.740000000000002
000836.XSHE,2022-08-05,-0.34999999999999787
000762.XSHE,2022-08-05,-13.75
000679.XSHE,2022-08-05,-0.35999999999999943
600348.XSHG,2022-08-05,-5.409999999999997
000685.XSHE,2022-08-05,-1.5799999999999983
603330.XSHG,2022-08-05,-1.9300000000000068
688210.XSHG,2022-08-05,-1.1600000000000037
603180.XSHG,2022-08-05,-0.9399999999999977
001206.XSHE,2022-08-05,-0.46999999999999886
300099.XSHE,2022-08-05,-1.6099999999999994
301228.XSHE,2022-08-05,-0.21000000000000085
688516.XSHG,2022-08-05,-6.739999999999952
600839.XSHG,2022-08-05,-1.6400000000000006
688300.XSHG,2022-08-05,-2.969999999999999
600882.XSHG,2022-08-05,-2.1500000000000057
000417.XSHE,2022-08-05,-1.3299999999999983
300185.XSHE,2022-08-05,-0.4400000000000013
603322.XSHG,2022-08-05,-1.4799999999999969
603658.XSHG,2022-08-05,-1.4899999999999949
002218.XSHE,2022-08-05,-0.7299999999999969
600319.XSHG,2022-08-05,-0.11999999999999922
002193.XSHE,2022-08-05,-0.14000000000000057
002481.XSHE,2022-08-05,-1.8599999999999852
002607.XSHE,2022-08-05,-0.990000000000002
002343.XSHE,2022-08-05,-0.21999999999999886
300867.XSHE,2022-08-05,-0.2699999999999996
600184.XSHG,2022-08-05,-0.8500000000000014
300673.XSHE,2022-08-05,-2.3599999999999994
688087.XSHG,2022-08-05,-3.6099999999999994
002654.XSHE,2022-08-05,-0.25
300094.XSHE,2022-08-05,-0.22000000000000064
300036.XSHE,2022-08-05,-2.6199999999999903
603336.XSHG,2022-08-05,-0.370000000000001
300806.XSHE,2022-08-05,-1.4399999999999977
002830.XSHE,2022-08-05,-1.3200000000000003
601608.XSHG,2022-08-05,-0.14000000000000057
002254.XSHE,2022-08-05,-6.700000000000003
600100.XSHG,2022-08-05,-4.049999999999997
301078.XSHE,2022-08-05,-0.3000000000000007
002132.XSHE,2022-08-05,-0.8800000000000026
002389.XSHE,2022-08-05,-2.8500000000000085
002603.XSHE,2022-08-05,-1.9199999999999875
002222.XSHE,2022-08-05,-1.2199999999999989
002480.XSHE,2022-08-05,-0.33000000000000185
002596.XSHE,2022-08-05,-0.25
002996.XSHE,2022-08-05,-0.389999999999997
603266.XSHG,2022-08-05,-2.2200000000000024
300996.XSHE,2022-08-05,-2.799999999999997
688398.XSHG,2022-08-05,-1.0
300910.XSHE,2022-08-05,-5.340000000000003
000090.XSHE,2022-08-05,-1.0999999999999943
002099.XSHE,2022-08-05,-1.3000000000000043
688236.XSHG,2022-08-05,-1.5399999999999991
300414.XSHE,2022-08-05,-0.46999999999999886
300318.XSHE,2022-08-05,-1.4099999999999966
300884.XSHE,2022-08-05,-0.28000000000000114
002831.XSHE,2022-08-05,-2.0900000000000034
301107.XSHE,2022-08-05,-0.6700000000000017
603895.XSHG,2022-08-05,-0.5799999999999983
002247.XSHE,2022-08-05,-0.389999999999997
600202.XSHG,2022-08-05,-0.6400000000000006
000778.XSHE,2022-08-05,-1.0800000000000054
300427.XSHE,2022-08-05,-0.8999999999999986
601077.XSHG,2022-08-05,-0.0600000000000005
603012.XSHG,2022-08-05,-0.1399999999999988
002925.XSHE,2022-08-05,-2.1700000000000017
300942.XSHE,2022-08-05,-0.7199999999999989
688681.XSHG,2022-08-05,-0.21000000000000085
600640.XSHG,2022-08-05,-2.4799999999999898
300834.XSHE,2022-08-05,-0.5899999999999999
688025.XSHG,2022-08-05,-1.7800000000000011
688799.XSHG,2022-08-05,-1.5499999999999972
300395.XSHE,2022-08-05,-4.650000000000034
600531.XSHG,2022-08-05,-1.7299999999999969
301175.XSHE,2022-08-05,-0.08999999999999986
002307.XSHE,2022-08-05,-0.3299999999999983
300683.XSHE,2022-08-05,-0.740000000000002
001208.XSHE,2022-08-05,-0.27999999999999936
002785.XSHE,2022-08-05,-0.28999999999999915
603261.XSHG,2022-08-05,-0.8900000000000006
600109.XSHG,2022-08-05,-2.019999999999996
600735.XSHG,2022-08-05,-0.5500000000000043
300110.XSHE,2022-08-05,-1.4100000000000001
688676.XSHG,2022-08-05,-0.20000000000000284
688679.XSHG,2022-08-05,-0.15999999999999837
002382.XSHE,2022-08-05,-2.719999999999999
002485.XSHE,2022-08-05,-0.1800000000000015
688268.XSHG,2022-08-05,-8.5
002091.XSHE,2022-08-05,-1.5300000000000011
300530.XSHE,2022-08-05,-0.6700000000000017
600597.XSHG,2022-08-05,-0.22999999999999687
605589.XSHG,2022-08-05,-1.1700000000000017
300043.XSHE,2022-08-05,-1.269999999999996
002167.XSHE,2022-08-05,-1.1799999999999997
300292.XSHE,2022-08-05,-0.6499999999999986
603080.XSHG,2022-08-05,-0.40000000000000036
688167.XSHG,2022-08-05,-3.390000000000015
600742.XSHG,2022-08-05,-3.3899999999999864
603688.XSHG,2022-08-05,-5.469999999999999
600805.XSHG,2022-08-05,-0.6099999999999994
603588.XSHG,2022-08-05,-1.8599999999999994
000968.XSHE,2022-08-05,-0.5
002310.XSHE,2022-08-05,-2.3299999999999983
603043.XSHG,2022-08-05,-0.730000000000004
000681.XSHE,2022-08-05,-2.190000000000005
300153.XSHE,2022-08-05,-0.5700000000000003
600549.XSHG,2022-08-05,-8.909999999999968
600812.XSHG,2022-08-05,-0.740000000000002
001313.XSHE,2022-08-05,-0.11999999999999922
002625.XSHE,2022-08-05,-1.8599999999999994
688356.XSHG,2022-08-05,-15.099999999999994
603477.XSHG,2022-08-05,-0.8199999999999967
600745.XSHG,2022-08-05,-9.080000000000013
300505.XSHE,2022-08-05,-1.7299999999999969
688609.XSHG,2022-08-05,-0.14000000000000057
000636.XSHE,2022-08-05,-19.970000000000027
301237.XSHE,2022-08-05,-1.0799999999999983
300129.XSHE,2022-08-05,-1.4699999999999989
688266.XSHG,2022-08-05,-2.8399999999999963
300464.XSHE,2022-08-05,-0.1999999999999993
000637.XSHE,2022-08-05,-2.219999999999999
688082.XSHG,2022-08-05,-8.469999999999999
603187.XSHG,2022-08-05,-2.280000000000001
601975.XSHG,2022-08-05,-0.16000000000000014
002984.XSHE,2022-08-05,-0.25
300466.XSHE,2022-08-05,-0.6500000000000021
300573.XSHE,2022-08-05,-1.2000000000000028
600802.XSHG,2022-08-05,-0.46000000000000085
600769.XSHG,2022-08-05,-0.6000000000000014
603978.XSHG,2022-08-05,-1.3900000000000006
600668.XSHG,2022-08-05,-1.4599999999999937
002488.XSHE,2022-08-05,-0.7999999999999972
002811.XSHE,2022-08-05,-0.120000000000001
002142.XSHE,2022-08-05,-1.7600000000000051
002258.XSHE,2022-08-05,-4.63000000000001
300670.XSHE,2022-08-05,-0.379999999999999
301045.XSHE,2022-08-05,-0.4799999999999969
300260.XSHE,2022-08-05,-24.019999999999982
600332.XSHG,2022-08-05,-0.5399999999999991
300294.XSHE,2022-08-05,-3.9399999999999977
000518.XSHE,2022-08-05,-0.33000000000000185
600686.XSHG,2022-08-05,-0.9299999999999926
601001.XSHG,2022-08-05,-0.7100000000000009
002376.XSHE,2022-08-05,-1.25
300482.XSHE,2022-08-05,-3.4799999999999898
300437.XSHE,2022-08-05,-1.2000000000000028
300591.XSHE,2022-08-05,-0.07000000000000028
300438.XSHE,2022-08-05,-9.0
301065.XSHE,2022-08-05,-0.5799999999999983
000932.XSHE,2022-08-05,-0.25
300062.XSHE,2022-08-05,-1.019999999999996
600520.XSHG,2022-08-05,-2.41
002982.XSHE,2022-08-05,-0.480000000000004
601616.XSHG,2022-08-05,-0.1200000000000001
002796.XSHE,2022-08-05,-0.33000000000000185
000920.XSHE,2022-08-05,-0.5300000000000011
603817.XSHG,2022-08-05,-0.1200000000000001
002593.XSHE,2022-08-05,-0.20000000000000107
000903.XSHE,2022-08-05,-0.480000000000004
300719.XSHE,2022-08-05,-0.35999999999999943
300922.XSHE,2022-08-05,-0.5399999999999991
600157.XSHG,2022-08-05,-1.5300000000000011
000655.XSHE,2022-08-05,-0.8900000000000006
688052.XSHG,2022-08-05,-13.120000000000005
688513.XSHG,2022-08-05,-0.8800000000000026
000695.XSHE,2022-08-05,-0.8300000000000018
002864.XSHE,2022-08-05,-0.5200000000000031
300549.XSHE,2022-08-05,-0.4400000000000013
603558.XSHG,2022-08-05,-0.9799999999999969
600425.XSHG,2022-08-05,-0.620000000000001
605358.XSHG,2022-08-05,-9.64
002516.XSHE,2022-08-05,-3.289999999999999
301063.XSHE,2022-08-05,-0.5599999999999987
301077.XSHE,2022-08-05,-1.0800000000000054
601799.XSHG,2022-08-05,-2.609999999999985
603839.XSHG,2022-08-05,-0.10000000000000142
002870.XSHE,2022-08-05,-0.17999999999999972
300013.XSHE,2022-08-05,-0.08999999999999986
688697.XSHG,2022-08-05,-0.41000000000000014
603888.XSHG,2022-08-05,-1.4899999999999949
600171.XSHG,2022-08-05,-3.8299999999999983
002123.XSHE,2022-08-05,-6.900000000000006
000656.XSHE,2022-08-05,-0.4499999999999993
603103.XSHG,2022-08-05,-0.3299999999999983
300174.XSHE,2022-08-05,-1.990000000000009
300597.XSHE,2022-08-05,-0.1899999999999995
600114.XSHG,2022-08-05,-2.6400000000000077
002443.XSHE,2022-08-05,-0.7300000000000004
000776.XSHE,2022-08-05,-3.1899999999999977
600064.XSHG,2022-08-05,-1.8600000000000136
002326.XSHE,2022-08-05,-5.400000000000006
002251.XSHE,2022-08-05,-0.4399999999999977
300612.XSHE,2022-08-05,-0.8499999999999943
000089.XSHE,2022-08-05,-0.9400000000000048
600739.XSHG,2022-08-05,-8.480000000000018
600690.XSHG,2022-08-05,-28.230000000000018
301128.XSHE,2022-08-05,-0.4499999999999993
002006.XSHE,2022-08-05,-7.730000000000018
000537.XSHE,2022-08-05,-1.3599999999999994
603979.XSHG,2022-08-05,-0.990000000000002
300335.XSHE,2022-08-05,-0.17999999999999972
000721.XSHE,2022-08-05,-0.379999999999999
603110.XSHG,2022-08-05,-1.9399999999999977
300171.XSHE,2022-08-05,-9.059999999999974
300997.XSHE,2022-08-05,-0.1399999999999988
603260.XSHG,2022-08-05,-5.0800000000000125
300554.XSHE,2022-08-05,-6.740000000000002
688633.XSHG,2022-08-05,-3.440000000000005
300351.XSHE,2022-08-05,-4.8500000000000085
002047.XSHE,2022-08-05,-0.09999999999999964
300169.XSHE,2022-08-05,-0.20999999999999908
301150.XSHE,2022-08-05,-2.069999999999993
688175.XSHG,2022-08-05,-0.5900000000000034
300275.XSHE,2022-08-05,-0.3200000000000003
600011.XSHG,2022-08-05,-0.6499999999999986
600497.XSHG,2022-08-05,-4.230000000000004
600702.XSHG,2022-08-05,-9.879999999999995
301015.XSHE,2022-08-05,-0.6600000000000001
000657.XSHE,2022-08-05,-1.75
603759.XSHG,2022-08-05,-0.22000000000000064
600519.XSHG,2022-08-05,-136.97999999999956
002229.XSHE,2022-08-05,-3.1199999999999974
002531.XSHE,2022-08-05,-4.680000000000007
002591.XSHE,2022-08-05,-0.4800000000000004
300698.XSHE,2022-08-05,-0.240000000000002
002545.XSHE,2022-08-05,-1.8699999999999974
300203.XSHE,2022-08-05,-0.610000000000003
002228.XSHE,2022-08-05,-0.6200000000000045
600684.XSHG,2022-08-05,-1.4199999999999946
000550.XSHE,2022-08-05,-1.3100000000000023
002730.XSHE,2022-08-05,-0.41000000000000014
600406.XSHG,2022-08-05,-17.410000000000082
603586.XSHG,2022-08-05,-1.2300000000000004
003041.XSHE,2022-08-05,-0.25
002930.XSHE,2022-08-05,-0.9200000000000017
001228.XSHE,2022-08-05,-2.3699999999999974
002692.XSHE,2022-08-05,-0.25
002962.XSHE,2022-08-05,-0.4800000000000004
600004.XSHG,2022-08-05,-0.8399999999999963
601991.XSHG,2022-08-05,-0.13999999999999968
002390.XSHE,2022-08-05,-1.4500000000000028
300975.XSHE,2022-08-05,-0.5299999999999994
002508.XSHE,2022-08-05,-6.930000000000007
600148.XSHG,2022-08-05,-0.8299999999999983
301236.XSHE,2022-08-05,-1.1999999999999957
002801.XSHE,2022-08-05,-2.710000000000008
002888.XSHE,2022-08-05,-0.3200000000000003
600008.XSHG,2022-08-05,-0.5300000000000011
601139.XSHG,2022-08-05,-0.40000000000000213
002572.XSHE,2022-08-05,-8.519999999999982
002046.XSHE,2022-08-05,-2.260000000000005
600285.XSHG,2022-08-05,-2.0900000000000034
002176.XSHE,2022-08-05,-26.30000000000001
002709.XSHE,2022-08-05,-21.620000000000005
002761.XSHE,2022-08-05,-1.5300000000000011
600070.XSHG,2022-08-05,-0.6999999999999957
600644.XSHG,2022-08-05,-1.6199999999999903
688468.XSHG,2022-08-05,-0.2400000000000002
300557.XSHE,2022-08-05,-0.37999999999999545
600487.XSHG,2022-08-05,-4.3799999999999955
000958.XSHE,2022-08-05,-0.5899999999999999
002799.XSHE,2022-08-05,-0.6099999999999994
688571.XSHG,2022-08-05,-0.10000000000000053
300886.XSHE,2022-08-05,-0.4099999999999966
002571.XSHE,2022-08-05,-0.8000000000000007
002248.XSHE,2022-08-05,-0.4299999999999997
002095.XSHE,2022-08-05,-1.7299999999999969
603787.XSHG,2022-08-05,-0.5299999999999976
300578.XSHE,2022-08-05,-1.4699999999999989
600741.XSHG,2022-08-05,-22.180000000000064
300701.XSHE,2022-08-05,-0.7100000000000009
603328.XSHG,2022-08-05,-0.8000000000000007
002380.XSHE,2022-08-05,-2.25
002308.XSHE,2022-08-05,-0.129999999999999
000981.XSHE,2022-08-05,-0.0600000000000005
301208.XSHE,2022-08-05,-2.3299999999999983
603161.XSHG,2022-08-05,-0.11000000000000121
688196.XSHG,2022-08-05,-2.4099999999999966
002541.XSHE,2022-08-05,-8.579999999999998
601609.XSHG,2022-08-05,-0.16000000000000014
002014.XSHE,2022-08-05,-1.7000000000000028
603869.XSHG,2022-08-05,-0.34999999999999964
603963.XSHG,2022-08-05,-0.30999999999999517
301029.XSHE,2022-08-05,-2.430000000000007
603030.XSHG,2022-08-05,-0.16000000000000014
600186.XSHG,2022-08-05,-0.2699999999999996
603198.XSHG,2022-08-05,-0.9099999999999966
002805.XSHE,2022-08-05,-3.3800000000000097
600377.XSHG,2022-08-05,-0.26000000000000156
600980.XSHG,2022-08-05,-0.8999999999999986
603031.XSHG,2022-08-05,-1.9099999999999966
600381.XSHG,2022-08-05,-0.33999999999999986
300656.XSHE,2022-08-05,-4.519999999999996
000692.XSHE,2022-08-05,-0.8699999999999974
300410.XSHE,2022-08-05,-0.7899999999999991
002512.XSHE,2022-08-05,-3.389999999999997
600830.XSHG,2022-08-05,-1.5800000000000054
300778.XSHE,2022-08-05,-0.34999999999999787
000676.XSHE,2022-08-05,-3.8299999999999983
603232.XSHG,2022-08-05,-1.8699999999999974
300389.XSHE,2022-08-05,-2.3200000000000003
002465.XSHE,2022-08-05,-1.740000000000002
002882.XSHE,2022-08-05,-0.2599999999999998
000759.XSHE,2022-08-05,-0.4299999999999997
688595.XSHG,2022-08-05,-10.840000000000003
002133.XSHE,2022-08-05,-0.1899999999999995
605177.XSHG,2022-08-05,-0.28000000000000114
600565.XSHG,2022-08-05,-0.48999999999999844
300184.XSHE,2022-08-05,-2.3500000000000014
688558.XSHG,2022-08-05,-1.5399999999999991
688021.XSHG,2022-08-05,-0.6499999999999986
000333.XSHE,2022-08-05,-4.350000000000023
300108.XSHE,2022-08-05,-0.17999999999999972
002454.XSHE,2022-08-05,-0.08999999999999986
002348.XSHE,2022-08-05,-0.2699999999999978
000848.XSHE,2022-08-05,-4.219999999999999
000625.XSHE,2022-08-05,-7.0
688306.XSHG,2022-08-05,-0.11000000000000032
600057.XSHG,2022-08-05,-2.3299999999999983
603682.XSHG,2022-08-05,-0.10999999999999943
002884.XSHE,2022-08-05,-3.0
605268.XSHG,2022-08-05,-0.11999999999999922
002045.XSHE,2022-08-05,-1.1000000000000014
002732.XSHE,2022-08-05,-0.41000000000000014
300080.XSHE,2022-08-05,-0.2900000000000009
600535.XSHG,2022-08-05,-3.0900000000000034
300941.XSHE,2022-08-05,-1.3200000000000003
002250.XSHE,2022-08-05,-5.27000000000001
600594.XSHG,2022-08-05,-1.519999999999996
000799.XSHE,2022-08-05,-5.889999999999986
601619.XSHG,2022-08-05,-0.05999999999999961
000752.XSHE,2022-08-05,-0.3000000000000007
300379.XSHE,2022-08-05,-10.980000000000004
002659.XSHE,2022-08-05,-0.3299999999999992
601116.XSHG,2022-08-05,-0.17999999999999972
000767.XSHE,2022-08-05,-0.980000000000004
301217.XSHE,2022-08-05,-0.3000000000000007
301116.XSHE,2022-08-05,-0.259999999999998
601011.XSHG,2022-08-05,-0.2400000000000002
603959.XSHG,2022-08-05,-1.3300000000000018
603026.XSHG,2022-08-05,-4.159999999999997
301000.XSHE,2022-08-05,-0.8999999999999986
002739.XSHE,2022-08-05,-0.5499999999999972
000980.XSHE,2022-08-05,-0.3700000000000001
301058.XSHE,2022-08-05,-0.379999999999999
002311.XSHE,2022-08-05,-7.689999999999998
601137.XSHG,2022-08-05,-1.0300000000000011
300911.XSHE,2022-08-05,-2.049999999999997
600682.XSHG,2022-08-05,-3.2700000000000102
688072.XSHG,2022-08-05,-22.089999999999975
000703.XSHE,2022-08-05,-2.039999999999992
002674.XSHE,2022-08-05,-0.040000000000000924
600900.XSHG,2022-08-05,-0.9500000000000028
603111.XSHG,2022-08-05,-0.17999999999999972
002985.XSHE,2022-08-05,-2.309999999999988
002677.XSHE,2022-08-05,-1.1900000000000048
603909.XSHG,2022-08-05,-0.8000000000000007
001215.XSHE,2022-08-05,-1.0
600119.XSHG,2022-08-05,-0.379999999999999
688051.XSHG,2022-08-05,-0.740000000000002
002235.XSHE,2022-08-05,-0.35999999999999943
300047.XSHE,2022-08-05,-0.7299999999999969
301135.XSHE,2022-08-05,-1.3599999999999994
603806.XSHG,2022-08-05,-7.320000000000022
688036.XSHG,2022-08-05,-4.269999999999996
688026.XSHG,2022-08-05,-2.539999999999999
300095.XSHE,2022-08-05,-1.4299999999999997
603730.XSHG,2022-08-05,-1.9500000000000028
688103.XSHG,2022-08-05,-1.7100000000000009
688316.XSHG,2022-08-05,-2.0
601020.XSHG,2022-08-05,-0.22999999999999865
603283.XSHG,2022-08-05,-2.25
001226.XSHE,2022-08-05,-0.519999999999996
600498.XSHG,2022-08-05,-2.260000000000005
003030.XSHE,2022-08-05,-0.7199999999999989
301110.XSHE,2022-08-05,-0.6099999999999994
300523.XSHE,2022-08-05,-2.960000000000001
603680.XSHG,2022-08-05,-0.23999999999999844
002396.XSHE,2022-08-05,-2.5800000000000125
603927.XSHG,2022-08-05,-1.5799999999999983
603158.XSHG,2022-08-05,-0.46000000000000085
601333.XSHG,2022-08-05,-0.040000000000000036
002016.XSHE,2022-08-05,-1.3900000000000006
300140.XSHE,2022-08-05,-0.41000000000000014
300449.XSHE,2022-08-05,-0.46999999999999886
605376.XSHG,2022-08-05,-1.990000000000002
300829.XSHE,2022-08-05,-4.229999999999997
601003.XSHG,2022-08-05,-0.6099999999999994
000338.XSHE,2022-08-05,-4.650000000000006
301166.XSHE,2022-08-05,-1.2100000000000009
301289.XSHE,2022-08-05,-0.9200000000000017
600313.XSHG,2022-08-05,-0.8400000000000034
002391.XSHE,2022-08-05,-1.009999999999998
600315.XSHG,2022-08-05,-11.269999999999982
301067.XSHE,2022-08-05,-1.2800000000000011
000931.XSHE,2022-08-05,-0.4800000000000004
002318.XSHE,2022-08-05,-2.9799999999999898
301187.XSHE,2022-08-05,-0.26000000000000156
600566.XSHG,2022-08-05,-2.559999999999995
300815.XSHE,2022-08-05,-1.0399999999999991
688626.XSHG,2022-08-05,-1.1700000000000017
301177.XSHE,2022-08-05,-1.6600000000000037
000862.XSHE,2022-08-05,-0.33999999999999986
300165.XSHE,2022-08-05,-0.46999999999999886
688787.XSHG,2022-08-05,-2.5200000000000102
002281.XSHE,2022-08-05,-2.4499999999999957
002283.XSHE,2022-08-05,-0.5200000000000031
600995.XSHG,2022-08-05,-3.6899999999999977
300547.XSHE,2022-08-05,-1.769999999999996
002026.XSHE,2022-08-05,-1.5999999999999943
600552.XSHG,2022-08-05,-5.670000000000002
300534.XSHE,2022-08-05,-0.7399999999999984
000544.XSHE,2022-08-05,-0.4299999999999997
300374.XSHE,2022-08-05,-0.3999999999999986
600015.XSHG,2022-08-05,-0.3100000000000023
600616.XSHG,2022-08-05,-41.84999999999991
605266.XSHG,2022-08-05,-1.5600000000000023
300517.XSHE,2022-08-05,-0.28999999999999915
002712.XSHE,2022-08-05,-0.8299999999999983
300601.XSHE,2022-08-05,-5.140000000000001
301139.XSHE,2022-08-05,-0.9799999999999969
300434.XSHE,2022-08-05,-0.40000000000000213
002639.XSHE,2022-08-05,-0.7999999999999972
002072.XSHE,2022-08-05,-0.0699999999999994
000918.XSHE,2022-08-05,-0.14999999999999947
688001.XSHG,2022-08-05,-1.9500000000000028
000756.XSHE,2022-08-05,-0.8200000000000003
300278.XSHE,2022-08-05,-0.3000000000000007
002577.XSHE,2022-08-05,-0.29999999999999716
002666.XSHE,2022-08-05,-0.28000000000000114
002286.XSHE,2022-08-05,-0.5100000000000051
600355.XSHG,2022-08-05,-0.060000000000002274
002676.XSHE,2022-08-05,-0.23000000000000043
688020.XSHG,2022-08-05,-1.0799999999999983
300892.XSHE,2022-08-05,-0.4299999999999997
601107.XSHG,2022-08-05,-0.13999999999999968
605169.XSHG,2022-08-05,-0.46999999999999886
603315.XSHG,2022-08-05,-0.8299999999999983
688129.XSHG,2022-08-05,-0.34999999999999964
300211.XSHE,2022-08-05,-2.0900000000000034
002912.XSHE,2022-08-05,-2.499999999999993
002663.XSHE,2022-08-05,-0.2400000000000002
605009.XSHG,2022-08-05,-0.7600000000000051
301022.XSHE,2022-08-05,-0.6700000000000017
003038.XSHE,2022-08-05,-0.7099999999999937
002631.XSHE,2022-08-05,-0.46999999999999886
300402.XSHE,2022-08-05,-0.6900000000000013
002423.XSHE,2022-08-05,-0.13999999999999968
000099.XSHE,2022-08-05,-0.9000000000000021
000828.XSHE,2022-08-05,-0.8200000000000003
002272.XSHE,2022-08-05,0.0
000031.XSHE,2022-08-05,-2.0999999999999943
300134.XSHE,2022-08-05,-0.7399999999999949
300009.XSHE,2022-08-05,-7.980000000000018
300478.XSHE,2022-08-05,-0.41000000000000014
300491.XSHE,2022-08-05,-0.5899999999999999
003001.XSHE,2022-08-05,-0.25
300850.XSHE,2022-08-05,-8.659999999999997
603667.XSHG,2022-08-05,-0.3200000000000003
603758.XSHG,2022-08-05,-0.33999999999999986
688658.XSHG,2022-08-05,-0.6300000000000026
300291.XSHE,2022-08-05,-0.5700000000000003
002820.XSHE,2022-08-05,-0.15000000000000036
605122.XSHG,2022-08-05,-0.19000000000000128
600873.XSHG,2022-08-05,-1.7099999999999937
300565.XSHE,2022-08-05,-3.030000000000001
000404.XSHE,2022-08-05,-0.41000000000000014
688119.XSHG,2022-08-05,-0.40999999999999925
001316.XSHE,2022-08-05,-0.45000000000000284
603088.XSHG,2022-08-05,-1.6700000000000017
002471.XSHE,2022-08-05,-2.6400000000000006
300392.XSHE,2022-08-05,-0.8399999999999999
000587.XSHE,2022-08-05,-0.14999999999999858
600793.XSHG,2022-08-05,-0.4399999999999977
002007.XSHE,2022-08-05,-30.379999999999995
300657.XSHE,2022-08-05,-4.660000000000004
300305.XSHE,2022-08-05,-1.0399999999999991
000901.XSHE,2022-08-05,-1.1199999999999974
300327.XSHE,2022-08-05,-11.48999999999998
300006.XSHE,2022-08-05,-0.6199999999999974
002108.XSHE,2022-08-05,-4.859999999999999
600626.XSHG,2022-08-05,-0.45999999999999375
002042.XSHE,2022-08-05,-0.509999999999998
000157.XSHE,2022-08-05,-7.970000000000027
601288.XSHG,2022-08-05,-0.040000000000000036
603915.XSHG,2022-08-05,-0.5199999999999996
300311.XSHE,2022-08-05,-1.6899999999999977
603559.XSHG,2022-08-05,-0.4299999999999997
600956.XSHG,2022-08-05,-0.34999999999999964
600258.XSHG,2022-08-05,-0.8100000000000023
300643.XSHE,2022-08-05,-0.35999999999999943
600874.XSHG,2022-08-05,-0.23999999999999844
601778.XSHG,2022-08-05,-0.13999999999999968
002789.XSHE,2022-08-05,-0.259999999999998
600234.XSHG,2022-08-05,-0.4499999999999993
000597.XSHE,2022-08-05,-0.38000000000000256
003011.XSHE,2022-08-05,-0.5300000000000011
600546.XSHG,2022-08-05,-3.489999999999995
603896.XSHG,2022-08-05,-1.1100000000000065
603235.XSHG,2022-08-05,-1.6099999999999994
003816.XSHE,2022-08-05,-0.020000000000000018
600316.XSHG,2022-08-05,-3.009999999999991
600207.XSHG,2022-08-05,-0.3099999999999987
603707.XSHG,2022-08-05,-1.4399999999999977
688185.XSHG,2022-08-05,-9.619999999999976
002637.XSHE,2022-08-05,-2.0700000000000003
688016.XSHG,2022-08-05,-5.090000000000003
605099.XSHG,2022-08-05,-0.6499999999999986
603700.XSHG,2022-08-05,-0.3000000000000007
603679.XSHG,2022-08-05,-0.33999999999999986
688068.XSHG,2022-08-05,-3.75
000559.XSHE,2022-08-05,-5.349999999999994
002852.XSHE,2022-08-05,-2.460000000000001
600165.XSHG,2022-08-05,-2.240000000000002
000006.XSHE,2022-08-05,-3.030000000000001
002858.XSHE,2022-08-05,-0.5800000000000018
300076.XSHE,2022-08-05,-0.6700000000000017
600290.XSHG,2022-08-05,-0.21000000000000085
603958.XSHG,2022-08-05,-0.0600000000000005
300056.XSHE,2022-08-05,-1.2600000000000051
000890.XSHE,2022-08-05,-0.17999999999999972
688788.XSHG,2022-08-05,-2.530000000000001
603779.XSHG,2022-08-05,-0.21000000000000085
600127.XSHG,2022-08-05,-1.1099999999999994
600037.XSHG,2022-08-05,-0.7800000000000011
002217.XSHE,2022-08-05,-0.23000000000000043
600390.XSHG,2022-08-05,-0.620000000000001
603079.XSHG,2022-08-05,-0.8999999999999986
000652.XSHE,2022-08-05,-1.9399999999999977
300879.XSHE,2022-08-05,-0.379999999999999
300493.XSHE,2022-08-05,-0.9699999999999989
002297.XSHE,2022-08-05,-0.4800000000000004
002236.XSHE,2022-08-05,-21.50999999999999
001227.XSHE,2022-08-05,-0.07000000000000028
301169.XSHE,2022-08-05,-1.0800000000000054
601086.XSHG,2022-08-05,-0.0600000000000005
688083.XSHG,2022-08-05,-60.160000000000025
300651.XSHE,2022-08-05,-0.7899999999999991
002567.XSHE,2022-08-05,-1.1599999999999966
300980.XSHE,2022-08-05,-0.5900000000000034
600985.XSHG,2022-08-05,-0.980000000000004
002214.XSHE,2022-08-05,-0.7200000000000131
603501.XSHG,2022-08-05,-6.610000000000014
600321.XSHG,2022-08-05,-0.22999999999999865
603290.XSHG,2022-08-05,-39.22000000000003
603922.XSHG,2022-08-05,-1.0800000000000018
300488.XSHE,2022-08-05,-1.2999999999999972
605577.XSHG,2022-08-05,-0.22999999999999865
603506.XSHG,2022-08-05,-0.8800000000000026
001323.XSHE,2022-08-05,-0.28000000000000114
001914.XSHE,2022-08-05,-7.939999999999998
600271.XSHG,2022-08-05,-4.369999999999976
000686.XSHE,2022-08-05,-2.769999999999996
601866.XSHG,2022-08-05,-0.07999999999999963
600298.XSHG,2022-08-05,-18.920000000000016
688195.XSHG,2022-08-05,-1.0599999999999987
002305.XSHE,2022-08-05,-0.15999999999999925
301001.XSHE,2022-08-05,-0.40000000000000213
688209.XSHG,2022-08-05,-2.379999999999999
600523.XSHG,2022-08-05,-1.1300000000000026
600196.XSHG,2022-08-05,-7.540000000000077
300512.XSHE,2022-08-05,-0.5
603377.XSHG,2022-08-05,-0.05999999999999872
688348.XSHG,2022-08-05,-17.66999999999996
000545.XSHE,2022-08-05,-0.4499999999999993
603041.XSHG,2022-08-05,-0.41000000000000014
000520.XSHE,2022-08-05,-0.360000000000003
688045.XSHG,2022-08-05,-8.200000000000003
300823.XSHE,2022-08-05,-0.28999999999999915
301155.XSHE,2022-08-05,-1.6899999999999977
301102.XSHE,2022-08-05,-0.8300000000000054
600322.XSHG,2022-08-05,-0.10000000000000053
688538.XSHG,2022-08-05,-0.06000000000000005
600499.XSHG,2022-08-05,-19.559999999999945
002347.XSHE,2022-08-05,-0.35999999999999943
300320.XSHE,2022-08-05,-6.079999999999998
600916.XSHG,2022-08-05,-0.5199999999999996
300627.XSHE,2022-08-05,-4.420000000000016
300418.XSHE,2022-08-05,-1.4499999999999957
600746.XSHG,2022-08-05,-1.6899999999999977
300514.XSHE,2022-08-05,-0.21999999999999886
600248.XSHG,2022-08-05,-0.3099999999999987
600169.XSHG,2022-08-05,-0.7100000000000009
600909.XSHG,2022-08-05,-0.1299999999999999
603029.XSHG,2022-08-05,-0.28000000000000114
300569.XSHE,2022-08-05,-3.0
688066.XSHG,2022-08-05,-2.219999999999999
688127.XSHG,2022-08-05,-0.259999999999998
300953.XSHE,2022-08-05,-2.989999999999995
002427.XSHE,2022-08-05,-0.21000000000000085
300093.XSHE,2022-08-05,-1.2199999999999989
688511.XSHG,2022-08-05,-1.4499999999999957
000426.XSHE,2022-08-05,-6.109999999999999
600838.XSHG,2022-08-05,-1.6400000000000006
001205.XSHE,2022-08-05,-0.9399999999999977
603259.XSHG,2022-08-05,-2.4099999999999966
002588.XSHE,2022-08-05,-1.1600000000000037
002881.XSHE,2022-08-05,-4.329999999999998
002020.XSHE,2022-08-05,-1.3199999999999932
600981.XSHG,2022-08-05,-1.0
000911.XSHE,2022-08-05,-0.3000000000000007
603613.XSHG,2022-08-05,-8.840000000000032
002972.XSHE,2022-08-05,-0.5
002319.XSHE,2022-08-05,-0.9700000000000024
600326.XSHG,2022-08-05,-0.990000000000002
300218.XSHE,2022-08-05,-0.9200000000000017
000729.XSHE,2022-08-05,-1.4199999999999875
301198.XSHE,2022-08-05,-0.4299999999999997
300481.XSHE,2022-08-05,-13.129999999999995
002768.XSHE,2022-08-05,-2.8100000000000023
300281.XSHE,2022-08-05,-0.6899999999999977
002559.XSHE,2022-08-05,-0.8800000000000026
600299.XSHG,2022-08-05,-0.4399999999999977
688355.XSHG,2022-08-05,-0.8200000000000003
603337.XSHG,2022-08-05,-0.7299999999999969
603936.XSHG,2022-08-05,-1.9299999999999997
002385.XSHE,2022-08-05,-1.5500000000000114
600063.XSHG,2022-08-05,-5.929999999999993
300382.XSHE,2022-08-05,-4.769999999999982
000820.XSHE,2022-08-05,-0.14000000000000057
600217.XSHG,2022-08-05,-0.35999999999999943
002991.XSHE,2022-08-05,-3.799999999999997
002781.XSHE,2022-08-05,0.0
600396.XSHG,2022-08-05,-0.3999999999999986
688696.XSHG,2022-08-05,-14.810000000000002
688100.XSHG,2022-08-05,-1.3000000000000007
600128.XSHG,2022-08-05,-0.5800000000000018
603637.XSHG,2022-08-05,-0.3099999999999987
002414.XSHE,2022-08-05,-4.47999999999999
002826.XSHE,2022-08-05,-0.16000000000000014
002976.XSHE,2022-08-05,-0.5
603025.XSHG,2022-08-05,-1.8299999999999983
300702.XSHE,2022-08-05,-1.6200000000000045
688099.XSHG,2022-08-05,-8.950000000000003
002915.XSHE,2022-08-05,-0.7199999999999989
300644.XSHE,2022-08-05,-0.3200000000000003
002920.XSHE,2022-08-05,-0.3100000000000023
002044.XSHE,2022-08-05,-0.8700000000000045
300855.XSHE,2022-08-05,-0.4299999999999926
600307.XSHG,2022-08-05,-0.1299999999999999
601002.XSHG,2022-08-05,-0.10999999999999943
300796.XSHE,2022-08-05,-0.41999999999999815
000701.XSHE,2022-08-05,-0.35999999999999943
603195.XSHG,2022-08-05,-1.7299999999999898
000990.XSHE,2022-08-05,-0.75
300135.XSHE,2022-08-05,-0.490000000000002
300814.XSHE,2022-08-05,-1.5700000000000003
600066.XSHG,2022-08-05,-6.439999999999998
600208.XSHG,2022-08-05,-0.14000000000000057
605286.XSHG,2022-08-05,-2.3999999999999986
002312.XSHE,2022-08-05,-6.200000000000017
300894.XSHE,2022-08-05,-0.5900000000000034
600844.XSHG,2022-08-05,-0.2799999999999976
688151.XSHG,2022-08-05,-0.5
688335.XSHG,2022-08-05,-1.3000000000000007
688578.XSHG,2022-08-05,-0.9200000000000017
688165.XSHG,2022-08-05,-0.07000000000000028
002033.XSHE,2022-08-05,-0.7299999999999969
002320.XSHE,2022-08-05,-2.190000000000012
688018.XSHG,2022-08-05,-9.870000000000005
300810.XSHE,2022-08-05,-0.3000000000000007
300376.XSHE,2022-08-05,-4.880000000000024
688310.XSHG,2022-08-05,-1.0400000000000027
300812.XSHE,2022-08-05,-1.2199999999999989
603739.XSHG,2022-08-05,-0.3200000000000003
300252.XSHE,2022-08-05,-0.8999999999999986
600255.XSHG,2022-08-05,-0.8200000000000003
600685.XSHG,2022-08-05,-0.5799999999999983
002261.XSHE,2022-08-05,-2.030000000000001
000691.XSHE,2022-08-05,-0.20999999999999908
002772.XSHE,2022-08-05,-0.27999999999999936
600665.XSHG,2022-08-05,-0.33999999999999986
600736.XSHG,2022-08-05,-5.049999999999983
600655.XSHG,2022-08-05,-42.98000000000002
002975.XSHE,2022-08-05,-0.7000000000000028
300170.XSHE,2022-08-05,-2.5700000000000003
603083.XSHG,2022-08-05,-0.5399999999999991
688510.XSHG,2022-08-05,-0.6899999999999977
002371.XSHE,2022-08-05,-147.89999999999986
002640.XSHE,2022-08-05,-0.36999999999999744
300520.XSHE,2022-08-05,-1.9299999999999997
000034.XSHE,2022-08-05,-1.4699999999999989
000975.XSHE,2022-08-05,-8.340000000000003
603169.XSHG,2022-08-05,-0.22000000000000064
300228.XSHE,2022-08-05,-0.769999999999996
300690.XSHE,2022-08-05,-1.2100000000000009
688005.XSHG,2022-08-05,-1.8000000000000114
600218.XSHG,2022-08-05,-0.9200000000000017
002749.XSHE,2022-08-05,-0.8799999999999955
000543.XSHE,2022-08-05,-0.5700000000000003
300144.XSHE,2022-08-05,-2.5900000000000034
600826.XSHG,2022-08-05,-1.0100000000000051
688107.XSHG,2022-08-05,-8.47999999999999
600115.XSHG,2022-08-05,-0.13999999999999968
605151.XSHG,2022-08-05,-0.39000000000000057
601200.XSHG,2022-08-05,-0.16999999999999993
603889.XSHG,2022-08-05,-1.009999999999998
300177.XSHE,2022-08-05,-3.5700000000000074
688223.XSHG,2022-08-05,-0.120000000000001
300357.XSHE,2022-08-05,-5.560000000000002
603610.XSHG,2022-08-05,-0.48999999999999844
603880.XSHG,2022-08-05,-0.3000000000000007
600815.XSHG,2022-08-05,-0.25
605258.XSHG,2022-08-05,-1.8000000000000007
002735.XSHE,2022-08-05,-0.39000000000000057
300091.XSHE,2022-08-05,-1.3499999999999943
688772.XSHG,2022-08-05,-0.6799999999999997
600768.XSHG,2022-08-05,-0.9000000000000021
600636.XSHG,2022-08-05,-2.980000000000004
603551.XSHG,2022-08-05,-0.1399999999999988
002685.XSHE,2022-08-05,-0.26000000000000156
605066.XSHG,2022-08-05,-0.1399999999999988
300398.XSHE,2022-08-05,-6.819999999999993
601021.XSHG,2022-08-05,-1.75
601998.XSHG,2022-08-05,-0.04999999999999982
002180.XSHE,2022-08-05,-12.659999999999997
688027.XSHG,2022-08-05,-4.930000000000007
000739.XSHE,2022-08-05,-3.4499999999999886
002845.XSHE,2022-08-05,-3.780000000000001
300795.XSHE,2022-08-05,-0.6700000000000017
601298.XSHG,2022-08-05,-0.08000000000000007
688056.XSHG,2022-08-05,-2.990000000000002
603051.XSHG,2022-08-05,-0.6700000000000017
002189.XSHE,2022-08-05,-0.8500000000000014
000060.XSHE,2022-08-05,-4.3300000000000125
002595.XSHE,2022-08-05,-2.6500000000000057
600392.XSHG,2022-08-05,-7.25
600150.XSHG,2022-08-05,-1.990000000000009
600851.XSHG,2022-08-05,-6.069999999999993
300800.XSHE,2022-08-05,-1.3400000000000034
603439.XSHG,2022-08-05,-0.16999999999999993
603878.XSHG,2022-08-05,-1.4200000000000017
002043.XSHE,2022-08-05,-2.3299999999999983
605006.XSHG,2022-08-05,-0.15000000000000036
002270.XSHE,2022-08-05,-0.46000000000000085
603028.XSHG,2022-08-05,-0.2400000000000002
300610.XSHE,2022-08-05,-0.5799999999999983
000661.XSHE,2022-08-05,-152.8599999999999
600778.XSHG,2022-08-05,-0.4200000000000017
000570.XSHE,2022-08-05,-0.3000000000000007
300650.XSHE,2022-08-05,-2.3600000000000065
000591.XSHE,2022-08-05,-1.980000000000004
605337.XSHG,2022-08-05,-0.740000000000002
300685.XSHE,2022-08-05,-0.8400000000000034
603150.XSHG,2022-08-05,-0.28000000000000114
301137.XSHE,2022-08-05,-0.41000000000000014
300417.XSHE,2022-08-05,-0.5899999999999963
603215.XSHG,2022-08-05,-0.28000000000000114
300347.XSHE,2022-08-05,-12.879999999999882
600312.XSHG,2022-08-05,-1.3999999999999986
603662.XSHG,2022-08-05,-2.549999999999997
300993.XSHE,2022-08-05,-0.4800000000000004
605007.XSHG,2022-08-05,-0.5100000000000016
003018.XSHE,2022-08-05,-0.16999999999999993
600724.XSHG,2022-08-05,-1.5499999999999972
603928.XSHG,2022-08-05,-0.2699999999999996
002990.XSHE,2022-08-05,-0.3500000000000014
600490.XSHG,2022-08-05,-1.1300000000000026
688529.XSHG,2022-08-05,-0.7700000000000031
000713.XSHE,2022-08-05,-1.3599999999999994
300502.XSHE,2022-08-05,-7.569999999999993
600201.XSHG,2022-08-05,-3.1500000000000057
002496.XSHE,2022-08-05,-0.5700000000000003
002756.XSHE,2022-08-05,-20.710000000000036
600926.XSHG,2022-08-05,-0.379999999999999
003026.XSHE,2022-08-05,-0.6900000000000048
002760.XSHE,2022-08-05,-0.259999999999998
688518.XSHG,2022-08-05,-0.529999999999994
300008.XSHE,2022-08-05,-1.269999999999996
603577.XSHG,2022-08-05,-0.23999999999999844
002510.XSHE,2022-08-05,-0.46999999999999886
300200.XSHE,2022-08-05,-1.1899999999999977
603567.XSHG,2022-08-05,-0.75
300967.XSHE,2022-08-05,-0.3299999999999983
000973.XSHE,2022-08-05,-0.16000000000000014
600300.XSHG,2022-08-05,-0.5199999999999996
300123.XSHE,2022-08-05,-1.8800000000000026
600609.XSHG,2022-08-05,-1.9399999999999977
002842.XSHE,2022-08-05,-0.6699999999999982
001319.XSHE,2022-08-05,-0.610000000000003
600403.XSHG,2022-08-05,-0.6799999999999997
002089.XSHE,2022-08-05,-0.6499999999999986
003035.XSHE,2022-08-05,-0.08000000000000007
301226.XSHE,2022-08-05,-0.75
600229.XSHG,2022-08-05,-0.20999999999999908
603300.XSHG,2022-08-05,-0.120000000000001
603367.XSHG,2022-08-05,-0.13000000000000078
300735.XSHE,2022-08-05,-0.6499999999999986
600988.XSHG,2022-08-05,-5.349999999999994
601108.XSHG,2022-08-05,-0.21999999999999975
002948.XSHE,2022-08-05,-0.08000000000000007
603657.XSHG,2022-08-05,-0.41000000000000014
002551.XSHE,2022-08-05,-0.5
301010.XSHE,2022-08-05,-0.33999999999999986
603177.XSHG,2022-08-05,-0.20000000000000107
000753.XSHE,2022-08-05,-0.4399999999999977
002090.XSHE,2022-08-05,-0.9200000000000017
603299.XSHG,2022-08-05,-0.17999999999999972
002891.XSHE,2022-08-05,-3.5799999999999983
301093.XSHE,2022-08-05,-0.3200000000000003
002843.XSHE,2022-08-05,-0.120000000000001
688358.XSHG,2022-08-05,-1.2900000000000063
603607.XSHG,2022-08-05,-1.3299999999999983
600789.XSHG,2022-08-05,-0.26000000000000156
688766.XSHG,2022-08-05,-17.98999999999998
300661.XSHE,2022-08-05,-59.059999999999945
600871.XSHG,2022-08-05,-0.07000000000000028
300368.XSHE,2022-08-05,-2.030000000000001
688277.XSHG,2022-08-05,-0.46000000000000085
002795.XSHE,2022-08-05,-0.3200000000000003
002032.XSHE,2022-08-05,-10.699999999999989
600928.XSHG,2022-08-05,-0.04999999999999982
300387.XSHE,2022-08-05,-0.4200000000000017
600383.XSHG,2022-08-05,-5.189999999999998
600569.XSHG,2022-08-05,-0.16000000000000014
688315.XSHG,2022-08-05,-1.0
002005.XSHE,2022-08-05,-0.21000000000000085
002600.XSHE,2022-08-05,-0.41999999999999815
002049.XSHE,2022-08-05,-9.610000000000014
600662.XSHG,2022-08-05,-6.140000000000043
300935.XSHE,2022-08-05,-1.9100000000000037
603926.XSHG,2022-08-05,-0.2700000000000031
601127.XSHG,2022-08-05,-0.8200000000000074
601899.XSHG,2022-08-05,-0.41000000000000014
300073.XSHE,2022-08-05,-7.480000000000018
688097.XSHG,2022-08-05,-0.970000000000006
605050.XSHG,2022-08-05,-0.3999999999999986
600502.XSHG,2022-08-05,-1.5400000000000063
301057.XSHE,2022-08-05,-0.28000000000000114
300732.XSHE,2022-08-05,-0.8900000000000006
300970.XSHE,2022-08-05,-0.75
600104.XSHG,2022-08-05,-2.609999999999985
300025.XSHE,2022-08-05,-0.7199999999999989
600881.XSHG,2022-08-05,-2.0999999999999943
601985.XSHG,2022-08-05,-0.1200000000000001
002300.XSHE,2022-08-05,-0.6900000000000048
603122.XSHG,2022-08-05,-0.17999999999999972
002036.XSHE,2022-08-05,-2.1299999999999955
000766.XSHE,2022-08-05,-0.26000000000000156
000895.XSHE,2022-08-05,-22.980000000000018
600526.XSHG,2022-08-05,-0.4299999999999997
600689.XSHG,2022-08-05,-0.3200000000000003
600530.XSHG,2022-08-05,-0.5199999999999996
300288.XSHE,2022-08-05,-1.779999999999994
301018.XSHE,2022-08-05,-0.759999999999998
002926.XSHE,2022-08-05,-0.16999999999999993
600073.XSHG,2022-08-05,-0.28999999999999915
601828.XSHG,2022-08-05,-0.16000000000000014
601860.XSHG,2022-08-05,-0.040000000000000036
688125.XSHG,2022-08-05,-0.10999999999999943
688579.XSHG,2022-08-05,-0.40000000000000036
000623.XSHE,2022-08-05,-7.140000000000043
301126.XSHE,2022-08-05,-0.1700000000000017
600722.XSHG,2022-08-05,-0.4800000000000004
300011.XSHE,2022-08-05,-0.8400000000000034
600006.XSHG,2022-08-05,-0.5599999999999987
600107.XSHG,2022-08-05,-0.28000000000000114
603719.XSHG,2022-08-05,-0.879999999999999
605599.XSHG,2022-08-05,-0.2599999999999998
600853.XSHG,2022-08-05,-0.16000000000000014
300792.XSHE,2022-08-05,-3.5400000000000063
301268.XSHE,2022-08-05,-0.6099999999999994
000062.XSHE,2022-08-05,-4.310000000000002
002686.XSHE,2022-08-05,-0.9400000000000013
300537.XSHE,2022-08-05,-1.3599999999999994
603619.XSHG,2022-08-05,-0.5899999999999999
300741.XSHE,2022-08-05,-0.8000000000000007
600529.XSHG,2022-08-05,-10.259999999999991
002778.XSHE,2022-08-05,-0.259999999999998
603258.XSHG,2022-08-05,-0.6999999999999993
300085.XSHE,2022-08-05,-5.609999999999999
600743.XSHG,2022-08-05,-0.6599999999999966
300666.XSHE,2022-08-05,-7.469999999999999
003006.XSHE,2022-08-05,-0.29999999999999893
600567.XSHG,2022-08-05,-0.20999999999999908
002078.XSHE,2022-08-05,-2.450000000000003
002184.XSHE,2022-08-05,-0.7800000000000011
688088.XSHG,2022-08-05,-0.7100000000000009
601801.XSHG,2022-08-05,-0.25
600397.XSHG,2022-08-05,-0.2400000000000002
000860.XSHE,2022-08-05,-1.1099999999999994
688230.XSHG,2022-08-05,-11.61
605255.XSHG,2022-08-05,-0.8099999999999987
002314.XSHE,2022-08-05,-0.2599999999999998
002325.XSHE,2022-08-05,-0.5300000000000011
688739.XSHG,2022-08-05,-1.0300000000000011
002278.XSHE,2022-08-05,-0.2400000000000002
603077.XSHG,2022-08-05,-1.1099999999999994
603967.XSHG,2022-08-05,-0.15999999999999837
688550.XSHG,2022-08-05,-2.819999999999993
002085.XSHE,2022-08-05,-0.7199999999999989
600767.XSHG,2022-08-05,-0.7599999999999998
002065.XSHE,2022-08-05,-5.639999999999986
002460.XSHE,2022-08-05,-48.23000000000002
603317.XSHG,2022-08-05,-0.7899999999999991
688418.XSHG,2022-08-05,-0.6300000000000008
600419.XSHG,2022-08-05,-0.7899999999999991
300982.XSHE,2022-08-05,-1.6199999999999974
300560.XSHE,2022-08-05,-1.7299999999999969
600113.XSHG,2022-08-05,-0.8700000000000045
603351.XSHG,2022-08-05,-1.0399999999999991
600026.XSHG,2022-08-05,-0.6099999999999994
600605.XSHG,2022-08-05,-7.060000000000002
300114.XSHE,2022-08-05,-2.0900000000000034
600877.XSHG,2022-08-05,-4.229999999999997
000401.XSHE,2022-08-05,-1.6700000000000017
603385.XSHG,2022-08-05,-0.13000000000000078
002499.XSHE,2022-08-05,-0.23000000000000043
002357.XSHE,2022-08-05,-0.4399999999999977
300034.XSHE,2022-08-05,-4.650000000000006
600704.XSHG,2022-08-05,-2.219999999999999
603856.XSHG,2022-08-05,-0.1999999999999993
603226.XSHG,2022-08-05,-0.6700000000000017
300041.XSHE,2022-08-05,-3.700000000000003
000553.XSHE,2022-08-05,-1.1099999999999994
002430.XSHE,2022-08-05,-1.269999999999996
300339.XSHE,2022-08-05,-6.260000000000019
000885.XSHE,2022-08-05,-0.19000000000000128
300326.XSHE,2022-08-05,-3.1500000000000057
300454.XSHE,2022-08-05,-10.049999999999997
688265.XSHG,2022-08-05,-0.3400000000000034
688613.XSHG,2022-08-05,-1.3200000000000003
000005.XSHE,2022-08-05,-0.10000000000000142
002553.XSHE,2022-08-05,0.0
301234.XSHE,2022-08-05,-0.36999999999999744
600076.XSHG,2022-08-05,-0.16000000000000014
688110.XSHG,2022-08-05,-3.0799999999999983
300461.XSHE,2022-08-05,-0.41999999999999815
688606.XSHG,2022-08-05,-2.8100000000000023
300139.XSHE,2022-08-05,-2.270000000000003
601018.XSHG,2022-08-05,-0.07000000000000028
001308.XSHE,2022-08-05,-2.519999999999996
300999.XSHE,2022-08-05,-0.6400000000000006
601117.XSHG,2022-08-05,-0.33999999999999986
600162.XSHG,2022-08-05,-0.16000000000000014
301013.XSHE,2022-08-05,-0.48999999999999844
300089.XSHE,2022-08-05,-0.15000000000000036
300293.XSHE,2022-08-05,-3.5600000000000023
300143.XSHE,2022-08-05,-0.30000000000000426
300852.XSHE,2022-08-05,-1.4499999999999886
300889.XSHE,2022-08-05,-0.1800000000000015
300019.XSHE,2022-08-05,-5.060000000000002
301009.XSHE,2022-08-05,-0.1899999999999995
002432.XSHE,2022-08-05,-3.3400000000000034
600596.XSHG,2022-08-05,-4.700000000000017
688260.XSHG,2022-08-05,-0.6899999999999977
600804.XSHG,2022-08-05,-0.3299999999999983
300743.XSHE,2022-08-05,-0.48999999999999844
688533.XSHG,2022-08-05,-0.75
300229.XSHE,2022-08-05,-1.6599999999999966
300458.XSHE,2022-08-05,-13.899999999999991
000525.XSHE,2022-08-05,-3.3500000000000085
600030.XSHG,2022-08-05,-2.8299999999999983
688177.XSHG,2022-08-05,-0.5900000000000034
603685.XSHG,2022-08-05,-0.1999999999999993
002918.XSHE,2022-08-05,-1.1400000000000006
002859.XSHE,2022-08-05,-6.780000000000001
603221.XSHG,2022-08-05,-0.2699999999999996
002611.XSHE,2022-08-05,-0.5499999999999972
000738.XSHE,2022-08-05,-1.9600000000000009
600163.XSHG,2022-08-05,-0.4300000000000015
601990.XSHG,2022-08-05,-0.9500000000000011
688069.XSHG,2022-08-05,-0.5799999999999983
600860.XSHG,2022-08-05,-0.5
002426.XSHE,2022-08-05,-0.2599999999999998
600993.XSHG,2022-08-05,-7.2900000000000205
000705.XSHE,2022-08-05,-0.6199999999999974
002244.XSHE,2022-08-05,-0.7099999999999937
600868.XSHG,2022-08-05,-1.7999999999999972
603155.XSHG,2022-08-05,-0.7800000000000011
300150.XSHE,2022-08-05,-0.5299999999999976
688508.XSHG,2022-08-05,-9.560000000000002
300780.XSHE,2022-08-05,-0.23000000000000043
002155.XSHE,2022-08-05,-0.740000000000002
002505.XSHE,2022-08-05,-1.0600000000000023
300049.XSHE,2022-08-05,-2.960000000000008
300439.XSHE,2022-08-05,-1.0900000000000034
688166.XSHG,2022-08-05,-1.1000000000000014
000936.XSHE,2022-08-05,-2.259999999999998
688057.XSHG,2022-08-05,-0.4700000000000024
300902.XSHE,2022-08-05,-0.6499999999999986
300263.XSHE,2022-08-05,-2.3400000000000034
603515.XSHG,2022-08-05,-1.0
002098.XSHE,2022-08-05,-0.2599999999999998
600602.XSHG,2022-08-05,-90.92999999999984
603767.XSHG,2022-08-05,-0.3000000000000007
300352.XSHE,2022-08-05,-3.0900000000000034
002205.XSHE,2022-08-05,-0.360000000000003
300504.XSHE,2022-08-05,-0.5199999999999996
601827.XSHG,2022-08-05,-0.07000000000000028
603618.XSHG,2022-08-05,-0.5199999999999996
301222.XSHE,2022-08-05,-0.6499999999999986
300289.XSHE,2022-08-05,-0.2599999999999998
600612.XSHG,2022-08-05,-164.5699999999997
002673.XSHE,2022-08-05,-0.33999999999999986
300638.XSHE,2022-08-05,-19.159999999999997
600284.XSHG,2022-08-05,-0.3999999999999986
301106.XSHE,2022-08-05,-1.1399999999999935
000955.XSHE,2022-08-05,-0.2900000000000009
300722.XSHE,2022-08-05,-1.2600000000000051
000027.XSHE,2022-08-05,-2.5400000000000205
000150.XSHE,2022-08-05,-0.040000000000000036
300385.XSHE,2022-08-05,-0.389999999999997
300620.XSHE,2022-08-05,-3.740000000000009
002922.XSHE,2022-08-05,-0.6899999999999977
600422.XSHG,2022-08-05,-3.799999999999997
600733.XSHG,2022-08-05,-1.5600000000000023
000159.XSHE,2022-08-05,-1.1599999999999966
600885.XSHG,2022-08-05,-5.509999999999991
300400.XSHE,2022-08-05,-2.760000000000005
688181.XSHG,2022-08-05,-2.230000000000004
600615.XSHG,2022-08-05,-22.370000000000005
688117.XSHG,2022-08-05,-0.6600000000000001
002648.XSHE,2022-08-05,-6.22999999999999
300849.XSHE,2022-08-05,-0.15000000000000213
600674.XSHG,2022-08-05,-3.8100000000000023
600979.XSHG,2022-08-05,-0.28000000000000114
300226.XSHE,2022-08-05,-8.129999999999995
603128.XSHG,2022-08-05,-0.4299999999999997
605289.XSHG,2022-08-05,-0.6899999999999977
300396.XSHE,2022-08-05,-1.1099999999999994
600825.XSHG,2022-08-05,-0.8900000000000006
300071.XSHE,2022-08-05,-0.6700000000000017
300193.XSHE,2022-08-05,-0.46000000000000085
601908.XSHG,2022-08-05,-0.9100000000000037
300407.XSHE,2022-08-05,-0.28999999999999915
300729.XSHE,2022-08-05,-0.740000000000002
002837.XSHE,2022-08-05,-2.0
600601.XSHG,2022-08-05,-143.22999999999956
600276.XSHG,2022-08-05,-72.15999999999985
002150.XSHE,2022-08-05,-1.1400000000000006
600293.XSHG,2022-08-05,-0.16999999999999993
688228.XSHG,2022-08-05,-1.7000000000000028
300927.XSHE,2022-08-05,-0.7499999999999964
002532.XSHE,2022-08-05,-3.259999999999998
002700.XSHE,2022-08-05,-0.17999999999999972
605388.XSHG,2022-08-05,-0.3100000000000023
600577.XSHG,2022-08-05,-4.1200000000000045
002723.XSHE,2022-08-05,-1.9499999999999957
300881.XSHE,2022-08-05,-0.6400000000000006
600500.XSHG,2022-08-05,-0.9499999999999957
603033.XSHG,2022-08-05,-2.6899999999999977
002470.XSHE,2022-08-05,-0.16999999999999993
601368.XSHG,2022-08-05,-0.10999999999999943
603218.XSHG,2022-08-05,-2.25
002897.XSHE,2022-08-05,-4.010000000000005
600452.XSHG,2022-08-05,-2.730000000000004
688120.XSHG,2022-08-05,-25.839999999999975
300484.XSHE,2022-08-05,-1.5900000000000034
300642.XSHE,2022-08-05,-1.1499999999999986
600872.XSHG,2022-08-05,-4.610000000000014
688333.XSHG,2022-08-05,-3.6999999999999886
001979.XSHE,2022-08-05,-0.3100000000000005
688059.XSHG,2022-08-05,-3.069999999999993
300920.XSHE,2022-08-05,-0.370000000000001
300589.XSHE,2022-08-05,-1.3999999999999986
002038.XSHE,2022-08-05,-2.859999999999985
002201.XSHE,2022-08-05,-2.5799999999999983
300857.XSHE,2022-08-05,-0.5899999999999999
600023.XSHG,2022-08-05,-0.11000000000000032
688231.XSHG,2022-08-05,-3.219999999999999
002546.XSHE,2022-08-05,-0.9399999999999977
002798.XSHE,2022-08-05,-0.5499999999999972
301043.XSHE,2022-08-05,-0.21000000000000085
600864.XSHG,2022-08-05,-2.3200000000000003
300363.XSHE,2022-08-05,-1.9899999999999807
002906.XSHE,2022-08-05,-0.5700000000000003
600572.XSHG,2022-08-05,-0.789999999999992
301051.XSHE,2022-08-05,-3.5900000000000034
000650.XSHE,2022-08-05,-2.5
601992.XSHG,2022-08-05,-0.1200000000000001
603353.XSHG,2022-08-05,-0.3500000000000014
301263.XSHE,2022-08-05,-0.46999999999999886
601997.XSHG,2022-08-05,-0.16999999999999993
600586.XSHG,2022-08-05,-0.9499999999999886
600792.XSHG,2022-08-05,-0.4700000000000024
605081.XSHG,2022-08-05,-0.3200000000000003
600309.XSHG,2022-08-05,-72.25
002240.XSHE,2022-08-05,-4.829999999999998
000019.XSHE,2022-08-05,-0.7000000000000028
688561.XSHG,2022-08-05,-4.170000000000002
300082.XSHE,2022-08-05,-2.0700000000000074
000045.XSHE,2022-08-05,-0.6799999999999997
300510.XSHE,2022-08-05,-0.620000000000001
600604.XSHG,2022-08-05,-6.330000000000041
688198.XSHG,2022-08-05,-2.859999999999985
601669.XSHG,2022-08-05,-0.16000000000000014
300689.XSHE,2022-08-05,-0.9999999999999964
002062.XSHE,2022-08-05,-1.1000000000000014
600466.XSHG,2022-08-05,-0.22000000000000064
688058.XSHG,2022-08-05,-7.140000000000001
600708.XSHG,2022-08-05,-0.379999999999999
600220.XSHG,2022-08-05,-0.6099999999999994
002513.XSHE,2022-08-05,-0.35999999999999943
600556.XSHG,2022-08-05,-1.3299999999999983
300259.XSHE,2022-08-05,-1.0600000000000023
300846.XSHE,2022-08-05,-0.39000000000000057
603986.XSHG,2022-08-05,-42.58999999999992
000671.XSHE,2022-08-05,-3.2700000000000102
600965.XSHG,2022-08-05,-0.27999999999999936
300725.XSHE,2022-08-05,-6.640000000000015
600022.XSHG,2022-08-05,-0.17999999999999972
601231.XSHG,2022-08-05,-1.0899999999999963
688023.XSHG,2022-08-05,-9.810000000000002
601968.XSHG,2022-08-05,-0.14999999999999858
000726.XSHE,2022-08-05,-1.3299999999999983
000919.XSHE,2022-08-05,-0.4800000000000004
301056.XSHE,2022-08-05,-0.13000000000000078
600568.XSHG,2022-08-05,0.0
002421.XSHE,2022-08-05,-1.4500000000000028
300201.XSHE,2022-08-05,-0.41999999999999815
300840.XSHE,2022-08-05,-0.10999999999999943
688258.XSHG,2022-08-05,-7.0
605086.XSHG,2022-08-05,-0.6799999999999997
300337.XSHE,2022-08-05,-0.990000000000002
000529.XSHE,2022-08-05,-0.2699999999999996
600628.XSHG,2022-08-05,-3.8600000000000136
002672.XSHE,2022-08-05,-0.44000000000000483
002585.XSHE,2022-08-05,-2.3599999999999994
300579.XSHE,2022-08-05,-3.739999999999995
603861.XSHG,2022-08-05,-0.26000000000000156
300799.XSHE,2022-08-05,-17.769999999999996
603939.XSHG,2022-08-05,-8.620000000000005
603001.XSHG,2022-08-05,-0.19000000000000128
688366.XSHG,2022-08-05,-3.4399999999999977
688170.XSHG,2022-08-05,-1.0
000068.XSHE,2022-08-05,-0.45000000000000107
002448.XSHE,2022-08-05,-0.6400000000000006
300949.XSHE,2022-08-05,-0.490000000000002
600112.XSHG,2022-08-05,-0.27999999999999936
000998.XSHE,2022-08-05,-3.0999999999999943
301123.XSHE,2022-08-05,-0.6499999999999986
000755.XSHE,2022-08-05,-1.0899999999999999
601956.XSHG,2022-08-05,-0.09000000000000075
000510.XSHE,2022-08-05,-1.1400000000000006
002061.XSHE,2022-08-05,-0.33000000000000007
002847.XSHE,2022-08-05,-3.739999999999995
600215.XSHG,2022-08-05,-0.740000000000002
002699.XSHE,2022-08-05,-0.4200000000000017
300162.XSHE,2022-08-05,-1.4799999999999969
603899.XSHG,2022-08-05,-2.8699999999999903
002726.XSHE,2022-08-05,-0.509999999999998
603969.XSHG,2022-08-05,-0.41000000000000014
600884.XSHG,2022-08-05,-35.799999999999955
300331.XSHE,2022-08-05,-1.9200000000000017
688656.XSHG,2022-08-05,-1.3100000000000023
605566.XSHG,2022-08-05,-0.8300000000000018
002415.XSHE,2022-08-05,-30.91999999999996
300386.XSHE,2022-08-05,-1.990000000000002
603903.XSHG,2022-08-05,-0.3000000000000007
603398.XSHG,2022-08-05,-3.4499999999999886
688215.XSHG,2022-08-05,-0.8200000000000003
002277.XSHE,2022-08-05,-0.25
688630.XSHG,2022-08-05,-4.939999999999998
000963.XSHE,2022-08-05,-7.5
002681.XSHE,2022-08-05,-1.6000000000000014
002164.XSHE,2022-08-05,-0.629999999999999
600598.XSHG,2022-08-05,-0.45000000000000284
600807.XSHG,2022-08-05,-0.5299999999999976
301156.XSHE,2022-08-05,-0.2699999999999996
300245.XSHE,2022-08-05,-1.5100000000000051
002969.XSHE,2022-08-05,-0.06000000000000005
600311.XSHG,2022-08-05,-0.09000000000000075
300723.XSHE,2022-08-05,-0.240000000000002
300115.XSHE,2022-08-05,-3.930000000000007
601019.XSHG,2022-08-05,-0.17999999999999972
603166.XSHG,2022-08-05,-0.14000000000000057
603906.XSHG,2022-08-05,-2.1099999999999994
000069.XSHE,2022-08-05,-4.3700000000000045
300782.XSHE,2022-08-05,-38.960000000000036
600367.XSHG,2022-08-05,-4.340000000000003
603466.XSHG,2022-08-05,-2.230000000000004
002989.XSHE,2022-08-05,-0.26000000000000156
300225.XSHE,2022-08-05,-1.8900000000000006
601766.XSHG,2022-08-05,-0.08000000000000007
002474.XSHE,2022-08-05,-1.8200000000000003
601606.XSHG,2022-08-05,-0.39000000000000057
600540.XSHG,2022-08-05,-0.3800000000000008
603877.XSHG,2022-08-05,-0.45000000000000284
600420.XSHG,2022-08-05,-1.1200000000000045
600121.XSHG,2022-08-05,-0.5999999999999979
300142.XSHE,2022-08-05,-29.600000000000023
300264.XSHE,2022-08-05,-0.620000000000001
600156.XSHG,2022-08-05,-0.29999999999999893
300242.XSHE,2022-08-05,-0.360000000000003
600705.XSHG,2022-08-05,-7.28000000000003
603023.XSHG,2022-08-05,-0.7600000000000016
301027.XSHE,2022-08-05,-0.33999999999999986
600303.XSHG,2022-08-05,-0.5300000000000011
002031.XSHE,2022-08-05,-0.14999999999999147
688339.XSHG,2022-08-05,-2.859999999999985
000829.XSHE,2022-08-05,-7.069999999999993
002253.XSHE,2022-08-05,-1.0799999999999983
300251.XSHE,2022-08-05,-3.969999999999999
688161.XSHG,2022-08-05,-0.8199999999999932
300675.XSHE,2022-08-05,-0.27999999999999936
300816.XSHE,2022-08-05,-0.5700000000000003
600439.XSHG,2022-08-05,-0.6299999999999955
002304.XSHE,2022-08-05,-5.819999999999936
603555.XSHG,2022-08-05,-0.22999999999999954
002995.XSHE,2022-08-05,-1.1000000000000014
300745.XSHE,2022-08-05,-0.75
688269.XSHG,2022-08-05,-0.9900000000000091
300609.XSHE,2022-08-05,-0.2599999999999998
000915.XSHE,2022-08-05,-4.909999999999997
603626.XSHG,2022-08-05,-0.3100000000000005
605300.XSHG,2022-08-05,-0.2599999999999998
600505.XSHG,2022-08-05,-1.2299999999999969
603056.XSHG,2022-08-05,-0.02999999999999936
603087.XSHG,2022-08-05,-2.1199999999999974
600428.XSHG,2022-08-05,-0.6499999999999986
600018.XSHG,2022-08-05,-0.14999999999999947
600590.XSHG,2022-08-05,-0.48999999999999844
603359.XSHG,2022-08-05,-0.3100000000000023
600785.XSHG,2022-08-05,-1.0300000000000011
600781.XSHG,2022-08-05,0.0
300853.XSHE,2022-08-05,-1.740000000000002
300568.XSHE,2022-08-05,-4.460000000000008
300074.XSHE,2022-08-05,-1.2100000000000009
300664.XSHE,2022-08-05,-0.16000000000000014
600829.XSHG,2022-08-05,-0.759999999999998
600539.XSHG,2022-08-05,-0.20999999999999996
002818.XSHE,2022-08-05,-0.8000000000000007
600016.XSHG,2022-08-05,-1.5200000000000102
300905.XSHE,2022-08-05,-1.25
003021.XSHE,2022-08-05,-8.819999999999993
600153.XSHG,2022-08-05,-3.869999999999976
603917.XSHG,2022-08-05,-0.9200000000000017
600901.XSHG,2022-08-05,-0.14000000000000057
603229.XSHG,2022-08-05,-3.030000000000001
301032.XSHE,2022-08-05,-0.08999999999999986
000584.XSHE,2022-08-05,-0.5900000000000034
000008.XSHE,2022-08-05,-1.3500000000000014
002742.XSHE,2022-08-05,-1.0399999999999991
002569.XSHE,2022-08-05,-0.1999999999999993
002478.XSHE,2022-08-05,-1.1500000000000004
603399.XSHG,2022-08-05,-0.9100000000000001
600712.XSHG,2022-08-05,-0.3200000000000003
688135.XSHG,2022-08-05,-1.9099999999999966
688255.XSHG,2022-08-05,-3.710000000000001
688163.XSHG,2022-08-05,-0.75
600379.XSHG,2022-08-05,-0.35999999999999943
000988.XSHE,2022-08-05,-8.72999999999999
301207.XSHE,2022-08-05,-1.8999999999999986
601949.XSHG,2022-08-05,-0.08000000000000007
300798.XSHE,2022-08-05,-0.11000000000000032
301191.XSHE,2022-08-05,-3.6300000000000097
300198.XSHE,2022-08-05,-0.9200000000000017
600010.XSHG,2022-08-05,-0.41999999999999815
300773.XSHE,2022-08-05,-1.5800000000000054
603983.XSHG,2022-08-05,-0.7399999999999984
600325.XSHG,2022-08-05,-0.7199999999999989
300600.XSHE,2022-08-05,-0.39000000000000057
002895.XSHE,2022-08-05,-0.9699999999999989
601636.XSHG,2022-08-05,-0.509999999999998
688299.XSHG,2022-08-05,-1.2699999999999996
300112.XSHE,2022-08-05,-0.5800000000000054
003043.XSHE,2022-08-05,-4.859999999999999
603950.XSHG,2022-08-05,-0.27000000000000135
300888.XSHE,2022-08-05,-1.9000000000000057
300697.XSHE,2022-08-05,-0.28999999999999915
600141.XSHG,2022-08-05,-3.3799999999999955
600715.XSHG,2022-08-05,-0.16000000000000014
002716.XSHE,2022-08-05,-0.23000000000000043
300223.XSHE,2022-08-05,-17.04000000000002
300897.XSHE,2022-08-05,-0.1999999999999993
001872.XSHE,2022-08-05,-1.8799999999999955
603301.XSHG,2022-08-05,-2.6500000000000057
300116.XSHE,2022-08-05,-0.2699999999999996
688272.XSHG,2022-08-05,-0.10000000000000142
600547.XSHG,2022-08-05,-7.0400000000000205
601995.XSHG,2022-08-05,-0.8100000000000023
688386.XSHG,2022-08-05,-2.239999999999995
300688.XSHE,2022-08-05,-0.8100000000000023
601118.XSHG,2022-08-05,-0.08000000000000007
688778.XSHG,2022-08-05,-1.740000000000009
688270.XSHG,2022-08-05,-5.780000000000001
603069.XSHG,2022-08-05,-0.4400000000000013
300836.XSHE,2022-08-05,-0.6300000000000026
001203.XSHE,2022-08-05,-0.25
600512.XSHG,2022-08-05,-0.26000000000000156
002198.XSHE,2022-08-05,-0.9600000000000009
300499.XSHE,2022-08-05,-0.6199999999999974
301190.XSHE,2022-08-05,-0.370000000000001
603838.XSHG,2022-08-05,-0.1899999999999995
600295.XSHG,2022-08-05,-1.7600000000000051
002050.XSHE,2022-08-05,-9.919999999999959
601996.XSHG,2022-08-05,-0.1899999999999995
000961.XSHE,2022-08-05,-0.509999999999998
603268.XSHG,2022-08-05,-0.1700000000000017
002075.XSHE,2022-08-05,-0.5899999999999999
000966.XSHE,2022-08-05,-0.5100000000000016
002010.XSHE,2022-08-05,-0.8699999999999974
600177.XSHG,2022-08-05,-4.840000000000032
688055.XSHG,2022-08-05,-0.1900000000000004
605179.XSHG,2022-08-05,-0.14999999999999858
600149.XSHG,2022-08-05,-0.259999999999998
605162.XSHG,2022-08-05,-0.120000000000001
002767.XSHE,2022-08-05,-0.3200000000000003
300476.XSHE,2022-08-05,-3.0500000000000114
000727.XSHE,2022-08-05,-0.40999999999999837
300130.XSHE,2022-08-05,-3.3999999999999915
300908.XSHE,2022-08-05,-0.8500000000000014
300913.XSHE,2022-08-05,-0.4200000000000017
300046.XSHE,2022-08-05,-6.240000000000009
300662.XSHE,2022-08-05,-1.2199999999999989
600391.XSHG,2022-08-05,-2.6600000000000037
688390.XSHG,2022-08-05,-7.060000000000002
002652.XSHE,2022-08-05,-0.15000000000000036
600908.XSHG,2022-08-05,-0.1800000000000006
600996.XSHG,2022-08-05,-0.26000000000000156
603112.XSHG,2022-08-05,-0.509999999999998
000021.XSHE,2022-08-05,-12.47999999999999
300284.XSHE,2022-08-05,-0.39000000000000057
300971.XSHE,2022-08-05,-0.4299999999999997
600279.XSHG,2022-08-05,-0.16999999999999993
300708.XSHE,2022-08-05,-1.4199999999999982
600796.XSHG,2022-08-05,-1.3900000000000006
603102.XSHG,2022-08-05,-0.3500000000000014
603197.XSHG,2022-08-05,-0.6700000000000017
688296.XSHG,2022-08-05,-1.0799999999999983
002107.XSHE,2022-08-05,-1.3399999999999963
603527.XSHG,2022-08-05,-1.5100000000000051
002533.XSHE,2022-08-05,-0.5
300963.XSHE,2022-08-05,-0.5399999999999991
600095.XSHG,2022-08-05,-0.6500000000000021
002941.XSHE,2022-08-05,-0.48999999999999844
000009.XSHE,2022-08-05,-7.030000000000001
300883.XSHE,2022-08-05,-0.08000000000000007
301199.XSHE,2022-08-05,-0.23999999999999844
003002.XSHE,2022-08-05,-1.040000000000001
600801.XSHG,2022-08-05,-4.560000000000002
300961.XSHE,2022-08-05,-0.22000000000000064
002066.XSHE,2022-08-05,-0.5
688130.XSHG,2022-08-05,-7.400000000000006
603813.XSHG,2022-08-05,-0.25
603988.XSHG,2022-08-05,-0.9100000000000037
301052.XSHE,2022-08-05,-1.0
603737.XSHG,2022-08-05,-5.289999999999964
000513.XSHE,2022-08-05,-5.0
300269.XSHE,2022-08-05,-0.21000000000000085
603090.XSHG,2022-08-05,-0.5399999999999991
603598.XSHG,2022-08-05,-0.39000000000000057
300121.XSHE,2022-08-05,-0.8799999999999955
688288.XSHG,2022-08-05,-0.8000000000000007
688295.XSHG,2022-08-05,-1.0899999999999963
688767.XSHG,2022-08-05,-3.5900000000000034
002023.XSHE,2022-08-05,-5.849999999999994
600671.XSHG,2022-08-05,-0.39000000000000057
002438.XSHE,2022-08-05,-1.2100000000000009
600984.XSHG,2022-08-05,-0.3099999999999987
600288.XSHG,2022-08-05,-0.9599999999999937
002264.XSHE,2022-08-05,-0.8000000000000007
300050.XSHE,2022-08-05,-0.5800000000000054
002402.XSHE,2022-08-05,-6.6200000000000045
300937.XSHE,2022-08-05,-0.3999999999999986
603020.XSHG,2022-08-05,-0.509999999999998
688095.XSHG,2022-08-05,-18.239999999999995
300249.XSHE,2022-08-05,-1.1299999999999955
300759.XSHE,2022-08-05,-2.230000000000004
600051.XSHG,2022-08-05,-0.730000000000004
600987.XSHG,2022-08-05,-0.6099999999999994
300168.XSHE,2022-08-05,-1.5600000000000023
600096.XSHG,2022-08-05,-2.25
002080.XSHE,2022-08-05,-3.660000000000011
300147.XSHE,2022-08-05,-0.5300000000000011
688660.XSHG,2022-08-05,-0.2699999999999996
688278.XSHG,2022-08-05,-0.7999999999999972
000922.XSHE,2022-08-05,-0.6099999999999994
000547.XSHE,2022-08-05,-6.210000000000008
300981.XSHE,2022-08-05,-1.2100000000000009
300785.XSHE,2022-08-05,-2.5899999999999963
688098.XSHG,2022-08-05,-0.23000000000000043
002963.XSHE,2022-08-05,-0.2699999999999996
002671.XSHE,2022-08-05,-0.25
603327.XSHG,2022-08-05,-0.7399999999999984
301117.XSHE,2022-08-05,-3.3300000000000125
300847.XSHE,2022-08-05,-0.19000000000000128
603811.XSHG,2022-08-05,-0.5400000000000063
601816.XSHG,2022-08-05,-0.04999999999999982
300527.XSHE,2022-08-05,-0.2599999999999998
300994.XSHE,2022-08-05,-0.6400000000000006
603557.XSHG,2022-08-05,-0.020000000000000018
002809.XSHE,2022-08-05,-0.4299999999999997
002714.XSHE,2022-08-05,-16.86999999999989
003022.XSHE,2022-08-05,-1.8600000000000065
002130.XSHE,2022-08-05,-3.319999999999993
000011.XSHE,2022-08-05,-0.759999999999998
601579.XSHG,2022-08-05,-0.1899999999999995
003040.XSHE,2022-08-05,-0.6799999999999997
601633.XSHG,2022-08-05,-2.3900000000000006
600819.XSHG,2022-08-05,-0.25
000826.XSHE,2022-08-05,-0.41000000000000014
301333.XSHE,2022-08-05,-1.0
688793.XSHG,2022-08-05,-3.190000000000005
600740.XSHG,2022-08-05,-1.6500000000000057
002724.XSHE,2022-08-05,-0.43000000000000327
300516.XSHE,2022-08-05,-0.4399999999999977
600846.XSHG,2022-08-05,-6.8300000000000125
600763.XSHG,2022-08-05,-16.379999999999995
688655.XSHG,2022-08-05,-0.6600000000000001
002024.XSHE,2022-08-05,-1.759999999999991
300393.XSHE,2022-08-05,-4.709999999999994
600053.XSHG,2022-08-05,-1.1099999999999994
000536.XSHE,2022-08-05,-0.2400000000000002
002647.XSHE,2022-08-05,-0.509999999999998
000812.XSHE,2022-08-05,-0.8399999999999963
600729.XSHG,2022-08-05,-4.359999999999999
300871.XSHE,2022-08-05,-0.5300000000000011
000422.XSHE,2022-08-05,-8.269999999999982
000040.XSHE,2022-08-05,-0.23000000000000043
603486.XSHG,2022-08-05,-2.5100000000000193
300587.XSHE,2022-08-05,-3.010000000000005
300063.XSHE,2022-08-05,-0.5500000000000007
600611.XSHG,2022-08-05,-36.789999999999964
605365.XSHG,2022-08-05,-0.33000000000000185
002113.XSHE,2022-08-05,-0.33000000000000007
003027.XSHE,2022-08-05,-0.39000000000000057
301162.XSHE,2022-08-05,-0.3400000000000034
603883.XSHG,2022-08-05,-3.8299999999999983
000078.XSHE,2022-08-05,-1.6400000000000006
600578.XSHG,2022-08-05,-0.33999999999999986
600302.XSHG,2022-08-05,-0.17999999999999972
600610.XSHG,2022-08-05,-12.870000000000005
000806.XSHE,2022-08-05,-0.4299999999999997
300037.XSHE,2022-08-05,-11.879999999999995
002683.XSHE,2022-08-05,-1.3199999999999932
600283.XSHG,2022-08-05,-0.3299999999999983
002857.XSHE,2022-08-05,-0.17999999999999972
603799.XSHG,2022-08-05,-7.599999999999994
300246.XSHE,2022-08-05,-1.3700000000000045
300172.XSHE,2022-08-05,-0.720000000000006
300584.XSHE,2022-08-05,-1.1000000000000014
002136.XSHE,2022-08-05,-0.5899999999999999
000937.XSHE,2022-08-05,-1.7199999999999989
002276.XSHE,2022-08-05,-2.3699999999999974
300176.XSHE,2022-08-05,-0.41000000000000014
600362.XSHG,2022-08-05,-1.1600000000000001
002694.XSHE,2022-08-05,-0.7300000000000004
603348.XSHG,2022-08-05,-1.3299999999999983
688162.XSHG,2022-08-05,-1.6400000000000006
001696.XSHE,2022-08-05,-2.4000000000000057
688536.XSHG,2022-08-05,-38.25999999999999
300535.XSHE,2022-08-05,-0.2900000000000027
300617.XSHE,2022-08-05,-1.9399999999999977
600855.XSHG,2022-08-05,-0.38000000000000256
300179.XSHE,2022-08-05,-1.7099999999999937
688213.XSHG,2022-08-05,-7.970000000000006
002106.XSHE,2022-08-05,-0.8100000000000023
301048.XSHE,2022-08-05,-0.1800000000000015
002917.XSHE,2022-08-05,-0.4799999999999969
600608.XSHG,2022-08-05,-10.659999999999968
002178.XSHE,2022-08-05,-0.7899999999999991
600138.XSHG,2022-08-05,-0.8999999999999986
000983.XSHE,2022-08-05,-3.0
000839.XSHE,2022-08-05,-3.249999999999993
688033.XSHG,2022-08-05,-1.509999999999998
600235.XSHG,2022-08-05,-0.1999999999999993
688062.XSHG,2022-08-05,-0.5999999999999979
600370.XSHG,2022-08-05,-0.28000000000000114
601166.XSHG,2022-08-05,-1.3199999999999932
002605.XSHE,2022-08-05,-1.8500000000000014
603711.XSHG,2022-08-05,-0.1999999999999993
603201.XSHG,2022-08-05,-0.5100000000000051
002650.XSHE,2022-08-05,-0.4099999999999966
605369.XSHG,2022-08-05,-3.8400000000000034
002823.XSHE,2022-08-05,-0.629999999999999
688085.XSHG,2022-08-05,-0.75
600470.XSHG,2022-08-05,-0.36999999999999744
600510.XSHG,2022-08-05,-0.8599999999999994
000563.XSHE,2022-08-05,-1.2399999999999949
600795.XSHG,2022-08-05,-29.809999999999945
688389.XSHG,2022-08-05,-0.5599999999999987
600459.XSHG,2022-08-05,-2.6699999999999875
000156.XSHE,2022-08-05,-0.28000000000000114
600020.XSHG,2022-08-05,-0.129999999999999
688229.XSHG,2022-08-05,-2.1300000000000026
300237.XSHE,2022-08-05,-0.8599999999999994
300788.XSHE,2022-08-05,-0.4200000000000017
002002.XSHE,2022-08-05,-0.980000000000004
002690.XSHE,2022-08-05,-5.090000000000003
605338.XSHG,2022-08-05,-0.5399999999999991
000023.XSHE,2022-08-05,-0.7300000000000004
300705.XSHE,2022-08-05,-1.1699999999999946
600969.XSHG,2022-08-05,-0.25
600280.XSHG,2022-08-05,-0.46000000000000085
301006.XSHE,2022-08-05,-0.6899999999999977
600820.XSHG,2022-08-05,-8.050000000000011
601010.XSHG,2022-08-05,-0.15000000000000036
000572.XSHE,2022-08-05,-0.6999999999999993
002424.XSHE,2022-08-05,-1.2999999999999972
601236.XSHG,2022-08-05,-0.2900000000000009
002445.XSHE,2022-08-05,-0.7199999999999989
300048.XSHE,2022-08-05,-1.3400000000000034
000007.XSHE,2022-08-05,-2.1700000000000017
300394.XSHE,2022-08-05,-6.400000000000006
603693.XSHG,2022-08-05,-0.46000000000000085
603105.XSHG,2022-08-05,-0.29999999999999893
688329.XSHG,2022-08-05,-0.5999999999999943
002667.XSHE,2022-08-05,-3.1599999999999966
600906.XSHG,2022-08-05,-0.23999999999999932
002332.XSHE,2022-08-05,-0.46999999999999886
603810.XSHG,2022-08-05,-0.9100000000000001
601366.XSHG,2022-08-05,-0.10999999999999943
002353.XSHE,2022-08-05,-16.629999999999995
603696.XSHG,2022-08-05,-0.33999999999999986
600108.XSHG,2022-08-05,-0.6799999999999997
603297.XSHG,2022-08-05,-4.1299999999999955
600000.XSHG,2022-08-05,-1.039999999999992
600936.XSHG,2022-08-05,-0.17999999999999972
600266.XSHG,2022-08-05,-0.3200000000000003
688981.XSHG,2022-08-05,-2.3300000000000054
000663.XSHE,2022-08-05,-0.5
000816.XSHE,2022-08-05,-0.6000000000000014
002398.XSHE,2022-08-05,-0.5100000000000051
300932.XSHE,2022-08-05,-2.240000000000002
603006.XSHG,2022-08-05,-0.3099999999999987
688357.XSHG,2022-08-05,-12.259999999999991
000554.XSHE,2022-08-05,-0.5400000000000027
688188.XSHG,2022-08-05,-19.420000000000016
600188.XSHG,2022-08-05,-1.7299999999999898
002642.XSHE,2022-08-05,-0.6499999999999986
603178.XSHG,2022-08-05,-0.20000000000000107
600192.XSHG,2022-08-05,-0.29999999999999893
300390.XSHE,2022-08-05,-17.980000000000018
600649.XSHG,2022-08-05,-0.6899999999999977
601838.XSHG,2022-08-05,-0.21000000000000085
605399.XSHG,2022-08-05,-0.9899999999999949
301103.XSHE,2022-08-05,-0.4200000000000017
600036.XSHG,2022-08-05,-3.670000000000016
600647.XSHG,2022-08-05,0.0
002039.XSHE,2022-08-05,-1.9200000000000017
002968.XSHE,2022-08-05,-1.8500000000000085
601598.XSHG,2022-08-05,-0.08999999999999986
002829.XSHE,2022-08-05,-0.8699999999999903
301070.XSHE,2022-08-05,-0.6099999999999994
002526.XSHE,2022-08-05,-0.2400000000000002
002863.XSHE,2022-08-05,-0.2599999999999998
600550.XSHG,2022-08-05,-1.0700000000000003
688301.XSHG,2022-08-05,-20.79000000000002
300817.XSHE,2022-08-05,-0.7200000000000024
002573.XSHE,2022-08-05,-0.980000000000004
688528.XSHG,2022-08-05,-0.2400000000000002
002340.XSHE,2022-08-05,-4.800000000000011
002483.XSHE,2022-08-05,-0.19000000000000128
002539.XSHE,2022-08-05,-3.3800000000000097
002821.XSHE,2022-08-05,-7.189999999999998
300956.XSHE,2022-08-05,-0.23000000000000043
605005.XSHG,2022-08-05,-0.4200000000000017
300851.XSHE,2022-08-05,-0.6500000000000021
603536.XSHG,2022-08-05,-0.27999999999999936
002911.XSHE,2022-08-05,-2.9299999999999997
300117.XSHE,2022-08-05,-0.740000000000002
688006.XSHG,2022-08-05,-1.9299999999999926
300401.XSHE,2022-08-05,-2.1799999999999926
688701.XSHG,2022-08-05,-0.1899999999999995
002041.XSHE,2022-08-05,-11.329999999999984
300465.XSHE,2022-08-05,-1.6799999999999997
688565.XSHG,2022-08-05,-0.27000000000000135
600903.XSHG,2022-08-05,-0.23000000000000043
688049.XSHG,2022-08-05,-3.190000000000005
605287.XSHG,2022-08-05,-0.33999999999999986
600238.XSHG,2022-08-05,-0.6899999999999977
002932.XSHE,2022-08-05,-3.469999999999999
600268.XSHG,2022-08-05,-1.9099999999999966
603053.XSHG,2022-08-05,-0.16999999999999993
600783.XSHG,2022-08-05,-2.5400000000000063
600094.XSHG,2022-08-05,-0.4499999999999993
688325.XSHG,2022-08-05,-4.769999999999996
603578.XSHG,2022-08-05,-0.5
300658.XSHE,2022-08-05,-0.35999999999999943
002910.XSHE,2022-08-05,-0.14000000000000057
603332.XSHG,2022-08-05,-0.240000000000002
603887.XSHG,2022-08-05,-0.5799999999999983
300668.XSHE,2022-08-05,-0.7800000000000011
688661.XSHG,2022-08-05,-10.240000000000009
002610.XSHE,2022-08-05,-1.0
000626.XSHE,2022-08-05,-7.700000000000003
300965.XSHE,2022-08-05,-0.9599999999999937
300217.XSHE,2022-08-05,-1.4299999999999926
688519.XSHG,2022-08-05,-1.370000000000001
002059.XSHE,2022-08-05,-0.22999999999999865
688193.XSHG,2022-08-05,-1.9799999999999969
603919.XSHG,2022-08-05,-1.230000000000004
301183.XSHE,2022-08-05,-1.4799999999999969
688309.XSHG,2022-08-05,-0.45000000000000107
603568.XSHG,2022-08-05,-5.079999999999998
300777.XSHE,2022-08-05,-0.9399999999999977
300752.XSHE,2022-08-05,-1.7100000000000009
000985.XSHE,2022-08-05,-0.5100000000000016
300858.XSHE,2022-08-05,-1.1499999999999986
605118.XSHG,2022-08-05,-0.7999999999999989
000783.XSHE,2022-08-05,-0.8299999999999983
000698.XSHE,2022-08-05,-0.17999999999999972
601702.XSHG,2022-08-05,-0.3000000000000007
300647.XSHE,2022-08-05,-0.21999999999999886
002077.XSHE,2022-08-05,-0.8800000000000026
003023.XSHE,2022-08-05,-0.33999999999999986
300051.XSHE,2022-08-05,-0.2600000000000051
603716.XSHG,2022-08-05,-0.8100000000000023
300409.XSHE,2022-08-05,-3.990000000000009
301158.XSHE,2022-08-05,-0.26000000000000156
300509.XSHE,2022-08-05,-0.41000000000000014
300457.XSHE,2022-08-05,-2.740000000000009
601727.XSHG,2022-08-05,-0.07000000000000028
002207.XSHE,2022-08-05,-0.25
300083.XSHE,2022-08-05,-1.9699999999999989
002860.XSHE,2022-08-05,-0.9699999999999989
300447.XSHE,2022-08-05,-1.1699999999999875
603369.XSHG,2022-08-05,-1.5100000000000193
000858.XSHE,2022-08-05,-55.25
603199.XSHG,2022-08-05,-0.4499999999999993
002105.XSHE,2022-08-05,-0.1999999999999993
002862.XSHE,2022-08-05,-0.2699999999999996
600582.XSHG,2022-08-05,-3.6599999999999966
300718.XSHE,2022-08-05,-7.010000000000005
300614.XSHE,2022-08-05,-0.5
600306.XSHG,2022-08-05,-0.17999999999999972
688153.XSHG,2022-08-05,-2.990000000000002
600600.XSHG,2022-08-05,-0.4199999999999875
002055.XSHE,2022-08-05,-1.6200000000000045
603100.XSHG,2022-08-05,-0.629999999999999
600350.XSHG,2022-08-05,-0.1899999999999995
688157.XSHG,2022-08-05,-5.049999999999997
000635.XSHE,2022-08-05,-0.13000000000000256
000933.XSHE,2022-08-05,-7.460000000000008
002987.XSHE,2022-08-05,-3.3599999999999994
002168.XSHE,2022-08-05,-0.5999999999999943
002440.XSHE,2022-08-05,-0.7100000000000009
300515.XSHE,2022-08-05,-0.6999999999999993
002449.XSHE,2022-08-05,-1.1899999999999977
000935.XSHE,2022-08-05,-1.4799999999999969
688636.XSHG,2022-08-05,-9.349999999999994
002495.XSHE,2022-08-05,-0.48999999999999844
300213.XSHE,2022-08-05,-0.509999999999998
601611.XSHG,2022-08-05,-0.09999999999999964
600429.XSHG,2022-08-05,-0.20999999999999996
000987.XSHE,2022-08-05,-1.1799999999999997
002064.XSHE,2022-08-05,-2.2299999999999898
002675.XSHE,2022-08-05,-1.6400000000000006
300365.XSHE,2022-08-05,-0.8900000000000006
600886.XSHG,2022-08-05,-6.569999999999993
300451.XSHE,2022-08-05,-5.359999999999999
300285.XSHE,2022-08-05,-17.659999999999968
002378.XSHE,2022-08-05,-0.35999999999999943
300637.XSHE,2022-08-05,-0.5100000000000016
603511.XSHG,2022-08-05,-0.5299999999999976
688625.XSHG,2022-08-05,-2.6899999999999977
600382.XSHG,2022-08-05,-0.370000000000001
002337.XSHE,2022-08-05,0.0
002141.XSHE,2022-08-05,-0.970000000000006
688317.XSHG,2022-08-05,-1.4699999999999989
605305.XSHG,2022-08-05,-0.4900000000000091
600481.XSHG,2022-08-05,-3.339999999999975
605116.XSHG,2022-08-05,-0.9799999999999969
002181.XSHE,2022-08-05,-0.13000000000000078
002292.XSHE,2022-08-05,-0.6300000000000026
002394.XSHE,2022-08-05,-0.38000000000000256
600278.XSHG,2022-08-05,-0.20999999999999908
603225.XSHG,2022-08-05,-0.5600000000000023
002719.XSHE,2022-08-05,-0.2400000000000002
000540.XSHE,2022-08-05,-1.6299999999999955
603393.XSHG,2022-08-05,-1.5200000000000031
603117.XSHG,2022-08-05,-0.06000000000000005
603538.XSHG,2022-08-05,-1.1599999999999966
600905.XSHG,2022-08-05,-0.08999999999999986
000014.XSHE,2022-08-05,-1.3300000000000125
300406.XSHE,2022-08-05,-0.9399999999999977
688190.XSHG,2022-08-05,-0.9400000000000119
300900.XSHE,2022-08-05,-0.9100000000000001
600152.XSHG,2022-08-05,-0.029999999999997584
301257.XSHE,2022-08-05,-0.8499999999999943
300119.XSHE,2022-08-05,-1.3900000000000006
600592.XSHG,2022-08-05,-0.4800000000000004
600116.XSHG,2022-08-05,-1.3299999999999983
300344.XSHE,2022-08-05,-0.3299999999999983
002239.XSHE,2022-08-05,-0.4499999999999993
600642.XSHG,2022-08-05,-1.4500000000000028
000930.XSHE,2022-08-05,-1.009999999999998
603987.XSHG,2022-08-05,-0.6299999999999955
002463.XSHE,2022-08-05,-2.25
601788.XSHG,2022-08-05,-0.41000000000000014
002035.XSHE,2022-08-05,-1.6899999999999977
300236.XSHE,2022-08-05,-6.070000000000007
603060.XSHG,2022-08-05,-0.6300000000000026
688262.XSHG,2022-08-05,-10.150000000000006
002245.XSHE,2022-08-05,-12.950000000000017
002417.XSHE,2022-08-05,0.0
000823.XSHE,2022-08-05,-0.9100000000000037
000039.XSHE,2022-08-05,-7.850000000000023
300758.XSHE,2022-08-05,-1.5100000000000051
300863.XSHE,2022-08-05,-1.0400000000000063
601900.XSHG,2022-08-05,-0.10999999999999943
600265.XSHG,2022-08-05,-0.4200000000000017
600415.XSHG,2022-08-05,-3.329999999999984
300266.XSHE,2022-08-05,-1.5300000000000011
002950.XSHE,2022-08-05,-0.6400000000000006
600337.XSHG,2022-08-05,-0.8299999999999983
002119.XSHE,2022-08-05,-5.0
688259.XSHG,2022-08-05,-6.980000000000004
603208.XSHG,2022-08-05,-1.6300000000000097
688208.XSHG,2022-08-05,-2.219999999999999
301113.XSHE,2022-08-05,-0.35999999999999943
600343.XSHG,2022-08-05,-1.1099999999999994
002850.XSHE,2022-08-05,-5.740000000000009
601888.XSHG,2022-08-05,-12.819999999999993
000898.XSHE,2022-08-05,-0.1999999999999993
002745.XSHE,2022-08-05,-0.7300000000000004
301007.XSHE,2022-08-05,-0.2699999999999996
603976.XSHG,2022-08-05,-0.990000000000002
002243.XSHE,2022-08-05,-0.5899999999999999
688690.XSHG,2022-08-05,-3.019999999999996
688186.XSHG,2022-08-05,-0.8200000000000003
002961.XSHE,2022-08-05,-0.7199999999999989
600593.XSHG,2022-08-05,-0.5
000899.XSHE,2022-08-05,0.0
002388.XSHE,2022-08-05,-0.5
603171.XSHG,2022-08-05,-0.40000000000000213
000046.XSHE,2022-08-05,-0.6799999999999997
600122.XSHG,2022-08-05,-0.11999999999999922
600518.XSHG,2022-08-05,-0.9699999999999989
688191.XSHG,2022-08-05,-0.5199999999999996
300111.XSHE,2022-08-05,-0.1299999999999999
300224.XSHE,2022-08-05,-1.240000000000009
600250.XSHG,2022-08-05,-0.2400000000000002
300925.XSHE,2022-08-05,-1.3900000000000006
603833.XSHG,2022-08-05,-7.390000000000015
002542.XSHE,2022-08-05,-1.3299999999999983
688118.XSHG,2022-08-05,-1.0199999999999996
688566.XSHG,2022-08-05,-0.39000000000000057
300575.XSHE,2022-08-05,-1.0799999999999983
002158.XSHE,2022-08-05,-4.140000000000001
300968.XSHE,2022-08-05,-0.19000000000000128
603366.XSHG,2022-08-05,-0.8800000000000026
603937.XSHG,2022-08-05,-0.3100000000000005
300219.XSHE,2022-08-05,-2.019999999999996
301028.XSHE,2022-08-05,-0.1899999999999995
000402.XSHE,2022-08-05,-4.449999999999989
600243.XSHG,2022-08-05,-0.22999999999999954
300411.XSHE,2022-08-05,-0.6500000000000021
001207.XSHE,2022-08-05,-0.1700000000000017
601811.XSHG,2022-08-05,-0.370000000000001
002497.XSHE,2022-08-05,-5.689999999999998
600078.XSHG,2022-08-05,-2.799999999999997
688290.XSHG,2022-08-05,-2.8299999999999983
600089.XSHG,2022-08-05,-25.090000000000032
600770.XSHG,2022-08-05,-8.810000000000002
002901.XSHE,2022-08-05,-1.75
600050.XSHG,2022-08-05,-0.08000000000000007
603131.XSHG,2022-08-05,-0.519999999999996
688589.XSHG,2022-08-05,-2.8900000000000006
688569.XSHG,2022-08-05,-0.46000000000000085
688551.XSHG,2022-08-05,-1.8900000000000006
300233.XSHE,2022-08-05,-0.7800000000000011
601512.XSHG,2022-08-05,-0.27999999999999936
002334.XSHE,2022-08-05,-2.0200000000000102
300138.XSHE,2022-08-05,-2.319999999999993
603002.XSHG,2022-08-05,-0.39000000000000057
603319.XSHG,2022-08-05,-1.2199999999999989
300598.XSHE,2022-08-05,-6.510000000000005
688019.XSHG,2022-08-05,-20.120000000000005
601666.XSHG,2022-08-05,-0.75
002758.XSHE,2022-08-05,-0.8100000000000023
603179.XSHG,2022-08-05,-1.0999999999999943
603518.XSHG,2022-08-05,-0.1999999999999993
002200.XSHE,2022-08-05,-0.0600000000000005
600630.XSHG,2022-08-05,-0.48999999999999844
601718.XSHG,2022-08-05,-0.04999999999999982
603429.XSHG,2022-08-05,-1.9000000000000057
300455.XSHE,2022-08-05,-1.0100000000000051
300003.XSHE,2022-08-05,-3.1099999999999994
300299.XSHE,2022-08-05,-0.970000000000006
601989.XSHG,2022-08-05,-0.08999999999999986
600233.XSHG,2022-08-05,-1.9100000000000108
600143.XSHG,2022-08-05,-3.6899999999999977
002951.XSHE,2022-08-05,-0.21000000000000085
300191.XSHE,2022-08-05,-2.25
603009.XSHG,2022-08-05,-0.3099999999999987
688488.XSHG,2022-08-05,-0.4399999999999995
300343.XSHE,2022-08-05,-4.009999999999991
002583.XSHE,2022-08-05,-0.8999999999999986
300861.XSHE,2022-08-05,-1.7800000000000011
300109.XSHE,2022-08-05,-2.8700000000000045
300301.XSHE,2022-08-05,-0.4399999999999995
300533.XSHE,2022-08-05,-1.0
600753.XSHG,2022-08-05,-4.640000000000001
002779.XSHE,2022-08-05,-0.7899999999999991
601016.XSHG,2022-08-05,-0.28999999999999915
603698.XSHG,2022-08-05,-0.22999999999999687
300055.XSHE,2022-08-05,-1.7000000000000028
603489.XSHG,2022-08-05,-3.5600000000000023
002853.XSHE,2022-08-05,-2.460000000000001
000538.XSHE,2022-08-05,-17.50999999999999
688365.XSHG,2022-08-05,-0.5199999999999996
002255.XSHE,2022-08-05,-0.4599999999999973
300101.XSHE,2022-08-05,-8.349999999999994
000736.XSHE,2022-08-05,-0.8200000000000003
603659.XSHG,2022-08-05,-3.4799999999999898
301091.XSHE,2022-08-05,-1.0700000000000003
301167.XSHE,2022-08-05,-0.28999999999999915
688136.XSHG,2022-08-05,-0.5299999999999976
002411.XSHE,2022-08-05,0.0
002053.XSHE,2022-08-05,-0.5300000000000011
600230.XSHG,2022-08-05,-0.629999999999999
300677.XSHE,2022-08-05,-5.1699999999999875
603192.XSHG,2022-08-05,-0.740000000000002
600176.XSHG,2022-08-05,-7.319999999999993
603214.XSHG,2022-08-05,-0.41000000000000014
601857.XSHG,2022-08-05,-0.08000000000000007
603392.XSHG,2022-08-05,-8.110000000000014
002554.XSHE,2022-08-05,-0.5700000000000003
600515.XSHG,2022-08-05,-0.16999999999999993
002938.XSHE,2022-08-05,-1.0899999999999963
000607.XSHE,2022-08-05,-0.5600000000000005
301125.XSHE,2022-08-05,-0.6599999999999966
688013.XSHG,2022-08-05,-0.8300000000000018
002211.XSHE,2022-08-05,-0.03000000000000025
603368.XSHG,2022-08-05,-0.6100000000000065
002117.XSHE,2022-08-05,-2.7900000000000063
603587.XSHG,2022-08-05,-0.3000000000000007
002883.XSHE,2022-08-05,-0.75
000798.XSHE,2022-08-05,-0.2699999999999996
300069.XSHE,2022-08-05,-1.5899999999999963
300842.XSHE,2022-08-05,-0.7199999999999989
300582.XSHE,2022-08-05,-1.7100000000000009
603809.XSHG,2022-08-05,-0.4399999999999977
688067.XSHG,2022-08-05,-0.4499999999999993
300238.XSHE,2022-08-05,-0.8599999999999994
300133.XSHE,2022-08-05,-2.549999999999997
300459.XSHE,2022-08-05,-1.2299999999999969
600368.XSHG,2022-08-05,-0.22000000000000064
002886.XSHE,2022-08-05,-0.35999999999999943
300422.XSHE,2022-08-05,-0.6700000000000017
600111.XSHG,2022-08-05,-33.289999999999964
002172.XSHE,2022-08-05,-0.17999999999999972
002872.XSHE,2022-08-05,-0.0699999999999994
600301.XSHG,2022-08-05,-0.3999999999999986
000876.XSHE,2022-08-05,-5.079999999999984
300280.XSHE,2022-08-05,-0.3200000000000003
000498.XSHE,2022-08-05,-0.5199999999999996
002392.XSHE,2022-08-05,-0.6000000000000014
002555.XSHE,2022-08-05,-9.319999999999993
002703.XSHE,2022-08-05,-0.4299999999999997
301049.XSHE,2022-08-05,-0.3000000000000007
002342.XSHE,2022-08-05,-0.120000000000001
600480.XSHG,2022-08-05,-0.629999999999999
000576.XSHE,2022-08-05,-2.969999999999999
300896.XSHE,2022-08-05,-16.090000000000146
603818.XSHG,2022-08-05,-0.879999999999999
000407.XSHE,2022-08-05,-0.8599999999999994
300131.XSHE,2022-08-05,-6.1200000000000045
300845.XSHE,2022-08-05,-0.4200000000000017
301108.XSHE,2022-08-05,-0.9399999999999977
300632.XSHE,2022-08-05,-0.870000000000001
000166.XSHE,2022-08-05,-0.09000000000000075
300314.XSHE,2022-08-05,-0.4899999999999949
000952.XSHE,2022-08-05,-0.25
300809.XSHE,2022-08-05,-0.6799999999999997
002230.XSHE,2022-08-05,-12.330000000000041
000551.XSHE,2022-08-05,-0.8599999999999994
000851.XSHE,2022-08-05,-0.4299999999999997
688179.XSHG,2022-08-05,-3.6400000000000006
603013.XSHG,2022-08-05,-0.35999999999999943
603035.XSHG,2022-08-05,-0.17999999999999972
000869.XSHE,2022-08-05,-2.3799999999999955
002506.XSHE,2022-08-05,-0.7800000000000011
600117.XSHG,2022-08-05,-0.33000000000000007
000959.XSHE,2022-08-05,-0.20999999999999908
600159.XSHG,2022-08-05,-0.16000000000000014
002952.XSHE,2022-08-05,-1.6299999999999955
002486.XSHE,2022-08-05,-0.2900000000000009
002118.XSHE,2022-08-05,-0.490000000000002
002885.XSHE,2022-08-05,0.0
300304.XSHE,2022-08-05,-1.769999999999996
688007.XSHG,2022-08-05,-2.0599999999999987
688321.XSHG,2022-08-05,-1.5599999999999987
002395.XSHE,2022-08-05,-0.1999999999999993
002955.XSHE,2022-08-05,-0.38000000000000256
002518.XSHE,2022-08-05,-4.600000000000023
600971.XSHG,2022-08-05,-1.5499999999999972
603045.XSHG,2022-08-05,-0.6799999999999997
002375.XSHE,2022-08-05,-0.6799999999999997
600766.XSHG,2022-08-05,-0.1700000000000017
600859.XSHG,2022-08-05,-1.9399999999999977
002339.XSHE,2022-08-05,-0.5499999999999972
600017.XSHG,2022-08-05,-0.20000000000000107
002609.XSHE,2022-08-05,-1.4499999999999957
000880.XSHE,2022-08-05,-0.8599999999999994
000962.XSHE,2022-08-05,-1.019999999999996
603109.XSHG,2022-08-05,-0.41999999999999815
002419.XSHE,2022-08-05,-0.629999999999999
300761.XSHE,2022-08-05,-0.7800000000000011
300084.XSHE,2022-08-05,-0.4499999999999993
600211.XSHG,2022-08-05,-2.7900000000000063
301229.XSHE,2022-08-05,-0.9299999999999997
300843.XSHE,2022-08-05,-0.2699999999999996
603800.XSHG,2022-08-05,-1.7800000000000011
002871.XSHE,2022-08-05,-0.3500000000000014
301073.XSHE,2022-08-05,-0.6099999999999994
002822.XSHE,2022-08-05,-0.11999999999999922
688133.XSHG,2022-08-05,-5.889999999999986
603309.XSHG,2022-08-05,-1.1699999999999946
002051.XSHE,2022-08-05,-0.6600000000000037
601155.XSHG,2022-08-05,-0.7300000000000004
002097.XSHE,2022-08-05,-0.5900000000000034
300622.XSHE,2022-08-05,-1.0799999999999983
300358.XSHE,2022-08-05,-2.1199999999999903
002966.XSHE,2022-08-05,-0.15000000000000036
002202.XSHE,2022-08-05,-2.299999999999997
001234.XSHE,2022-08-05,-0.25
603776.XSHG,2022-08-05,-0.8000000000000043
601311.XSHG,2022-08-05,-1.0500000000000043
600875.XSHG,2022-08-05,-1.3299999999999983
002725.XSHE,2022-08-05,-0.8900000000000006
002836.XSHE,2022-08-05,-0.4800000000000004
300181.XSHE,2022-08-05,-1.2099999999999937
600493.XSHG,2022-08-05,-0.16000000000000014
300428.XSHE,2022-08-05,-2.0800000000000125
605178.XSHG,2022-08-05,-0.27999999999999403
300370.XSHE,2022-08-05,-0.8100000000000023
688234.XSHG,2022-08-05,-10.950000000000003
300561.XSHE,2022-08-05,-2.1799999999999997
002599.XSHE,2022-08-05,-0.48999999999999844
300639.XSHE,2022-08-05,-1.6800000000000068
300973.XSHE,2022-08-05,-3.460000000000008
688616.XSHG,2022-08-05,-0.16999999999999993
002439.XSHE,2022-08-05,-12.780000000000001
300835.XSHE,2022-08-05,-1.2800000000000011
002364.XSHE,2022-08-05,-0.5899999999999963
605218.XSHG,2022-08-05,-0.45000000000000107
603885.XSHG,2022-08-05,-0.7700000000000031
300522.XSHE,2022-08-05,-2.8599999999999994
688010.XSHG,2022-08-05,-0.5700000000000003
300061.XSHE,2022-08-05,-1.3999999999999986
603866.XSHG,2022-08-05,-1.3300000000000054
600072.XSHG,2022-08-05,-1.1499999999999986
002566.XSHE,2022-08-05,-0.5600000000000023
688192.XSHG,2022-08-05,-3.030000000000001
002887.XSHE,2022-08-05,-0.46000000000000085
002175.XSHE,2022-08-05,-0.389999999999997
300066.XSHE,2022-08-05,-2.5400000000000205
300943.XSHE,2022-08-05,-1.2999999999999972
603222.XSHG,2022-08-05,-0.40000000000000213
002575.XSHE,2022-08-05,-2.240000000000002
002534.XSHE,2022-08-05,-1.6600000000000037
000751.XSHE,2022-08-05,-0.3800000000000008
300912.XSHE,2022-08-05,-0.4499999999999993
688323.XSHG,2022-08-05,-0.6999999999999993
002927.XSHE,2022-08-05,-0.5399999999999991
601869.XSHG,2022-08-05,-0.4100000000000037
601229.XSHG,2022-08-05,-0.17999999999999972
002717.XSHE,2022-08-05,-0.6700000000000017
300317.XSHE,2022-08-05,-0.35999999999999943
300559.XSHE,2022-08-05,-1.2000000000000028
300462.XSHE,2022-08-05,-0.6500000000000021
300057.XSHE,2022-08-05,-0.7800000000000011
300895.XSHE,2022-08-05,-0.9299999999999997
300581.XSHE,2022-08-05,-2.9799999999999898
300906.XSHE,2022-08-05,-0.6500000000000021
300067.XSHE,2022-08-05,-0.3299999999999983
002907.XSHE,2022-08-05,-0.23000000000000043
002367.XSHE,2022-08-05,-5.659999999999997
002490.XSHE,2022-08-05,-0.13999999999999968
300132.XSHE,2022-08-05,-0.9799999999999969
002774.XSHE,2022-08-05,-0.16999999999999993
300212.XSHE,2022-08-05,-6.5
300355.XSHE,2022-08-05,-0.7100000000000009
300774.XSHE,2022-08-05,-0.129999999999999
601686.XSHG,2022-08-05,-0.22000000000000064
002040.XSHE,2022-08-05,-0.2699999999999996
601126.XSHG,2022-08-05,-1.9099999999999966
300790.XSHE,2022-08-05,-0.75
300724.XSHE,2022-08-05,-1.7300000000000182
600528.XSHG,2022-08-05,-0.7899999999999991
002626.XSHE,2022-08-05,-2.25
600867.XSHG,2022-08-05,-8.140000000000043
601567.XSHG,2022-08-05,-1.5300000000000011
002134.XSHE,2022-08-05,-0.2400000000000002
300399.XSHE,2022-08-05,-1.0399999999999991
002522.XSHE,2022-08-05,-0.9399999999999977
300078.XSHE,2022-08-05,-1.3999999999999915
300419.XSHE,2022-08-05,-1.230000000000004
002163.XSHE,2022-08-05,-1.0700000000000003
300261.XSHE,2022-08-05,-1.5799999999999983
688261.XSHG,2022-08-05,-21.109999999999957
600658.XSHG,2022-08-05,-1.1499999999999986
001236.XSHE,2022-08-05,-0.4500000000000002
002469.XSHE,2022-08-05,-1.0700000000000003
603189.XSHG,2022-08-05,-0.39000000000000057
300686.XSHE,2022-08-05,-0.39000000000000057
002893.XSHE,2022-08-05,-0.3100000000000005
300136.XSHE,2022-08-05,-6.189999999999998
300303.XSHE,2022-08-05,-3.549999999999997
300268.XSHE,2022-08-05,-2.980000000000004
301178.XSHE,2022-08-05,-1.5399999999999991
688002.XSHG,2022-08-05,-7.159999999999997
002030.XSHE,2022-08-05,-7.819999999999993
603920.XSHG,2022-08-05,-0.9299999999999997
688575.XSHG,2022-08-05,-0.3500000000000014
603209.XSHG,2022-08-05,-0.25
301092.XSHE,2022-08-05,-0.6799999999999997
603444.XSHG,2022-08-05,-7.640000000000043
002919.XSHE,2022-08-05,-1.4600000000000009
300960.XSHE,2022-08-05,-0.6500000000000021
605168.XSHG,2022-08-05,-4.989999999999981
000598.XSHE,2022-08-05,-1.4599999999999795
300415.XSHE,2022-08-05,-1.6300000000000097
600817.XSHG,2022-08-05,-0.9600000000000009
600587.XSHG,2022-08-05,-2.9299999999999926
300631.XSHE,2022-08-05,-1.4600000000000009
300235.XSHE,2022-08-05,-1.480000000000004
300984.XSHE,2022-08-05,-0.3399999999999963
688318.XSHG,2022-08-05,-11.02000000000001
603656.XSHG,2022-08-05,-0.9799999999999969
002878.XSHE,2022-08-05,-1.7000000000000028
603566.XSHG,2022-08-05,-1.2000000000000028
600225.XSHG,2022-08-05,-0.2599999999999998
603358.XSHG,2022-08-05,-0.5
000996.XSHE,2022-08-05,-0.7300000000000004
000592.XSHE,2022-08-05,-0.2699999999999996
600973.XSHG,2022-08-05,-1.0599999999999952
301308.XSHE,2022-08-05,-17.819999999999993
300096.XSHE,2022-08-05,-0.7100000000000009
000669.XSHE,2022-08-05,-0.09999999999999964
300102.XSHE,2022-08-05,-1.519999999999996
600269.XSHG,2022-08-05,-0.6400000000000006
601100.XSHG,2022-08-05,-4.430000000000007
603825.XSHG,2022-08-05,-0.8699999999999974
688077.XSHG,2022-08-05,-2.510000000000005
300207.XSHE,2022-08-05,-4.349999999999994
002502.XSHE,2022-08-05,-0.26000000000000156
002192.XSHE,2022-08-05,-25.189999999999998
000887.XSHE,2022-08-05,-6.199999999999989
600545.XSHG,2022-08-05,-0.20999999999999908
603826.XSHG,2022-08-05,-2.680000000000007
688239.XSHG,2022-08-05,-4.710000000000008
002280.XSHE,2022-08-05,-0.9399999999999977
000514.XSHE,2022-08-05,-0.3099999999999987
300553.XSHE,2022-08-05,-0.769999999999996
000571.XSHE,2022-08-05,-0.5899999999999999
002356.XSHE,2022-08-05,-0.48999999999999844
003033.XSHE,2022-08-05,-0.730000000000004
600663.XSHG,2022-08-05,-1.5300000000000011
603712.XSHG,2022-08-05,-0.2900000000000027
003009.XSHE,2022-08-05,-1.0300000000000011
600170.XSHG,2022-08-05,-0.6900000000000048
600356.XSHG,2022-08-05,-0.2400000000000002
002425.XSHE,2022-08-05,-0.7600000000000016
600060.XSHG,2022-08-05,-1.8500000000000085
300608.XSHE,2022-08-05,-0.6899999999999977
002825.XSHE,2022-08-05,-0.6700000000000017
603786.XSHG,2022-08-05,-0.9399999999999977
688395.XSHG,2022-08-05,-0.5299999999999976
300839.XSHE,2022-08-05,-0.5199999999999996
605060.XSHG,2022-08-05,-0.5
301168.XSHE,2022-08-05,-1.0
000016.XSHE,2022-08-05,-9.250000000000014
688669.XSHG,2022-08-05,-0.8999999999999986
000001.XSHE,2022-08-05,-40.88999999999987
002249.XSHE,2022-08-05,-2.489999999999995
002472.XSHE,2022-08-05,-5.019999999999982
600888.XSHG,2022-08-05,-3.930000000000007
600808.XSHG,2022-08-05,-0.1800000000000006
603985.XSHG,2022-08-05,-3.3300000000000125
688665.XSHG,2022-08-05,-4.969999999999999
688226.XSHG,2022-08-05,-0.41999999999999993
000957.XSHE,2022-08-05,-0.6599999999999966
300885.XSHE,2022-08-05,-0.6699999999999946
688349.XSHG,2022-08-05,-1.1400000000000006
002138.XSHE,2022-08-05,-6.1299999999999955
600136.XSHG,2022-08-05,-0.20000000000000018
600496.XSHG,2022-08-05,-1.4100000000000037
002435.XSHE,2022-08-05,-0.8099999999999987
002379.XSHE,2022-08-05,-0.25
688160.XSHG,2022-08-05,-0.5300000000000011
300866.XSHE,2022-08-05,-1.1500000000000057
603997.XSHG,2022-08-05,-0.33999999999999986
300687.XSHE,2022-08-05,-5.490000000000009
000012.XSHE,2022-08-05,-4.680000000000007
002406.XSHE,2022-08-05,-0.48999999999999844
600751.XSHG,2022-08-05,-0.3800000000000008
002615.XSHE,2022-08-05,-0.9099999999999966
002587.XSHE,2022-08-05,-1.0500000000000043
601208.XSHG,2022-08-05,-1.0399999999999991
300495.XSHE,2022-08-05,-2.2300000000000004
002442.XSHE,2022-08-05,-0.1999999999999993
000712.XSHE,2022-08-05,-4.600000000000023
000792.XSHE,2022-08-05,-5.97999999999999
603660.XSHG,2022-08-05,-0.33000000000000007
300016.XSHE,2022-08-05,-1.1999999999999957
688113.XSHG,2022-08-05,-1.5300000000000011
603529.XSHG,2022-08-05,-1.6799999999999926
600405.XSHG,2022-08-05,-1.1400000000000006
600173.XSHG,2022-08-05,-0.379999999999999
688628.XSHG,2022-08-05,-0.8800000000000026
300739.XSHE,2022-08-05,-1.980000000000004
600666.XSHG,2022-08-05,-0.120000000000001
001219.XSHE,2022-08-05,-0.7899999999999991
000638.XSHE,2022-08-05,-0.4499999999999993
600360.XSHG,2022-08-05,-4.789999999999999
603960.XSHG,2022-08-05,-0.6000000000000085
603289.XSHG,2022-08-05,-0.26000000000000156
601568.XSHG,2022-08-05,-0.10000000000000053
603318.XSHG,2022-08-05,-0.8499999999999979
603601.XSHG,2022-08-05,-2.9399999999999977
688375.XSHG,2022-08-05,-15.579999999999998
301003.XSHE,2022-08-05,-0.6000000000000014
300992.XSHE,2022-08-05,-0.5500000000000007
002461.XSHE,2022-08-05,-0.1999999999999993
002289.XSHE,2022-08-05,-0.26000000000000156
002491.XSHE,2022-08-05,-1.3500000000000014
600340.XSHG,2022-08-05,-1.2199999999999989
603071.XSHG,2022-08-05,-0.2799999999999976
603726.XSHG,2022-08-05,-3.2399999999999984
603010.XSHG,2022-08-05,-1.6800000000000068
300633.XSHE,2022-08-05,-0.8599999999999994
300413.XSHE,2022-08-05,-2.9199999999999946
002056.XSHE,2022-08-05,-4.689999999999998
601212.XSHG,2022-08-05,-0.10999999999999988
002702.XSHE,2022-08-05,-0.5700000000000003
002817.XSHE,2022-08-05,-0.879999999999999
300663.XSHE,2022-08-05,-2.0999999999999943
300310.XSHE,2022-08-05,-0.8500000000000014
300440.XSHE,2022-08-05,-0.629999999999999
002517.XSHE,2022-08-05,-2.6199999999999974
002620.XSHE,2022-08-05,-0.370000000000001
600120.XSHG,2022-08-05,-16.560000000000002
300751.XSHE,2022-08-05,-21.019999999999982
600548.XSHG,2022-08-05,-0.379999999999999
688337.XSHG,2022-08-05,-3.180000000000007
300254.XSHE,2022-08-05,-0.120000000000001
600358.XSHG,2022-08-05,-0.5700000000000003
301218.XSHE,2022-08-05,-1.490000000000002
300105.XSHE,2022-08-05,-0.6899999999999977
603308.XSHG,2022-08-05,-0.4700000000000024
600130.XSHG,2022-08-05,-0.4200000000000017
688663.XSHG,2022-08-05,-0.6300000000000026
300826.XSHE,2022-08-05,-0.5899999999999999
603931.XSHG,2022-08-05,-2.690000000000005
002933.XSHE,2022-08-05,-0.4799999999999969
300864.XSHE,2022-08-05,-1.8700000000000045
603016.XSHG,2022-08-05,-0.48999999999999844
300532.XSHE,2022-08-05,-0.8599999999999994
600633.XSHG,2022-08-05,-1.509999999999998
600328.XSHG,2022-08-05,-1.490000000000002
605183.XSHG,2022-08-05,-0.41000000000000014
000718.XSHE,2022-08-05,-0.4200000000000017
600982.XSHG,2022-08-05,-0.39000000000000057
300113.XSHE,2022-08-05,-6.909999999999997
600748.XSHG,2022-08-05,-0.46000000000000085
688377.XSHG,2022-08-05,-1.6799999999999997
000056.XSHE,2022-08-05,-2.5
000504.XSHE,2022-08-05,-1.3900000000000006
600206.XSHG,2022-08-05,-4.3799999999999955
603303.XSHG,2022-08-05,-1.9400000000000013
002399.XSHE,2022-08-05,-1.4399999999999977
300342.XSHE,2022-08-05,-0.6100000000000065
603389.XSHG,2022-08-05,-0.13999999999999968
603790.XSHG,2022-08-05,-0.40000000000000036
688032.XSHG,2022-08-05,-9.420000000000073
300730.XSHE,2022-08-05,-1.0899999999999999
600085.XSHG,2022-08-05,-4.159999999999968
002940.XSHE,2022-08-05,-1.1799999999999997
000825.XSHE,2022-08-05,-1.0599999999999952
301042.XSHE,2022-08-05,-0.6899999999999977
600861.XSHG,2022-08-05,-0.9200000000000017
002632.XSHE,2022-08-05,-0.5200000000000031
001217.XSHE,2022-08-05,-0.15000000000000036
688158.XSHG,2022-08-05,-0.7200000000000006
600351.XSHG,2022-08-05,-0.980000000000004
002100.XSHE,2022-08-05,-3.25
002868.XSHE,2022-08-05,0.0
603116.XSHG,2022-08-05,-0.16999999999999993
603701.XSHG,2022-08-05,-1.0700000000000003
002110.XSHE,2022-08-05,-0.21999999999999886
000719.XSHE,2022-08-05,-0.370000000000001
301120.XSHE,2022-08-05,-0.4800000000000004
603089.XSHG,2022-08-05,-0.35999999999999943
000960.XSHE,2022-08-05,-1.75
688311.XSHG,2022-08-05,-5.02000000000001
603168.XSHG,2022-08-05,-1.0399999999999991
002487.XSHE,2022-08-05,-5.3700000000000045
688012.XSHG,2022-08-05,-11.490000000000009
002519.XSHE,2022-08-05,-1.490000000000002
000811.XSHE,2022-08-05,-4.309999999999974
301312.XSHE,2022-08-05,-19.27000000000001
603823.XSHG,2022-08-05,-2.1999999999999993
600433.XSHG,2022-08-05,-0.3299999999999983
603213.XSHG,2022-08-05,-0.1899999999999995
000859.XSHE,2022-08-05,-1.0600000000000023
600857.XSHG,2022-08-05,-1.0999999999999943
300332.XSHE,2022-08-05,-0.3100000000000023
603609.XSHG,2022-08-05,-0.240000000000002
300748.XSHE,2022-08-05,-1.5700000000000074
600478.XSHG,2022-08-05,-1.529999999999987
002122.XSHE,2022-08-05,-0.25
300983.XSHE,2022-08-05,-0.8399999999999963
002515.XSHE,2022-08-05,-0.6599999999999966
601818.XSHG,2022-08-05,-0.040000000000000036
688580.XSHG,2022-08-05,-1.5499999999999972
600797.XSHG,2022-08-05,-3.410000000000011
688521.XSHG,2022-08-05,-5.57
601216.XSHG,2022-08-05,-1.0900000000000034
300571.XSHE,2022-08-05,-2.390000000000015
002876.XSHE,2022-08-05,-6.069999999999993
002144.XSHE,2022-08-05,-0.09999999999999964
601188.XSHG,2022-08-05,-0.040000000000000036
601328.XSHG,2022-08-05,-0.08999999999999986
002341.XSHE,2022-08-05,-0.5800000000000054
600249.XSHG,2022-08-05,-0.34999999999999787
000558.XSHE,2022-08-05,-0.259999999999998
002633.XSHE,2022-08-05,-0.28000000000000114
002743.XSHE,2022-08-05,-0.16999999999999993
605020.XSHG,2022-08-05,-0.9299999999999997
688257.XSHG,2022-08-05,-1.269999999999996
600927.XSHG,2022-08-05,-0.5399999999999991
301288.XSHE,2022-08-05,-0.5500000000000007
603279.XSHG,2022-08-05,-0.8299999999999983
300243.XSHE,2022-08-05,-1.1800000000000068
002266.XSHE,2022-08-05,-1.2399999999999949
601882.XSHG,2022-08-05,-0.3200000000000003
603115.XSHG,2022-08-05,-0.5799999999999983
600416.XSHG,2022-08-05,-6.3700000000000045
601211.XSHG,2022-08-05,-0.3200000000000003
301302.XSHE,2022-08-05,-4.240000000000009
300659.XSHE,2022-08-05,-3.279999999999994
688008.XSHG,2022-08-05,-4.310000000000002
002234.XSHE,2022-08-05,-0.5700000000000003
001216.XSHE,2022-08-05,-0.25
300989.XSHE,2022-08-05,-0.980000000000004
600887.XSHG,2022-08-05,-76.48000000000002
002169.XSHE,2022-08-05,-2.5700000000000074
601006.XSHG,2022-08-05,-0.13000000000000078
603042.XSHG,2022-08-05,-0.13000000000000078
605228.XSHG,2022-08-05,-0.21999999999999886
002029.XSHE,2022-08-05,-1.0
002429.XSHE,2022-08-05,-1.7999999999999972
603681.XSHG,2022-08-05,-1.3200000000000003
605339.XSHG,2022-08-05,-0.6799999999999997
600467.XSHG,2022-08-05,-0.36999999999999744
000155.XSHE,2022-08-05,-1.3400000000000034
300010.XSHE,2022-08-05,-0.21000000000000085
300938.XSHE,2022-08-05,-0.8299999999999983
002846.XSHE,2022-08-05,-0.08000000000000185
603890.XSHG,2022-08-05,-0.5799999999999983
300180.XSHE,2022-08-05,-0.5
688686.XSHG,2022-08-05,-5.0
688022.XSHG,2022-08-05,-2.1199999999999903
601916.XSHG,2022-08-05,-0.06000000000000005
002083.XSHE,2022-08-05,-0.40000000000000036
301193.XSHE,2022-08-05,-0.870000000000001
300805.XSHE,2022-08-05,-0.3099999999999996
002182.XSHE,2022-08-05,-1.5400000000000063
603167.XSHG,2022-08-05,-0.08999999999999986
688371.XSHG,2022-08-05,-4.530000000000001
603678.XSHG,2022-08-05,-4.730000000000018
603267.XSHG,2022-08-05,-7.9199999999999875
000539.XSHE,2022-08-05,-1.3299999999999983
301068.XSHE,2022-08-05,-0.5500000000000007
301024.XSHE,2022-08-05,-0.4100000000000037
001209.XSHE,2022-08-05,-0.2699999999999996
600975.XSHG,2022-08-05,-1.5399999999999991
300915.XSHE,2022-08-05,-1.7700000000000031
300323.XSHE,2022-08-05,-1.25
300948.XSHE,2022-08-05,-0.3299999999999983
603011.XSHG,2022-08-05,-0.27000000000000135
002656.XSHE,2022-08-05,-0.2599999999999998
300890.XSHE,2022-08-05,-1.75
301040.XSHE,2022-08-05,-0.6099999999999994
600028.XSHG,2022-08-05,-0.10999999999999943
603608.XSHG,2022-08-05,-0.11000000000000032
688728.XSHG,2022-08-05,-1.8299999999999983
003010.XSHE,2022-08-05,-0.379999999999999
600822.XSHG,2022-08-05,-0.2699999999999996
300972.XSHE,2022-08-05,-0.15000000000000036
300388.XSHE,2022-08-05,-0.46999999999999886
000715.XSHE,2022-08-05,-0.35999999999999943
002812.XSHE,2022-08-05,-11.809999999999945
300624.XSHE,2022-08-05,-2.809999999999995
300247.XSHE,2022-08-05,-0.4499999999999993
688004.XSHG,2022-08-05,-1.1500000000000021
001317.XSHE,2022-08-05,-0.9499999999999957
002081.XSHE,2022-08-05,-3.3100000000000023
601890.XSHG,2022-08-05,-0.45000000000000284
300498.XSHE,2022-08-05,-1.1400000000000006
300507.XSHE,2022-08-05,-1.5799999999999983
000521.XSHE,2022-08-05,-0.3000000000000007
300077.XSHE,2022-08-05,-3.9200000000000017
300027.XSHE,2022-08-05,-1.0600000000000023
301019.XSHE,2022-08-05,-0.7299999999999969
605186.XSHG,2022-08-05,-1.3000000000000007
300215.XSHE,2022-08-05,-2.0600000000000023
300585.XSHE,2022-08-05,-0.3200000000000003
300797.XSHE,2022-08-05,-0.27999999999999936
000875.XSHE,2022-08-05,-0.14000000000000057
300616.XSHE,2022-08-05,-1.6400000000000006
002190.XSHE,2022-08-05,-2.7900000000000063
300081.XSHE,2022-08-05,-0.759999999999998
000702.XSHE,2022-08-05,-0.41999999999999993
000720.XSHE,2022-08-05,-0.509999999999998
600622.XSHG,2022-08-05,-17.710000000000036
688096.XSHG,2022-08-05,-0.20000000000000107
600444.XSHG,2022-08-05,-0.46999999999999886
688380.XSHG,2022-08-05,-10.14
300107.XSHE,2022-08-05,-0.769999999999996
003031.XSHE,2022-08-05,-5.710000000000008
603217.XSHG,2022-08-05,-1.2900000000000063
603801.XSHG,2022-08-05,-1.1000000000000014
000619.XSHE,2022-08-05,-1.6799999999999926
603127.XSHG,2022-08-05,-5.599999999999966
300199.XSHE,2022-08-05,-0.8399999999999892
600426.XSHG,2022-08-05,-6.789999999999964
688326.XSHG,2022-08-05,-1.8900000000000148
002538.XSHE,2022-08-05,-0.6300000000000026
603717.XSHG,2022-08-05,-0.2699999999999996
688178.XSHG,2022-08-05,-0.43000000000000327
601880.XSHG,2022-08-05,-0.05000000000000071
002068.XSHE,2022-08-05,-2.200000000000003
300485.XSHE,2022-08-05,-0.8800000000000026
002688.XSHE,2022-08-05,-0.5899999999999999
301082.XSHE,2022-08-05,-0.35999999999999943
002479.XSHE,2022-08-05,-0.28999999999999915
300619.XSHE,2022-08-05,-1.5899999999999892
300070.XSHE,2022-08-05,-1.4899999999999949
300426.XSHE,2022-08-05,-1.0600000000000023
000680.XSHE,2022-08-05,-0.5799999999999983
300054.XSHE,2022-08-05,-25.519999999999982
300017.XSHE,2022-08-05,-7.109999999999999
002766.XSHE,2022-08-05,-0.20000000000000107
605298.XSHG,2022-08-05,-0.28999999999999915
002777.XSHE,2022-08-05,-2.549999999999997
603066.XSHG,2022-08-05,-0.7600000000000016
300423.XSHE,2022-08-05,-0.7100000000000009
000066.XSHE,2022-08-05,-7.189999999999998
301182.XSHE,2022-08-05,-0.509999999999998
002160.XSHE,2022-08-05,-0.6899999999999995
600333.XSHG,2022-08-05,-0.1899999999999995
605068.XSHG,2022-08-05,-0.2900000000000027
688048.XSHG,2022-08-05,-2.509999999999991
600084.XSHG,2022-08-05,-2.519999999999996
301089.XSHE,2022-08-05,-1.6099999999999994
300526.XSHE,2022-08-05,-0.5399999999999991
605377.XSHG,2022-08-05,-1.009999999999998
600879.XSHG,2022-08-05,-4.75
603496.XSHG,2022-08-05,-0.4299999999999997
002315.XSHE,2022-08-05,-1.6199999999999974
600714.XSHG,2022-08-05,-0.5700000000000003
000050.XSHE,2022-08-05,-2.549999999999997
600067.XSHG,2022-08-05,-1.1200000000000045
000815.XSHE,2022-08-05,-1.25
601099.XSHG,2022-08-05,-0.22999999999999954
000711.XSHE,2022-08-05,-0.3999999999999986
300865.XSHE,2022-08-05,-0.3200000000000003
605008.XSHG,2022-08-05,-1.0199999999999996
600489.XSHG,2022-08-05,-2.4799999999999898
600353.XSHG,2022-08-05,-0.5999999999999943
688233.XSHG,2022-08-05,-4.75
000716.XSHE,2022-08-05,-0.16000000000000014
600025.XSHG,2022-08-05,-0.120000000000001
600366.XSHG,2022-08-05,-4.230000000000018
002565.XSHE,2022-08-05,-0.1700000000000017
603101.XSHG,2022-08-05,-0.3000000000000007
002381.XSHE,2022-08-05,-0.7100000000000009
600732.XSHG,2022-08-05,-2.890000000000015
300957.XSHE,2022-08-05,-5.409999999999997
002157.XSHE,2022-08-05,-2.1199999999999903
603533.XSHG,2022-08-05,-0.48999999999999844
600477.XSHG,2022-08-05,-0.3200000000000216
002360.XSHE,2022-08-05,-0.8299999999999983
300940.XSHE,2022-08-05,-0.5600000000000023
002246.XSHE,2022-08-05,-0.20999999999999908
301248.XSHE,2022-08-05,-1.1600000000000037
603669.XSHG,2022-08-05,-0.34999999999999787
300720.XSHE,2022-08-05,-1.980000000000004
002210.XSHE,2022-08-05,-0.620000000000001
601728.XSHG,2022-08-05,-0.03000000000000025
601101.XSHG,2022-08-05,-0.5299999999999976
688047.XSHG,2022-08-05,-17.939999999999998
002658.XSHE,2022-08-05,-0.5
300946.XSHE,2022-08-05,-1.0499999999999972
300020.XSHE,2022-08-05,-1.509999999999998
603898.XSHG,2022-08-05,-0.20000000000000284
600098.XSHG,2022-08-05,-0.5100000000000016
600919.XSHG,2022-08-05,-0.20000000000000107
688201.XSHG,2022-08-05,-4.159999999999997
603331.XSHG,2022-08-05,-0.14999999999999858
603797.XSHG,2022-08-05,-0.28000000000000114
603708.XSHG,2022-08-05,-0.23999999999999844
002582.XSHE,2022-08-05,-0.41000000000000014
688102.XSHG,2022-08-05,-0.25
300349.XSHE,2022-08-05,-1.2199999999999989
002947.XSHE,2022-08-05,-2.3999999999999986
002275.XSHE,2022-08-05,-0.6199999999999974
002727.XSHE,2022-08-05,-2.039999999999999
688090.XSHG,2022-08-05,-1.0399999999999991
002771.XSHE,2022-08-05,-0.6900000000000013
300297.XSHE,2022-08-05,-0.17999999999999972
603603.XSHG,2022-08-05,0.0
000032.XSHE,2022-08-05,-5.920000000000002
300727.XSHE,2022-08-05,-1.019999999999996
600039.XSHG,2022-08-05,-1.6299999999999955
600346.XSHG,2022-08-05,-5.239999999999981
603998.XSHG,2022-08-05,-0.33000000000000185
300324.XSHE,2022-08-05,-1.75
002079.XSHE,2022-08-05,-5.700000000000003
601068.XSHG,2022-08-05,-0.1299999999999999
601658.XSHG,2022-08-05,-0.08999999999999986
688112.XSHG,2022-08-05,-2.8699999999999903
600595.XSHG,2022-08-05,-0.5599999999999987
300917.XSHE,2022-08-05,-0.9600000000000009
002436.XSHE,2022-08-05,-17.590000000000003
300878.XSHE,2022-08-05,-0.5800000000000054
002088.XSHE,2022-08-05,-0.7599999999999909
600963.XSHG,2022-08-05,-0.5500000000000007
600765.XSHG,2022-08-05,-7.029999999999973
603086.XSHG,2022-08-05,-1.7199999999999989
002797.XSHE,2022-08-05,-0.2400000000000002
300546.XSHE,2022-08-05,-1.9500000000000028
601198.XSHG,2022-08-05,-0.22000000000000064
601933.XSHG,2022-08-05,-0.8299999999999983
603991.XSHG,2022-08-05,-2.3699999999999974
002109.XSHE,2022-08-05,-0.379999999999999
300733.XSHE,2022-08-05,-0.40000000000000213
002643.XSHE,2022-08-05,-2.9000000000000057
300891.XSHE,2022-08-05,-0.25
300645.XSHE,2022-08-05,-1.6699999999999946
603757.XSHG,2022-08-05,-0.740000000000002
601800.XSHG,2022-08-05,-0.19000000000000128
600618.XSHG,2022-08-05,-5.760000000000048
600898.XSHG,2022-08-05,-0.3299999999999983
000633.XSHE,2022-08-05,-0.6000000000000014
002458.XSHE,2022-08-05,-1.1600000000000108
601886.XSHG,2022-08-05,-0.3099999999999987
300018.XSHE,2022-08-05,-0.7299999999999969
300706.XSHE,2022-08-05,-3.3799999999999955
601069.XSHG,2022-08-05,-0.35999999999999943
603458.XSHG,2022-08-05,-0.4499999999999993
300564.XSHE,2022-08-05,-0.34999999999999787
605089.XSHG,2022-08-05,-0.5800000000000054
003037.XSHE,2022-08-05,-0.1899999999999995
002562.XSHE,2022-08-05,-0.740000000000002
600750.XSHG,2022-08-05,-2.099999999999966
002301.XSHE,2022-08-05,-1.0700000000000003
688086.XSHG,2022-08-05,-0.7800000000000002
002273.XSHE,2022-08-05,-0.7199999999999989
600210.XSHG,2022-08-05,-1.1600000000000037
300500.XSHE,2022-08-05,-0.6499999999999986
301163.XSHE,2022-08-05,-2.0
002269.XSHE,2022-08-05,-0.13999999999999968
001267.XSHE,2022-08-05,-0.0699999999999994
002576.XSHE,2022-08-05,-1.2700000000000031
002076.XSHE,2022-08-05,-0.28000000000000114
603099.XSHG,2022-08-05,-0.16999999999999993
603843.XSHG,2022-08-05,-0.07000000000000028
603220.XSHG,2022-08-05,-0.39000000000000057
300977.XSHE,2022-08-05,-0.8400000000000034
301138.XSHE,2022-08-05,-0.519999999999996
002946.XSHE,2022-08-05,-0.129999999999999
002355.XSHE,2022-08-05,-0.11000000000000121
000065.XSHE,2022-08-05,-2.999999999999986
605555.XSHG,2022-08-05,-0.990000000000002
301081.XSHE,2022-08-05,-0.13000000000000078
688105.XSHG,2022-08-05,-6.989999999999995
688338.XSHG,2022-08-05,-1.230000000000004
300868.XSHE,2022-08-05,-0.33999999999999986
600191.XSHG,2022-08-05,-0.4900000000000002
300435.XSHE,2022-08-05,-1.2899999999999991
688289.XSHG,2022-08-05,-1.8700000000000045
002568.XSHE,2022-08-05,-7.189999999999998
300159.XSHE,2022-08-05,-1.1000000000000014
600369.XSHG,2022-08-05,-0.5
000682.XSHE,2022-08-05,-3.010000000000005
600992.XSHG,2022-08-05,-0.4400000000000013
000912.XSHE,2022-08-05,-0.2400000000000002
300521.XSHE,2022-08-05,-1.7800000000000011
600821.XSHG,2022-08-05,-0.4700000000000024
000777.XSHE,2022-08-05,-1.3499999999999943
300377.XSHE,2022-08-05,-4.090000000000003
603528.XSHG,2022-08-05,-0.9000000000000021
688369.XSHG,2022-08-05,-1.5700000000000003
002034.XSHE,2022-08-05,-2.009999999999991
600193.XSHG,2022-08-05,-1.2700000000000031
000818.XSHE,2022-08-05,-1.7399999999999949
603520.XSHG,2022-08-05,-1.9500000000000028
301037.XSHE,2022-08-05,-0.4499999999999993
000927.XSHE,2022-08-05,-0.0600000000000005
603380.XSHG,2022-08-05,-1.0600000000000023
000049.XSHE,2022-08-05,-16.139999999999986
300893.XSHE,2022-08-05,-1.0100000000000051
601177.XSHG,2022-08-05,-0.09999999999999964
300787.XSHE,2022-08-05,-1.769999999999996
300750.XSHE,2022-08-05,-10.689999999999998
300811.XSHE,2022-08-05,-5.099999999999994
000725.XSHE,2022-08-05,-0.46999999999999886
300528.XSHE,2022-08-05,-0.09000000000000075
002206.XSHE,2022-08-05,-1.8100000000000023
603499.XSHG,2022-08-05,-0.4399999999999995
605128.XSHG,2022-08-05,-1.1900000000000048
600758.XSHG,2022-08-05,-0.2599999999999998
300995.XSHE,2022-08-05,-0.46999999999999886
002125.XSHE,2022-08-05,-2.950000000000003
002959.XSHE,2022-08-05,-1.2000000000000028
688568.XSHG,2022-08-05,-1.7000000000000028
002022.XSHE,2022-08-05,-0.37999999999999545
688367.XSHG,2022-08-05,-0.5199999999999996
300450.XSHE,2022-08-05,-20.079999999999927
600575.XSHG,2022-08-05,-0.9200000000000017
000048.XSHE,2022-08-05,-2.1500000000000057
002612.XSHE,2022-08-05,-0.9499999999999886
600966.XSHG,2022-08-05,-1.6099999999999994
603321.XSHG,2022-08-05,-0.17999999999999972
300695.XSHE,2022-08-05,-1.0799999999999983
688711.XSHG,2022-08-05,-7.640000000000001
300877.XSHE,2022-08-05,-0.22000000000000242
300106.XSHE,2022-08-05,-0.1999999999999993
300660.XSHE,2022-08-05,-1.5700000000000074
600774.XSHG,2022-08-05,-1.1000000000000085
002939.XSHE,2022-08-05,-0.3100000000000005
301080.XSHE,2022-08-05,-6.1200000000000045
002628.XSHE,2022-08-05,-0.2599999999999998
301195.XSHE,2022-08-05,-3.5400000000000063
688148.XSHG,2022-08-05,-1.2100000000000009
002556.XSHE,2022-08-05,-0.7299999999999969
300854.XSHE,2022-08-05,-0.34999999999999787
688207.XSHG,2022-08-05,-1.2800000000000011
600929.XSHG,2022-08-05,-0.26000000000000156
300684.XSHE,2022-08-05,-0.9500000000000028
603992.XSHG,2022-08-05,-0.1999999999999993
002520.XSHE,2022-08-05,-2.8599999999999994
300397.XSHE,2022-08-05,-3.1100000000000065
300429.XSHE,2022-08-05,-3.819999999999993
300964.XSHE,2022-08-05,-1.2100000000000009
600834.XSHG,2022-08-05,-5.020000000000003
600798.XSHG,2022-08-05,-0.5
600814.XSHG,2022-08-05,-0.5100000000000051
603616.XSHG,2022-08-05,-0.2400000000000002
603638.XSHG,2022-08-05,-0.23000000000000398
688733.XSHG,2022-08-05,-1.4200000000000017
000737.XSHE,2022-08-05,-0.5999999999999979
002916.XSHE,2022-08-05,-6.939999999999998
300380.XSHE,2022-08-05,-0.9499999999999993
600650.XSHG,2022-08-05,-0.7099999999999937
605199.XSHG,2022-08-05,-0.41000000000000014
002908.XSHE,2022-08-05,-0.4800000000000004
605567.XSHG,2022-08-05,-0.07000000000000028
688336.XSHG,2022-08-05,-0.33999999999999986
300786.XSHE,2022-08-05,-1.7100000000000009
603355.XSHG,2022-08-05,-1.490000000000002
600393.XSHG,2022-08-05,-0.17999999999999972
600155.XSHG,2022-08-05,-0.6400000000000006
603606.XSHG,2022-08-05,-6.319999999999993
605588.XSHG,2022-08-05,-2.1099999999999994
300290.XSHE,2022-08-05,-0.6899999999999977
000517.XSHE,2022-08-05,-1.0700000000000003
300341.XSHE,2022-08-05,-0.5500000000000043
300873.XSHE,2022-08-05,-1.5200000000000031
600889.XSHG,2022-08-05,-0.23999999999999844
600935.XSHG,2022-08-05,-0.08000000000000007
000630.XSHE,2022-08-05,-2.4299999999999926
601156.XSHG,2022-08-05,-0.389999999999997
000601.XSHE,2022-08-05,-1.5999999999999943
600166.XSHG,2022-08-05,-1.3100000000000023
688320.XSHG,2022-08-05,-0.769999999999996
300271.XSHE,2022-08-05,-2.470000000000006
603356.XSHG,2022-08-05,-0.1399999999999988
002504.XSHE,2022-08-05,-0.0699999999999994
002468.XSHE,2022-08-05,-0.490000000000002
688183.XSHG,2022-08-05,-0.35999999999999943
002765.XSHE,2022-08-05,-0.3500000000000014
301211.XSHE,2022-08-05,-0.41999999999999815
601169.XSHG,2022-08-05,-0.08999999999999986
601878.XSHG,2022-08-05,-0.2900000000000009
603721.XSHG,2022-08-05,-0.509999999999998
002129.XSHE,2022-08-05,-5.469999999999999
603206.XSHG,2022-08-05,-0.3500000000000014
600359.XSHG,2022-08-05,-0.16000000000000014
600055.XSHG,2022-08-05,-8.120000000000005
603977.XSHG,2022-08-05,-0.35999999999999943
002877.XSHE,2022-08-05,-0.2799999999999976
600435.XSHG,2022-08-05,-3.25
000088.XSHE,2022-08-05,-0.6400000000000006
301239.XSHE,2022-08-05,-1.3200000000000003
301069.XSHE,2022-08-05,-0.28999999999999915
002867.XSHE,2022-08-05,-0.8400000000000034
300830.XSHE,2022-08-05,-0.09999999999999964
600560.XSHG,2022-08-05,-0.6899999999999977
600955.XSHG,2022-08-05,-0.5500000000000007
600232.XSHG,2022-08-05,-0.21999999999999886
603096.XSHG,2022-08-05,-0.5
002689.XSHE,2022-08-05,-0.5299999999999994
600730.XSHG,2022-08-05,-0.39000000000000057
002899.XSHE,2022-08-05,-0.16999999999999993
002880.XSHE,2022-08-05,-0.8399999999999963
003017.XSHE,2022-08-05,-0.8999999999999986
000881.XSHE,2022-08-05,-0.8599999999999994
688685.XSHG,2022-08-05,-0.2699999999999996
603324.XSHG,2022-08-05,-1.8599999999999994
002413.XSHE,2022-08-05,-0.5
300267.XSHE,2022-08-05,-0.6300000000000026
300468.XSHE,2022-08-05,-1.8699999999999974
002956.XSHE,2022-08-05,-0.5300000000000011
603703.XSHG,2022-08-05,-0.4799999999999969
002161.XSHE,2022-08-05,-2.0400000000000063
688246.XSHG,2022-08-05,-0.6799999999999997
603306.XSHG,2022-08-05,-5.519999999999996
002219.XSHE,2022-08-05,-0.8900000000000006
600835.XSHG,2022-08-05,-2.260000000000005
688388.XSHG,2022-08-05,-2.200000000000003
600197.XSHG,2022-08-05,-3.9299999999999926
605033.XSHG,2022-08-05,-0.17999999999999972
601965.XSHG,2022-08-05,-0.39000000000000057
600203.XSHG,2022-08-05,-0.370000000000001
600335.XSHG,2022-08-05,-1.3900000000000006
300962.XSHE,2022-08-05,-0.15000000000000036
000037.XSHE,2022-08-05,-0.6500000000000057
300928.XSHE,2022-08-05,-3.6300000000000097
603037.XSHG,2022-08-05,-0.3099999999999987
601222.XSHG,2022-08-05,-1.009999999999998
603081.XSHG,2022-08-05,-0.14999999999999858
600031.XSHG,2022-08-05,-14.190000000000055
001266.XSHE,2022-08-05,-0.7700000000000031
000710.XSHE,2022-08-05,-1.779999999999994
000900.XSHE,2022-08-05,-1.1200000000000045
301266.XSHE,2022-08-05,-0.8400000000000034
605166.XSHG,2022-08-05,-0.370000000000001
301008.XSHE,2022-08-05,-0.8500000000000014
301122.XSHE,2022-08-05,-0.9000000000000057
300916.XSHE,2022-08-05,-2.3799999999999955
600776.XSHG,2022-08-05,-2.1600000000000037
603298.XSHG,2022-08-05,-0.45000000000000284
000419.XSHE,2022-08-05,-1.4099999999999966
603339.XSHG,2022-08-05,-0.25
002787.XSHE,2022-08-05,-0.19000000000000128
300433.XSHE,2022-08-05,-2.0700000000000003
300182.XSHE,2022-08-05,-3.6999999999999886
002256.XSHE,2022-08-05,-0.9200000000000017
300420.XSHE,2022-08-05,-0.740000000000002
000560.XSHE,2022-08-05,-0.21000000000000085
600123.XSHG,2022-08-05,-2.200000000000003
002873.XSHE,2022-08-05,-0.46000000000000085
601238.XSHG,2022-08-05,-0.4700000000000024
600606.XSHG,2022-08-05,-9.920000000000016
002903.XSHE,2022-08-05,-2.490000000000002
600329.XSHG,2022-08-05,-1.210000000000008
002731.XSHE,2022-08-05,-0.7700000000000031
600261.XSHG,2022-08-05,-2.4099999999999966
002707.XSHE,2022-08-05,-1.4599999999999937
600178.XSHG,2022-08-05,-0.2400000000000002
600079.XSHG,2022-08-05,-19.28
603519.XSHG,2022-08-05,-2.269999999999996
601601.XSHG,2022-08-05,-0.509999999999998
002306.XSHE,2022-08-05,-0.33999999999999986
000953.XSHE,2022-08-05,-0.2400000000000002
603508.XSHG,2022-08-05,-0.7100000000000009
003000.XSHE,2022-08-05,-0.2900000000000009
000906.XSHE,2022-08-05,-1.0
300128.XSHE,2022-08-05,-0.9000000000000057
600847.XSHG,2022-08-05,-0.28000000000000114
300265.XSHE,2022-08-05,-0.5899999999999999
600571.XSHG,2022-08-05,-3.1799999999999926
000627.XSHE,2022-08-05,-2.3400000000000034
002271.XSHE,2022-08-05,-39.59999999999991
002152.XSHE,2022-08-05,-3.539999999999992
002386.XSHE,2022-08-05,-1.9499999999999993
000036.XSHE,2022-08-05,-0.8500000000000014
002094.XSHE,2022-08-05,-0.21000000000000085
688596.XSHG,2022-08-05,-2.84
600059.XSHG,2022-08-05,-1.5900000000000034
301286.XSHE,2022-08-05,-0.75
002203.XSHE,2022-08-05,-0.7999999999999972
600035.XSHG,2022-08-05,-0.20000000000000107
688786.XSHG,2022-08-05,-3.250000000000007
002780.XSHE,2022-08-05,-0.4299999999999997
301298.XSHE,2022-08-05,-0.4700000000000024
603589.XSHG,2022-08-05,-1.0300000000000011
300592.XSHE,2022-08-05,-0.34999999999999964
002561.XSHE,2022-08-05,-0.1999999999999993
002128.XSHE,2022-08-05,-0.6099999999999994
002537.XSHE,2022-08-05,-4.68
300531.XSHE,2022-08-05,-1.4500000000000028
603583.XSHG,2022-08-05,-2.3900000000000006
002121.XSHE,2022-08-05,-2.7900000000000063
603993.XSHG,2022-08-05,-0.3200000000000003
603956.XSHG,2022-08-05,-0.11000000000000121
000628.XSHE,2022-08-05,-1.6200000000000045
301025.XSHE,2022-08-05,-0.21000000000000085
600292.XSHG,2022-08-05,-0.5199999999999996
688505.XSHG,2022-08-05,-0.3000000000000007
600728.XSHG,2022-08-05,-3.6199999999999903
601326.XSHG,2022-08-05,-0.06000000000000005
002706.XSHE,2022-08-05,-4.710000000000008
603855.XSHG,2022-08-05,-1.0399999999999991
002879.XSHE,2022-08-05,-0.370000000000001
002999.XSHE,2022-08-05,-0.08999999999999986
600118.XSHG,2022-08-05,-8.590000000000032
605198.XSHG,2022-08-05,-0.019999999999999574
300776.XSHE,2022-08-05,-19.360000000000014
300309.XSHE,2022-08-05,-0.5199999999999996
002238.XSHE,2022-08-05,-0.5899999999999999
002623.XSHE,2022-08-05,-1.8900000000000006
300487.XSHE,2022-08-05,-6.100000000000023
300590.XSHE,2022-08-05,-3.780000000000001
300986.XSHE,2022-08-05,-2.6000000000000014
300903.XSHE,2022-08-05,-0.740000000000002
605003.XSHG,2022-08-05,-0.6700000000000017
600637.XSHG,2022-08-05,-0.46999999999999886
600354.XSHG,2022-08-05,-0.4499999999999993
601677.XSHG,2022-08-05,-0.5799999999999983
600824.XSHG,2022-08-05,-1.6599999999999966
688682.XSHG,2022-08-05,-18.650000000000006
002527.XSHE,2022-08-05,-0.4700000000000024
002514.XSHE,2022-08-05,-3.0700000000000074
600976.XSHG,2022-08-05,-2.6199999999999903
603170.XSHG,2022-08-05,-1.2600000000000016
600941.XSHG,2022-08-05,-1.0200000000000031
600580.XSHG,2022-08-05,-13.079999999999998
300442.XSHE,2022-08-05,-0.5200000000000031
600083.XSHG,2022-08-05,-0.14000000000000057
605398.XSHG,2022-08-05,-0.4899999999999949
002170.XSHE,2022-08-05,-1.0499999999999972
601868.XSHG,2022-08-05,-0.03000000000000025
688789.XSHG,2022-08-05,-5.0
002570.XSHE,2022-08-05,-0.2599999999999998
603677.XSHG,2022-08-05,-0.5599999999999987
300295.XSHE,2022-08-05,-0.769999999999996
601007.XSHG,2022-08-05,-0.15000000000000036
688312.XSHG,2022-08-05,-0.6900000000000013
000977.XSHE,2022-08-05,-9.819999999999993
002162.XSHE,2022-08-05,-0.14000000000000057
688680.XSHG,2022-08-05,-2.5900000000000034
002563.XSHE,2022-08-05,-0.6199999999999974
000838.XSHE,2022-08-05,-1.5699999999999932
003020.XSHE,2022-08-05,-0.5399999999999991
603156.XSHG,2022-08-05,-0.7800000000000011
000606.XSHE,2022-08-05,0.0
000976.XSHE,2022-08-05,-1.0700000000000003
002651.XSHE,2022-08-05,-0.5700000000000003
603999.XSHG,2022-08-05,-0.29999999999999893
603068.XSHG,2022-08-05,-3.0799999999999983
300607.XSHE,2022-08-05,-1.9200000000000017
688400.XSHG,2022-08-05,-0.8799999999999955
600418.XSHG,2022-08-05,-2.9099999999999966
300204.XSHE,2022-08-05,-1.7299999999999898
002232.XSHE,2022-08-05,-1.9200000000000017
002259.XSHE,2022-08-05,-0.15000000000000036
000969.XSHE,2022-08-05,-2.5700000000000003
003005.XSHE,2022-08-05,-0.4799999999999969
600629.XSHG,2022-08-05,-0.6200000000000045
600129.XSHG,2022-08-05,-1.1800000000000068
000615.XSHE,2022-08-05,-1.8900000000000006
002409.XSHE,2022-08-05,-8.409999999999997
603021.XSHG,2022-08-05,-0.2400000000000002
002540.XSHE,2022-08-05,-1.1799999999999997
300296.XSHE,2022-08-05,-5.3500000000000085
002718.XSHE,2022-08-05,-0.4399999999999977
002194.XSHE,2022-08-05,-1.7800000000000011
000564.XSHE,2022-08-05,-0.08999999999999986
000982.XSHE,2022-08-05,-2.030000000000001
605188.XSHG,2022-08-05,-0.009999999999999787
688111.XSHG,2022-08-05,-18.269999999999982
603212.XSHG,2022-08-05,-0.7199999999999989
301097.XSHE,2022-08-05,-2.9299999999999997
301188.XSHE,2022-08-05,-0.3200000000000003
603858.XSHG,2022-08-05,-0.6499999999999986
603916.XSHG,2022-08-05,-0.7300000000000004
002558.XSHE,2022-08-05,-0.9500000000000028
002015.XSHE,2022-08-05,-2.219999999999999
688122.XSHG,2022-08-05,-3.9299999999999926
000708.XSHE,2022-08-05,-1.8100000000000023
600488.XSHG,2022-08-05,-0.5
300586.XSHE,2022-08-05,-2.3300000000000125
000400.XSHE,2022-08-05,-7.340000000000003
300022.XSHE,2022-08-05,-0.370000000000001
002579.XSHE,2022-08-05,-5.509999999999998
600183.XSHG,2022-08-05,-7.010000000000019
300005.XSHE,2022-08-05,-2.7900000000000063
688078.XSHG,2022-08-05,-3.1700000000000017
600338.XSHG,2022-08-05,-2.3900000000000006
603630.XSHG,2022-08-05,-0.3000000000000007
000801.XSHE,2022-08-05,-3.510000000000005
002535.XSHE,2022-08-05,0.0
300012.XSHE,2022-08-05,-7.980000000000018
603565.XSHG,2022-08-05,-0.5800000000000054
002808.XSHE,2022-08-05,-0.8399999999999999
000700.XSHE,2022-08-05,-1.7199999999999989
300298.XSHE,2022-08-05,-3.0200000000000102
300621.XSHE,2022-08-05,-0.21000000000000085
000803.XSHE,2022-08-05,-0.509999999999998
300015.XSHE,2022-08-05,-25.920000000000073
601518.XSHG,2022-08-05,-0.06999999999999984
000913.XSHE,2022-08-05,-1.3900000000000006
603929.XSHG,2022-08-05,-1.459999999999999
600182.XSHG,2022-08-05,-0.1700000000000017
688509.XSHG,2022-08-05,-0.16000000000000014
001965.XSHE,2022-08-05,-0.17999999999999972
603335.XSHG,2022-08-05,-0.3800000000000008
300346.XSHE,2022-08-05,-28.590000000000032
300807.XSHE,2022-08-05,-0.25
688116.XSHG,2022-08-05,-5.880000000000024
000852.XSHE,2022-08-05,-0.8399999999999963
600764.XSHG,2022-08-05,-2.069999999999993
000612.XSHE,2022-08-05,-1.8000000000000043
600259.XSHG,2022-08-05,-3.030000000000001
600527.XSHG,2022-08-05,-1.0600000000000023
605319.XSHG,2022-08-05,-0.20999999999999908
688779.XSHG,2022-08-05,-0.620000000000001
600895.XSHG,2022-08-05,-17.29000000000002
002294.XSHE,2022-08-05,-8.339999999999975
688560.XSHG,2022-08-05,-1.0599999999999952
300253.XSHE,2022-08-05,-9.529999999999973
300880.XSHE,2022-08-05,-0.33999999999999986
002021.XSHE,2022-08-05,-0.17999999999999972
600273.XSHG,2022-08-05,-0.33000000000000185
688150.XSHG,2022-08-05,-1.379999999999999
000732.XSHE,2022-08-05,-0.02999999999999936
300230.XSHE,2022-08-05,-0.360000000000003
300988.XSHE,2022-08-05,-0.5799999999999983
600388.XSHG,2022-08-05,-1.0499999999999972
002492.XSHE,2022-08-05,-0.23000000000000043
000672.XSHE,2022-08-05,-3.299999999999997
002657.XSHE,2022-08-05,-2.6199999999999974
300860.XSHE,2022-08-05,-1.5700000000000074
301086.XSHE,2022-08-05,-3.950000000000003
002630.XSHE,2022-08-05,-0.22999999999999687
002945.XSHE,2022-08-05,-0.2900000000000009
603816.XSHG,2022-08-05,-3.3100000000000023
603378.XSHG,2022-08-05,-0.6999999999999993
300137.XSHE,2022-08-05,-0.370000000000001
600845.XSHG,2022-08-05,-15.979999999999961
603093.XSHG,2022-08-05,-0.3200000000000003
603666.XSHG,2022-08-05,-6.009999999999991
600828.XSHG,2022-08-05,-0.5800000000000054
600961.XSHG,2022-08-05,-0.2400000000000002
002905.XSHE,2022-08-05,-0.3000000000000007
002263.XSHE,2022-08-05,-0.5400000000000009
601388.XSHG,2022-08-05,-0.4800000000000004
603863.XSHG,2022-08-05,-0.2400000000000002
002086.XSHE,2022-08-05,-0.41000000000000014
000925.XSHE,2022-08-05,-0.6300000000000026
300583.XSHE,2022-08-05,-0.7200000000000024
600958.XSHG,2022-08-05,-0.3999999999999986
002001.XSHE,2022-08-05,-21.450000000000045
002372.XSHE,2022-08-05,-5.690000000000026
301005.XSHE,2022-08-05,-0.37999999999999545
000617.XSHE,2022-08-05,-0.6799999999999997
000809.XSHE,2022-08-05,-0.1200000000000001
301061.XSHE,2022-08-05,-0.6799999999999997
600754.XSHG,2022-08-05,-1.5300000000000011
603159.XSHG,2022-08-05,-0.33999999999999986
603500.XSHG,2022-08-05,-0.1999999999999993
002151.XSHE,2022-08-05,-7.25
002135.XSHE,2022-08-05,-1.0199999999999996
301215.XSHE,2022-08-05,-0.1200000000000001
301012.XSHE,2022-08-05,-0.8000000000000043
603078.XSHG,2022-08-05,-7.920000000000002
300771.XSHE,2022-08-05,-1.1799999999999997
600223.XSHG,2022-08-05,-0.48999999999999844
600062.XSHG,2022-08-05,-2.1500000000000057
603165.XSHG,2022-08-05,-1.2499999999999964
002459.XSHE,2022-08-05,-2.6699999999999875
688128.XSHG,2022-08-05,-1.2300000000000004
600588.XSHG,2022-08-05,-66.81000000000017
002747.XSHE,2022-08-05,-3.5200000000000102
002331.XSHE,2022-08-05,-3.9399999999999977
688667.XSHG,2022-08-05,-2.680000000000007
000888.XSHE,2022-08-05,-0.6300000000000026
000970.XSHE,2022-08-05,-8.539999999999964
300141.XSHE,2022-08-05,-0.6599999999999966
600310.XSHG,2022-08-05,-0.6200000000000045
300024.XSHE,2022-08-05,-4.030000000000001
603636.XSHG,2022-08-05,-7.310000000000002
000993.XSHE,2022-08-05,-0.6600000000000001
002087.XSHE,2022-08-05,-0.10000000000000053
300175.XSHE,2022-08-05,-0.2699999999999996
002456.XSHE,2022-08-05,-3.2700000000000102
002715.XSHE,2022-08-05,-1.2699999999999996
300818.XSHE,2022-08-05,-0.5799999999999983
600775.XSHG,2022-08-05,-0.2900000000000009
002638.XSHE,2022-08-05,-0.6500000000000004
300649.XSHE,2022-08-05,-0.8400000000000034
603982.XSHG,2022-08-05,-0.6500000000000021
003019.XSHE,2022-08-05,-0.5800000000000018
300859.XSHE,2022-08-05,-0.7800000000000011
688668.XSHG,2022-08-05,-0.4399999999999977
300969.XSHE,2022-08-05,-3.230000000000004
688618.XSHG,2022-08-05,-3.259999999999998
300004.XSHE,2022-08-05,-0.370000000000001
600361.XSHG,2022-08-05,-0.4299999999999997
300552.XSHE,2022-08-05,-2.0799999999999983
688689.XSHG,2022-08-05,-2.4499999999999957
000509.XSHE,2022-08-05,-2.0799999999999983
603738.XSHG,2022-08-05,-2.190000000000012
603556.XSHG,2022-08-05,-0.4499999999999993
301099.XSHE,2022-08-05,-10.329999999999998
600603.XSHG,2022-08-05,-38.799999999999955
002148.XSHE,2022-08-05,-5.169999999999995
002282.XSHE,2022-08-05,-0.28000000000000114
301100.XSHE,2022-08-05,-0.10999999999999943
002268.XSHE,2022-08-05,-14.660000000000025
300039.XSHE,2022-08-05,-1.0600000000000023
600289.XSHG,2022-08-05,-0.509999999999998
603408.XSHG,2022-08-05,-0.14000000000000057
002810.XSHE,2022-08-05,-1.6200000000000045
300195.XSHE,2022-08-05,-0.35999999999999943
300316.XSHE,2022-08-05,-20.18999999999994
300679.XSHE,2022-08-05,-11.139999999999986
688287.XSHG,2022-08-05,-0.5700000000000003
301023.XSHE,2022-08-05,-1.2099999999999937
002687.XSHE,2022-08-05,-0.379999999999999
603278.XSHG,2022-08-05,-0.19000000000000128
300122.XSHE,2022-08-05,-10.930000000000007
002552.XSHE,2022-08-05,0.0
300770.XSHE,2022-08-05,-2.1400000000000006
300445.XSHE,2022-08-05,-1.1400000000000006
002338.XSHE,2022-08-05,-0.980000000000004
301131.XSHE,2022-08-05,-1.4600000000000009
601599.XSHG,2022-08-05,-0.1999999999999993
600836.XSHG,2022-08-05,-1.7199999999999989
603590.XSHG,2022-08-05,-0.3200000000000003
002216.XSHE,2022-08-05,-4.02000000000001
600561.XSHG,2022-08-05,-0.3100000000000005
688687.XSHG,2022-08-05,-0.5399999999999991
603596.XSHG,2022-08-05,-0.8900000000000006
002455.XSHE,2022-08-05,-1.5699999999999932
688500.XSHG,2022-08-05,-0.9699999999999989
600998.XSHG,2022-08-05,-0.20999999999999908
688330.XSHG,2022-08-05,-2.230000000000004
300146.XSHE,2022-08-05,-13.459999999999923
002578.XSHE,2022-08-05,-0.35999999999999943
600054.XSHG,2022-08-05,-0.7199999999999989
300570.XSHE,2022-08-05,-0.9299999999999997
600516.XSHG,2022-08-05,-2.269999999999996
601952.XSHG,2022-08-05,-0.6199999999999974
600509.XSHG,2022-08-05,-1.1299999999999955
002494.XSHE,2022-08-05,-0.2699999999999996
002560.XSHE,2022-08-05,-0.5499999999999972
603000.XSHG,2022-08-05,-2.780000000000001
002434.XSHE,2022-08-05,-2.0700000000000074
002004.XSHE,2022-08-05,-4.079999999999998
301047.XSHE,2022-08-05,-7.719999999999999
603860.XSHG,2022-08-05,-0.5600000000000023
300909.XSHE,2022-08-05,-0.7899999999999991
300416.XSHE,2022-08-05,-8.27000000000001
001336.XSHE,2022-08-05,-0.020000000000003126
600850.XSHG,2022-08-05,-8.120000000000005
300640.XSHE,2022-08-05,-0.3500000000000014
300678.XSHE,2022-08-05,-1.1799999999999997
002237.XSHE,2022-08-05,-2.8299999999999983
000546.XSHE,2022-08-05,-2.0700000000000003
300257.XSHE,2022-08-05,-1.480000000000004
000589.XSHE,2022-08-05,-0.8599999999999994
300636.XSHE,2022-08-05,-0.3500000000000014
002802.XSHE,2022-08-05,-0.2699999999999996
301035.XSHE,2022-08-05,-2.5200000000000102
688590.XSHG,2022-08-05,-1.5199999999999996
300726.XSHE,2022-08-05,-2.3699999999999974
688081.XSHG,2022-08-05,-0.8399999999999999
300412.XSHE,2022-08-05,-1.1499999999999986
002177.XSHE,2022-08-05,-0.2699999999999996
002330.XSHE,2022-08-05,-0.3100000000000005
000750.XSHE,2022-08-05,-1.3099999999999952
603990.XSHG,2022-08-05,-1.3400000000000034
000596.XSHE,2022-08-05,-8.809999999999945
300197.XSHE,2022-08-05,-1.269999999999996
300124.XSHE,2022-08-05,-20.5
603755.XSHG,2022-08-05,-0.730000000000004
002267.XSHE,2022-08-05,-0.5700000000000003
600387.XSHG,2022-08-05,-0.28999999999999915
300824.XSHE,2022-08-05,-0.379999999999999
601399.XSHG,2022-08-05,-0.06999999999999984
688171.XSHG,2022-08-05,-1.6400000000000006
002252.XSHE,2022-08-05,-2.1999999999999886
300126.XSHE,2022-08-05,-0.39000000000000057
300248.XSHE,2022-08-05,-3.1599999999999966
000731.XSHE,2022-08-05,-2.0900000000000034
300329.XSHE,2022-08-05,-0.6799999999999997
000948.XSHE,2022-08-05,-1.0100000000000016
002156.XSHE,2022-08-05,-3.309999999999995
300951.XSHE,2022-08-05,-0.8399999999999892
002670.XSHE,2022-08-05,-0.6999999999999993
002928.XSHE,2022-08-05,-0.5
688071.XSHG,2022-08-05,-6.039999999999999
603005.XSHG,2022-08-05,-6.3799999999999955
688091.XSHG,2022-08-05,-1.6500000000000057
000410.XSHE,2022-08-05,-0.5199999999999996
300513.XSHE,2022-08-05,-0.5600000000000023
600624.XSHG,2022-08-05,-2.4199999999999875
603050.XSHG,2022-08-05,-0.46999999999999886
301041.XSHE,2022-08-05,-0.22999999999999687
600784.XSHG,2022-08-05,-0.8000000000000043
300283.XSHE,2022-08-05,-1.1799999999999997
002997.XSHE,2022-08-05,-0.1700000000000017
300021.XSHE,2022-08-05,-0.4399999999999977
601588.XSHG,2022-08-05,-0.040000000000000036
300035.XSHE,2022-08-05,-5.939999999999998
603729.XSHG,2022-08-05,-0.21999999999999886
002428.XSHE,2022-08-05,-2.010000000000005
603505.XSHG,2022-08-05,-1.8199999999999932
605499.XSHG,2022-08-05,-0.6399999999999864
002223.XSHE,2022-08-05,-8.549999999999983
600097.XSHG,2022-08-05,-0.2599999999999998
002722.XSHE,2022-08-05,-0.29999999999999893
688670.XSHG,2022-08-05,-1.1100000000000065
688176.XSHG,2022-08-05,-0.23999999999999844
300872.XSHE,2022-08-05,-1.1700000000000017
002737.XSHE,2022-08-05,-3.5500000000000114
300474.XSHE,2022-08-05,-21.24000000000001
600372.XSHG,2022-08-05,-0.5500000000000043
000909.XSHE,2022-08-05,-0.4400000000000013
600533.XSHG,2022-08-05,-0.379999999999999
000430.XSHE,2022-08-05,-0.370000000000001
300768.XSHE,2022-08-05,-1.6400000000000006
002187.XSHE,2022-08-05,-0.2699999999999996
300576.XSHE,2022-08-05,-3.6200000000000045
600721.XSHG,2022-08-05,-0.15000000000000036
000530.XSHE,2022-08-05,-0.4200000000000017
600242.XSHG,2022-08-05,-0.050000000000000044
002543.XSHE,2022-08-05,-1.2999999999999972
688520.XSHG,2022-08-05,-0.5799999999999983
300044.XSHE,2022-08-05,-0.45000000000000284
300306.XSHE,2022-08-05,-1.0499999999999972
605123.XSHG,2022-08-05,-3.3799999999999955
002849.XSHE,2022-08-05,-0.22000000000000242
002179.XSHE,2022-08-05,-9.039999999999964
300192.XSHE,2022-08-05,-0.28999999999999915
002111.XSHE,2022-08-05,-0.7100000000000009
301017.XSHE,2022-08-05,-0.33999999999999986
300002.XSHE,2022-08-05,-2.1599999999999966
000586.XSHE,2022-08-05,-0.6600000000000037
002069.XSHE,2022-08-05,-0.40000000000000213
300384.XSHE,2022-08-05,-1.6199999999999903
600373.XSHG,2022-08-05,-0.7899999999999991
601696.XSHG,2022-08-05,-0.33000000000000007
601808.XSHG,2022-08-05,-0.47999999999999865
600462.XSHG,2022-08-05,-0.08999999999999986
300065.XSHE,2022-08-05,-2.6299999999999955
601015.XSHG,2022-08-05,-0.2400000000000002
000411.XSHE,2022-08-05,-0.9700000000000024
000600.XSHE,2022-08-05,-0.6500000000000057
600619.XSHG,2022-08-05,-5.740000000000009
603038.XSHG,2022-08-05,-0.8800000000000026
600363.XSHG,2022-08-05,-3.5999999999999943
002335.XSHE,2022-08-05,-4.719999999999999
002602.XSHE,2022-08-05,-1.5399999999999991
600032.XSHG,2022-08-05,-0.25
603569.XSHG,2022-08-05,-0.5599999999999987
688238.XSHG,2022-08-05,-1.6499999999999986
300538.XSHE,2022-08-05,-1.8200000000000003
300715.XSHE,2022-08-05,-1.6700000000000017
002191.XSHE,2022-08-05,-0.9399999999999977
002751.XSHE,2022-08-05,0.0
002536.XSHE,2022-08-05,-1.3900000000000006
300373.XSHE,2022-08-05,-27.689999999999998
002708.XSHE,2022-08-05,-0.19000000000000128
002838.XSHE,2022-08-05,-2.3999999999999915
000830.XSHE,2022-08-05,-3.460000000000008
300543.XSHE,2022-08-05,-0.8699999999999974
002557.XSHE,2022-08-05,-3.430000000000007
601098.XSHG,2022-08-05,-0.3099999999999987
601921.XSHG,2022-08-05,-0.16999999999999993
002383.XSHE,2022-08-05,-2.6500000000000057
003039.XSHE,2022-08-05,-0.379999999999999
002943.XSHE,2022-08-05,-0.9399999999999977
002896.XSHE,2022-08-05,0.0
002992.XSHE,2022-08-05,-1.4300000000000033
600409.XSHG,2022-08-05,-1.0799999999999983
000883.XSHE,2022-08-05,-0.5199999999999996
002755.XSHE,2022-08-05,-0.2699999999999996
002451.XSHE,2022-08-05,-0.370000000000001
600398.XSHG,2022-08-05,-0.47000000000000597
603095.XSHG,2022-08-05,-0.3100000000000023
600423.XSHG,2022-08-05,-0.22000000000000064
002017.XSHE,2022-08-05,-2.9799999999999898
600517.XSHG,2022-08-05,-2.1500000000000057
600782.XSHG,2022-08-05,-1.4500000000000028
601717.XSHG,2022-08-05,-1.0
605598.XSHG,2022-08-05,-0.21999999999999886
000573.XSHE,2022-08-05,-0.3200000000000003
002467.XSHE,2022-08-05,-1.5
600125.XSHG,2022-08-05,-1.5499999999999972
300234.XSHE,2022-08-05,-0.6000000000000014
600794.XSHG,2022-08-05,-1.0500000000000114
600277.XSHG,2022-08-05,-0.4400000000000013
300446.XSHE,2022-08-05,-0.7999999999999972
300566.XSHE,2022-08-05,-1.9399999999999977
002679.XSHE,2022-08-05,-0.31999999999999673
300769.XSHE,2022-08-05,-56.580000000000155
600038.XSHG,2022-08-05,-2.7299999999999898
002321.XSHE,2022-08-05,-0.07000000000000028
600816.XSHG,2022-08-05,-1.9499999999999886
301076.XSHE,2022-08-05,-0.5700000000000003
000548.XSHE,2022-08-05,-0.259999999999998
000002.XSHE,2022-08-05,-49.91000000000031
603516.XSHG,2022-08-05,-0.6700000000000017
300710.XSHE,2022-08-05,-0.6199999999999974
600809.XSHG,2022-08-05,-28.200000000000045
600246.XSHG,2022-08-05,-5.47999999999999
688499.XSHG,2022-08-05,-5.470000000000027
688776.XSHG,2022-08-05,-5.579999999999984
603611.XSHG,2022-08-05,-1.1499999999999986
002627.XSHE,2022-08-05,-0.46999999999999886
600252.XSHG,2022-08-05,-1.5700000000000074
600400.XSHG,2022-08-05,-3.1199999999999974
600180.XSHG,2022-08-05,-0.28999999999999915
001896.XSHE,2022-08-05,-0.11999999999999922
001218.XSHE,2022-08-05,-0.5799999999999983
300220.XSHE,2022-08-05,-1.3900000000000006
600893.XSHG,2022-08-05,-4.789999999999992
688182.XSHG,2022-08-05,-0.9299999999999997
002333.XSHE,2022-08-05,-0.41000000000000014
002028.XSHE,2022-08-05,-21.110000000000014
002616.XSHE,2022-08-05,-0.509999999999998
603628.XSHG,2022-08-05,-0.21999999999999886
600012.XSHG,2022-08-05,-0.26000000000000156
300276.XSHE,2022-08-05,-1.480000000000004
603388.XSHG,2022-08-05,-0.259999999999998
688080.XSHG,2022-08-05,-2.259999999999998
002900.XSHE,2022-08-05,-0.48999999999999844
300183.XSHE,2022-08-05,-2.3499999999999943
688283.XSHG,2022-08-05,-1.7000000000000028
300747.XSHE,2022-08-05,-4.990000000000009
000608.XSHE,2022-08-05,-0.5800000000000018
600749.XSHG,2022-08-05,-0.6600000000000037
000822.XSHE,2022-08-05,-0.4400000000000013
300322.XSHE,2022-08-05,-2.6199999999999974
600198.XSHG,2022-08-05,-0.5299999999999994
603133.XSHG,2022-08-05,-0.4800000000000004
688567.XSHG,2022-08-05,-1.3699999999999974
600282.XSHG,2022-08-05,-0.4399999999999977
603828.XSHG,2022-08-05,-0.2400000000000002
603236.XSHG,2022-08-05,-11.70999999999998
002986.XSHE,2022-08-05,-1.3500000000000014
300802.XSHE,2022-08-05,-1.4199999999999946
300001.XSHE,2022-08-05,-2.019999999999996
600933.XSHG,2022-08-05,-0.33000000000000185
605299.XSHG,2022-08-05,-0.120000000000001
301011.XSHE,2022-08-05,-0.6700000000000017
603139.XSHG,2022-08-05,-0.7300000000000004
688123.XSHG,2022-08-05,-9.149999999999991
000690.XSHE,2022-08-05,-4.3799999999999955
688217.XSHG,2022-08-05,-1.5999999999999943
300149.XSHE,2022-08-05,-2.3599999999999994
600446.XSHG,2022-08-05,-8.740000000000009
301095.XSHE,2022-08-05,-26.349999999999994
000151.XSHE,2022-08-05,-0.6899999999999977
002949.XSHE,2022-08-05,-0.1899999999999995
300519.XSHE,2022-08-05,-0.6199999999999974
301206.XSHE,2022-08-05,-0.8500000000000085
601969.XSHG,2022-08-05,-0.22999999999999954
300998.XSHE,2022-08-05,-0.379999999999999
002529.XSHE,2022-08-05,-0.4499999999999993
300221.XSHE,2022-08-05,-0.4700000000000024
000999.XSHE,2022-08-05,-2.1400000000000006
002446.XSHE,2022-08-05,-1.0499999999999972
300472.XSHE,2022-08-05,-0.7300000000000004
300781.XSHE,2022-08-05,-0.5400000000000027
600048.XSHG,2022-08-05,-6.430000000000007
603313.XSHG,2022-08-05,-0.3500000000000014
688075.XSHG,2022-08-05,-4.469999999999999
000566.XSHE,2022-08-05,-0.8900000000000006
000603.XSHE,2022-08-05,-0.9400000000000048
601113.XSHG,2022-08-05,-0.14999999999999858
000158.XSHE,2022-08-05,-0.5899999999999999
600841.XSHG,2022-08-05,-0.39000000000000057
002290.XSHE,2022-08-05,-0.16000000000000014
688597.XSHG,2022-08-05,-0.6500000000000021
000061.XSHE,2022-08-05,-2.4799999999999898
605378.XSHG,2022-08-05,-1.2300000000000004
000038.XSHE,2022-08-05,-0.6300000000000008
300950.XSHE,2022-08-05,-0.17999999999999972
300231.XSHE,2022-08-05,-2.1000000000000085
300577.XSHE,2022-08-05,-1.0399999999999991
300813.XSHE,2022-08-05,-1.0900000000000034
600508.XSHG,2022-08-05,-1.1899999999999977
603507.XSHG,2022-08-05,-0.5899999999999999
688608.XSHG,2022-08-05,-11.77000000000001
300567.XSHE,2022-08-05,-10.120000000000005
301151.XSHE,2022-08-05,-0.23999999999999844
600172.XSHG,2022-08-05,-2.4299999999999926
002227.XSHE,2022-08-05,-0.4800000000000004
603183.XSHG,2022-08-05,-0.379999999999999
300196.XSHE,2022-08-05,-1.2999999999999972
300282.XSHE,2022-08-05,-0.08999999999999986
300340.XSHE,2022-08-05,-1.0700000000000003
688199.XSHG,2022-08-05,-0.980000000000004
300529.XSHE,2022-08-05,-1.6700000000000017
688197.XSHG,2022-08-05,-0.620000000000001
600421.XSHG,2022-08-05,-0.2699999999999996
300100.XSHE,2022-08-05,-0.6499999999999986
002384.XSHE,2022-08-05,-3.559999999999974
002757.XSHE,2022-08-05,-0.5899999999999999
002165.XSHE,2022-08-05,-0.38000000000000256
600833.XSHG,2022-08-05,-1.2099999999999937
688037.XSHG,2022-08-05,-28.610000000000014
600744.XSHG,2022-08-05,-0.3200000000000003
002550.XSHE,2022-08-05,-0.9100000000000037
603239.XSHG,2022-08-05,-3.469999999999999
603203.XSHG,2022-08-05,-1.5799999999999983
002624.XSHE,2022-08-05,-2.5600000000000023
000821.XSHE,2022-08-05,-2.0600000000000023
002507.XSHE,2022-08-05,-1.8000000000000114
688237.XSHG,2022-08-05,-3.1000000000000085
600831.XSHG,2022-08-05,-1.0400000000000063
605389.XSHG,2022-08-05,-0.5300000000000011
300163.XSHE,2022-08-05,-0.5700000000000003
002511.XSHE,2022-08-05,-2.1299999999999955
300921.XSHE,2022-08-05,-1.3200000000000003
601966.XSHG,2022-08-05,-0.21999999999999886
600461.XSHG,2022-08-05,-0.6099999999999994
688622.XSHG,2022-08-05,-5.329999999999998
002003.XSHE,2022-08-05,-2.3400000000000034
002832.XSHE,2022-08-05,-6.790000000000006
601319.XSHG,2022-08-05,-0.0699999999999994
300364.XSHE,2022-08-05,-1.2000000000000028
300496.XSHE,2022-08-05,-6.240000000000009
300696.XSHE,2022-08-05,-2.4399999999999977
002682.XSHE,2022-08-05,-0.1999999999999993
601179.XSHG,2022-08-05,-0.11000000000000032
300555.XSHE,2022-08-05,-0.4200000000000017
301213.XSHE,2022-08-05,-1.3799999999999955
601825.XSHG,2022-08-05,-0.0600000000000005
300827.XSHE,2022-08-05,-6.02000000000001
603686.XSHG,2022-08-05,-0.5300000000000011
300359.XSHE,2022-08-05,-0.5
000905.XSHE,2022-08-05,-0.6600000000000001
600599.XSHG,2022-08-05,-0.8399999999999999
601000.XSHG,2022-08-05,-0.3100000000000005
300086.XSHE,2022-08-05,-0.3500000000000014
688659.XSHG,2022-08-05,-0.20999999999999908
600212.XSHG,2022-08-05,-0.46999999999999886
301020.XSHE,2022-08-05,-0.39000000000000057
002970.XSHE,2022-08-05,-2.3299999999999983
300068.XSHE,2022-08-05,-7.6200000000000045
301238.XSHE,2022-08-05,-0.5899999999999963
000096.XSHE,2022-08-05,-0.6999999999999993
002126.XSHE,2022-08-05,-2.019999999999996
601615.XSHG,2022-08-05,-0.9299999999999997
300536.XSHE,2022-08-05,-0.5799999999999983
300832.XSHE,2022-08-05,-3.3499999999999943
600228.XSHG,2022-08-05,-0.20999999999999908
601058.XSHG,2022-08-05,-0.6800000000000068
688216.XSHG,2022-08-05,-3.360000000000003
002420.XSHE,2022-08-05,-0.08999999999999986
300875.XSHE,2022-08-05,-0.7100000000000009
301127.XSHE,2022-08-05,-0.14000000000000057
603211.XSHG,2022-08-05,0.0
688079.XSHG,2022-08-05,-0.5700000000000003
002073.XSHE,2022-08-05,-1.8500000000000085
000025.XSHE,2022-08-05,-1.2000000000000028
600543.XSHG,2022-08-05,-0.2900000000000009
688819.XSHG,2022-08-05,-0.5200000000000031
603333.XSHG,2022-08-05,-0.23000000000000043
002019.XSHE,2022-08-05,-4.560000000000002
002287.XSHE,2022-08-05,-0.4399999999999977
300767.XSHE,2022-08-05,-3.9000000000000057
002067.XSHE,2022-08-05,-0.16000000000000014
000802.XSHE,2022-08-05,-0.3199999999999985
600287.XSHG,2022-08-05,-0.4700000000000024
000590.XSHE,2022-08-05,-1.7000000000000028
002750.XSHE,2022-08-05,-0.8700000000000045
688466.XSHG,2022-08-05,-0.5700000000000003
002668.XSHE,2022-08-05,-0.7900000000000027
002935.XSHE,2022-08-05,-1.6599999999999966
301016.XSHE,2022-08-05,-0.33000000000000185
000488.XSHE,2022-08-05,-1.1700000000000017
300239.XSHE,2022-08-05,-0.5399999999999991
300118.XSHE,2022-08-05,-1.740000000000009
002890.XSHE,2022-08-05,-1.2600000000000016
603829.XSHG,2022-08-05,-0.14000000000000057
301021.XSHE,2022-08-05,-1.6799999999999997
688313.XSHG,2022-08-05,-0.8200000000000003
300448.XSHE,2022-08-05,-1.5600000000000023
002806.XSHE,2022-08-05,-0.5500000000000007
000501.XSHE,2022-08-05,-1.0500000000000114
300955.XSHE,2022-08-05,-0.4800000000000004
301087.XSHE,2022-08-05,-0.8699999999999974
600251.XSHG,2022-08-05,-2.930000000000007
002114.XSHE,2022-08-05,-0.46000000000000085
300831.XSHE,2022-08-05,-0.9000000000000004
002361.XSHE,2022-08-05,-0.9399999999999977
688139.XSHG,2022-08-05,-4.280000000000001
002528.XSHE,2022-08-05,-0.5100000000000016
000020.XSHE,2022-08-05,-0.3099999999999987
300958.XSHE,2022-08-05,-0.389999999999997
600101.XSHG,2022-08-05,-1.6899999999999977
000997.XSHE,2022-08-05,-3.089999999999975
002213.XSHE,2022-08-05,-0.4799999999999969
000561.XSHE,2022-08-05,-0.5899999999999999
600241.XSHG,2022-08-05,-0.4299999999999997
301075.XSHE,2022-08-05,-0.379999999999999
603912.XSHG,2022-08-05,-0.4800000000000004
301088.XSHE,2022-08-05,-0.2099999999999973
600613.XSHG,2022-08-05,-2.259999999999991
300222.XSHE,2022-08-05,-2.039999999999999
603070.XSHG,2022-08-05,-0.6900000000000013
603311.XSHG,2022-08-05,-0.5500000000000007
301185.XSHE,2022-08-05,-0.620000000000001
688168.XSHG,2022-08-05,-2.8500000000000014
603386.XSHG,2022-08-05,-1.129999999999999
603123.XSHG,2022-08-05,-0.4499999999999993
002644.XSHE,2022-08-05,-2.210000000000001
600999.XSHG,2022-08-05,-1.1099999999999994
603256.XSHG,2022-08-05,-0.15000000000000036
603517.XSHG,2022-08-05,-2.3900000000000006
002197.XSHE,2022-08-05,-1.9299999999999997
002524.XSHE,2022-08-05,-0.4599999999999973
600469.XSHG,2022-08-05,-0.2699999999999996
002012.XSHE,2022-08-05,-0.35999999999999943
000659.XSHE,2022-08-05,-3.3800000000000026
600620.XSHG,2022-08-05,-132.39999999999964
300173.XSHE,2022-08-05,-0.5899999999999999
000786.XSHE,2022-08-05,-7.339999999999975
600800.XSHG,2022-08-05,-1.0
300167.XSHE,2022-08-05,-0.8400000000000034
002793.XSHE,2022-08-05,-0.2900000000000027
300926.XSHE,2022-08-05,-0.43000000000000327
688662.XSHG,2022-08-05,-1.2700000000000031
000965.XSHE,2022-08-05,-0.20000000000000107
600221.XSHG,2022-08-05,-0.1299999999999999
600231.XSHG,2022-08-05,-0.4599999999999973
002698.XSHE,2022-08-05,-0.5
605488.XSHG,2022-08-05,-0.26000000000000156
688280.XSHG,2022-08-05,-0.3100000000000005
688225.XSHG,2022-08-05,-1.379999999999999
002701.XSHE,2022-08-05,-0.37999999999999545
601279.XSHG,2022-08-05,-0.07000000000000028
600679.XSHG,2022-08-05,-0.3299999999999983
000632.XSHE,2022-08-05,-0.29999999999999716
300059.XSHE,2022-08-05,-42.36999999999989
688251.XSHG,2022-08-05,-1.3400000000000034
300716.XSHE,2022-08-05,-0.16000000000000014
688699.XSHG,2022-08-05,-20.10000000000001
600501.XSHG,2022-08-05,-0.9500000000000028
301133.XSHE,2022-08-05,-0.5300000000000011
603595.XSHG,2022-08-05,-2.089999999999989
603966.XSHG,2022-08-05,-0.3200000000000003
000609.XSHE,2022-08-05,-0.370000000000001
002773.XSHE,2022-08-05,-0.870000000000001
603908.XSHG,2022-08-05,-2.4299999999999926
600308.XSHG,2022-08-05,-1.0899999999999963
002145.XSHE,2022-08-05,-0.7999999999999972
002752.XSHE,2022-08-05,-0.2400000000000002
301159.XSHE,2022-08-05,-1.0600000000000023
600967.XSHG,2022-08-05,-0.9699999999999989
000897.XSHE,2022-08-05,-0.35999999999999943
300321.XSHE,2022-08-05,-0.5599999999999952
600939.XSHG,2022-08-05,-0.05999999999999961
603918.XSHG,2022-08-05,-0.7399999999999984
605366.XSHG,2022-08-05,-0.6999999999999993
000631.XSHE,2022-08-05,-0.9900000000000091
603316.XSHG,2022-08-05,-0.1299999999999999
603777.XSHG,2022-08-05,-0.7100000000000009
000761.XSHE,2022-08-05,-0.1899999999999995
000667.XSHE,2022-08-05,-0.7700000000000031
688345.XSHG,2022-08-05,-0.519999999999996
300753.XSHE,2022-08-05,-0.3200000000000003
002728.XSHE,2022-08-05,-0.46999999999999886
600562.XSHG,2022-08-05,-1.6500000000000057
603383.XSHG,2022-08-05,-3.039999999999999
002586.XSHE,2022-08-05,-0.3099999999999987
688393.XSHG,2022-08-05,-0.46000000000000085
300356.XSHE,2022-08-05,-0.379999999999999
688555.XSHG,2022-08-05,-0.47999999999999865
603580.XSHG,2022-08-05,-0.7600000000000016
002769.XSHE,2022-08-05,-0.519999999999996
600639.XSHG,2022-08-05,-1.6299999999999955
300308.XSHE,2022-08-05,-6.060000000000002
688221.XSHG,2022-08-05,-0.28000000000000114
300848.XSHE,2022-08-05,-4.510000000000005
688798.XSHG,2022-08-05,-11.310000000000016
002705.XSHE,2022-08-05,-1.1799999999999997
603728.XSHG,2022-08-05,-1.7199999999999989
000908.XSHE,2022-08-05,-0.2599999999999998
601577.XSHG,2022-08-05,-0.11999999999999922
600511.XSHG,2022-08-05,-1.5600000000000023
000420.XSHE,2022-08-05,-0.8200000000000003
600297.XSHG,2022-08-05,-0.259999999999998
002153.XSHE,2022-08-05,-26.939999999999998
000639.XSHE,2022-08-05,-0.7600000000000051
601009.XSHG,2022-08-05,-0.4100000000000037
002476.XSHE,2022-08-05,-0.740000000000002
300333.XSHE,2022-08-05,-0.8699999999999974
601258.XSHG,2022-08-05,-0.09999999999999964
600486.XSHG,2022-08-05,-11.550000000000011
002453.XSHE,2022-08-05,-1.0300000000000011
600257.XSHG,2022-08-05,-0.5899999999999963
000733.XSHE,2022-08-05,-13.629999999999995
300452.XSHE,2022-08-05,-3.039999999999992
002958.XSHE,2022-08-05,-0.050000000000000266
000413.XSHE,2022-08-05,-0.1399999999999988
300255.XSHE,2022-08-05,-0.47000000000000597
603655.XSHG,2022-08-05,-0.11999999999999744
605028.XSHG,2022-08-05,-0.40000000000000213
002027.XSHE,2022-08-05,-1.6599999999999966
002786.XSHE,2022-08-05,-0.2099999999999973
301130.XSHE,2022-08-05,-0.3999999999999986
300075.XSHE,2022-08-05,-4.5
300711.XSHE,2022-08-05,-0.5299999999999976
688556.XSHG,2022-08-05,-0.980000000000004
301118.XSHE,2022-08-05,-0.8799999999999955
603933.XSHG,2022-08-05,-1.1600000000000001
600019.XSHG,2022-08-05,-0.3000000000000007
601375.XSHG,2022-08-05,-0.08000000000000007
301039.XSHE,2022-08-05,-0.21999999999999886
688206.XSHG,2022-08-05,-7.399999999999999
603138.XSHG,2022-08-05,-3.8600000000000065
001210.XSHE,2022-08-05,-0.25
000917.XSHE,2022-08-05,-0.7899999999999991
688267.XSHG,2022-08-05,-0.8999999999999986
300793.XSHE,2022-08-05,-0.259999999999998
002500.XSHE,2022-08-05,-0.33000000000000007
000978.XSHE,2022-08-05,-0.3500000000000014
688046.XSHG,2022-08-05,-1.1799999999999997
301030.XSHE,2022-08-05,-0.28000000000000114
600693.XSHG,2022-08-05,-0.730000000000004
600558.XSHG,2022-08-05,-0.5
603970.XSHG,2022-08-05,-1.7600000000000051
300518.XSHE,2022-08-05,-2.0
601678.XSHG,2022-08-05,-0.5599999999999987
603989.XSHG,2022-08-05,-2.3700000000000045
300700.XSHE,2022-08-05,-0.6799999999999997
600458.XSHG,2022-08-05,-2.3100000000000023
603663.XSHG,2022-08-05,-0.5100000000000016
000951.XSHE,2022-08-05,-1.25
002124.XSHE,2022-08-05,-3.1400000000000006
600551.XSHG,2022-08-05,-1.0799999999999983
600699.XSHG,2022-08-05,-1.6899999999999977
688559.XSHG,2022-08-05,-1.8700000000000045
002166.XSHE,2022-08-05,-1.2999999999999972
600617.XSHG,2022-08-05,-4.740000000000009
300736.XSHE,2022-08-05,-0.4400000000000013
300511.XSHE,2022-08-05,-0.21000000000000085
688106.XSHG,2022-08-05,-1.3599999999999994
002819.XSHE,2022-08-05,-1.0
600222.XSHG,2022-08-05,-0.6199999999999974
600456.XSHG,2022-08-05,-5.969999999999999
688368.XSHG,2022-08-05,-11.780000000000001
002037.XSHE,2022-08-05,-0.5
002397.XSHE,2022-08-05,-1.6799999999999997
688248.XSHG,2022-08-05,-0.3399999999999963
000791.XSHE,2022-08-05,-0.4200000000000017
300680.XSHE,2022-08-05,-1.7199999999999989
002824.XSHE,2022-08-05,-3.5900000000000034
603689.XSHG,2022-08-05,-0.1999999999999993
300808.XSHE,2022-08-05,-0.40000000000000036
300436.XSHE,2022-08-05,-2.010000000000005
300014.XSHE,2022-08-05,-35.299999999999955
000863.XSHE,2022-08-05,-1.379999999999999
300463.XSHE,2022-08-05,-1.7100000000000009
603008.XSHG,2022-08-05,-0.980000000000004
300045.XSHE,2022-08-05,-2.3799999999999955
300300.XSHE,2022-08-05,-0.3299999999999983
000063.XSHE,2022-08-05,-31.340000000000032
000683.XSHE,2022-08-05,-3.9399999999999977
002408.XSHE,2022-08-05,-3.4399999999999977
600029.XSHG,2022-08-05,-0.15000000000000036
601186.XSHG,2022-08-05,-0.15000000000000036
603032.XSHG,2022-08-05,-2.239999999999995
000629.XSHE,2022-08-05,-1.25
300820.XSHE,2022-08-05,-6.119999999999976
600200.XSHG,2022-08-05,-2.6599999999999966
688314.XSHG,2022-08-05,-3.1200000000000045
002614.XSHE,2022-08-05,-0.7199999999999989
300682.XSHE,2022-08-05,-1.9200000000000017
000528.XSHE,2022-08-05,-1.759999999999991
300930.XSHE,2022-08-05,-1.3100000000000023
603709.XSHG,2022-08-05,-0.2699999999999996
600080.XSHG,2022-08-05,-0.9299999999999997
301036.XSHE,2022-08-05,-0.4400000000000013
603819.XSHG,2022-08-05,-0.9600000000000009
301002.XSHE,2022-08-05,-0.8599999999999994
002140.XSHE,2022-08-05,-1.4200000000000017
002574.XSHE,2022-08-05,-0.3699999999999992
300103.XSHE,2022-08-05,-0.5599999999999952
600213.XSHG,2022-08-05,-0.29999999999999893
600563.XSHG,2022-08-05,-19.029999999999973
603690.XSHG,2022-08-05,-3.809999999999995
300430.XSHE,2022-08-05,-0.6700000000000017
002196.XSHE,2022-08-05,-0.7899999999999991
688189.XSHG,2022-08-05,-1.3099999999999987
300626.XSHE,2022-08-05,-0.1999999999999993
601038.XSHG,2022-08-05,-0.15999999999999837
600697.XSHG,2022-08-05,-0.5
003003.XSHE,2022-08-05,-0.10999999999999943
000709.XSHE,2022-08-05,-0.4399999999999977
601939.XSHG,2022-08-05,-0.09999999999999964
603390.XSHG,2022-08-05,-0.10999999999999943
603129.XSHG,2022-08-05,-6.410000000000025
002503.XSHE,2022-08-05,-0.7700000000000031
000790.XSHE,2022-08-05,-0.759999999999998
301119.XSHE,2022-08-05,-0.25
600621.XSHG,2022-08-05,-156.07999999999993
603416.XSHG,2022-08-05,-4.409999999999997
601138.XSHG,2022-08-05,-0.2900000000000009
603938.XSHG,2022-08-05,-1.4599999999999937
601700.XSHG,2022-08-05,-0.36999999999999744
688557.XSHG,2022-08-05,-0.7800000000000011
002344.XSHE,2022-08-05,-1.8200000000000003
688707.XSHG,2022-08-05,-1.3100000000000023
603230.XSHG,2022-08-05,-0.16000000000000014
688586.XSHG,2022-08-05,-0.6600000000000001
600482.XSHG,2022-08-05,-0.9600000000000009
000035.XSHE,2022-08-05,-3.049999999999997
300602.XSHE,2022-08-05,-2.8100000000000023
002058.XSHE,2022-08-05,-0.259999999999998
002693.XSHE,2022-08-05,-0.28000000000000114
300007.XSHE,2022-08-05,-2.8400000000000034
002598.XSHE,2022-08-05,-0.6099999999999994
600641.XSHG,2022-08-05,-69.75
603098.XSHG,2022-08-05,-0.5900000000000034
002646.XSHE,2022-08-05,-0.240000000000002
603815.XSHG,2022-08-05,-0.1299999999999999
603949.XSHG,2022-08-05,-1.5499999999999972
600962.XSHG,2022-08-05,-1.3399999999999999
600532.XSHG,2022-08-05,0.0
688353.XSHG,2022-08-05,-3.3299999999999983
300483.XSHE,2022-08-05,-1.0399999999999991
002131.XSHE,2022-08-05,-3.0799999999999983
002855.XSHE,2022-08-05,-0.3500000000000014
600339.XSHG,2022-08-05,-0.25
688322.XSHG,2022-08-05,-2.0900000000000034
600676.XSHG,2022-08-05,-0.8799999999999955
000605.XSHE,2022-08-05,-0.5
603633.XSHG,2022-08-05,-0.5
300783.XSHE,2022-08-05,-0.7199999999999989
300717.XSHE,2022-08-05,-0.3000000000000007
605069.XSHG,2022-08-05,-0.15000000000000036
603305.XSHG,2022-08-05,-1.0600000000000023
688053.XSHG,2022-08-05,-6.900000000000006
000723.XSHE,2022-08-05,-2.1599999999999966
300876.XSHE,2022-08-05,-0.5599999999999987
600645.XSHG,2022-08-05,-12.120000000000005
300214.XSHE,2022-08-05,-0.5
000861.XSHE,2022-08-05,-1.2100000000000009
003004.XSHE,2022-08-05,-0.7900000000000027
605196.XSHG,2022-08-05,-0.14000000000000057
688385.XSHG,2022-08-05,-2.5900000000000034
000429.XSHE,2022-08-05,-0.26000000000000156
002998.XSHE,2022-08-05,-0.1299999999999999
603668.XSHG,2022-08-05,-1.0600000000000023
605138.XSHG,2022-08-05,-0.5599999999999987
002729.XSHE,2022-08-05,-2.6799999999999926
002835.XSHE,2022-08-05,-0.6000000000000014
300907.XSHE,2022-08-05,-0.46999999999999886
600570.XSHG,2022-08-05,-98.07999999999993
600320.XSHG,2022-08-05,-0.8099999999999952
603132.XSHG,2022-08-05,-0.3100000000000005
603600.XSHG,2022-08-05,-0.6600000000000001
600654.XSHG,2022-08-05,0.0
000938.XSHE,2022-08-05,-5.069999999999993
600707.XSHG,2022-08-05,-0.3000000000000007
605155.XSHG,2022-08-05,-0.3100000000000023
301062.XSHE,2022-08-05,-0.2400000000000002
600725.XSHG,2022-08-05,-0.8200000000000003
300740.XSHE,2022-08-05,-1.0500000000000043
600179.XSHG,2022-08-05,-0.2400000000000002
600557.XSHG,2022-08-05,-1.5
300765.XSHE,2022-08-05,-0.8599999999999994
300503.XSHE,2022-08-05,-0.5900000000000034
603687.XSHG,2022-08-05,-0.33000000000000007
600756.XSHG,2022-08-05,-3.0799999999999983
002973.XSHE,2022-08-05,-0.2699999999999996
603605.XSHG,2022-08-05,-3.509999999999991
603612.XSHG,2022-08-05,-1.8900000000000006
688328.XSHG,2022-08-05,-2.1900000000000013
002115.XSHE,2022-08-05,-0.620000000000001
300506.XSHE,2022-08-05,-1.6000000000000014
600643.XSHG,2022-08-05,-1.7100000000000009
603697.XSHG,2022-08-05,-0.4900000000000002
002329.XSHE,2022-08-05,-0.759999999999998
002581.XSHE,2022-08-05,-0.5399999999999991
300470.XSHE,2022-08-05,-2.3899999999999864
688683.XSHG,2022-08-05,-1.0500000000000007
688279.XSHG,2022-08-05,-8.730000000000004
000878.XSHE,2022-08-05,-1.4799999999999969
000972.XSHE,2022-08-05,-0.41999999999999993
300887.XSHE,2022-08-05,-4.060000000000002
603288.XSHG,2022-08-05,-6.519999999999982
601187.XSHG,2022-08-05,-0.11000000000000032
603766.XSHG,2022-08-05,-0.27999999999999936
002279.XSHE,2022-08-05,-1.3999999999999986
002284.XSHE,2022-08-05,-0.12999999999999545
002405.XSHE,2022-08-05,-3.520000000000003
002937.XSHE,2022-08-05,-0.9200000000000017
300273.XSHE,2022-08-05,-0.34999999999999964
600869.XSHG,2022-08-05,-1.8100000000000023
002186.XSHE,2022-08-05,-0.26000000000000156
300058.XSHE,2022-08-05,-3.469999999999999
300545.XSHE,2022-08-05,-1.9899999999999949
300667.XSHE,2022-08-05,-1.8400000000000034
605133.XSHG,2022-08-05,-0.5199999999999996
301096.XSHE,2022-08-05,-1.6700000000000017
601858.XSHG,2022-08-05,-0.120000000000001
300594.XSHE,2022-08-05,-0.25
300444.XSHE,2022-08-05,-0.5300000000000011
301059.XSHE,2022-08-05,-0.5500000000000007
002096.XSHE,2022-08-05,-0.8900000000000006
601689.XSHG,2022-08-05,-1.5700000000000074
300497.XSHE,2022-08-05,-1.4000000000000057
002746.XSHE,2022-08-05,-1.3200000000000003
002316.XSHE,2022-08-05,0.0
603113.XSHG,2022-08-05,-0.3000000000000007
603039.XSHG,2022-08-05,-0.7399999999999949
603058.XSHG,2022-08-05,-0.20999999999999996
002354.XSHE,2022-08-05,-0.7099999999999991
600960.XSHG,2022-08-05,-0.35999999999999943
002965.XSHE,2022-08-05,-0.46000000000000085
300966.XSHE,2022-08-05,-0.39000000000000057
002608.XSHE,2022-08-05,-0.370000000000001
300712.XSHE,2022-08-05,-0.8200000000000074
300731.XSHE,2022-08-05,-0.8099999999999952
600216.XSHG,2022-08-05,-1.2000000000000028
000408.XSHE,2022-08-05,-4.810000000000002
688131.XSHG,2022-08-05,-8.27000000000001
300596.XSHE,2022-08-05,-0.9699999999999989
603901.XSHG,2022-08-05,-1.2999999999999972
000526.XSHE,2022-08-05,-0.6899999999999977
002188.XSHE,2022-08-05,-0.1999999999999993
300691.XSHE,2022-08-05,-1.7600000000000051
688396.XSHG,2022-08-05,-4.07
000503.XSHE,2022-08-05,-1.1700000000000017
600917.XSHG,2022-08-05,-0.1999999999999993
601168.XSHG,2022-08-05,-0.33000000000000007
603995.XSHG,2022-08-05,-1.6400000000000006
002262.XSHE,2022-08-05,-6.0
300453.XSHE,2022-08-05,-0.3999999999999986
000967.XSHE,2022-08-05,-0.370000000000001
300629.XSHE,2022-08-05,-1.5799999999999983
600189.XSHG,2022-08-05,-0.3000000000000007
605058.XSHG,2022-08-05,-0.3099999999999987
002154.XSHE,2022-08-05,-0.7800000000000011
002401.XSHE,2022-08-05,-3.3900000000000006
600455.XSHG,2022-08-05,-0.39000000000000057
600787.XSHG,2022-08-05,-2.8700000000000045
600791.XSHG,2022-08-05,-0.36999999999999744
003042.XSHE,2022-08-05,-0.8000000000000007
603219.XSHG,2022-08-05,-1.0899999999999999
601877.XSHG,2022-08-05,-2.3800000000000026
300151.XSHE,2022-08-05,-1.4099999999999966
002803.XSHE,2022-08-05,-1.0499999999999972
300756.XSHE,2022-08-05,-0.7299999999999969
300628.XSHE,2022-08-05,-19.07000000000005
600698.XSHG,2022-08-05,-0.370000000000001
300899.XSHE,2022-08-05,-0.3099999999999987
603722.XSHG,2022-08-05,-0.6900000000000048
300641.XSHE,2022-08-05,-0.09000000000000163
002146.XSHE,2022-08-05,-0.9699999999999989
002800.XSHE,2022-08-05,-0.6000000000000014
600052.XSHG,2022-08-05,-0.35999999999999943
600056.XSHG,2022-08-05,-3.1599999999999966
300991.XSHE,2022-08-05,-0.620000000000001
300366.XSHE,2022-08-05,-2.1300000000000026
688600.XSHG,2022-08-05,-2.4400000000000013
688768.XSHG,2022-08-05,-5.3700000000000045
600525.XSHG,2022-08-05,-1.5300000000000011
600771.XSHG,2022-08-05,-2.6100000000000136
603599.XSHG,2022-08-05,-1.2000000000000028
688501.XSHG,2022-08-05,-0.45000000000000284
601228.XSHG,2022-08-05,-0.06000000000000005
603036.XSHG,2022-08-05,-0.2699999999999996
002116.XSHE,2022-08-05,-0.5899999999999963
001289.XSHE,2022-08-05,-0.5599999999999987
002373.XSHE,2022-08-05,-1.3900000000000006
300539.XSHE,2022-08-05,-0.5
600239.XSHG,2022-08-05,-0.39000000000000057
603365.XSHG,2022-08-05,-0.25
000415.XSHE,2022-08-05,-1.5799999999999983
301101.XSHE,2022-08-05,-0.12999999999999545
301235.XSHE,2022-08-05,-0.6400000000000006
000779.XSHE,2022-08-05,-0.370000000000001
000301.XSHE,2022-08-05,-2.049999999999997
300152.XSHE,2022-08-05,-0.34999999999999787
002957.XSHE,2022-08-05,-0.3500000000000014
601929.XSHG,2022-08-05,-0.1299999999999999
300353.XSHE,2022-08-05,-4.579999999999998
002791.XSHE,2022-08-05,-4.909999999999997
002691.XSHE,2022-08-05,-0.20999999999999908
603683.XSHG,2022-08-05,-0.8100000000000005
603867.XSHG,2022-08-05,-2.299999999999997
002664.XSHE,2022-08-05,-1.1600000000000037
002285.XSHE,2022-08-05,-0.740000000000002
003025.XSHE,2022-08-05,-1.0500000000000043
600449.XSHG,2022-08-05,-0.7600000000000051
300354.XSHE,2022-08-05,-3.75
000893.XSHE,2022-08-05,-1.2800000000000011
605016.XSHG,2022-08-05,-0.8999999999999986
688303.XSHG,2022-08-05,-2.1499999999999986
688639.XSHG,2022-08-05,-1.1999999999999886
300241.XSHE,2022-08-05,-0.6099999999999994
002736.XSHE,2022-08-05,-0.1899999999999995
300763.XSHE,2022-08-05,-17.519999999999982
600719.XSHG,2022-08-05,-0.4400000000000013
600281.XSHG,2022-08-05,-0.23000000000000043
600757.XSHG,2022-08-05,-0.6199999999999974
300145.XSHE,2022-08-05,-0.980000000000004
300613.XSHE,2022-08-05,-30.24000000000001
002549.XSHE,2022-08-05,-5.9599999999999795
601066.XSHG,2022-08-05,-0.7399999999999984
002636.XSHE,2022-08-05,-0.7100000000000009
002988.XSHE,2022-08-05,-0.21999999999999886
600720.XSHG,2022-08-05,-2.1500000000000057
603897.XSHG,2022-08-05,-0.22000000000000597
300307.XSHE,2022-08-05,-0.22000000000000064
300244.XSHE,2022-08-05,-9.009999999999991
002501.XSHE,2022-08-05,-0.3000000000000007
300489.XSHE,2022-08-05,-1.5300000000000011
603421.XSHG,2022-08-05,-0.4599999999999991
688159.XSHG,2022-08-05,-0.5
605100.XSHG,2022-08-05,-0.5500000000000007
600938.XSHG,2022-08-05,-0.27000000000000135
300979.XSHE,2022-08-05,-2.760000000000005
002008.XSHE,2022-08-05,-10.360000000000014
300681.XSHE,2022-08-05,-2.6099999999999994
003032.XSHE,2022-08-05,-0.2699999999999996
000557.XSHE,2022-08-05,-0.490000000000002
002898.XSHE,2022-08-05,-0.16999999999999993
603329.XSHG,2022-08-05,-0.25
601865.XSHG,2022-08-05,-0.8699999999999974
600589.XSHG,2022-08-05,-0.20999999999999908
002564.XSHE,2022-08-05,0.0
600696.XSHG,2022-08-05,-2.1799999999999926
002418.XSHE,2022-08-05,-0.3500000000000014
688076.XSHG,2022-08-05,-1.0900000000000034
688115.XSHG,2022-08-05,-3.1999999999999957
600318.XSHG,2022-08-05,-0.7600000000000016
600755.XSHG,2022-08-05,-3.0900000000000034
600779.XSHG,2022-08-05,-7.310000000000002
601928.XSHG,2022-08-05,-0.16999999999999993
600139.XSHG,2022-08-05,0.0
600538.XSHG,2022-08-05,-0.22000000000000064
000722.XSHE,2022-08-05,-1.25
002482.XSHE,2022-08-05,0.0
002617.XSHE,2022-08-05,-1.4099999999999966
600897.XSHG,2022-08-05,-1.4099999999999966
688611.XSHG,2022-08-05,-1.7000000000000028
600559.XSHG,2022-08-05,-4.25
600983.XSHG,2022-08-05,-0.28000000000000114
002967.XSHE,2022-08-05,-1.5900000000000034
603456.XSHG,2022-08-05,-1.9699999999999989
300563.XSHE,2022-08-05,-0.370000000000001
600061.XSHG,2022-08-05,-1.1300000000000026
002387.XSHE,2022-08-05,-0.75
600823.XSHG,2022-08-05,-3.329999999999984
002580.XSHE,2022-08-05,-0.5399999999999991
301148.XSHE,2022-08-05,-0.48999999999999844
300125.XSHE,2022-08-05,-3.3900000000000006
600071.XSHG,2022-08-05,-5.469999999999999
002431.XSHE,2022-08-05,-0.5899999999999999
688169.XSHG,2022-08-05,-21.589999999999975
603980.XSHG,2022-08-05,-0.13000000000000078
000555.XSHE,2022-08-05,-1.2999999999999972
601369.XSHG,2022-08-05,-0.6099999999999994
002590.XSHE,2022-08-05,-0.9400000000000048
002827.XSHE,2022-08-05,-0.27000000000000135
600468.XSHG,2022-08-05,-3.5800000000000054
603727.XSHG,2022-08-05,-0.2900000000000009
002369.XSHE,2022-08-05,-0.08999999999999986
002475.XSHE,2022-08-05,-25.789999999999964
600077.XSHG,2022-08-05,-0.8399999999999999
000403.XSHE,2022-08-05,-5.840000000000003
603345.XSHG,2022-08-05,-1.5200000000000102
605318.XSHG,2022-08-05,-0.16999999999999993
002366.XSHE,2022-08-05,-0.17999999999999972
300443.XSHE,2022-08-05,-4.069999999999993
603097.XSHG,2022-08-05,-1.110000000000003
600573.XSHG,2022-08-05,-0.16999999999999993
688015.XSHG,2022-08-05,-0.6400000000000006
688517.XSHG,2022-08-05,-0.3600000000000012
002011.XSHE,2022-08-05,-2.4099999999999966
600503.XSHG,2022-08-05,-0.120000000000001
603019.XSHG,2022-08-05,-9.959999999999994
002977.XSHE,2022-08-05,-1.249999999999993
000616.XSHE,2022-08-05,-0.5899999999999963
605077.XSHG,2022-08-05,-3.3299999999999983
688050.XSHG,2022-08-05,-10.660000000000025
601519.XSHG,2022-08-05,-0.8399999999999999
002865.XSHE,2022-08-05,-3.089999999999975
603067.XSHG,2022-08-05,-0.9600000000000009
000688.XSHE,2022-08-05,-2.3100000000000023
002368.XSHE,2022-08-05,-7.510000000000005
001212.XSHE,2022-08-05,-0.720000000000006
300508.XSHE,2022-08-05,-0.20000000000000284
600479.XSHG,2022-08-05,-1.7299999999999898
603126.XSHG,2022-08-05,-0.1399999999999988
603778.XSHG,2022-08-05,-0.379999999999999
688327.XSHG,2022-08-05,-1.5199999999999996
600380.XSHG,2022-08-05,-3.430000000000007
002444.XSHE,2022-08-05,-2.160000000000011
002548.XSHE,2022-08-05,-0.6400000000000006
600773.XSHG,2022-08-05,-10.810000000000002
600131.XSHG,2022-08-05,-2.1200000000000045
002452.XSHE,2022-08-05,-0.509999999999998
301038.XSHE,2022-08-05,-0.28000000000000114
600579.XSHG,2022-08-05,-0.33000000000000007
688677.XSHG,2022-08-05,-2.5900000000000034
001258.XSHE,2022-08-05,0.0
600777.XSHG,2022-08-05,-1.220000000000013
600463.XSHG,2022-08-05,-0.6999999999999993
603063.XSHG,2022-08-05,-0.6300000000000026
300551.XSHE,2022-08-05,-1.5500000000000043
600583.XSHG,2022-08-05,-1.4500000000000028
002734.XSHE,2022-08-05,-0.6700000000000017
600716.XSHG,2022-08-05,-0.7699999999999996
000599.XSHE,2022-08-05,-0.11999999999999744
600438.XSHG,2022-08-05,-14.93999999999994
002212.XSHE,2022-08-05,-1.6999999999999993
300031.XSHE,2022-08-05,-3.5400000000000063
002350.XSHE,2022-08-05,-0.9799999999999969
300205.XSHE,2022-08-05,-2.3299999999999983
688599.XSHG,2022-08-05,-1.2000000000000028
300403.XSHE,2022-08-05,-1.7700000000000031
601698.XSHG,2022-08-05,-0.20000000000000107
601901.XSHG,2022-08-05,-0.13999999999999968
002025.XSHE,2022-08-05,-15.689999999999998
603803.XSHG,2022-08-05,-0.2400000000000002
300882.XSHE,2022-08-05,-0.41000000000000014
600717.XSHG,2022-08-05,-1.9599999999999795
000921.XSHE,2022-08-05,-0.3500000000000014
002103.XSHE,2022-08-05,-0.1899999999999995
300164.XSHE,2022-08-05,-0.4400000000000013
603048.XSHG,2022-08-05,-0.17999999999999972
300250.XSHE,2022-08-05,-2.1099999999999994
300738.XSHE,2022-08-05,-3.9099999999999966
000565.XSHE,2022-08-05,-0.5399999999999991
600703.XSHG,2022-08-05,-43.12000000000006
000017.XSHE,2022-08-05,-0.33000000000000007
000507.XSHE,2022-08-05,-0.5600000000000023
002622.XSHE,2022-08-05,-0.28999999999999915
000582.XSHE,2022-08-05,-0.5700000000000003
300206.XSHE,2022-08-05,-1.2099999999999937
000010.XSHE,2022-08-05,-1.0700000000000003
300272.XSHE,2022-08-05,-0.46000000000000085
002589.XSHE,2022-08-05,-1.0399999999999991
300383.XSHE,2022-08-05,-7.530000000000001
002942.XSHE,2022-08-05,-0.4299999999999997
300603.XSHE,2022-08-05,-1.389999999999997
300286.XSHE,2022-08-05,-14.629999999999995
603955.XSHG,2022-08-05,-0.3200000000000003
300053.XSHE,2022-08-05,-4.049999999999997
002635.XSHE,2022-08-05,-1.460000000000008
601233.XSHG,2022-08-05,-2.3900000000000006
601988.XSHG,2022-08-05,-0.019999999999999574
002063.XSHE,2022-08-05,-2.3700000000000045
300713.XSHE,2022-08-05,-0.9499999999999957
688220.XSHG,2022-08-05,-5.090000000000003
601665.XSHG,2022-08-05,-0.0699999999999994
603055.XSHG,2022-08-05,-0.8499999999999979
603706.XSHG,2022-08-05,-0.3100000000000023
603185.XSHG,2022-08-05,-8.980000000000018
002661.XSHE,2022-08-05,-0.5999999999999943
002139.XSHE,2022-08-05,-4.570000000000022
002521.XSHE,2022-08-05,-0.34999999999999787
605136.XSHG,2022-08-05,-0.33000000000000007
601566.XSHG,2022-08-05,-0.33000000000000007
600675.XSHG,2022-08-05,-2.0900000000000034
603848.XSHG,2022-08-05,-0.33000000000000185
605368.XSHG,2022-08-05,-0.27000000000000135
688093.XSHG,2022-08-05,-1.1799999999999997
002841.XSHE,2022-08-05,-3.030000000000001
300550.XSHE,2022-08-05,-0.769999999999996
600476.XSHG,2022-08-05,-0.5300000000000011
002762.XSHE,2022-08-05,-0.6100000000000065
603886.XSHG,2022-08-05,-0.33999999999999986
600584.XSHG,2022-08-05,-10.58999999999999
689009.XSHG,2022-08-05,-2.1400000000000006
301259.XSHE,2022-08-05,-0.33000000000000185
000813.XSHE,2022-08-05,-0.16999999999999993
301256.XSHE,2022-08-05,-0.09999999999999964
688126.XSHG,2022-08-05,-1.4299999999999997
300936.XSHE,2022-08-05,-1.1300000000000026
688038.XSHG,2022-08-05,-0.629999999999999
301083.XSHE,2022-08-05,-0.14000000000000057
601798.XSHG,2022-08-05,-0.13999999999999968
600009.XSHG,2022-08-05,-2.5200000000000102
600226.XSHG,2022-08-05,-0.29000000000000625
002274.XSHE,2022-08-05,-0.6799999999999997
000070.XSHE,2022-08-05,-0.06999999999999673
603121.XSHG,2022-08-05,-0.2400000000000002
603718.XSHG,2022-08-05,-0.4399999999999977
600305.XSHG,2022-08-05,-2.1899999999999977
300456.XSHE,2022-08-05,-7.3799999999999955
300952.XSHE,2022-08-05,-0.22000000000000242
688722.XSHG,2022-08-05,-0.6400000000000006
688089.XSHG,2022-08-05,-0.5899999999999963
300947.XSHE,2022-08-05,-0.5
300674.XSHE,2022-08-05,-1.6900000000000013
300976.XSHE,2022-08-05,-1.710000000000008
600863.XSHG,2022-08-05,-1.4000000000000057
300630.XSHE,2022-08-05,-1.8599999999999994
600448.XSHG,2022-08-05,-0.10999999999999943
002790.XSHE,2022-08-05,-0.5599999999999987
300441.XSHE,2022-08-05,-0.8200000000000003
300671.XSHE,2022-08-05,-9.290000000000006
600389.XSHG,2022-08-05,-3.0500000000000114
601318.XSHG,2022-08-05,-1.480000000000004
688121.XSHG,2022-08-05,-0.5700000000000003
002233.XSHE,2022-08-05,-0.5800000000000018
600027.XSHG,2022-08-05,-0.1899999999999995
688011.XSHG,2022-08-05,-0.5400000000000027
002299.XSHE,2022-08-05,-0.75
600664.XSHG,2022-08-05,-0.21000000000000085
000928.XSHE,2022-08-05,-0.1899999999999995
000030.XSHE,2022-08-05,-0.379999999999999
603488.XSHG,2022-08-05,-0.1899999999999995
002437.XSHE,2022-08-05,-0.4799999999999969
600678.XSHG,2022-08-05,-0.33000000000000185
603040.XSHG,2022-08-05,-0.6899999999999977
002649.XSHE,2022-08-05,-1.8899999999999935
002669.XSHE,2022-08-05,-0.9699999999999989
600843.XSHG,2022-08-05,-0.33999999999999986
688187.XSHG,2022-08-05,-11.149999999999999
300190.XSHE,2022-08-05,-1.0399999999999991
603615.XSHG,2022-08-05,-0.10999999999999943
003013.XSHE,2022-08-05,-0.6600000000000001
300032.XSHE,2022-08-05,-0.5899999999999999
601500.XSHG,2022-08-05,-0.13999999999999968
300548.XSHE,2022-08-05,-3.240000000000002
002782.XSHE,2022-08-05,-1.5100000000000051
600692.XSHG,2022-08-05,-1.490000000000009
300371.XSHE,2022-08-05,-0.5799999999999983
603216.XSHG,2022-08-05,-0.1999999999999993
002416.XSHE,2022-08-05,-2.200000000000003
600376.XSHG,2022-08-05,-0.9299999999999997
000882.XSHE,2022-08-05,-0.08999999999999986
300841.XSHE,2022-08-05,-6.240000000000009
688553.XSHG,2022-08-05,-0.7699999999999996
600818.XSHG,2022-08-05,-0.37000000000000455
301004.XSHE,2022-08-05,-0.16000000000000014
003012.XSHE,2022-08-05,-0.16000000000000014
000100.XSHE,2022-08-05,-0.5
688360.XSHG,2022-08-05,-0.7100000000000009
002149.XSHE,2022-08-05,-0.6400000000000006
002662.XSHE,2022-08-05,-0.33999999999999986
002840.XSHE,2022-08-05,-2.530000000000001
600399.XSHG,2022-08-05,-3.3800000000000026
603228.XSHG,2022-08-05,-3.3999999999999986
300709.XSHE,2022-08-05,-2.1999999999999957
600491.XSHG,2022-08-05,-0.8700000000000045
600506.XSHG,2022-08-05,-0.08999999999999986
600718.XSHG,2022-08-05,-8.870000000000005
603859.XSHG,2022-08-05,-0.8900000000000006
600185.XSHG,2022-08-05,-0.8599999999999994
600262.XSHG,2022-08-05,-0.6899999999999977
300562.XSHE,2022-08-05,-0.7199999999999989
000532.XSHE,2022-08-05,-0.970000000000006
603768.XSHG,2022-08-05,-0.8900000000000006
300375.XSHE,2022-08-05,-0.1999999999999993
688302.XSHG,2022-08-05,-4.369999999999997
002815.XSHE,2022-08-05,-1.0
300158.XSHE,2022-08-05,-0.6499999999999986
000651.XSHE,2022-08-05,-131.19999999999982
300040.XSHE,2022-08-05,-0.9299999999999997
002093.XSHE,2022-08-05,-1.3500000000000085
003036.XSHE,2022-08-05,-0.3100000000000005
300404.XSHE,2022-08-05,-0.5200000000000031
600635.XSHG,2022-08-05,-11.5
600648.XSHG,2022-08-05,-1.759999999999991
601628.XSHG,2022-08-05,-0.5500000000000043
603357.XSHG,2022-08-05,-0.22999999999999865
600256.XSHG,2022-08-05,-8.890000000000043
300336.XSHE,2022-08-05,-0.129999999999999
300425.XSHE,2022-08-05,-0.6799999999999997
603725.XSHG,2022-08-05,-0.34999999999999964
000668.XSHE,2022-08-05,-1.9799999999999969
002748.XSHE,2022-08-05,-1.0100000000000016
600738.XSHG,2022-08-05,-0.6700000000000017
688060.XSHG,2022-08-05,-2.259999999999998
688298.XSHG,2022-08-05,-2.9299999999999784
300837.XSHE,2022-08-05,-0.45000000000000284
301031.XSHE,2022-08-05,-1.8400000000000034
300188.XSHE,2022-08-05,-5.77000000000001
300933.XSHE,2022-08-05,-0.1899999999999995
002929.XSHE,2022-08-05,-0.4399999999999977
003028.XSHE,2022-08-05,-1.1699999999999946
300615.XSHE,2022-08-05,-0.5
600267.XSHG,2022-08-05,-1.8799999999999955
300030.XSHE,2022-08-05,-0.48999999999999844
600803.XSHG,2022-08-05,-2.530000000000001
601106.XSHG,2022-08-05,-0.050000000000000266
603617.XSHG,2022-08-05,-0.269999999999996
002462.XSHE,2022-08-05,-0.3500000000000014
601199.XSHG,2022-08-05,-0.36999999999999744
002856.XSHE,2022-08-05,-0.16000000000000014
301098.XSHE,2022-08-05,-0.33999999999999986
000666.XSHE,2022-08-05,-0.4200000000000017
300822.XSHE,2022-08-05,-0.7100000000000009
000059.XSHE,2022-08-05,-0.22000000000000064
300825.XSHE,2022-08-05,-0.25
301221.XSHE,2022-08-05,-0.9300000000000068
002953.XSHE,2022-08-05,-0.26000000000000156
000567.XSHE,2022-08-05,-4.760000000000005
002979.XSHE,2022-08-05,-0.9400000000000013
002120.XSHE,2022-08-05,-1.5900000000000034
300405.XSHE,2022-08-05,-1.3000000000000007
300360.XSHE,2022-08-05,-1.5700000000000074
603648.XSHG,2022-08-05,-0.15000000000000036
002813.XSHE,2022-08-05,-0.5399999999999991
605580.XSHG,2022-08-05,-0.15000000000000036
600623.XSHG,2022-08-05,-6.0800000000000125
601005.XSHG,2022-08-05,-0.040000000000000036
600710.XSHG,2022-08-05,-0.6599999999999966
688718.XSHG,2022-08-05,-1.2300000000000004
002054.XSHE,2022-08-05,-0.5100000000000016
002173.XSHE,2022-08-05,-0.3000000000000007
300127.XSHE,2022-08-05,-1.6300000000000026
002869.XSHE,2022-08-05,-1.8999999999999986
601162.XSHG,2022-08-05,-0.08000000000000007
601225.XSHG,2022-08-05,-0.46000000000000085
600585.XSHG,2022-08-05,-5.490000000000009
000892.XSHE,2022-08-05,-0.15000000000000036
002362.XSHE,2022-08-05,-0.5399999999999991
600522.XSHG,2022-08-05,-6.710000000000008
600365.XSHG,2022-08-05,-0.16000000000000014
300918.XSHE,2022-08-05,-0.15000000000000036
605500.XSHG,2022-08-05,-0.3600000000000012
300501.XSHE,2022-08-05,-0.75
002137.XSHE,2022-08-05,-0.8000000000000007
603379.XSHG,2022-08-05,-1.7299999999999969
002923.XSHE,2022-08-05,-0.5700000000000003
600330.XSHG,2022-08-05,-5.420000000000002
600989.XSHG,2022-08-05,-0.4499999999999993
300604.XSHE,2022-08-05,-32.69
688359.XSHG,2022-08-05,-2.4399999999999977
605117.XSHG,2022-08-05,-3.9599999999999795
002013.XSHE,2022-08-05,-4.460000000000036
688737.XSHG,2022-08-05,-1.259999999999998
002208.XSHE,2022-08-05,-0.5
002783.XSHE,2022-08-05,-0.6799999999999997
000807.XSHE,2022-08-05,-2.5600000000000023
000800.XSHE,2022-08-05,-0.370000000000001
300844.XSHE,2022-08-05,-1.0700000000000003
600075.XSHG,2022-08-05,-0.980000000000004
603059.XSHG,2022-08-05,-0.5800000000000018
002336.XSHE,2022-08-05,-0.0699999999999994
300154.XSHE,2022-08-05,-0.5200000000000031
002224.XSHE,2022-08-05,-0.5
002980.XSHE,2022-08-05,-0.7899999999999991
002498.XSHE,2022-08-05,-0.6499999999999986
002547.XSHE,2022-08-05,-0.8599999999999994
301216.XSHE,2022-08-05,-1.1400000000000006
300542.XSHE,2022-08-05,-0.8900000000000006
300026.XSHE,2022-08-05,-5.8700000000000045
000428.XSHE,2022-08-05,-0.6599999999999966
688108.XSHG,2022-08-05,-0.1200000000000001
600683.XSHG,2022-08-05,-0.8500000000000014
605167.XSHG,2022-08-05,-0.11999999999999922
000728.XSHE,2022-08-05,-0.6600000000000001
605088.XSHG,2022-08-05,-0.9199999999999982
603118.XSHG,2022-08-05,-0.8099999999999987
002792.XSHE,2022-08-05,-0.75
688030.XSHG,2022-08-05,-1.4600000000000009
002410.XSHE,2022-08-05,-22.340000000000032
002763.XSHE,2022-08-05,-0.25
300985.XSHE,2022-08-05,-0.610000000000003
688456.XSHG,2022-08-05,-0.6600000000000001
605018.XSHG,2022-08-05,-0.16000000000000014
600436.XSHG,2022-08-05,-22.799999999999955
002696.XSHE,2022-08-05,-0.28999999999999915
603585.XSHG,2022-08-05,-2.230000000000004
001309.XSHE,2022-08-05,-9.36
000678.XSHE,2022-08-05,-1.1099999999999994
301060.XSHE,2022-08-05,-0.46999999999999886
002082.XSHE,2022-08-05,-0.8400000000000034
002265.XSHE,2022-08-05,-0.2699999999999996
300087.XSHE,2022-08-05,-5.400000000000006
301219.XSHE,2022-08-05,-3.8400000000000034
600331.XSHG,2022-08-05,-0.8900000000000006
301189.XSHE,2022-08-05,-0.759999999999998
002660.XSHE,2022-08-05,-0.4499999999999993
000552.XSHE,2022-08-05,-0.4399999999999977
000620.XSHE,2022-08-05,-0.09999999999999964
000707.XSHE,2022-08-05,-0.7700000000000031
603160.XSHG,2022-08-05,-4.57
603602.XSHG,2022-08-05,-0.8000000000000007
300801.XSHE,2022-08-05,-1.2700000000000031
002594.XSHE,2022-08-05,-6.339999999999975
600378.XSHG,2022-08-05,-3.210000000000008
301111.XSHE,2022-08-05,-0.370000000000001
002317.XSHE,2022-08-05,-10.100000000000023
600706.XSHG,2022-08-05,-0.5300000000000011
300749.XSHE,2022-08-05,-0.23000000000000043
603191.XSHG,2022-08-05,-0.8300000000000018
001230.XSHE,2022-08-05,-0.9500000000000028
300277.XSHE,2022-08-05,-0.6899999999999977
600865.XSHG,2022-08-05,-0.9599999999999937
002400.XSHE,2022-08-05,-1.8500000000000085
603629.XSHG,2022-08-05,-0.5399999999999991
001201.XSHE,2022-08-05,-1.1099999999999994
301090.XSHE,2022-08-05,-0.20999999999999908
300227.XSHE,2022-08-05,-1.0600000000000023
300541.XSHE,2022-08-05,-1.3200000000000003
688332.XSHG,2022-08-05,-2.5700000000000003
601958.XSHG,2022-08-05,-0.39000000000000057
002861.XSHE,2022-08-05,-0.22999999999999865
605056.XSHG,2022-08-05,-0.3100000000000005
603773.XSHG,2022-08-05,-0.9899999999999984
601595.XSHG,2022-08-05,-0.13000000000000078
603018.XSHG,2022-08-05,-1.5200000000000031
000889.XSHE,2022-08-05,-0.16000000000000014
002653.XSHE,2022-08-05,-1.3000000000000043
002296.XSHE,2022-08-05,-0.8200000000000003
688211.XSHG,2022-08-05,-1.2100000000000009
688408.XSHG,2022-08-05,-1.1399999999999864
301278.XSHE,2022-08-05,-0.8900000000000006
601872.XSHG,2022-08-05,-0.23000000000000043
603579.XSHG,2022-08-05,-1.3699999999999974
300923.XSHE,2022-08-05,-0.33999999999999986
002655.XSHE,2022-08-05,-2.219999999999999
300746.XSHE,2022-08-05,-0.17999999999999972
002828.XSHE,2022-08-05,-0.9499999999999993
300862.XSHE,2022-08-05,-0.7800000000000011
600161.XSHG,2022-08-05,-10.120000000000005
605507.XSHG,2022-08-05,-0.23000000000000043
603188.XSHG,2022-08-05,-0.15000000000000036
301201.XSHE,2022-08-05,-1.7199999999999989
603338.XSHG,2022-08-05,-6.659999999999968
603085.XSHG,2022-08-05,-1.0299999999999976
600990.XSHG,2022-08-05,-4.390000000000001
300432.XSHE,2022-08-05,-3.3600000000000136
301160.XSHE,2022-08-05,-2.1499999999999986
688180.XSHG,2022-08-05,-1.8999999999999986
000788.XSHE,2022-08-05,-0.33999999999999986
002303.XSHE,2022-08-05,-0.6799999999999997
300755.XSHE,2022-08-05,-1.6299999999999955
000568.XSHE,2022-08-05,-109.57000000000062
002993.XSHE,2022-08-05,-2.240000000000002
300919.XSHE,2022-08-05,-3.799999999999997
600862.XSHG,2022-08-05,-2.4499999999999886
600410.XSHG,2022-08-05,-3.289999999999992
002807.XSHE,2022-08-05,-0.16000000000000014
002358.XSHE,2022-08-05,-0.1700000000000017
300460.XSHE,2022-08-05,-1.2600000000000016
300381.XSHE,2022-08-05,-0.6300000000000026
002102.XSHE,2022-08-05,-0.17999999999999972
300692.XSHE,2022-08-05,-0.1999999999999993
000677.XSHE,2022-08-05,-1.6499999999999986
002601.XSHE,2022-08-05,-5.099999999999994
603788.XSHG,2022-08-05,-0.38000000000000256
002848.XSHE,2022-08-05,-0.20999999999999908
688227.XSHG,2022-08-05,-0.4499999999999993
300350.XSHE,2022-08-05,-0.28999999999999915
300654.XSHE,2022-08-05,-0.5899999999999999
605222.XSHG,2022-08-05,-0.4599999999999973
600158.XSHG,2022-08-05,-1.5100000000000051
301085.XSHE,2022-08-05,-0.6699999999999982
600894.XSHG,2022-08-05,-0.46999999999999886
601456.XSHG,2022-08-05,-0.41999999999999993
300707.XSHE,2022-08-05,-0.6599999999999966
600088.XSHG,2022-08-05,-0.5100000000000016
605108.XSHG,2022-08-05,-1.3000000000000007
002913.XSHE,2022-08-05,-3.059999999999995
688063.XSHG,2022-08-05,-3.3899999999999864
688222.XSHG,2022-08-05,-0.5700000000000003
605288.XSHG,2022-08-05,-1.490000000000002
603106.XSHG,2022-08-05,-0.3000000000000007
688286.XSHG,2022-08-05,-6.019999999999996
301071.XSHE,2022-08-05,-15.759999999999991
002645.XSHE,2022-08-05,-4.77000000000001
300775.XSHE,2022-08-05,-1.1300000000000026
301258.XSHE,2022-08-05,-0.9299999999999997
300088.XSHE,2022-08-05,-3.8500000000000085
002174.XSHE,2022-08-05,-1.0500000000000007
301220.XSHE,2022-08-05,-0.5600000000000023
300757.XSHE,2022-08-05,-5.52000000000001
300378.XSHE,2022-08-05,-1.4299999999999997
000995.XSHE,2022-08-05,-0.7699999999999996
600106.XSHG,2022-08-05,-2.8900000000000006
688218.XSHG,2022-08-05,-1.6799999999999997
605158.XSHG,2022-08-05,-0.1399999999999988
003029.XSHE,2022-08-05,-0.9299999999999997
600272.XSHG,2022-08-05,-0.2699999999999996
605259.XSHG,2022-08-05,-0.7300000000000004
002466.XSHE,2022-08-05,-49.52999999999997
000795.XSHE,2022-08-05,-1.0599999999999952
300494.XSHE,2022-08-05,-0.7600000000000016
688577.XSHG,2022-08-05,-1.0300000000000011
688070.XSHG,2022-08-05,-1.7100000000000009
000523.XSHE,2022-08-05,-0.46999999999999886
002544.XSHE,2022-08-05,-3.25
002057.XSHE,2022-08-05,-1.5
600581.XSHG,2022-08-05,-0.8000000000000007
600737.XSHG,2022-08-05,-1.3700000000000045
603876.XSHG,2022-08-05,-0.9400000000000048
300369.XSHE,2022-08-05,-2.989999999999995
300258.XSHE,2022-08-05,-1.2999999999999972
300475.XSHE,2022-08-05,-0.23999999999999488
000971.XSHE,2022-08-05,-0.08000000000000007
002634.XSHE,2022-08-05,-0.4199999999999946
603665.XSHG,2022-08-05,-2.0200000000000102
002209.XSHE,2022-08-05,-0.08999999999999986
300821.XSHE,2022-08-05,-0.4400000000000013
603233.XSHG,2022-08-05,-2.289999999999992
600236.XSHG,2022-08-05,-0.8200000000000003
300033.XSHE,2022-08-05,-25.959999999999923
603227.XSHG,2022-08-05,-0.8000000000000007
688607.XSHG,2022-08-05,-1.7300000000000004
300593.XSHE,2022-08-05,-2.6699999999999875
002889.XSHE,2022-08-05,-0.4200000000000017
605098.XSHG,2022-08-05,-0.6599999999999966
002309.XSHE,2022-08-05,-0.18999999999999773
002733.XSHE,2022-08-05,-1.3599999999999994
603076.XSHG,2022-08-05,-5.189999999999998
688526.XSHG,2022-08-05,-0.9899999999999984
603022.XSHG,2022-08-05,-0.3299999999999983
002740.XSHE,2022-08-05,-0.15000000000000036
603238.XSHG,2022-08-05,-0.3000000000000007
000793.XSHE,2022-08-05,-0.6500000000000021
600876.XSHG,2022-08-05,-1.75
688256.XSHG,2022-08-05,-6.82
601607.XSHG,2022-08-05,-0.360000000000003
002584.XSHE,2022-08-05,-0.7699999999999996
603871.XSHG,2022-08-05,-1.9499999999999886
002936.XSHE,2022-08-05,-0.040000000000000036
000042.XSHE,2022-08-05,-1.3299999999999983
601012.XSHG,2022-08-05,-27.110000000000127
300424.XSHE,2022-08-05,-0.5100000000000016
002322.XSHE,2022-08-05,-0.759999999999998
600483.XSHG,2022-08-05,-0.7100000000000009
002363.XSHE,2022-08-05,-0.3299999999999983
301072.XSHE,2022-08-05,-0.46999999999999886
603836.XSHG,2022-08-05,-0.28999999999999915
301129.XSHE,2022-08-05,-4.100000000000001
000622.XSHE,2022-08-05,-1.0999999999999943
601688.XSHG,2022-08-05,-0.3199999999999985
000423.XSHE,2022-08-05,-3.180000000000007
688363.XSHG,2022-08-05,-4.539999999999992
300791.XSHE,2022-08-05,-1.4599999999999937
301306.XSHE,2022-08-05,-3.770000000000003
600135.XSHG,2022-08-05,-0.5500000000000007
688232.XSHG,2022-08-05,-2.75
002875.XSHE,2022-08-05,-0.39000000000000057
600133.XSHG,2022-08-05,-0.6099999999999994
002457.XSHE,2022-08-05,-0.4499999999999993
300160.XSHE,2022-08-05,-1.0300000000000011
002839.XSHE,2022-08-05,-0.1800000000000006
601963.XSHG,2022-08-05,-0.09999999999999964
300655.XSHE,2022-08-05,-7.079999999999998
300467.XSHE,2022-08-05,-1.2100000000000009
002171.XSHE,2022-08-05,-0.21000000000000085
000837.XSHE,2022-08-05,0.0
000831.XSHE,2022-08-05,-5.1299999999999955
605011.XSHG,2022-08-05,-0.3099999999999987
003007.XSHE,2022-08-05,-0.4599999999999973
300721.XSHE,2022-08-05,-1.5100000000000051
600021.XSHG,2022-08-05,-0.5399999999999991
601163.XSHG,2022-08-05,-0.1800000000000015
600058.XSHG,2022-08-05,-1.1500000000000057
600199.XSHG,2022-08-05,-2.3999999999999915
002159.XSHE,2022-08-05,-0.26000000000000156
300148.XSHE,2022-08-05,-0.23999999999999844
002074.XSHE,2022-08-05,-3.530000000000001
002127.XSHE,2022-08-05,-1.240000000000002
600977.XSHG,2022-08-05,-0.16000000000000014
601699.XSHG,2022-08-05,-2.1300000000000097
603003.XSHG,2022-08-05,-0.16999999999999993
300319.XSHE,2022-08-05,-4.090000000000003
600727.XSHG,2022-08-05,-0.7199999999999989
600734.XSHG,2022-08-05,-0.6799999999999997
300486.XSHE,2022-08-05,-0.19000000000000128
000026.XSHE,2022-08-05,-1.5799999999999983
601128.XSHG,2022-08-05,-0.129999999999999
603181.XSHG,2022-08-05,-2.009999999999998
688382.XSHG,2022-08-05,-0.33000000000000007
