code,date,low_close_diff
300256.XSHE,2022-07-15,-0.08999999999999986
002225.XSHE,2022-07-15,-0.10999999999999943
688588.XSHG,2022-07-15,-0.009999999999999787
300588.XSHE,2022-07-15,0.0
603269.XSHG,2022-07-15,-0.33000000000000007
605277.XSHG,2022-07-15,-0.08000000000000185
601668.XSHG,2022-07-15,0.0
300287.XSHE,2022-07-15,0.0
002295.XSHE,2022-07-15,-0.08000000000000007
301112.XSHE,2022-07-15,-0.18999999999999773
600858.XSHG,2022-07-15,0.0
603323.XSHG,2022-07-15,-0.030000000000001137
300166.XSHE,2022-07-15,0.0
603676.XSHG,2022-07-15,-1.1400000000000006
600536.XSHG,2022-07-15,-0.3499999999999943
000929.XSHE,2022-07-15,-0.019999999999999574
688173.XSHG,2022-07-15,-0.14000000000000057
600103.XSHG,2022-07-15,0.0
603015.XSHG,2022-07-15,-0.09999999999999787
688109.XSHG,2022-07-15,-0.3299999999999983
688698.XSHG,2022-07-15,-0.5
688800.XSHG,2022-07-15,-4.009999999999991
000758.XSHE,2022-07-15,0.0
300595.XSHE,2022-07-15,-1.990000000000009
600352.XSHG,2022-07-15,-0.18999999999999773
300931.XSHE,2022-07-15,-0.010000000000000675
002048.XSHE,2022-07-15,-1.9200000000000017
002327.XSHE,2022-07-15,-0.23000000000000398
300789.XSHE,2022-07-15,-0.18999999999999773
605001.XSHG,2022-07-15,0.0
002433.XSHE,2022-07-15,0.0
600105.XSHG,2022-07-15,0.0
002324.XSHE,2022-07-15,-2.6899999999999977
002641.XSHE,2022-07-15,-0.060000000000002274
300618.XSHE,2022-07-15,-0.4099999999999966
601390.XSHG,2022-07-15,-0.02999999999999936
002892.XSHE,2022-07-15,-0.07000000000000028
000533.XSHE,2022-07-15,-0.019999999999999574
002441.XSHE,2022-07-15,-0.3500000000000014
000950.XSHE,2022-07-15,-0.08000000000000007
300469.XSHE,2022-07-15,-0.0899999999999963
000989.XSHE,2022-07-15,-0.10000000000000142
600892.XSHG,2022-07-15,-0.05999999999999872
688598.XSHG,2022-07-15,-14.569999999999993
603713.XSHG,2022-07-15,-2.6500000000000057
002352.XSHE,2022-07-15,-0.5300000000000011
301046.XSHE,2022-07-15,-0.0899999999999963
688212.XSHG,2022-07-15,-0.3200000000000003
603882.XSHG,2022-07-15,-0.060000000000002274
001211.XSHE,2022-07-15,-0.019999999999999574
603868.XSHG,2022-07-15,-6.299999999999997
300279.XSHE,2022-07-15,-0.11999999999999744
688678.XSHG,2022-07-15,-0.03999999999999915
600760.XSHG,2022-07-15,-0.7699999999999818
000506.XSHE,2022-07-15,-0.0600000000000005
002606.XSHE,2022-07-15,-0.7100000000000009
300653.XSHE,2022-07-15,-1.3700000000000045
688219.XSHG,2022-07-15,-0.009999999999999787
301153.XSHE,2022-07-15,-0.269999999999996
601377.XSHG,2022-07-15,-0.049999999999998934
600576.XSHG,2022-07-15,-0.07000000000000206
688282.XSHG,2022-07-15,-0.14000000000000057
600327.XSHG,2022-07-15,-0.1700000000000017
002231.XSHE,2022-07-15,0.0
603650.XSHG,2022-07-15,-0.07000000000000028
002403.XSHE,2022-07-15,-0.129999999999999
600810.XSHG,2022-07-15,-0.14999999999999858
601600.XSHG,2022-07-15,0.0
002313.XSHE,2022-07-15,0.0
603326.XSHG,2022-07-15,0.0
002291.XSHE,2022-07-15,-1.0899999999999999
300699.XSHE,2022-07-15,-3.1999999999999886
300828.XSHE,2022-07-15,-1.5900000000000034
300270.XSHE,2022-07-15,-0.19999999999999574
002377.XSHE,2022-07-15,0.0
600651.XSHG,2022-07-15,-56.22999999999956
688425.XSHG,2022-07-15,-0.009999999999999787
688319.XSHG,2022-07-15,-0.14999999999999858
601881.XSHG,2022-07-15,0.0
003016.XSHE,2022-07-15,0.0
688700.XSHG,2022-07-15,-4.060000000000002
300313.XSHE,2022-07-15,-1.0099999999999998
603363.XSHG,2022-07-15,-0.360000000000003
600336.XSHG,2022-07-15,-0.10000000000000142
600854.XSHG,2022-07-15,-1.2000000000000028
002788.XSHE,2022-07-15,0.0
600495.XSHG,2022-07-15,-0.08000000000000185
000856.XSHE,2022-07-15,-0.019999999999999574
603798.XSHG,2022-07-15,-0.0799999999999983
300338.XSHE,2022-07-15,-0.08999999999999986
600371.XSHG,2022-07-15,-0.0799999999999983
300232.XSHE,2022-07-15,-0.09999999999999432
000421.XSHE,2022-07-15,-2.1799999999999997
002816.XSHE,2022-07-15,-0.2699999999999996
300157.XSHE,2022-07-15,0.0
300762.XSHE,2022-07-15,-1.7700000000000031
605090.XSHG,2022-07-15,-0.05999999999999872
601226.XSHG,2022-07-15,-0.009999999999999787
601999.XSHG,2022-07-15,-0.009999999999999787
000877.XSHE,2022-07-15,-0.15000000000000568
000819.XSHE,2022-07-15,-15.969999999999999
001318.XSHE,2022-07-15,-0.379999999999999
688101.XSHG,2022-07-15,0.0
300079.XSHE,2022-07-15,-0.13000000000000256
000789.XSHE,2022-07-15,0.0
000153.XSHE,2022-07-15,-0.04999999999999716
300161.XSHE,2022-07-15,-0.010000000000001563
600837.XSHG,2022-07-15,-0.22999999999998977
002695.XSHE,2022-07-15,0.0
600187.XSHG,2022-07-15,0.0
688281.XSHG,2022-07-15,-4.980000000000018
603277.XSHG,2022-07-15,-0.05000000000000071
301055.XSHE,2022-07-15,-0.08999999999999986
300328.XSHE,2022-07-15,-2.1799999999999997
601618.XSHG,2022-07-15,0.0
002302.XSHE,2022-07-15,-0.03999999999999915
002833.XSHE,2022-07-15,0.0
300471.XSHE,2022-07-15,-0.8700000000000045
688331.XSHG,2022-07-15,-0.10000000000000142
603900.XSHG,2022-07-15,0.0
002412.XSHE,2022-07-15,0.0
002393.XSHE,2022-07-15,-0.019999999999999574
600657.XSHG,2022-07-15,0.0
000519.XSHE,2022-07-15,-0.6599999999999966
002221.XSHE,2022-07-15,-0.5700000000000003
600375.XSHG,2022-07-15,-0.490000000000002
600007.XSHG,2022-07-15,-0.03999999999999915
002241.XSHE,2022-07-15,-16.970000000000027
603186.XSHG,2022-07-15,-0.21999999999999886
600386.XSHG,2022-07-15,0.0
002960.XSHE,2022-07-15,-2.6700000000000017
600219.XSHG,2022-07-15,0.0
603286.XSHG,2022-07-15,0.0
300477.XSHE,2022-07-15,-0.5200000000000031
000910.XSHE,2022-07-15,-0.07000000000000028
002493.XSHE,2022-07-15,0.0
002721.XSHE,2022-07-15,-0.16000000000000014
688308.XSHG,2022-07-15,-0.6799999999999997
301233.XSHE,2022-07-15,-0.02999999999999403
300838.XSHE,2022-07-15,-0.02000000000000135
300856.XSHE,2022-07-15,-1.230000000000004
300672.XSHE,2022-07-15,-0.04999999999999716
301212.XSHE,2022-07-15,-0.5500000000000043
002530.XSHE,2022-07-15,-0.07000000000000028
002775.XSHE,2022-07-15,-0.05000000000000071
300120.XSHE,2022-07-15,-0.4400000000000013
603272.XSHG,2022-07-15,-0.120000000000001
688399.XSHG,2022-07-15,-0.37999999999999545
000735.XSHE,2022-07-15,-0.05999999999999517
002597.XSHE,2022-07-15,-0.5099999999999909
300635.XSHE,2022-07-15,-0.4400000000000013
002613.XSHE,2022-07-15,0.0
601089.XSHG,2022-07-15,-0.18000000000000327
600883.XSHG,2022-07-15,-0.240000000000002
300490.XSHE,2022-07-15,-0.5499999999999972
002370.XSHE,2022-07-15,-0.10000000000000142
002489.XSHE,2022-07-15,-0.23999999999999488
002665.XSHE,2022-07-15,0.0
688003.XSHG,2022-07-15,-0.10999999999999943
000534.XSHE,2022-07-15,-0.03999999999999915
605189.XSHG,2022-07-15,-0.07000000000000028
000058.XSHE,2022-07-15,0.0
000886.XSHE,2022-07-15,-0.02999999999999936
300052.XSHE,2022-07-15,-0.6400000000000006
002484.XSHE,2022-07-15,-1.3900000000000006
001288.XSHE,2022-07-15,-0.0400000000000027
300676.XSHE,2022-07-15,-0.9500000000000028
002183.XSHE,2022-07-15,0.0
603200.XSHG,2022-07-15,-1.4299999999999997
002215.XSHE,2022-07-15,-0.0799999999999983
001270.XSHE,2022-07-15,-5.900000000000006
000926.XSHE,2022-07-15,0.0
600959.XSHG,2022-07-15,0.0
603136.XSHG,2022-07-15,-1.6400000000000006
002981.XSHE,2022-07-15,-0.9800000000000004
601919.XSHG,2022-07-15,-0.030000000000001137
301079.XSHE,2022-07-15,-0.33999999999999986
605055.XSHG,2022-07-15,0.0
000593.XSHE,2022-07-15,-0.13000000000000256
001213.XSHE,2022-07-15,-0.09999999999999964
001268.XSHE,2022-07-15,-0.8999999999999986
601528.XSHG,2022-07-15,-0.009999999999999787
300833.XSHE,2022-07-15,-0.39000000000000057
301109.XSHE,2022-07-15,-1.1000000000000014
600986.XSHG,2022-07-15,-0.17999999999999972
300525.XSHE,2022-07-15,-0.75
300556.XSHE,2022-07-15,-0.10999999999999943
600110.XSHG,2022-07-15,-1.0
300939.XSHE,2022-07-15,-0.6599999999999966
002407.XSHE,2022-07-15,-0.16999999999995907
688138.XSHG,2022-07-15,-0.23000000000000043
600081.XSHG,2022-07-15,-0.10000000000000853
002349.XSHE,2022-07-15,-0.4000000000000057
001202.XSHE,2022-07-15,-0.049999999999998934
603789.XSHG,2022-07-15,-0.02999999999999936
688200.XSHG,2022-07-15,-12.960000000000036
000785.XSHE,2022-07-15,0.0
600866.XSHG,2022-07-15,-0.14000000000000057
605208.XSHG,2022-07-15,-2.379999999999999
603968.XSHG,2022-07-15,-1.3900000000000006
605111.XSHG,2022-07-15,-9.879999999999967
603320.XSHG,2022-07-15,0.0
603822.XSHG,2022-07-15,-0.22999999999999687
300990.XSHE,2022-07-15,-8.420000000000016
301136.XSHE,2022-07-15,-0.019999999999999574
600691.XSHG,2022-07-15,0.0
603948.XSHG,2022-07-15,-0.46000000000000085
688621.XSHG,2022-07-15,-1.3200000000000074
601111.XSHG,2022-07-15,-0.019999999999999574
300558.XSHE,2022-07-15,0.0
002084.XSHE,2022-07-15,-0.07000000000000028
000505.XSHE,2022-07-15,0.0
002678.XSHE,2022-07-15,0.0
600126.XSHG,2022-07-15,-0.120000000000001
600190.XSHG,2022-07-15,-0.02999999999999936
000028.XSHE,2022-07-15,-0.0799999999999983
300625.XSHE,2022-07-15,-0.16000000000000014
603881.XSHG,2022-07-15,-0.46000000000000085
002902.XSHE,2022-07-15,-1.3900000000000006
600537.XSHG,2022-07-15,-0.13999999999999702
600082.XSHG,2022-07-15,-0.05999999999999872
300669.XSHE,2022-07-15,0.0
002866.XSHE,2022-07-15,-5.43
000055.XSHE,2022-07-15,-0.20000000000000284
601360.XSHG,2022-07-15,-0.10000000000000142
688028.XSHG,2022-07-15,-0.10000000000000142
000665.XSHE,2022-07-15,-0.060000000000002274
300334.XSHE,2022-07-15,-0.020000000000003126
300098.XSHE,2022-07-15,-1.230000000000004
002365.XSHE,2022-07-15,-0.29999999999999716
300029.XSHE,2022-07-15,-0.17999999999999972
002523.XSHE,2022-07-15,-0.15000000000000213
600521.XSHG,2022-07-15,-0.18000000000000682
002759.XSHE,2022-07-15,-1.8000000000000043
603396.XSHG,2022-07-15,-0.29000000000002046
603639.XSHG,2022-07-15,-0.35999999999999943
300929.XSHE,2022-07-15,-0.35999999999999943
688039.XSHG,2022-07-15,0.0
688378.XSHG,2022-07-15,-0.030000000000001137
300599.XSHE,2022-07-15,-0.02000000000000135
600661.XSHG,2022-07-15,-0.259999999999998
300665.XSHE,2022-07-15,0.0
603661.XSHG,2022-07-15,-0.13000000000000256
300766.XSHE,2022-07-15,-0.019999999999999574
300155.XSHE,2022-07-15,-0.25
000902.XSHE,2022-07-15,-0.03999999999999915
300391.XSHE,2022-07-15,-0.3399999999999963
002909.XSHE,2022-07-15,0.0
688601.XSHG,2022-07-15,-1.4799999999999898
002226.XSHE,2022-07-15,0.0
002629.XSHE,2022-07-15,-0.030000000000001137
688029.XSHG,2022-07-15,-0.6800000000000068
300208.XSHE,2022-07-15,-11.330000000000013
600513.XSHG,2022-07-15,0.0
300901.XSHE,2022-07-15,0.0
600151.XSHG,2022-07-15,0.0
600759.XSHG,2022-07-15,-0.3100000000000005
002931.XSHE,2022-07-15,-1.0399999999999991
002741.XSHE,2022-07-15,-0.5200000000000031
300302.XSHE,2022-07-15,0.0
301179.XSHE,2022-07-15,-0.37999999999999545
601898.XSHG,2022-07-15,0.0
300240.XSHE,2022-07-15,-0.17999999999999972
688017.XSHG,2022-07-15,-7.650000000000006
605080.XSHG,2022-07-15,-2.4599999999999937
002328.XSHE,2022-07-15,-1.4299999999999997
600726.XSHG,2022-07-15,-0.08000000000000007
300187.XSHE,2022-07-15,-13.029999999999994
002374.XSHE,2022-07-15,0.0
688383.XSHG,2022-07-15,-1.759999999999991
688350.XSHG,2022-07-15,-0.2799999999999976
002753.XSHE,2022-07-15,-0.03999999999999915
002323.XSHE,2022-07-15,0.0
300772.XSHE,2022-07-15,-1.0
002092.XSHE,2022-07-15,-0.030000000000001137
600761.XSHG,2022-07-15,-0.3200000000000216
600880.XSHG,2022-07-15,-3.9199999999999875
688619.XSHG,2022-07-15,-0.10999999999999943
601777.XSHG,2022-07-15,-0.009999999999999787
300572.XSHE,2022-07-15,-0.060000000000002274
301196.XSHE,2022-07-15,-7.590000000000003
000923.XSHE,2022-07-15,-0.22000000000000242
688379.XSHG,2022-07-15,-0.129999999999999
002298.XSHE,2022-07-15,0.0
301200.XSHE,2022-07-15,-0.5599999999999952
688305.XSHG,2022-07-15,-0.10999999999999943
301053.XSHE,2022-07-15,-0.10999999999999943
688155.XSHG,2022-07-15,-1.4499999999999886
301180.XSHE,2022-07-15,-0.7699999999999996
601330.XSHG,2022-07-15,-0.08999999999999986
300189.XSHE,2022-07-15,0.0
000757.XSHE,2022-07-15,-0.05000000000000071
002101.XSHE,2022-07-15,-12.200000000000003
002060.XSHE,2022-07-15,-0.11999999999999744
300473.XSHE,2022-07-15,0.0
002983.XSHE,2022-07-15,-0.48999999999999844
300194.XSHE,2022-07-15,0.0
600811.XSHG,2022-07-15,-1.5600000000000023
002978.XSHE,2022-07-15,-0.030000000000001137
600260.XSHG,2022-07-15,-1.2299999999999969
300652.XSHE,2022-07-15,-0.4800000000000004
002242.XSHE,2022-07-15,-4.8700000000000045
300092.XSHE,2022-07-15,-0.26000000000000156
002713.XSHE,2022-07-15,0.0
000516.XSHE,2022-07-15,-9.319999999999993
000409.XSHE,2022-07-15,-0.019999999999999574
688777.XSHG,2022-07-15,0.0
301279.XSHE,2022-07-15,-0.9800000000000004
603387.XSHG,2022-07-15,-0.980000000000004
600653.XSHG,2022-07-15,-215.51000000000204
300209.XSHE,2022-07-15,-0.3000000000000007
600137.XSHG,2022-07-15,-0.0799999999999983
301186.XSHE,2022-07-15,-1.0200000000000031
300408.XSHE,2022-07-15,-0.30000000000001137
002204.XSHE,2022-07-15,-1.4899999999999949
300742.XSHE,2022-07-15,-0.05999999999999872
600681.XSHG,2022-07-15,-0.1700000000000017
002404.XSHE,2022-07-15,-0.04999999999999716
600694.XSHG,2022-07-15,-0.1700000000000017
300072.XSHE,2022-07-15,-0.20999999999999375
603808.XSHG,2022-07-15,0.0
688297.XSHG,2022-07-15,-1.7199999999999989
002052.XSHE,2022-07-15,-0.6900000000000013
601158.XSHG,2022-07-15,-0.02999999999999936
300959.XSHE,2022-07-15,-0.21999999999999886
002112.XSHE,2022-07-15,-0.6199999999999974
603360.XSHG,2022-07-15,-0.13000000000000256
600660.XSHG,2022-07-15,-26.210000000000036
688009.XSHG,2022-07-15,0.0
688202.XSHG,2022-07-15,-3.8500000000000227
601555.XSHG,2022-07-15,0.0
300803.XSHE,2022-07-15,-0.05999999999999517
600195.XSHG,2022-07-15,-0.4399999999999977
002199.XSHE,2022-07-15,-0.030000000000001137
002195.XSHE,2022-07-15,0.0
001296.XSHE,2022-07-15,-0.10999999999999943
002422.XSHE,2022-07-15,-2.9799999999999898
600918.XSHG,2022-07-15,-0.009999999999999787
002776.XSHE,2022-07-15,-0.6500000000000004
000595.XSHE,2022-07-15,0.0
003015.XSHE,2022-07-15,-0.009999999999999787
603733.XSHG,2022-07-15,-0.17999999999999972
300869.XSHE,2022-07-15,0.0
600968.XSHG,2022-07-15,0.0
600227.XSHG,2022-07-15,0.0
603893.XSHG,2022-07-15,0.0
601918.XSHG,2022-07-15,-0.08000000000000007
300978.XSHE,2022-07-15,-1.540000000000001
688092.XSHG,2022-07-15,-0.08000000000000185
601515.XSHG,2022-07-15,-0.0400000000000027
002592.XSHE,2022-07-15,-0.6500000000000004
600711.XSHG,2022-07-15,-0.10000000000000853
300819.XSHE,2022-07-15,-0.03999999999999915
600673.XSHG,2022-07-15,-2.740000000000009
000717.XSHE,2022-07-15,-0.05000000000000071
600790.XSHG,2022-07-15,-0.11999999999999744
605303.XSHG,2022-07-15,-0.019999999999999574
300987.XSHE,2022-07-15,-0.08000000000000185
300097.XSHE,2022-07-15,0.0
000531.XSHE,2022-07-15,-0.7999999999999972
300945.XSHE,2022-07-15,-0.1800000000000015
300042.XSHE,2022-07-15,-0.4399999999999977
603879.XSHG,2022-07-15,-0.3099999999999987
002293.XSHE,2022-07-15,-0.3199999999999932
300605.XSHE,2022-07-15,-0.16000000000000014
301181.XSHE,2022-07-15,-2.3099999999999987
600160.XSHG,2022-07-15,-1.6499999999999773
600688.XSHG,2022-07-15,0.0
688065.XSHG,2022-07-15,0.0
600033.XSHG,2022-07-15,-1.2699999999999996
688156.XSHG,2022-07-15,-0.08999999999999986
000868.XSHE,2022-07-15,-0.14999999999999858
301033.XSHE,2022-07-15,-1.1300000000000026
000581.XSHE,2022-07-15,-0.060000000000002274
002351.XSHE,2022-07-15,0.0
600099.XSHG,2022-07-15,0.0
300492.XSHE,2022-07-15,-0.1700000000000017
600167.XSHG,2022-07-15,0.0
300540.XSHE,2022-07-15,-0.10000000000000142
300693.XSHE,2022-07-15,0.0
000797.XSHE,2022-07-15,0.0
601398.XSHG,2022-07-15,0.0
603196.XSHG,2022-07-15,-0.010000000000000675
600408.XSHG,2022-07-15,-0.08999999999999986
603027.XSHG,2022-07-15,-2.8100000000000023
002185.XSHE,2022-07-15,0.0
600997.XSHG,2022-07-15,0.0
603535.XSHG,2022-07-15,-1.6799999999999962
601218.XSHG,2022-07-15,-0.20999999999999908
600638.XSHG,2022-07-15,-0.4099999999999966
300870.XSHE,2022-07-15,-0.46999999999999886
300580.XSHE,2022-07-15,-0.4299999999999997
300345.XSHE,2022-07-15,-0.33999999999999986
000850.XSHE,2022-07-15,0.0
000697.XSHE,2022-07-15,-0.07000000000000028
600848.XSHG,2022-07-15,0.0
300737.XSHE,2022-07-15,-0.10999999999999943
601088.XSHG,2022-07-15,-0.23999999999999488
301026.XSHE,2022-07-15,-0.00999999999999801
000541.XSHE,2022-07-15,-0.3100000000000023
300694.XSHE,2022-07-15,-0.3699999999999992
300898.XSHE,2022-07-15,0.0
301050.XSHE,2022-07-15,-0.1799999999999784
600460.XSHG,2022-07-15,-27.480000000000018
601339.XSHG,2022-07-15,-0.030000000000001137
300348.XSHE,2022-07-15,-0.3500000000000085
688617.XSHG,2022-07-15,-1.8000000000000114
600667.XSHG,2022-07-15,0.0
603699.XSHG,2022-07-15,-0.08000000000000007
002345.XSHE,2022-07-15,0.0
688285.XSHG,2022-07-15,0.0
603176.XSHG,2022-07-15,-0.009999999999999787
000949.XSHE,2022-07-15,0.0
300634.XSHE,2022-07-15,-0.009999999999999787
603017.XSHG,2022-07-15,0.0
300623.XSHE,2022-07-15,-0.13999999999998636
688585.XSHG,2022-07-15,0.0
300606.XSHE,2022-07-15,0.0
000782.XSHE,2022-07-15,-0.03999999999999915
002621.XSHE,2022-07-15,-1.2299999999999969
300262.XSHE,2022-07-15,-0.1700000000000017
601008.XSHG,2022-07-15,-0.020000000000000462
600168.XSHG,2022-07-15,-0.9599999999999991
002009.XSHE,2022-07-15,-0.1599999999999966
002697.XSHE,2022-07-15,0.0
601028.XSHG,2022-07-15,-0.3399999999999963
603530.XSHG,2022-07-15,0.0
603108.XSHG,2022-07-15,-0.6700000000000017
000004.XSHE,2022-07-15,0.0
688235.XSHG,2022-07-15,-2.5999999999999943
002288.XSHE,2022-07-15,-0.15000000000000568
600731.XSHG,2022-07-15,-1.8399999999999963
600970.XSHG,2022-07-15,-1.9399999999999977
300703.XSHE,2022-07-15,-0.509999999999998
002738.XSHE,2022-07-15,-7.019999999999982
000029.XSHE,2022-07-15,-0.26000000000000156
605333.XSHG,2022-07-15,-3.139999999999997
605336.XSHG,2022-07-15,-0.35999999999999943
600713.XSHG,2022-07-15,0.0
601789.XSHG,2022-07-15,-0.02999999999999936
002971.XSHE,2022-07-15,-0.05000000000000071
000416.XSHE,2022-07-15,0.0
000833.XSHE,2022-07-15,0.0
300611.XSHE,2022-07-15,-3.870000000000001
605296.XSHG,2022-07-15,-0.2600000000000051
002921.XSHE,2022-07-15,-0.14000000000000057
000796.XSHE,2022-07-15,-1.0500000000000007
600237.XSHG,2022-07-15,-0.33999999999999986
300779.XSHE,2022-07-15,0.0
600475.XSHG,2022-07-15,-0.28999999999999915
300760.XSHE,2022-07-15,-1.080000000000041
600395.XSHG,2022-07-15,-0.4199999999999946
000610.XSHE,2022-07-15,-0.6400000000000006
603223.XSHG,2022-07-15,-0.30999999999999517
605180.XSHG,2022-07-15,-0.3000000000000007
300648.XSHE,2022-07-15,-0.01999999999999602
600507.XSHG,2022-07-15,-0.25
300274.XSHE,2022-07-15,-19.91999999999996
600827.XSHG,2022-07-15,-0.6099999999999994
002851.XSHE,2022-07-15,-5.009999999999991
300315.XSHE,2022-07-15,-0.11999999999999744
000810.XSHE,2022-07-15,-1.5799999999999983
002346.XSHE,2022-07-15,-0.7200000000000024
000768.XSHE,2022-07-15,-0.5099999999999909
603007.XSHG,2022-07-15,-0.4900000000000002
003008.XSHE,2022-07-15,-0.019999999999999574
600323.XSHG,2022-07-15,-0.5600000000000023
600780.XSHG,2022-07-15,-0.22999999999998977
688276.XSHG,2022-07-15,-0.04999999999999716
002104.XSHE,2022-07-15,-0.07000000000000028
300480.XSHE,2022-07-15,0.0
300421.XSHE,2022-07-15,-0.5799999999999983
000524.XSHE,2022-07-15,-1.3900000000000006
600132.XSHG,2022-07-15,-19.930000000000064
301149.XSHE,2022-07-15,-1.08
301066.XSHE,2022-07-15,-0.9100000000000001
300210.XSHE,2022-07-15,-0.060000000000002274
300479.XSHE,2022-07-15,-0.28000000000000114
601336.XSHG,2022-07-15,-0.01999999999999602
000836.XSHE,2022-07-15,-0.0799999999999983
000762.XSHE,2022-07-15,-12.479999999999961
000679.XSHE,2022-07-15,-0.120000000000001
600348.XSHG,2022-07-15,-15.939999999999998
000685.XSHE,2022-07-15,-0.3100000000000023
603330.XSHG,2022-07-15,-0.7299999999999969
688210.XSHG,2022-07-15,-0.7300000000000004
603180.XSHG,2022-07-15,-0.14999999999999858
001206.XSHE,2022-07-15,0.0
300099.XSHE,2022-07-15,-0.14000000000000057
301228.XSHE,2022-07-15,-0.41000000000000014
688516.XSHG,2022-07-15,-12.220000000000027
600839.XSHG,2022-07-15,-0.980000000000004
688300.XSHG,2022-07-15,-1.2999999999999972
600882.XSHG,2022-07-15,0.0
000417.XSHE,2022-07-15,-0.9500000000000028
300185.XSHE,2022-07-15,-0.879999999999999
603322.XSHG,2022-07-15,-1.1900000000000048
603658.XSHG,2022-07-15,0.0
002218.XSHE,2022-07-15,-0.04999999999999716
600319.XSHG,2022-07-15,-0.009999999999999787
002193.XSHE,2022-07-15,-0.0600000000000005
002481.XSHE,2022-07-15,-12.259999999999991
002607.XSHE,2022-07-15,-0.0799999999999983
002343.XSHE,2022-07-15,0.0
300867.XSHE,2022-07-15,-0.7999999999999972
600184.XSHG,2022-07-15,-0.4299999999999997
300673.XSHE,2022-07-15,-1.6099999999999994
688087.XSHG,2022-07-15,-1.1499999999999986
002654.XSHE,2022-07-15,-0.19000000000000128
300094.XSHE,2022-07-15,0.0
300036.XSHE,2022-07-15,-1.4399999999999977
603336.XSHG,2022-07-15,-0.26000000000000156
300806.XSHE,2022-07-15,-2.200000000000003
002830.XSHE,2022-07-15,-0.05000000000000071
601608.XSHG,2022-07-15,-0.019999999999999574
002254.XSHE,2022-07-15,0.0
600100.XSHG,2022-07-15,0.0
301078.XSHE,2022-07-15,-0.46999999999999886
002132.XSHE,2022-07-15,-0.529999999999994
002389.XSHE,2022-07-15,-0.13000000000000966
002603.XSHE,2022-07-15,-1.5799999999999983
002222.XSHE,2022-07-15,-0.0799999999999983
002480.XSHE,2022-07-15,0.0
002596.XSHE,2022-07-15,-0.09999999999999964
002996.XSHE,2022-07-15,-1.3399999999999999
603266.XSHG,2022-07-15,-0.3099999999999987
300996.XSHE,2022-07-15,-0.04999999999999716
688398.XSHG,2022-07-15,-0.9199999999999982
300910.XSHE,2022-07-15,-1.1400000000000006
000090.XSHE,2022-07-15,-0.09000000000000341
002099.XSHE,2022-07-15,-0.7899999999999991
688236.XSHG,2022-07-15,-0.3200000000000003
300414.XSHE,2022-07-15,-0.20000000000000284
300318.XSHE,2022-07-15,-0.060000000000002274
300884.XSHE,2022-07-15,-0.0400000000000027
002831.XSHE,2022-07-15,-0.11999999999999744
301107.XSHE,2022-07-15,-2.6400000000000006
603895.XSHG,2022-07-15,-0.11999999999999744
002247.XSHE,2022-07-15,-0.0600000000000005
600202.XSHG,2022-07-15,-0.1999999999999993
000778.XSHE,2022-07-15,-0.28999999999999204
300427.XSHE,2022-07-15,-0.9699999999999989
601077.XSHG,2022-07-15,-0.009999999999999787
603012.XSHG,2022-07-15,-0.08999999999999986
002925.XSHE,2022-07-15,-0.10999999999999943
300942.XSHE,2022-07-15,-0.16000000000000014
688681.XSHG,2022-07-15,-0.4800000000000004
600640.XSHG,2022-07-15,-0.29999999999999716
300834.XSHE,2022-07-15,-1.1700000000000017
688025.XSHG,2022-07-15,-0.21999999999999886
688799.XSHG,2022-07-15,-0.00999999999999801
300395.XSHE,2022-07-15,-1.3600000000000136
600531.XSHG,2022-07-15,0.0
301175.XSHE,2022-07-15,-0.03999999999999915
002307.XSHE,2022-07-15,-0.75
300683.XSHE,2022-07-15,-2.3399999999999963
001208.XSHE,2022-07-15,-0.07000000000000028
002785.XSHE,2022-07-15,-1.3099999999999987
603261.XSHG,2022-07-15,-0.5
600109.XSHG,2022-07-15,-0.0899999999999892
600735.XSHG,2022-07-15,-0.05000000000000426
300110.XSHE,2022-07-15,-0.10999999999999943
688676.XSHG,2022-07-15,-1.240000000000002
688679.XSHG,2022-07-15,-0.0600000000000005
002382.XSHE,2022-07-15,0.0
002485.XSHE,2022-07-15,-0.120000000000001
688268.XSHG,2022-07-15,-0.010000000000005116
002091.XSHE,2022-07-15,-0.29000000000000625
300530.XSHE,2022-07-15,-3.6299999999999955
600597.XSHG,2022-07-15,-0.05000000000000071
605589.XSHG,2022-07-15,-0.04999999999999716
300043.XSHE,2022-07-15,0.0
002167.XSHE,2022-07-15,-0.0799999999999983
300292.XSHE,2022-07-15,-0.19000000000000128
603080.XSHG,2022-07-15,-0.02000000000000135
688167.XSHG,2022-07-15,-7.289999999999992
600742.XSHG,2022-07-15,-0.20000000000001705
603688.XSHG,2022-07-15,-5.6200000000000045
600805.XSHG,2022-07-15,-0.6099999999999994
603588.XSHG,2022-07-15,-0.44999999999998863
000968.XSHE,2022-07-15,-0.010000000000001563
002310.XSHE,2022-07-15,-0.9299999999999926
603043.XSHG,2022-07-15,-0.6000000000000014
000681.XSHE,2022-07-15,-0.5100000000000051
300153.XSHE,2022-07-15,-0.0899999999999963
600549.XSHG,2022-07-15,-0.4000000000000341
600812.XSHG,2022-07-15,0.0
001313.XSHE,2022-07-15,-0.05000000000000071
002625.XSHE,2022-07-15,-2.3900000000000006
688356.XSHG,2022-07-15,-6.5
603477.XSHG,2022-07-15,-0.47000000000000597
600745.XSHG,2022-07-15,-5.810000000000002
300505.XSHE,2022-07-15,-0.8900000000000006
688609.XSHG,2022-07-15,-0.03000000000000025
000636.XSHE,2022-07-15,-0.7200000000000273
301237.XSHE,2022-07-15,-1.4299999999999997
300129.XSHE,2022-07-15,-1.6599999999999966
688266.XSHG,2022-07-15,-0.4299999999999997
300464.XSHE,2022-07-15,0.0
000637.XSHE,2022-07-15,0.0
688082.XSHG,2022-07-15,-3.6799999999999926
603187.XSHG,2022-07-15,-1.990000000000009
601975.XSHG,2022-07-15,-0.040000000000000036
002984.XSHE,2022-07-15,-2.0599999999999987
300466.XSHE,2022-07-15,0.0
300573.XSHE,2022-07-15,-0.7800000000000011
600802.XSHG,2022-07-15,0.0
600769.XSHG,2022-07-15,-0.10999999999999943
603978.XSHG,2022-07-15,-1.7100000000000009
600668.XSHG,2022-07-15,-0.0899999999999892
002488.XSHE,2022-07-15,-3.6999999999999957
002811.XSHE,2022-07-15,-0.0600000000000005
002142.XSHE,2022-07-15,-0.04000000000000625
002258.XSHE,2022-07-15,-0.060000000000002274
300670.XSHE,2022-07-15,-0.870000000000001
301045.XSHE,2022-07-15,-0.7300000000000004
300260.XSHE,2022-07-15,-8.960000000000008
600332.XSHG,2022-07-15,-0.030000000000001137
300294.XSHE,2022-07-15,-0.15000000000000568
000518.XSHE,2022-07-15,-0.33999999999999986
600686.XSHG,2022-07-15,-0.14000000000000057
601001.XSHG,2022-07-15,-0.3099999999999987
002376.XSHE,2022-07-15,-0.04999999999999716
300482.XSHE,2022-07-15,0.0
300437.XSHE,2022-07-15,-1.7299999999999898
300591.XSHE,2022-07-15,-0.019999999999999574
300438.XSHE,2022-07-15,-8.139999999999986
301065.XSHE,2022-07-15,-0.09999999999999432
000932.XSHE,2022-07-15,0.0
300062.XSHE,2022-07-15,-0.3999999999999986
600520.XSHG,2022-07-15,-0.03999999999999915
002982.XSHE,2022-07-15,-0.10000000000000142
601616.XSHG,2022-07-15,-0.0600000000000005
002796.XSHE,2022-07-15,0.0
000920.XSHE,2022-07-15,-0.07000000000000028
603817.XSHG,2022-07-15,-0.16000000000000014
002593.XSHE,2022-07-15,-0.0600000000000005
000903.XSHE,2022-07-15,0.0
300719.XSHE,2022-07-15,-0.09000000000000341
300922.XSHE,2022-07-15,-0.46000000000000085
600157.XSHG,2022-07-15,0.0
000655.XSHE,2022-07-15,0.0
688052.XSHG,2022-07-15,-1.8799999999999955
688513.XSHG,2022-07-15,-0.14000000000000057
000695.XSHE,2022-07-15,-0.2699999999999996
002864.XSHE,2022-07-15,-0.00999999999999801
300549.XSHE,2022-07-15,-0.28000000000000114
603558.XSHG,2022-07-15,0.0
600425.XSHG,2022-07-15,-0.11999999999999744
605358.XSHG,2022-07-15,-0.5300000000000011
002516.XSHE,2022-07-15,-1.3900000000000006
301063.XSHE,2022-07-15,-1.0600000000000023
301077.XSHE,2022-07-15,-0.3299999999999983
601799.XSHG,2022-07-15,-13.670000000000016
603839.XSHG,2022-07-15,0.0
002870.XSHE,2022-07-15,-0.019999999999999574
300013.XSHE,2022-07-15,-0.08999999999999986
688697.XSHG,2022-07-15,0.0
603888.XSHG,2022-07-15,0.0
600171.XSHG,2022-07-15,-1.4399999999999977
002123.XSHE,2022-07-15,-0.14999999999999147
000656.XSHE,2022-07-15,0.0
603103.XSHG,2022-07-15,-0.29999999999999716
300174.XSHE,2022-07-15,-0.6500000000000057
300597.XSHE,2022-07-15,0.0
600114.XSHG,2022-07-15,-1.519999999999996
002443.XSHE,2022-07-15,-0.120000000000001
000776.XSHE,2022-07-15,0.0
600064.XSHG,2022-07-15,0.0
002326.XSHE,2022-07-15,-3.8499999999999943
002251.XSHE,2022-07-15,-0.09999999999999787
300612.XSHE,2022-07-15,-0.020000000000003126
000089.XSHE,2022-07-15,-0.07000000000000028
600739.XSHG,2022-07-15,-0.6200000000000045
600690.XSHG,2022-07-15,0.0
301128.XSHE,2022-07-15,-0.129999999999999
002006.XSHE,2022-07-15,-7.420000000000016
000537.XSHE,2022-07-15,-0.21000000000000796
603979.XSHG,2022-07-15,-0.4499999999999993
300335.XSHE,2022-07-15,-0.17999999999999972
000721.XSHE,2022-07-15,0.0
603110.XSHG,2022-07-15,-0.6500000000000057
300171.XSHE,2022-07-15,-0.44000000000005457
300997.XSHE,2022-07-15,-0.019999999999999574
603260.XSHG,2022-07-15,-0.8799999999999955
300554.XSHE,2022-07-15,-0.240000000000002
688633.XSHG,2022-07-15,-0.0899999999999963
300351.XSHE,2022-07-15,-1.2099999999999937
002047.XSHE,2022-07-15,0.0
300169.XSHE,2022-07-15,0.0
301150.XSHE,2022-07-15,-5.569999999999993
688175.XSHG,2022-07-15,-0.05000000000000071
300275.XSHE,2022-07-15,-0.030000000000001137
600011.XSHG,2022-07-15,-0.44999999999999574
600497.XSHG,2022-07-15,-0.4399999999999977
600702.XSHG,2022-07-15,-14.870000000000005
301015.XSHE,2022-07-15,-0.21000000000000085
000657.XSHE,2022-07-15,-1.5399999999999991
603759.XSHG,2022-07-15,-0.05000000000000071
600519.XSHG,2022-07-15,-35.8700000000008
002229.XSHE,2022-07-15,-0.8299999999999983
002531.XSHE,2022-07-15,-5.490000000000009
002591.XSHE,2022-07-15,-1.2100000000000009
300698.XSHE,2022-07-15,-0.030000000000001137
002545.XSHE,2022-07-15,-0.05000000000000426
300203.XSHE,2022-07-15,-0.33999999999999986
002228.XSHE,2022-07-15,0.0
600684.XSHG,2022-07-15,-0.13999999999999346
000550.XSHE,2022-07-15,-0.8799999999999955
002730.XSHE,2022-07-15,-0.08999999999999986
600406.XSHG,2022-07-15,-25.920000000000073
603586.XSHG,2022-07-15,-0.9100000000000001
003041.XSHE,2022-07-15,0.0
002930.XSHE,2022-07-15,-0.12000000000000455
001228.XSHE,2022-07-15,-3.8400000000000034
002692.XSHE,2022-07-15,-0.08000000000000007
002962.XSHE,2022-07-15,-0.019999999999999574
600004.XSHG,2022-07-15,-0.030000000000001137
601991.XSHG,2022-07-15,-0.02999999999999936
002390.XSHE,2022-07-15,-0.6200000000000045
300975.XSHE,2022-07-15,0.0
002508.XSHE,2022-07-15,-0.06999999999999318
600148.XSHG,2022-07-15,-0.20000000000000284
301236.XSHE,2022-07-15,-0.6900000000000048
002801.XSHE,2022-07-15,-2.190000000000012
002888.XSHE,2022-07-15,-0.19000000000000128
600008.XSHG,2022-07-15,-0.08999999999999986
601139.XSHG,2022-07-15,-0.07000000000000028
002572.XSHE,2022-07-15,-0.38999999999998636
002046.XSHE,2022-07-15,-0.3499999999999943
600285.XSHG,2022-07-15,0.0
002176.XSHE,2022-07-15,-1.8199999999999932
002709.XSHE,2022-07-15,-0.42999999999995
002761.XSHE,2022-07-15,-0.18000000000000682
600070.XSHG,2022-07-15,-0.20000000000000284
600644.XSHG,2022-07-15,-0.10999999999999943
688468.XSHG,2022-07-15,-0.11000000000000121
300557.XSHE,2022-07-15,0.0
600487.XSHG,2022-07-15,-1.0699999999999932
000958.XSHE,2022-07-15,-0.129999999999999
002799.XSHE,2022-07-15,0.0
688571.XSHG,2022-07-15,-0.019999999999999574
002571.XSHE,2022-07-15,0.0
002248.XSHE,2022-07-15,-0.019999999999999574
002095.XSHE,2022-07-15,-0.3500000000000014
603787.XSHG,2022-07-15,-0.3000000000000007
300578.XSHE,2022-07-15,0.0
600741.XSHG,2022-07-15,-30.24000000000001
300701.XSHE,2022-07-15,-0.0799999999999983
603328.XSHG,2022-07-15,-0.08000000000000185
002380.XSHE,2022-07-15,0.0
002308.XSHE,2022-07-15,-1.2100000000000009
000981.XSHE,2022-07-15,-0.11999999999999922
301208.XSHE,2022-07-15,0.0
603161.XSHG,2022-07-15,-0.47000000000000064
688196.XSHG,2022-07-15,-3.269999999999996
002541.XSHE,2022-07-15,-0.25
601609.XSHG,2022-07-15,-0.019999999999999574
002014.XSHE,2022-07-15,-0.730000000000004
603869.XSHG,2022-07-15,-0.16999999999999993
603963.XSHG,2022-07-15,-1.0300000000000011
301029.XSHE,2022-07-15,-0.29000000000000625
603030.XSHG,2022-07-15,0.0
600186.XSHG,2022-07-15,-0.05999999999999872
603198.XSHG,2022-07-15,-1.1699999999999875
002805.XSHE,2022-07-15,-5.390000000000001
600377.XSHG,2022-07-15,-0.030000000000001137
600980.XSHG,2022-07-15,-0.030000000000001137
603031.XSHG,2022-07-15,-0.4000000000000057
600381.XSHG,2022-07-15,0.0
300656.XSHE,2022-07-15,-1.0300000000000011
000692.XSHE,2022-07-15,-5.399999999999999
300410.XSHE,2022-07-15,-0.20000000000000284
002512.XSHE,2022-07-15,-0.07000000000000028
600830.XSHG,2022-07-15,-0.10999999999999943
300778.XSHE,2022-07-15,-0.16000000000000014
000676.XSHE,2022-07-15,-0.46000000000000085
603232.XSHG,2022-07-15,-0.740000000000002
300389.XSHE,2022-07-15,-0.25
002465.XSHE,2022-07-15,0.0
002882.XSHE,2022-07-15,-0.9000000000000004
000759.XSHE,2022-07-15,-0.14999999999999858
688595.XSHG,2022-07-15,-2.0500000000000114
002133.XSHE,2022-07-15,-0.030000000000001137
605177.XSHG,2022-07-15,-0.0400000000000027
600565.XSHG,2022-07-15,-0.120000000000001
300184.XSHE,2022-07-15,0.0
688558.XSHG,2022-07-15,-0.05000000000000426
688021.XSHG,2022-07-15,-0.030000000000001137
000333.XSHE,2022-07-15,-0.25
300108.XSHE,2022-07-15,-0.11999999999999922
002454.XSHE,2022-07-15,-0.05999999999999872
002348.XSHE,2022-07-15,0.0
000848.XSHE,2022-07-15,-0.5300000000000011
000625.XSHE,2022-07-15,-12.110000000000014
688306.XSHG,2022-07-15,0.0
600057.XSHG,2022-07-15,-0.21999999999999886
603682.XSHG,2022-07-15,0.0
002884.XSHE,2022-07-15,-0.10000000000000853
605268.XSHG,2022-07-15,-0.17999999999999972
002045.XSHE,2022-07-15,-0.060000000000002274
002732.XSHE,2022-07-15,0.0
300080.XSHE,2022-07-15,0.0
600535.XSHG,2022-07-15,-0.12000000000000455
300941.XSHE,2022-07-15,0.0
002250.XSHE,2022-07-15,-1.8700000000000045
600594.XSHG,2022-07-15,0.0
000799.XSHE,2022-07-15,-10.279999999999973
601619.XSHG,2022-07-15,0.0
000752.XSHE,2022-07-15,-0.509999999999998
300379.XSHE,2022-07-15,0.0
002659.XSHE,2022-07-15,-0.120000000000001
601116.XSHG,2022-07-15,-0.02999999999999936
000767.XSHE,2022-07-15,-0.09999999999999432
301217.XSHE,2022-07-15,-0.2400000000000002
301116.XSHE,2022-07-15,0.0
601011.XSHG,2022-07-15,-0.02999999999999936
603959.XSHG,2022-07-15,-0.0400000000000027
603026.XSHG,2022-07-15,-0.040000000000020464
301000.XSHE,2022-07-15,-2.3400000000000034
002739.XSHE,2022-07-15,-0.17999999999999972
000980.XSHE,2022-07-15,-0.10000000000000053
301058.XSHE,2022-07-15,-0.1999999999999993
002311.XSHE,2022-07-15,-0.1400000000000432
601137.XSHG,2022-07-15,-1.5899999999999963
300911.XSHE,2022-07-15,-0.4899999999999949
600682.XSHG,2022-07-15,0.0
688072.XSHG,2022-07-15,-24.569999999999993
000703.XSHE,2022-07-15,-0.8699999999999903
002674.XSHE,2022-07-15,-0.02999999999999936
600900.XSHG,2022-07-15,0.0
603111.XSHG,2022-07-15,0.0
002985.XSHE,2022-07-15,-0.6700000000000159
002677.XSHE,2022-07-15,-0.7700000000000031
603909.XSHG,2022-07-15,-0.10000000000000142
001215.XSHE,2022-07-15,-0.5799999999999983
600119.XSHG,2022-07-15,-0.2699999999999996
688051.XSHG,2022-07-15,-0.8000000000000007
002235.XSHE,2022-07-15,0.0
300047.XSHE,2022-07-15,-0.3100000000000023
301135.XSHE,2022-07-15,-2.5399999999999956
603806.XSHG,2022-07-15,-1.3799999999999955
688036.XSHG,2022-07-15,-0.7900000000000063
688026.XSHG,2022-07-15,-0.11999999999999744
300095.XSHE,2022-07-15,-3.539999999999999
603730.XSHG,2022-07-15,-0.36999999999999744
688103.XSHG,2022-07-15,-2.8200000000000003
688316.XSHG,2022-07-15,-1.1000000000000014
601020.XSHG,2022-07-15,0.0
603283.XSHG,2022-07-15,-0.28000000000000114
001226.XSHE,2022-07-15,-1.3200000000000003
600498.XSHG,2022-07-15,0.0
003030.XSHE,2022-07-15,-0.1999999999999993
301110.XSHE,2022-07-15,-0.6300000000000026
300523.XSHE,2022-07-15,-0.10000000000000142
603680.XSHG,2022-07-15,-0.03999999999999915
002396.XSHE,2022-07-15,-0.030000000000001137
603927.XSHG,2022-07-15,0.0
603158.XSHG,2022-07-15,0.0
601333.XSHG,2022-07-15,0.0
002016.XSHE,2022-07-15,-0.20000000000000284
300140.XSHE,2022-07-15,-0.21000000000000085
300449.XSHE,2022-07-15,-0.10999999999999943
605376.XSHG,2022-07-15,-0.3399999999999963
300829.XSHE,2022-07-15,-0.00999999999999801
601003.XSHG,2022-07-15,-0.060000000000002274
000338.XSHE,2022-07-15,0.0
301166.XSHE,2022-07-15,-0.6000000000000014
301289.XSHE,2022-07-15,-0.0799999999999983
600313.XSHG,2022-07-15,-0.1700000000000017
002391.XSHE,2022-07-15,0.0
600315.XSHG,2022-07-15,-0.1699999999999875
301067.XSHE,2022-07-15,-0.1700000000000017
000931.XSHE,2022-07-15,-0.040000000000000924
002318.XSHE,2022-07-15,-0.18000000000000682
301187.XSHE,2022-07-15,-0.4700000000000024
600566.XSHG,2022-07-15,-0.10999999999999943
300815.XSHE,2022-07-15,0.0
688626.XSHG,2022-07-15,-0.05000000000000071
301177.XSHE,2022-07-15,-1.0499999999999972
000862.XSHE,2022-07-15,-0.5300000000000011
300165.XSHE,2022-07-15,-0.07000000000000028
688787.XSHG,2022-07-15,-2.210000000000001
002281.XSHE,2022-07-15,-0.030000000000001137
002283.XSHE,2022-07-15,-0.08999999999999986
600995.XSHG,2022-07-15,-3.140000000000015
300547.XSHE,2022-07-15,-2.6799999999999926
002026.XSHE,2022-07-15,-2.4299999999999997
600552.XSHG,2022-07-15,-0.3299999999999983
300534.XSHE,2022-07-15,0.0
000544.XSHE,2022-07-15,-1.759999999999998
300374.XSHE,2022-07-15,0.0
600015.XSHG,2022-07-15,0.0
600616.XSHG,2022-07-15,-34.25
605266.XSHG,2022-07-15,-2.0900000000000034
300517.XSHE,2022-07-15,-0.17999999999999972
002712.XSHE,2022-07-15,0.0
300601.XSHE,2022-07-15,-0.04999999999999716
301139.XSHE,2022-07-15,-0.6700000000000017
300434.XSHE,2022-07-15,-0.3399999999999963
002639.XSHE,2022-07-15,-0.05999999999999517
002072.XSHE,2022-07-15,-0.14999999999999947
000918.XSHE,2022-07-15,-0.020000000000000462
688001.XSHG,2022-07-15,-0.8300000000000018
000756.XSHE,2022-07-15,-1.4600000000000009
300278.XSHE,2022-07-15,-0.1700000000000017
002577.XSHE,2022-07-15,0.0
002666.XSHE,2022-07-15,-0.14999999999999858
002286.XSHE,2022-07-15,-0.14999999999999858
600355.XSHG,2022-07-15,0.0
002676.XSHE,2022-07-15,-0.05000000000000071
688020.XSHG,2022-07-15,-0.240000000000002
300892.XSHE,2022-07-15,-0.2799999999999976
601107.XSHG,2022-07-15,-0.009999999999999787
605169.XSHG,2022-07-15,-0.0799999999999983
603315.XSHG,2022-07-15,-1.8999999999999986
688129.XSHG,2022-07-15,-0.019999999999999574
300211.XSHE,2022-07-15,-0.3300000000000054
002912.XSHE,2022-07-15,-0.3399999999999963
002663.XSHE,2022-07-15,0.0
605009.XSHG,2022-07-15,-0.18999999999999773
301022.XSHE,2022-07-15,-0.9400000000000013
003038.XSHE,2022-07-15,-1.6400000000000006
002631.XSHE,2022-07-15,-0.22000000000000242
300402.XSHE,2022-07-15,-0.46999999999999886
002423.XSHE,2022-07-15,-0.16000000000000014
000099.XSHE,2022-07-15,-0.6300000000000026
000828.XSHE,2022-07-15,0.0
002272.XSHE,2022-07-15,0.0
000031.XSHE,2022-07-15,-0.9500000000000028
300134.XSHE,2022-07-15,-0.17999999999999972
300009.XSHE,2022-07-15,-0.18000000000000682
300478.XSHE,2022-07-15,-0.25
300491.XSHE,2022-07-15,-0.03999999999999915
003001.XSHE,2022-07-15,0.0
300850.XSHE,2022-07-15,-5.1200000000000045
603667.XSHG,2022-07-15,-0.6900000000000013
603758.XSHG,2022-07-15,-0.620000000000001
688658.XSHG,2022-07-15,0.0
300291.XSHE,2022-07-15,0.0
002820.XSHE,2022-07-15,-0.08000000000000007
605122.XSHG,2022-07-15,-0.1999999999999993
600873.XSHG,2022-07-15,-0.39000000000000057
300565.XSHE,2022-07-15,-1.6400000000000006
000404.XSHE,2022-07-15,0.0
688119.XSHG,2022-07-15,-0.040000000000000036
001316.XSHE,2022-07-15,-0.9399999999999977
603088.XSHG,2022-07-15,-0.11999999999999744
002471.XSHE,2022-07-15,-0.129999999999999
300392.XSHE,2022-07-15,-0.2400000000000002
000587.XSHE,2022-07-15,-0.28999999999999915
600793.XSHG,2022-07-15,0.0
002007.XSHE,2022-07-15,-0.4199999999999591
300657.XSHE,2022-07-15,-0.5200000000000031
300305.XSHE,2022-07-15,-0.11999999999999744
000901.XSHE,2022-07-15,0.0
300327.XSHE,2022-07-15,-3.3700000000000045
300006.XSHE,2022-07-15,-0.37999999999999545
002108.XSHE,2022-07-15,-0.3500000000000085
600626.XSHG,2022-07-15,-0.21999999999999886
002042.XSHE,2022-07-15,-0.14000000000000057
000157.XSHE,2022-07-15,-0.7900000000000205
601288.XSHG,2022-07-15,0.0
603915.XSHG,2022-07-15,-0.05000000000000071
300311.XSHE,2022-07-15,-0.0799999999999983
603559.XSHG,2022-07-15,-0.030000000000001137
600956.XSHG,2022-07-15,-0.7699999999999996
600258.XSHG,2022-07-15,-1.0600000000000023
300643.XSHE,2022-07-15,-0.13000000000000256
600874.XSHG,2022-07-15,-0.030000000000001137
601778.XSHG,2022-07-15,-0.040000000000000036
002789.XSHE,2022-07-15,-0.33999999999999986
600234.XSHG,2022-07-15,-0.10000000000000142
000597.XSHE,2022-07-15,-0.04999999999999716
003011.XSHE,2022-07-15,-1.8200000000000003
600546.XSHG,2022-07-15,0.0
603896.XSHG,2022-07-15,-0.6500000000000057
603235.XSHG,2022-07-15,-3.25
003816.XSHE,2022-07-15,0.0
600316.XSHG,2022-07-15,0.0
600207.XSHG,2022-07-15,0.0
603707.XSHG,2022-07-15,-0.030000000000001137
688185.XSHG,2022-07-15,-0.12000000000000455
002637.XSHE,2022-07-15,-0.13000000000000256
688016.XSHG,2022-07-15,-0.009999999999990905
605099.XSHG,2022-07-15,0.0
603700.XSHG,2022-07-15,-1.1799999999999997
603679.XSHG,2022-07-15,0.0
688068.XSHG,2022-07-15,-1.480000000000004
000559.XSHE,2022-07-15,-6.110000000000014
002852.XSHE,2022-07-15,-0.07000000000000028
600165.XSHG,2022-07-15,-0.14999999999999858
000006.XSHE,2022-07-15,0.0
002858.XSHE,2022-07-15,-0.379999999999999
300076.XSHE,2022-07-15,-0.3400000000000034
600290.XSHG,2022-07-15,-0.25
603958.XSHG,2022-07-15,-0.02999999999999936
300056.XSHE,2022-07-15,-1.730000000000004
000890.XSHE,2022-07-15,0.0
688788.XSHG,2022-07-15,-0.6100000000000065
603779.XSHG,2022-07-15,-0.02000000000000135
600127.XSHG,2022-07-15,-0.14999999999999858
600037.XSHG,2022-07-15,-0.060000000000002274
002217.XSHE,2022-07-15,-0.0600000000000005
600390.XSHG,2022-07-15,0.0
603079.XSHG,2022-07-15,-0.020000000000003126
000652.XSHE,2022-07-15,-0.28000000000000114
300879.XSHE,2022-07-15,-0.15000000000000213
300493.XSHE,2022-07-15,-0.23000000000000043
002297.XSHE,2022-07-15,-0.030000000000001137
002236.XSHE,2022-07-15,-1.3099999999999454
001227.XSHE,2022-07-15,0.0
301169.XSHE,2022-07-15,-0.480000000000004
601086.XSHG,2022-07-15,0.0
688083.XSHG,2022-07-15,0.0
300651.XSHE,2022-07-15,0.0
002567.XSHE,2022-07-15,0.0
300980.XSHE,2022-07-15,-0.7600000000000051
600985.XSHG,2022-07-15,-0.19999999999999574
002214.XSHE,2022-07-15,-7.449999999999996
603501.XSHG,2022-07-15,-1.4300000000000068
600321.XSHG,2022-07-15,-0.23000000000000043
603290.XSHG,2022-07-15,-15.579999999999984
603922.XSHG,2022-07-15,-0.0400000000000027
300488.XSHE,2022-07-15,0.0
605577.XSHG,2022-07-15,-0.009999999999999787
603506.XSHG,2022-07-15,-0.10000000000000142
001323.XSHE,2022-07-15,-0.740000000000002
001914.XSHE,2022-07-15,0.0
600271.XSHG,2022-07-15,0.0
000686.XSHE,2022-07-15,0.0
601866.XSHG,2022-07-15,0.0
600298.XSHG,2022-07-15,-9.120000000000005
688195.XSHG,2022-07-15,-0.5500000000000007
002305.XSHE,2022-07-15,-0.07000000000000028
301001.XSHE,2022-07-15,-0.41000000000000014
688209.XSHG,2022-07-15,-0.38000000000000256
600523.XSHG,2022-07-15,-0.020000000000003126
600196.XSHG,2022-07-15,-4.269999999999982
300512.XSHE,2022-07-15,-0.07000000000000028
603377.XSHG,2022-07-15,-0.019999999999999574
688348.XSHG,2022-07-15,-28.100000000000023
000545.XSHE,2022-07-15,-0.14999999999999858
603041.XSHG,2022-07-15,0.0
000520.XSHE,2022-07-15,0.0
688045.XSHG,2022-07-15,-2.729999999999997
300823.XSHE,2022-07-15,-0.019999999999999574
301155.XSHE,2022-07-15,-5.070000000000007
301102.XSHE,2022-07-15,-1.4899999999999984
600322.XSHG,2022-07-15,-0.02999999999999936
688538.XSHG,2022-07-15,0.0
600499.XSHG,2022-07-15,-7.220000000000027
002347.XSHE,2022-07-15,0.0
300320.XSHE,2022-07-15,0.0
600916.XSHG,2022-07-15,-0.14000000000000057
300627.XSHE,2022-07-15,-3.5200000000000102
300418.XSHE,2022-07-15,-0.23999999999999488
600746.XSHG,2022-07-15,-0.4000000000000057
300514.XSHE,2022-07-15,-1.2100000000000009
600248.XSHG,2022-07-15,0.0
600169.XSHG,2022-07-15,-2.020000000000003
600909.XSHG,2022-07-15,0.0
603029.XSHG,2022-07-15,-0.27999999999999936
300569.XSHE,2022-07-15,-3.8599999999999994
688066.XSHG,2022-07-15,-1.5900000000000034
688127.XSHG,2022-07-15,-1.1400000000000006
300953.XSHE,2022-07-15,-4.010000000000019
002427.XSHE,2022-07-15,0.0
300093.XSHE,2022-07-15,-2.0999999999999943
688511.XSHG,2022-07-15,-0.44000000000000483
000426.XSHE,2022-07-15,-0.3400000000000034
600838.XSHG,2022-07-15,-0.14000000000000057
001205.XSHE,2022-07-15,-0.360000000000003
603259.XSHG,2022-07-15,-0.7600000000000193
002588.XSHE,2022-07-15,-0.29999999999999716
002881.XSHE,2022-07-15,-2.450000000000003
002020.XSHE,2022-07-15,-0.23999999999999488
600981.XSHG,2022-07-15,-0.09999999999999964
000911.XSHE,2022-07-15,-0.4399999999999977
603613.XSHG,2022-07-15,-0.12000000000000455
002972.XSHE,2022-07-15,-0.05999999999999872
002319.XSHE,2022-07-15,-0.4700000000000024
600326.XSHG,2022-07-15,-0.25
300218.XSHE,2022-07-15,-0.4800000000000004
000729.XSHE,2022-07-15,-0.09000000000000341
301198.XSHE,2022-07-15,-0.9499999999999993
300481.XSHE,2022-07-15,-0.5900000000000034
002768.XSHE,2022-07-15,-1.809999999999988
300281.XSHE,2022-07-15,-0.11999999999999744
002559.XSHE,2022-07-15,-1.5399999999999991
600299.XSHG,2022-07-15,-0.030000000000001137
688355.XSHG,2022-07-15,-0.029999999999997584
603337.XSHG,2022-07-15,-0.7600000000000051
603936.XSHG,2022-07-15,-1.0
002385.XSHE,2022-07-15,-0.11000000000001364
600063.XSHG,2022-07-15,-0.5700000000000074
300382.XSHE,2022-07-15,-8.629999999999995
000820.XSHE,2022-07-15,0.0
600217.XSHG,2022-07-15,-0.21999999999999886
002991.XSHE,2022-07-15,-0.23999999999999488
002781.XSHE,2022-07-15,-0.020000000000000462
600396.XSHG,2022-07-15,0.0
688696.XSHG,2022-07-15,-33.089999999999975
688100.XSHG,2022-07-15,-0.4400000000000013
600128.XSHG,2022-07-15,-0.029999999999997584
603637.XSHG,2022-07-15,-0.379999999999999
002414.XSHE,2022-07-15,-0.11000000000001364
002826.XSHE,2022-07-15,-0.1999999999999993
002976.XSHE,2022-07-15,-1.4500000000000028
603025.XSHG,2022-07-15,-0.03999999999999915
300702.XSHE,2022-07-15,-0.4900000000000091
688099.XSHG,2022-07-15,-0.4899999999999949
002915.XSHE,2022-07-15,-0.05999999999999517
300644.XSHE,2022-07-15,0.0
002920.XSHE,2022-07-15,-1.7299999999999898
002044.XSHE,2022-07-15,-0.18999999999999773
300855.XSHE,2022-07-15,-1.8400000000000034
600307.XSHG,2022-07-15,0.0
601002.XSHG,2022-07-15,-0.010000000000000675
300796.XSHE,2022-07-15,-0.1999999999999993
000701.XSHE,2022-07-15,0.0
603195.XSHG,2022-07-15,-0.11000000000001364
000990.XSHE,2022-07-15,0.0
300135.XSHE,2022-07-15,-0.25
300814.XSHE,2022-07-15,-0.14999999999999858
600066.XSHG,2022-07-15,-1.490000000000009
600208.XSHG,2022-07-15,-0.20000000000000284
605286.XSHG,2022-07-15,-1.1099999999999994
002312.XSHE,2022-07-15,-0.7299999999999613
300894.XSHE,2022-07-15,-0.020000000000003126
600844.XSHG,2022-07-15,-0.07000000000000028
688151.XSHG,2022-07-15,-0.020000000000003126
688335.XSHG,2022-07-15,-0.4299999999999997
688578.XSHG,2022-07-15,-0.22000000000000242
688165.XSHG,2022-07-15,0.0
002033.XSHE,2022-07-15,-4.060000000000002
002320.XSHE,2022-07-15,-0.28000000000000114
688018.XSHG,2022-07-15,-0.769999999999996
300810.XSHE,2022-07-15,0.0
300376.XSHE,2022-07-15,-2.799999999999983
688310.XSHG,2022-07-15,-0.16999999999999815
300812.XSHE,2022-07-15,-1.230000000000004
603739.XSHG,2022-07-15,-0.05999999999999872
300252.XSHE,2022-07-15,0.0
600255.XSHG,2022-07-15,0.0
600685.XSHG,2022-07-15,-0.28999999999999915
002261.XSHE,2022-07-15,-0.10000000000000142
000691.XSHE,2022-07-15,-0.0600000000000005
002772.XSHE,2022-07-15,-0.030000000000001137
600665.XSHG,2022-07-15,0.0
600736.XSHG,2022-07-15,-1.1200000000000045
600655.XSHG,2022-07-15,-8.059999999999945
002975.XSHE,2022-07-15,0.0
300170.XSHE,2022-07-15,-0.5200000000000031
603083.XSHG,2022-07-15,-0.020000000000003126
688510.XSHG,2022-07-15,0.0
002371.XSHE,2022-07-15,-13.350000000000136
002640.XSHE,2022-07-15,-1.6000000000000014
300520.XSHE,2022-07-15,-1.759999999999998
000034.XSHE,2022-07-15,-0.030000000000001137
000975.XSHE,2022-07-15,0.0
603169.XSHG,2022-07-15,-0.11999999999999922
300228.XSHE,2022-07-15,-0.13000000000000256
300690.XSHE,2022-07-15,0.0
688005.XSHG,2022-07-15,-4.02000000000001
600218.XSHG,2022-07-15,-0.09999999999999787
002749.XSHE,2022-07-15,-3.2900000000000063
000543.XSHE,2022-07-15,-0.5100000000000016
300144.XSHE,2022-07-15,-3.9599999999999795
600826.XSHG,2022-07-15,-0.12000000000000455
688107.XSHG,2022-07-15,-1.1700000000000017
600115.XSHG,2022-07-15,-0.019999999999999574
605151.XSHG,2022-07-15,-0.41999999999999815
601200.XSHG,2022-07-15,0.0
603889.XSHG,2022-07-15,-0.08999999999999986
300177.XSHE,2022-07-15,-0.12000000000000455
688223.XSHG,2022-07-15,-0.16000000000000014
300357.XSHE,2022-07-15,-4.3700000000000045
603610.XSHG,2022-07-15,-0.129999999999999
603880.XSHG,2022-07-15,0.0
600815.XSHG,2022-07-15,-0.26000000000000156
605258.XSHG,2022-07-15,-0.17999999999999972
002735.XSHE,2022-07-15,-0.6799999999999997
300091.XSHE,2022-07-15,-0.35999999999999943
688772.XSHG,2022-07-15,-0.7899999999999991
600768.XSHG,2022-07-15,-0.030000000000001137
600636.XSHG,2022-07-15,-0.14000000000000057
603551.XSHG,2022-07-15,-0.03999999999999915
002685.XSHE,2022-07-15,-0.02999999999999936
605066.XSHG,2022-07-15,0.0
300398.XSHE,2022-07-15,-0.060000000000002274
601021.XSHG,2022-07-15,-0.8199999999999932
601998.XSHG,2022-07-15,-0.03000000000000025
002180.XSHE,2022-07-15,-2.319999999999993
688027.XSHG,2022-07-15,-0.14000000000000057
000739.XSHE,2022-07-15,-0.9000000000000057
002845.XSHE,2022-07-15,-0.6899999999999977
300795.XSHE,2022-07-15,-0.5500000000000007
601298.XSHG,2022-07-15,0.0
688056.XSHG,2022-07-15,-0.480000000000004
603051.XSHG,2022-07-15,0.0
002189.XSHE,2022-07-15,-0.030000000000001137
000060.XSHE,2022-07-15,0.0
002595.XSHE,2022-07-15,-0.39000000000000057
600392.XSHG,2022-07-15,-0.5
600150.XSHG,2022-07-15,-0.030000000000001137
600851.XSHG,2022-07-15,-1.5699999999999932
300800.XSHE,2022-07-15,-0.07000000000000028
603439.XSHG,2022-07-15,-0.049999999999998934
603878.XSHG,2022-07-15,-0.1899999999999995
002043.XSHE,2022-07-15,-0.2400000000000091
605006.XSHG,2022-07-15,0.0
002270.XSHE,2022-07-15,-0.10999999999999943
603028.XSHG,2022-07-15,0.0
300610.XSHE,2022-07-15,-1.5600000000000023
000661.XSHE,2022-07-15,-9.88000000000011
600778.XSHG,2022-07-15,-0.03999999999999915
000570.XSHE,2022-07-15,-0.240000000000002
300650.XSHE,2022-07-15,0.0
000591.XSHE,2022-07-15,-3.0999999999999943
605337.XSHG,2022-07-15,-0.8999999999999986
300685.XSHE,2022-07-15,-3.049999999999983
603150.XSHG,2022-07-15,-0.1700000000000017
301137.XSHE,2022-07-15,-0.23000000000000043
300417.XSHE,2022-07-15,0.0
603215.XSHG,2022-07-15,-0.03999999999999915
300347.XSHE,2022-07-15,-5.0
600312.XSHG,2022-07-15,0.0
603662.XSHG,2022-07-15,0.0
300993.XSHE,2022-07-15,-0.21999999999999886
605007.XSHG,2022-07-15,-0.029999999999997584
003018.XSHE,2022-07-15,-0.019999999999999574
600724.XSHG,2022-07-15,0.0
603928.XSHG,2022-07-15,-0.20999999999999908
002990.XSHE,2022-07-15,-0.3100000000000023
600490.XSHG,2022-07-15,0.0
688529.XSHG,2022-07-15,-1.1900000000000013
000713.XSHE,2022-07-15,0.0
300502.XSHE,2022-07-15,-4.599999999999994
600201.XSHG,2022-07-15,-3.9399999999999977
002496.XSHE,2022-07-15,-0.7100000000000009
002756.XSHE,2022-07-15,-12.28000000000003
600926.XSHG,2022-07-15,-0.3400000000000034
003026.XSHE,2022-07-15,-0.04999999999999716
002760.XSHE,2022-07-15,-0.03999999999999915
688518.XSHG,2022-07-15,-0.1699999999999946
300008.XSHE,2022-07-15,0.0
603577.XSHG,2022-07-15,-0.03999999999999915
002510.XSHE,2022-07-15,-0.08999999999999986
300200.XSHE,2022-07-15,0.0
603567.XSHG,2022-07-15,-0.10999999999999943
300967.XSHE,2022-07-15,-0.17999999999999972
000973.XSHE,2022-07-15,-0.0400000000000027
600300.XSHG,2022-07-15,-0.08000000000000185
300123.XSHE,2022-07-15,-0.060000000000002274
600609.XSHG,2022-07-15,-6.650000000000006
002842.XSHE,2022-07-15,-0.060000000000002274
001319.XSHE,2022-07-15,-1.620000000000001
600403.XSHG,2022-07-15,-0.8500000000000014
002089.XSHE,2022-07-15,-1.4399999999999977
003035.XSHE,2022-07-15,-0.07000000000000028
301226.XSHE,2022-07-15,-0.22999999999999687
600229.XSHG,2022-07-15,0.0
603300.XSHG,2022-07-15,-1.5499999999999972
603367.XSHG,2022-07-15,-0.02000000000000135
300735.XSHE,2022-07-15,-2.0
600988.XSHG,2022-07-15,-0.539999999999992
601108.XSHG,2022-07-15,-0.009999999999999787
002948.XSHE,2022-07-15,0.0
603657.XSHG,2022-07-15,-0.029999999999997584
002551.XSHE,2022-07-15,0.0
301010.XSHE,2022-07-15,-0.46999999999999886
603177.XSHG,2022-07-15,-0.08999999999999986
000753.XSHE,2022-07-15,-0.21999999999999886
002090.XSHE,2022-07-15,-17.75
603299.XSHG,2022-07-15,-0.11999999999999922
002891.XSHE,2022-07-15,-1.4899999999999949
301093.XSHE,2022-07-15,-0.29999999999999716
002843.XSHE,2022-07-15,-3.0500000000000043
688358.XSHG,2022-07-15,-0.769999999999996
603607.XSHG,2022-07-15,-0.9299999999999997
600789.XSHG,2022-07-15,-0.019999999999999574
688766.XSHG,2022-07-15,-6.210000000000008
300661.XSHE,2022-07-15,-2.1399999999999864
600871.XSHG,2022-07-15,0.0
300368.XSHE,2022-07-15,0.0
688277.XSHG,2022-07-15,-0.08000000000000007
002795.XSHE,2022-07-15,0.0
002032.XSHE,2022-07-15,-4.960000000000036
600928.XSHG,2022-07-15,-0.010000000000000231
300387.XSHE,2022-07-15,-0.08999999999999986
600383.XSHG,2022-07-15,-1.8499999999999943
600569.XSHG,2022-07-15,-0.08000000000000007
688315.XSHG,2022-07-15,-1.4299999999999997
002005.XSHE,2022-07-15,-1.3099999999999987
002600.XSHE,2022-07-15,0.0
002049.XSHE,2022-07-15,-1.2799999999999727
600662.XSHG,2022-07-15,-36.81999999999999
300935.XSHE,2022-07-15,0.0
603926.XSHG,2022-07-15,-0.17999999999999972
601127.XSHG,2022-07-15,-0.060000000000002274
601899.XSHG,2022-07-15,-0.019999999999999574
300073.XSHE,2022-07-15,-2.2800000000000296
688097.XSHG,2022-07-15,-0.5500000000000043
605050.XSHG,2022-07-15,-0.6500000000000004
600502.XSHG,2022-07-15,0.0
301057.XSHE,2022-07-15,-0.00999999999999801
300732.XSHE,2022-07-15,-0.04000000000000625
300970.XSHE,2022-07-15,-0.12000000000000455
600104.XSHG,2022-07-15,-0.3100000000000023
300025.XSHE,2022-07-15,-0.3100000000000023
600881.XSHG,2022-07-15,0.0
601985.XSHG,2022-07-15,-0.020000000000000462
002300.XSHE,2022-07-15,-1.5800000000000054
603122.XSHG,2022-07-15,-0.120000000000001
002036.XSHE,2022-07-15,-2.980000000000004
000766.XSHE,2022-07-15,-0.129999999999999
000895.XSHE,2022-07-15,-0.7000000000000455
600526.XSHG,2022-07-15,-0.0400000000000027
600689.XSHG,2022-07-15,0.0
600530.XSHG,2022-07-15,0.0
300288.XSHE,2022-07-15,-0.060000000000002274
301018.XSHE,2022-07-15,-2.2699999999999996
002926.XSHE,2022-07-15,-0.009999999999999787
600073.XSHG,2022-07-15,0.0
601828.XSHG,2022-07-15,0.0
601860.XSHG,2022-07-15,-0.009999999999999787
688125.XSHG,2022-07-15,-3.3800000000000026
688579.XSHG,2022-07-15,0.0
000623.XSHE,2022-07-15,0.0
301126.XSHE,2022-07-15,-0.9499999999999993
600722.XSHG,2022-07-15,-0.060000000000002274
300011.XSHE,2022-07-15,-0.0800000000000054
600006.XSHG,2022-07-15,-0.03999999999999915
600107.XSHG,2022-07-15,-0.019999999999999574
603719.XSHG,2022-07-15,-0.5999999999999979
605599.XSHG,2022-07-15,0.0
600853.XSHG,2022-07-15,-0.030000000000001137
300792.XSHE,2022-07-15,0.0
301268.XSHE,2022-07-15,-1.3399999999999963
000062.XSHE,2022-07-15,-0.0799999999999983
002686.XSHE,2022-07-15,0.0
300537.XSHE,2022-07-15,-0.030000000000001137
603619.XSHG,2022-07-15,-0.7300000000000004
300741.XSHE,2022-07-15,0.0
600529.XSHG,2022-07-15,0.0
002778.XSHE,2022-07-15,-0.2099999999999973
603258.XSHG,2022-07-15,-0.030000000000001137
300085.XSHE,2022-07-15,-0.3300000000000125
600743.XSHG,2022-07-15,-0.3299999999999983
300666.XSHE,2022-07-15,-6.500000000000007
003006.XSHE,2022-07-15,-0.0600000000000005
600567.XSHG,2022-07-15,-0.20999999999999908
002078.XSHE,2022-07-15,-0.1700000000000017
002184.XSHE,2022-07-15,-0.030000000000001137
688088.XSHG,2022-07-15,-0.5
601801.XSHG,2022-07-15,0.0
600397.XSHG,2022-07-15,-0.040000000000000924
000860.XSHE,2022-07-15,-2.739999999999995
688230.XSHG,2022-07-15,-1.8700000000000045
605255.XSHG,2022-07-15,-0.17999999999999972
002314.XSHE,2022-07-15,-0.07000000000000028
002325.XSHE,2022-07-15,-0.08999999999999986
688739.XSHG,2022-07-15,-0.04999999999999716
002278.XSHE,2022-07-15,-0.02999999999999936
603077.XSHG,2022-07-15,-0.4199999999999946
603967.XSHG,2022-07-15,-0.030000000000001137
688550.XSHG,2022-07-15,0.0
002085.XSHE,2022-07-15,-1.980000000000004
600767.XSHG,2022-07-15,-0.040000000000000924
002065.XSHE,2022-07-15,0.0
002460.XSHE,2022-07-15,-18.329999999999927
603317.XSHG,2022-07-15,-1.8400000000000034
688418.XSHG,2022-07-15,-0.019999999999999574
600419.XSHG,2022-07-15,-0.030000000000001137
300982.XSHE,2022-07-15,-0.38000000000000256
300560.XSHE,2022-07-15,-1.7900000000000063
600113.XSHG,2022-07-15,0.0
603351.XSHG,2022-07-15,-0.0799999999999983
600026.XSHG,2022-07-15,-0.009999999999999787
600605.XSHG,2022-07-15,-3.019999999999982
300114.XSHE,2022-07-15,0.0
600877.XSHG,2022-07-15,-0.18999999999999773
000401.XSHE,2022-07-15,0.0
603385.XSHG,2022-07-15,-0.02999999999999936
002499.XSHE,2022-07-15,-0.030000000000001137
002357.XSHE,2022-07-15,0.0
300034.XSHE,2022-07-15,-4.090000000000003
600704.XSHG,2022-07-15,0.0
603856.XSHG,2022-07-15,0.0
603226.XSHG,2022-07-15,-0.0799999999999983
300041.XSHE,2022-07-15,-0.36999999999999034
000553.XSHE,2022-07-15,-0.12999999999999545
002430.XSHE,2022-07-15,-1.1099999999999994
300339.XSHE,2022-07-15,-0.9500000000000028
000885.XSHE,2022-07-15,-0.25
300326.XSHE,2022-07-15,-0.12000000000000455
300454.XSHE,2022-07-15,-0.9599999999999937
688265.XSHG,2022-07-15,-3.9499999999999957
688613.XSHG,2022-07-15,-0.3299999999999983
000005.XSHE,2022-07-15,-0.10999999999999943
002553.XSHE,2022-07-15,-0.9600000000000009
301234.XSHE,2022-07-15,-0.8100000000000023
600076.XSHG,2022-07-15,0.0
688110.XSHG,2022-07-15,-0.4200000000000017
300461.XSHE,2022-07-15,0.0
688606.XSHG,2022-07-15,-1.3100000000000023
300139.XSHE,2022-07-15,0.0
601018.XSHG,2022-07-15,-0.009999999999999787
001308.XSHE,2022-07-15,-1.8599999999999994
300999.XSHE,2022-07-15,-0.03999999999999915
601117.XSHG,2022-07-15,-0.14000000000000057
600162.XSHG,2022-07-15,-0.3100000000000005
301013.XSHE,2022-07-15,-0.019999999999999574
300089.XSHE,2022-07-15,-0.41999999999999993
300293.XSHE,2022-07-15,-0.4299999999999997
300143.XSHE,2022-07-15,-0.30000000000000426
300852.XSHE,2022-07-15,-0.030000000000001137
300889.XSHE,2022-07-15,0.0
300019.XSHE,2022-07-15,-0.5200000000000102
301009.XSHE,2022-07-15,-0.3200000000000003
002432.XSHE,2022-07-15,-3.769999999999982
600596.XSHG,2022-07-15,-0.5900000000000034
688260.XSHG,2022-07-15,-0.13000000000000078
600804.XSHG,2022-07-15,0.0
300743.XSHE,2022-07-15,-0.030000000000001137
688533.XSHG,2022-07-15,-2.3499999999999943
300229.XSHE,2022-07-15,-0.36999999999999744
300458.XSHE,2022-07-15,0.0
000525.XSHE,2022-07-15,-3.5
600030.XSHG,2022-07-15,0.0
688177.XSHG,2022-07-15,-0.1999999999999993
603685.XSHG,2022-07-15,0.0
002918.XSHE,2022-07-15,-0.25
002859.XSHE,2022-07-15,-5.400000000000006
603221.XSHG,2022-07-15,-0.120000000000001
002611.XSHE,2022-07-15,-0.480000000000004
000738.XSHE,2022-07-15,-0.020000000000003126
600163.XSHG,2022-07-15,-0.03999999999999915
601990.XSHG,2022-07-15,0.0
688069.XSHG,2022-07-15,-1.1899999999999977
600860.XSHG,2022-07-15,-0.05000000000000071
002426.XSHE,2022-07-15,-0.05000000000000071
600993.XSHG,2022-07-15,-2.1500000000000057
000705.XSHE,2022-07-15,-0.1700000000000017
002244.XSHE,2022-07-15,-0.3200000000000003
600868.XSHG,2022-07-15,-0.35999999999999943
603155.XSHG,2022-07-15,0.0
300150.XSHE,2022-07-15,-0.03999999999999915
688508.XSHG,2022-07-15,-1.6200000000000045
300780.XSHE,2022-07-15,-0.120000000000001
002155.XSHE,2022-07-15,-0.05000000000000071
002505.XSHE,2022-07-15,-3.200000000000003
300049.XSHE,2022-07-15,-1.5499999999999972
300439.XSHE,2022-07-15,-0.27999999999999403
688166.XSHG,2022-07-15,-0.00999999999999801
000936.XSHE,2022-07-15,-0.05999999999999517
688057.XSHG,2022-07-15,-0.010000000000001563
300902.XSHE,2022-07-15,-0.4099999999999966
300263.XSHE,2022-07-15,-0.1700000000000017
603515.XSHG,2022-07-15,-0.030000000000001137
002098.XSHE,2022-07-15,-0.040000000000000924
600602.XSHG,2022-07-15,-113.67000000000007
603767.XSHG,2022-07-15,-0.019999999999999574
300352.XSHE,2022-07-15,-0.19000000000001194
002205.XSHE,2022-07-15,0.0
300504.XSHE,2022-07-15,-0.05999999999999872
601827.XSHG,2022-07-15,-0.010000000000000675
603618.XSHG,2022-07-15,-0.030000000000001137
301222.XSHE,2022-07-15,-0.8299999999999983
300289.XSHE,2022-07-15,0.0
600612.XSHG,2022-07-15,-33.780000000000655
002673.XSHE,2022-07-15,0.0
300638.XSHE,2022-07-15,-6.689999999999998
600284.XSHG,2022-07-15,-0.029999999999997584
301106.XSHE,2022-07-15,-1.3199999999999967
000955.XSHE,2022-07-15,-0.02999999999999936
300722.XSHE,2022-07-15,0.0
000027.XSHE,2022-07-15,-0.6899999999999977
000150.XSHE,2022-07-15,0.0
300385.XSHE,2022-07-15,0.0
300620.XSHE,2022-07-15,-0.07000000000000028
002922.XSHE,2022-07-15,0.0
600422.XSHG,2022-07-15,0.0
600733.XSHG,2022-07-15,0.0
000159.XSHE,2022-07-15,-0.09999999999999787
600885.XSHG,2022-07-15,-0.22999999999998977
300400.XSHE,2022-07-15,-0.13000000000000256
688181.XSHG,2022-07-15,-0.21999999999999886
600615.XSHG,2022-07-15,-13.580000000000041
688117.XSHG,2022-07-15,-0.10999999999999943
002648.XSHE,2022-07-15,-0.5200000000000102
300849.XSHE,2022-07-15,-0.19000000000000128
600674.XSHG,2022-07-15,-1.0299999999999727
600979.XSHG,2022-07-15,-0.05000000000000071
300226.XSHE,2022-07-15,-0.06999999999999318
603128.XSHG,2022-07-15,-0.0799999999999983
605289.XSHG,2022-07-15,-0.129999999999999
300396.XSHE,2022-07-15,-0.14999999999999147
600825.XSHG,2022-07-15,0.0
300071.XSHE,2022-07-15,-0.11999999999999744
300193.XSHE,2022-07-15,0.0
601908.XSHG,2022-07-15,-2.799999999999997
300407.XSHE,2022-07-15,-0.03999999999999915
300729.XSHE,2022-07-15,-0.2600000000000051
002837.XSHE,2022-07-15,-5.090000000000003
600601.XSHG,2022-07-15,-47.73999999999978
600276.XSHG,2022-07-15,-1.2800000000002
002150.XSHE,2022-07-15,-2.1099999999999994
600293.XSHG,2022-07-15,0.0
688228.XSHG,2022-07-15,-0.00999999999999801
300927.XSHE,2022-07-15,-0.6199999999999974
002532.XSHE,2022-07-15,-0.14999999999999858
002700.XSHE,2022-07-15,-0.7199999999999989
605388.XSHG,2022-07-15,-0.1999999999999993
600577.XSHG,2022-07-15,-2.180000000000007
002723.XSHE,2022-07-15,-0.720000000000006
300881.XSHE,2022-07-15,-0.03999999999999915
600500.XSHG,2022-07-15,-0.09000000000000341
603033.XSHG,2022-07-15,-0.20999999999999375
002470.XSHE,2022-07-15,-0.040000000000000924
601368.XSHG,2022-07-15,-0.019999999999999574
603218.XSHG,2022-07-15,-1.6099999999999994
002897.XSHE,2022-07-15,-7.319999999999993
600452.XSHG,2022-07-15,-1.289999999999992
688120.XSHG,2022-07-15,-7.8700000000000045
300484.XSHE,2022-07-15,0.0
300642.XSHE,2022-07-15,-0.0799999999999983
600872.XSHG,2022-07-15,-1.1800000000000068
688333.XSHG,2022-07-15,-7.639999999999986
001979.XSHE,2022-07-15,0.0
688059.XSHG,2022-07-15,-0.5799999999999841
300920.XSHE,2022-07-15,-0.03999999999999915
300589.XSHE,2022-07-15,-0.240000000000002
002038.XSHE,2022-07-15,-0.21999999999999886
002201.XSHE,2022-07-15,-5.75
300857.XSHE,2022-07-15,-0.030000000000001137
600023.XSHG,2022-07-15,0.0
002546.XSHE,2022-07-15,0.0
002798.XSHE,2022-07-15,-0.33999999999999986
301043.XSHE,2022-07-15,-0.010000000000001563
600864.XSHG,2022-07-15,-0.4200000000000017
300363.XSHE,2022-07-15,-0.4200000000000159
002906.XSHE,2022-07-15,-2.509999999999998
600572.XSHG,2022-07-15,-0.1600000000000108
301051.XSHE,2022-07-15,-1.8199999999999932
000650.XSHE,2022-07-15,-0.5
601992.XSHG,2022-07-15,0.0
603353.XSHG,2022-07-15,-0.019999999999999574
301263.XSHE,2022-07-15,-0.019999999999999574
601997.XSHG,2022-07-15,-0.019999999999999574
600586.XSHG,2022-07-15,-1.0900000000000034
600792.XSHG,2022-07-15,-0.05999999999999872
605081.XSHG,2022-07-15,-0.00999999999999801
600309.XSHG,2022-07-15,-2.380000000000109
002240.XSHE,2022-07-15,-1.8199999999999932
000019.XSHE,2022-07-15,0.0
688561.XSHG,2022-07-15,0.0
300082.XSHE,2022-07-15,0.0
000045.XSHE,2022-07-15,0.0
300510.XSHE,2022-07-15,-0.17999999999999972
600604.XSHG,2022-07-15,0.0
688198.XSHG,2022-07-15,-0.9499999999999886
601669.XSHG,2022-07-15,0.0
300689.XSHE,2022-07-15,0.0
002062.XSHE,2022-07-15,-0.20000000000000284
600466.XSHG,2022-07-15,-0.15000000000000036
688058.XSHG,2022-07-15,0.0
600708.XSHG,2022-07-15,0.0
600220.XSHG,2022-07-15,-0.0799999999999983
002513.XSHE,2022-07-15,0.0
600556.XSHG,2022-07-15,-0.03999999999999915
300259.XSHE,2022-07-15,0.0
300846.XSHE,2022-07-15,-0.33999999999999986
603986.XSHG,2022-07-15,-0.6200000000000045
000671.XSHE,2022-07-15,-0.35999999999999943
600965.XSHG,2022-07-15,-1.4099999999999984
300725.XSHE,2022-07-15,-0.7400000000000091
600022.XSHG,2022-07-15,0.0
601231.XSHG,2022-07-15,-1.0499999999999972
688023.XSHG,2022-07-15,-0.45999999999997954
601968.XSHG,2022-07-15,-0.11000000000000032
000726.XSHE,2022-07-15,-0.09000000000000341
000919.XSHE,2022-07-15,-0.10999999999999943
301056.XSHE,2022-07-15,-0.09999999999999964
600568.XSHG,2022-07-15,0.0
002421.XSHE,2022-07-15,0.0
300201.XSHE,2022-07-15,-0.2099999999999973
300840.XSHE,2022-07-15,-0.05000000000000071
688258.XSHG,2022-07-15,-0.35999999999999943
605086.XSHG,2022-07-15,-0.05999999999999872
300337.XSHE,2022-07-15,-0.9400000000000048
000529.XSHE,2022-07-15,-0.07000000000000028
600628.XSHG,2022-07-15,-0.9599999999999795
002672.XSHE,2022-07-15,-0.25
002585.XSHE,2022-07-15,-3.3599999999999994
300579.XSHE,2022-07-15,-0.8699999999999903
603861.XSHG,2022-07-15,-0.019999999999999574
300799.XSHE,2022-07-15,-4.310000000000002
603939.XSHG,2022-07-15,-1.740000000000009
603001.XSHG,2022-07-15,-0.040000000000000924
688366.XSHG,2022-07-15,-0.39000000000000057
688170.XSHG,2022-07-15,-0.030000000000001137
000068.XSHE,2022-07-15,-0.08999999999999986
002448.XSHE,2022-07-15,-0.3999999999999986
300949.XSHE,2022-07-15,-0.05000000000000426
600112.XSHG,2022-07-15,-0.41000000000000014
000998.XSHE,2022-07-15,-0.10999999999998522
301123.XSHE,2022-07-15,-1.3500000000000014
000755.XSHE,2022-07-15,-3.1400000000000006
601956.XSHG,2022-07-15,-0.040000000000000036
000510.XSHE,2022-07-15,-0.45000000000000284
002061.XSHE,2022-07-15,0.0
002847.XSHE,2022-07-15,-4.189999999999998
600215.XSHG,2022-07-15,-1.0500000000000007
002699.XSHE,2022-07-15,-0.33000000000000185
300162.XSHE,2022-07-15,-0.7899999999999991
603899.XSHG,2022-07-15,-0.6299999999999955
002726.XSHE,2022-07-15,-0.6499999999999986
603969.XSHG,2022-07-15,-0.10000000000000142
600884.XSHG,2022-07-15,-2.0
300331.XSHE,2022-07-15,-0.030000000000001137
688656.XSHG,2022-07-15,-0.259999999999998
605566.XSHG,2022-07-15,-0.020000000000003126
002415.XSHE,2022-07-15,-1.32000000000005
300386.XSHE,2022-07-15,0.0
603903.XSHG,2022-07-15,-0.019999999999999574
603398.XSHG,2022-07-15,-0.75
688215.XSHG,2022-07-15,-0.3299999999999983
002277.XSHE,2022-07-15,-0.5799999999999983
688630.XSHG,2022-07-15,-4.430000000000007
000963.XSHE,2022-07-15,-6.230000000000018
002681.XSHE,2022-07-15,-1.6999999999999957
002164.XSHE,2022-07-15,-0.9399999999999977
600598.XSHG,2022-07-15,-0.060000000000002274
600807.XSHG,2022-07-15,-0.259999999999998
301156.XSHE,2022-07-15,-0.00999999999999801
300245.XSHE,2022-07-15,-0.08000000000000185
002969.XSHE,2022-07-15,-0.010000000000000231
600311.XSHG,2022-07-15,0.0
300723.XSHE,2022-07-15,-0.07000000000000028
300115.XSHE,2022-07-15,-4.539999999999992
601019.XSHG,2022-07-15,-0.019999999999999574
603166.XSHG,2022-07-15,-0.08999999999999986
603906.XSHG,2022-07-15,-0.3299999999999983
000069.XSHE,2022-07-15,-1.4599999999999795
300782.XSHE,2022-07-15,-4.1299999999999955
600367.XSHG,2022-07-15,-0.04000000000000625
603466.XSHG,2022-07-15,-0.21999999999999886
002989.XSHE,2022-07-15,-0.35999999999999943
300225.XSHE,2022-07-15,0.0
601766.XSHG,2022-07-15,0.0
002474.XSHE,2022-07-15,0.0
601606.XSHG,2022-07-15,-0.02999999999999936
600540.XSHG,2022-07-15,0.0
603877.XSHG,2022-07-15,-0.879999999999999
600420.XSHG,2022-07-15,-0.28000000000000114
600121.XSHG,2022-07-15,-0.05000000000000071
300142.XSHE,2022-07-15,-5.899999999999977
300264.XSHE,2022-07-15,0.0
600156.XSHG,2022-07-15,0.0
300242.XSHE,2022-07-15,-0.05000000000000071
600705.XSHG,2022-07-15,0.0
603023.XSHG,2022-07-15,-0.33999999999999986
301027.XSHE,2022-07-15,-1.1999999999999993
600303.XSHG,2022-07-15,-0.26000000000000156
002031.XSHE,2022-07-15,0.0
688339.XSHG,2022-07-15,-0.710000000000008
000829.XSHE,2022-07-15,-2.140000000000015
002253.XSHE,2022-07-15,-0.03999999999999915
300251.XSHE,2022-07-15,0.0
688161.XSHG,2022-07-15,-0.36999999999999744
300675.XSHE,2022-07-15,-0.120000000000001
300816.XSHE,2022-07-15,-0.4299999999999997
600439.XSHG,2022-07-15,0.0
002304.XSHE,2022-07-15,-2.189999999999941
603555.XSHG,2022-07-15,-0.009999999999999787
002995.XSHE,2022-07-15,0.0
300745.XSHE,2022-07-15,-2.539999999999999
688269.XSHG,2022-07-15,-2.3299999999999983
300609.XSHE,2022-07-15,-0.02000000000000135
000915.XSHE,2022-07-15,-0.9300000000000068
603626.XSHG,2022-07-15,0.0
605300.XSHG,2022-07-15,-0.0600000000000005
600505.XSHG,2022-07-15,-0.07000000000000028
603056.XSHG,2022-07-15,-0.009999999999999787
603087.XSHG,2022-07-15,0.0
600428.XSHG,2022-07-15,-0.05999999999999872
600018.XSHG,2022-07-15,0.0
600590.XSHG,2022-07-15,-0.09000000000000341
603359.XSHG,2022-07-15,-0.22999999999999687
600785.XSHG,2022-07-15,-0.8800000000000026
600781.XSHG,2022-07-15,0.0
300853.XSHE,2022-07-15,-1.4699999999999989
300568.XSHE,2022-07-15,-1.6999999999999886
300074.XSHE,2022-07-15,0.0
300664.XSHE,2022-07-15,-0.16999999999999993
600829.XSHG,2022-07-15,0.0
600539.XSHG,2022-07-15,-0.009999999999999787
002818.XSHE,2022-07-15,-0.28999999999999915
600016.XSHG,2022-07-15,0.0
300905.XSHE,2022-07-15,0.0
003021.XSHE,2022-07-15,-3.030000000000001
600153.XSHG,2022-07-15,-0.9200000000000159
603917.XSHG,2022-07-15,-4.420000000000002
600901.XSHG,2022-07-15,0.0
603229.XSHG,2022-07-15,0.0
301032.XSHE,2022-07-15,-0.040000000000000924
000584.XSHE,2022-07-15,-0.33999999999999986
000008.XSHE,2022-07-15,0.0
002742.XSHE,2022-07-15,-0.370000000000001
002569.XSHE,2022-07-15,-0.17999999999999972
002478.XSHE,2022-07-15,-0.13000000000000078
603399.XSHG,2022-07-15,-0.6700000000000017
600712.XSHG,2022-07-15,-0.060000000000002274
688135.XSHG,2022-07-15,-0.3200000000000003
688255.XSHG,2022-07-15,-0.240000000000002
688163.XSHG,2022-07-15,-0.33999999999999986
600379.XSHG,2022-07-15,-0.35999999999999943
000988.XSHE,2022-07-15,-0.19999999999998863
301207.XSHE,2022-07-15,0.0
601949.XSHG,2022-07-15,0.0
300798.XSHE,2022-07-15,0.0
301191.XSHE,2022-07-15,-0.9799999999999898
300198.XSHE,2022-07-15,0.0
600010.XSHG,2022-07-15,-0.1700000000000017
300773.XSHE,2022-07-15,-0.03999999999999915
603983.XSHG,2022-07-15,-0.3000000000000007
600325.XSHG,2022-07-15,-0.6200000000000045
300600.XSHE,2022-07-15,0.0
002895.XSHE,2022-07-15,-1.0300000000000011
601636.XSHG,2022-07-15,-0.03999999999999915
688299.XSHG,2022-07-15,-0.7300000000000004
300112.XSHE,2022-07-15,0.0
003043.XSHE,2022-07-15,-4.840000000000003
603950.XSHG,2022-07-15,-0.03999999999999915
300888.XSHE,2022-07-15,-1.190000000000012
300697.XSHE,2022-07-15,-0.17999999999999972
600141.XSHG,2022-07-15,-0.37000000000000455
600715.XSHG,2022-07-15,0.0
002716.XSHE,2022-07-15,-0.08000000000000007
300223.XSHE,2022-07-15,-7.0
300897.XSHE,2022-07-15,-0.25
001872.XSHE,2022-07-15,-0.09999999999999432
603301.XSHG,2022-07-15,-0.12000000000000455
300116.XSHE,2022-07-15,-0.08999999999999986
688272.XSHG,2022-07-15,-0.05999999999999872
600547.XSHG,2022-07-15,-0.660000000000025
601995.XSHG,2022-07-15,-0.04999999999999716
688386.XSHG,2022-07-15,-2.8599999999999994
300688.XSHE,2022-07-15,-0.01999999999999602
601118.XSHG,2022-07-15,-0.009999999999999787
688778.XSHG,2022-07-15,-0.5199999999999818
688270.XSHG,2022-07-15,-0.23000000000000398
603069.XSHG,2022-07-15,-0.0400000000000027
300836.XSHE,2022-07-15,-0.29999999999999716
001203.XSHE,2022-07-15,0.0
600512.XSHG,2022-07-15,-0.07000000000000028
002198.XSHE,2022-07-15,-0.1999999999999993
300499.XSHE,2022-07-15,-2.8800000000000026
301190.XSHE,2022-07-15,-0.6500000000000021
603838.XSHG,2022-07-15,-0.049999999999998934
600295.XSHG,2022-07-15,-0.20000000000000284
002050.XSHE,2022-07-15,-9.919999999999959
601996.XSHG,2022-07-15,-0.049999999999998934
000961.XSHE,2022-07-15,0.0
603268.XSHG,2022-07-15,-0.26000000000000156
002075.XSHE,2022-07-15,0.0
000966.XSHE,2022-07-15,-0.03999999999999915
002010.XSHE,2022-07-15,0.0
600177.XSHG,2022-07-15,0.0
688055.XSHG,2022-07-15,-0.10000000000000053
605179.XSHG,2022-07-15,0.0
600149.XSHG,2022-07-15,-0.08999999999999986
605162.XSHG,2022-07-15,-0.05999999999999872
002767.XSHE,2022-07-15,-0.08999999999999986
300476.XSHE,2022-07-15,-0.2400000000000091
000727.XSHE,2022-07-15,0.0
300130.XSHE,2022-07-15,-0.4200000000000017
300908.XSHE,2022-07-15,-0.00999999999999801
300913.XSHE,2022-07-15,-0.879999999999999
300046.XSHE,2022-07-15,-1.6299999999999955
300662.XSHE,2022-07-15,-0.14000000000000057
600391.XSHG,2022-07-15,-0.46999999999999886
688390.XSHG,2022-07-15,-7.430000000000064
002652.XSHE,2022-07-15,0.0
600908.XSHG,2022-07-15,-0.009999999999999787
600996.XSHG,2022-07-15,-0.7400000000000002
603112.XSHG,2022-07-15,-0.25
000021.XSHE,2022-07-15,-13.449999999999989
300284.XSHE,2022-07-15,0.0
300971.XSHE,2022-07-15,-0.10999999999999943
600279.XSHG,2022-07-15,0.0
300708.XSHE,2022-07-15,-0.3000000000000007
600796.XSHG,2022-07-15,-0.1700000000000017
603102.XSHG,2022-07-15,-0.03999999999999915
603197.XSHG,2022-07-15,-1.0100000000000051
688296.XSHG,2022-07-15,-0.509999999999998
002107.XSHE,2022-07-15,-0.0800000000000054
603527.XSHG,2022-07-15,-0.8900000000000006
002533.XSHE,2022-07-15,-4.160000000000004
300963.XSHE,2022-07-15,-1.0300000000000011
600095.XSHG,2022-07-15,-0.09999999999999787
002941.XSHE,2022-07-15,-0.5600000000000005
000009.XSHE,2022-07-15,-0.10000000000000853
300883.XSHE,2022-07-15,0.0
301199.XSHE,2022-07-15,-0.030000000000001137
003002.XSHE,2022-07-15,-0.16000000000000014
600801.XSHG,2022-07-15,-0.8700000000000045
300961.XSHE,2022-07-15,-0.1999999999999993
002066.XSHE,2022-07-15,-0.18999999999999773
603813.XSHG,2022-07-15,-0.02999999999999936
603988.XSHG,2022-07-15,-0.07000000000000028
301052.XSHE,2022-07-15,-0.04999999999999716
603737.XSHG,2022-07-15,-1.2199999999999704
000513.XSHE,2022-07-15,-0.28000000000002956
300269.XSHE,2022-07-15,-0.6799999999999997
603090.XSHG,2022-07-15,0.0
603598.XSHG,2022-07-15,-0.019999999999999574
300121.XSHE,2022-07-15,-0.18999999999999773
688288.XSHG,2022-07-15,-1.1499999999999986
688295.XSHG,2022-07-15,-1.5799999999999983
688767.XSHG,2022-07-15,-0.28999999999999915
002023.XSHE,2022-07-15,-0.11000000000001364
600671.XSHG,2022-07-15,-0.25
002438.XSHE,2022-07-15,-1.9199999999999946
600984.XSHG,2022-07-15,-0.6099999999999994
600288.XSHG,2022-07-15,-0.6400000000000006
002264.XSHE,2022-07-15,-0.03999999999999915
300050.XSHE,2022-07-15,-0.5
002402.XSHE,2022-07-15,-9.069999999999993
300937.XSHE,2022-07-15,-1.4800000000000004
603020.XSHG,2022-07-15,0.0
688095.XSHG,2022-07-15,-0.21000000000000796
300249.XSHE,2022-07-15,-0.259999999999998
300759.XSHE,2022-07-15,-1.3599999999999852
600051.XSHG,2022-07-15,0.0
600987.XSHG,2022-07-15,0.0
300168.XSHE,2022-07-15,0.0
600096.XSHG,2022-07-15,-0.7399999999999949
002080.XSHE,2022-07-15,-3.0900000000000034
300147.XSHE,2022-07-15,-0.05999999999999872
688660.XSHG,2022-07-15,-0.11000000000000121
688278.XSHG,2022-07-15,-0.16000000000000014
000922.XSHE,2022-07-15,-1.0899999999999999
000547.XSHE,2022-07-15,0.0
300981.XSHE,2022-07-15,0.0
300785.XSHE,2022-07-15,-1.0300000000000011
688098.XSHG,2022-07-15,-0.019999999999999574
002963.XSHE,2022-07-15,-0.019999999999999574
002671.XSHE,2022-07-15,-0.03999999999999915
603327.XSHG,2022-07-15,-0.9499999999999993
301117.XSHE,2022-07-15,-0.10999999999999943
300847.XSHE,2022-07-15,0.0
603811.XSHG,2022-07-15,0.0
601816.XSHG,2022-07-15,-0.03000000000000025
300527.XSHE,2022-07-15,-0.03999999999999915
300994.XSHE,2022-07-15,-0.10999999999999943
603557.XSHG,2022-07-15,-0.050000000000000266
002809.XSHE,2022-07-15,-0.05000000000000071
002714.XSHE,2022-07-15,-3.5299999999999727
003022.XSHE,2022-07-15,-3.9200000000000017
002130.XSHE,2022-07-15,0.0
000011.XSHE,2022-07-15,-0.03999999999999915
601579.XSHG,2022-07-15,-0.040000000000000924
003040.XSHE,2022-07-15,-0.5
601633.XSHG,2022-07-15,-1.5200000000000102
600819.XSHG,2022-07-15,-0.07000000000000028
000826.XSHE,2022-07-15,-0.41000000000000014
688793.XSHG,2022-07-15,-0.10999999999999943
600740.XSHG,2022-07-15,-1.3700000000000045
002724.XSHE,2022-07-15,-0.39000000000000057
300516.XSHE,2022-07-15,0.0
600846.XSHG,2022-07-15,-5.550000000000011
600763.XSHG,2022-07-15,-2.080000000000041
688655.XSHG,2022-07-15,-0.0600000000000005
002024.XSHE,2022-07-15,-0.8799999999999955
300393.XSHE,2022-07-15,-2.700000000000003
600053.XSHG,2022-07-15,-0.020000000000003126
000536.XSHE,2022-07-15,0.0
002647.XSHE,2022-07-15,0.0
000812.XSHE,2022-07-15,-0.28000000000000114
600729.XSHG,2022-07-15,0.0
300871.XSHE,2022-07-15,-0.030000000000001137
000422.XSHE,2022-07-15,-2.159999999999968
000040.XSHE,2022-07-15,-0.09999999999999964
603486.XSHG,2022-07-15,-4.079999999999984
300587.XSHE,2022-07-15,-0.5100000000000051
300063.XSHE,2022-07-15,0.0
600611.XSHG,2022-07-15,-9.200000000000273
605365.XSHG,2022-07-15,-0.28999999999999915
002113.XSHE,2022-07-15,-0.11000000000000121
003027.XSHE,2022-07-15,-0.03999999999999915
301162.XSHE,2022-07-15,-5.239999999999995
603883.XSHG,2022-07-15,-0.6599999999999966
000078.XSHE,2022-07-15,0.0
600578.XSHG,2022-07-15,-0.05000000000000071
600302.XSHG,2022-07-15,-0.08999999999999986
600610.XSHG,2022-07-15,-14.930000000000064
000806.XSHE,2022-07-15,-0.1700000000000017
300037.XSHE,2022-07-15,0.0
002683.XSHE,2022-07-15,-0.23999999999999488
600283.XSHG,2022-07-15,-0.14000000000000057
002857.XSHE,2022-07-15,-0.14000000000000057
603799.XSHG,2022-07-15,-1.25
300246.XSHE,2022-07-15,-0.14999999999999858
300172.XSHE,2022-07-15,-0.9299999999999997
300584.XSHE,2022-07-15,-0.030000000000001137
002136.XSHE,2022-07-15,0.0
000937.XSHE,2022-07-15,0.0
002276.XSHE,2022-07-15,-0.4200000000000017
300176.XSHE,2022-07-15,-0.6799999999999997
600362.XSHG,2022-07-15,-0.07000000000000028
002694.XSHE,2022-07-15,-0.21000000000000085
603348.XSHG,2022-07-15,-8.810000000000002
688162.XSHG,2022-07-15,-1.5799999999999983
001696.XSHE,2022-07-15,-17.599999999999994
688536.XSHG,2022-07-15,-9.699999999999989
300535.XSHE,2022-07-15,0.0
300617.XSHE,2022-07-15,-6.950000000000003
600855.XSHG,2022-07-15,-0.019999999999999574
300179.XSHE,2022-07-15,-3.3599999999999994
688213.XSHG,2022-07-15,-3.280000000000001
002106.XSHE,2022-07-15,-0.07000000000000028
301048.XSHE,2022-07-15,-0.009999999999999787
002917.XSHE,2022-07-15,-0.5
600608.XSHG,2022-07-15,-4.260000000000048
002178.XSHE,2022-07-15,-0.19000000000000128
600138.XSHG,2022-07-15,-0.740000000000002
000983.XSHE,2022-07-15,-0.09000000000000341
000839.XSHE,2022-07-15,-1.0
688033.XSHG,2022-07-15,-1.0999999999999979
600235.XSHG,2022-07-15,-0.019999999999999574
688062.XSHG,2022-07-15,0.0
600370.XSHG,2022-07-15,-0.07000000000000028
601166.XSHG,2022-07-15,-0.09999999999999432
002605.XSHE,2022-07-15,-0.28000000000000114
603711.XSHG,2022-07-15,-0.21000000000000085
002650.XSHE,2022-07-15,-0.08000000000000185
605369.XSHG,2022-07-15,-1.9699999999999989
002823.XSHE,2022-07-15,-0.21000000000000085
688085.XSHG,2022-07-15,-2.0199999999999996
600470.XSHG,2022-07-15,-0.120000000000001
600510.XSHG,2022-07-15,-0.060000000000002274
000563.XSHE,2022-07-15,0.0
600795.XSHG,2022-07-15,-18.970000000000027
688389.XSHG,2022-07-15,-0.05999999999999872
600459.XSHG,2022-07-15,-0.3199999999999932
000156.XSHE,2022-07-15,0.0
600020.XSHG,2022-07-15,-0.129999999999999
688229.XSHG,2022-07-15,0.0
300237.XSHE,2022-07-15,0.0
300788.XSHE,2022-07-15,0.0
002002.XSHE,2022-07-15,0.0
002690.XSHE,2022-07-15,-0.10000000000000853
605338.XSHG,2022-07-15,-0.08999999999999986
000023.XSHE,2022-07-15,-0.05000000000000071
300705.XSHE,2022-07-15,-0.9399999999999977
600969.XSHG,2022-07-15,-0.129999999999999
600280.XSHG,2022-07-15,-0.10999999999999943
301006.XSHE,2022-07-15,-0.010000000000001563
600820.XSHG,2022-07-15,-0.5900000000000034
601010.XSHG,2022-07-15,-0.05000000000000071
000572.XSHE,2022-07-15,0.0
002424.XSHE,2022-07-15,-2.1599999999999966
601236.XSHG,2022-07-15,-0.08999999999999986
002445.XSHE,2022-07-15,0.0
300048.XSHE,2022-07-15,-0.4199999999999946
000007.XSHE,2022-07-15,-1.4399999999999977
300394.XSHE,2022-07-15,-4.039999999999992
603693.XSHG,2022-07-15,-0.4299999999999997
603105.XSHG,2022-07-15,-1.0899999999999999
688329.XSHG,2022-07-15,-1.3200000000000003
002667.XSHE,2022-07-15,-3.6400000000000006
600906.XSHG,2022-07-15,-0.02000000000000135
002332.XSHE,2022-07-15,-0.10000000000000142
603810.XSHG,2022-07-15,0.0
601366.XSHG,2022-07-15,-0.6200000000000001
002353.XSHE,2022-07-15,-0.160000000000025
603696.XSHG,2022-07-15,-0.16000000000000014
600108.XSHG,2022-07-15,-0.10000000000000142
603297.XSHG,2022-07-15,-3.390000000000015
600000.XSHG,2022-07-15,-0.28000000000000114
600936.XSHG,2022-07-15,-0.010000000000000231
600266.XSHG,2022-07-15,-0.129999999999999
688981.XSHG,2022-07-15,-0.010000000000005116
000663.XSHE,2022-07-15,0.0
000816.XSHE,2022-07-15,-0.0799999999999983
002398.XSHE,2022-07-15,-0.06999999999999318
300932.XSHE,2022-07-15,0.0
603006.XSHG,2022-07-15,-0.509999999999998
688357.XSHG,2022-07-15,0.0
000554.XSHE,2022-07-15,0.0
688188.XSHG,2022-07-15,-1.7300000000000182
600188.XSHG,2022-07-15,-3.530000000000001
002642.XSHE,2022-07-15,-0.08999999999999986
603178.XSHG,2022-07-15,-0.33000000000000007
600192.XSHG,2022-07-15,0.0
300390.XSHE,2022-07-15,-4.259999999999991
600649.XSHG,2022-07-15,0.0
601838.XSHG,2022-07-15,-0.2900000000000027
605399.XSHG,2022-07-15,-0.269999999999996
301103.XSHE,2022-07-15,-0.13999999999999346
600036.XSHG,2022-07-15,-0.04999999999998295
600647.XSHG,2022-07-15,-4.0
002039.XSHE,2022-07-15,-0.17999999999999972
002968.XSHE,2022-07-15,-0.46000000000000796
601598.XSHG,2022-07-15,-0.009999999999999787
002829.XSHE,2022-07-15,-4.689999999999998
301070.XSHE,2022-07-15,-1.8399999999999999
002526.XSHE,2022-07-15,-0.23000000000000043
002863.XSHE,2022-07-15,-1.0700000000000003
600550.XSHG,2022-07-15,-1.759999999999998
688301.XSHG,2022-07-15,-19.180000000000007
300817.XSHE,2022-07-15,-1.5400000000000027
002573.XSHE,2022-07-15,-0.6400000000000006
688528.XSHG,2022-07-15,0.0
002340.XSHE,2022-07-15,-1.1999999999999886
002483.XSHE,2022-07-15,-0.029999999999997584
002539.XSHE,2022-07-15,-1.3100000000000023
002821.XSHE,2022-07-15,-0.20000000000004547
300956.XSHE,2022-07-15,-0.6900000000000013
605005.XSHG,2022-07-15,-0.16999999999999815
300851.XSHE,2022-07-15,-0.16999999999999815
603536.XSHG,2022-07-15,-0.08000000000000007
002911.XSHE,2022-07-15,-0.03999999999999915
300117.XSHE,2022-07-15,-0.07000000000000028
688006.XSHG,2022-07-15,-0.4200000000000017
300401.XSHE,2022-07-15,-1.8700000000000045
688701.XSHG,2022-07-15,-0.15000000000000036
002041.XSHE,2022-07-15,-0.2699999999999818
300465.XSHE,2022-07-15,-0.05999999999999872
688565.XSHG,2022-07-15,-0.11000000000000121
600903.XSHG,2022-07-15,-0.009999999999999787
688049.XSHG,2022-07-15,-0.44000000000000483
605287.XSHG,2022-07-15,-0.019999999999999574
600238.XSHG,2022-07-15,-0.29000000000000625
002932.XSHE,2022-07-15,-4.150000000000006
600268.XSHG,2022-07-15,-0.8900000000000006
603053.XSHG,2022-07-15,-0.019999999999999574
600783.XSHG,2022-07-15,-0.5599999999999881
600094.XSHG,2022-07-15,-0.03999999999999915
688325.XSHG,2022-07-15,-0.5
603578.XSHG,2022-07-15,0.0
300658.XSHE,2022-07-15,-0.030000000000001137
002910.XSHE,2022-07-15,-0.02999999999999936
603332.XSHG,2022-07-15,0.0
603887.XSHG,2022-07-15,0.0
300668.XSHE,2022-07-15,-1.0600000000000023
688661.XSHG,2022-07-15,-0.37000000000000455
002610.XSHE,2022-07-15,0.0
000626.XSHE,2022-07-15,0.0
300965.XSHE,2022-07-15,-1.2899999999999991
300217.XSHE,2022-07-15,-4.709999999999994
688519.XSHG,2022-07-15,-0.6900000000000013
002059.XSHE,2022-07-15,-0.6999999999999993
688193.XSHG,2022-07-15,-0.5899999999999963
603919.XSHG,2022-07-15,-0.10999999999999943
301183.XSHE,2022-07-15,-0.6999999999999993
688309.XSHG,2022-07-15,-0.14000000000000057
603568.XSHG,2022-07-15,-9.720000000000013
300777.XSHE,2022-07-15,-0.03999999999999915
300752.XSHE,2022-07-15,0.0
000985.XSHE,2022-07-15,0.0
300858.XSHE,2022-07-15,-0.030000000000001137
605118.XSHG,2022-07-15,-0.16999999999999993
000783.XSHE,2022-07-15,0.0
000698.XSHE,2022-07-15,-0.030000000000001137
601702.XSHG,2022-07-15,-0.8099999999999987
300647.XSHE,2022-07-15,-0.6600000000000001
002077.XSHE,2022-07-15,-0.009999999999999787
003023.XSHE,2022-07-15,-0.030000000000001137
300051.XSHE,2022-07-15,-0.8800000000000026
603716.XSHG,2022-07-15,-1.1300000000000026
300409.XSHE,2022-07-15,0.0
301158.XSHE,2022-07-15,-0.7399999999999984
300509.XSHE,2022-07-15,0.0
300457.XSHE,2022-07-15,-0.1699999999999875
601727.XSHG,2022-07-15,-0.019999999999999574
002207.XSHE,2022-07-15,0.0
300083.XSHE,2022-07-15,-0.5
002860.XSHE,2022-07-15,-0.030000000000001137
300447.XSHE,2022-07-15,-0.6499999999999915
603369.XSHG,2022-07-15,-0.12999999999999545
000858.XSHE,2022-07-15,-35.34999999999991
603199.XSHG,2022-07-15,-0.639999999999997
002105.XSHE,2022-07-15,0.0
002862.XSHE,2022-07-15,-0.060000000000002274
600582.XSHG,2022-07-15,-0.4000000000000057
300718.XSHE,2022-07-15,-2.269999999999996
300614.XSHE,2022-07-15,-0.3099999999999987
600306.XSHG,2022-07-15,-1.3200000000000003
688153.XSHG,2022-07-15,-0.9500000000000028
600600.XSHG,2022-07-15,-2.469999999999999
002055.XSHE,2022-07-15,-3.6500000000000057
603100.XSHG,2022-07-15,-0.03999999999999915
600350.XSHG,2022-07-15,-0.02999999999999936
688157.XSHG,2022-07-15,-3.3700000000000045
000635.XSHE,2022-07-15,0.0
000933.XSHE,2022-07-15,-0.13000000000002387
002987.XSHE,2022-07-15,-0.12999999999999545
002168.XSHE,2022-07-15,-0.6000000000000014
002440.XSHE,2022-07-15,-0.10999999999999943
300515.XSHE,2022-07-15,0.0
002449.XSHE,2022-07-15,0.0
000935.XSHE,2022-07-15,-0.13000000000000256
688636.XSHG,2022-07-15,-0.1799999999999926
002495.XSHE,2022-07-15,0.0
300213.XSHE,2022-07-15,0.0
601611.XSHG,2022-07-15,-0.009999999999999787
600429.XSHG,2022-07-15,0.0
000987.XSHE,2022-07-15,-0.0799999999999983
002064.XSHE,2022-07-15,-0.8199999999999932
002675.XSHE,2022-07-15,-1.5400000000000063
300365.XSHE,2022-07-15,-0.3300000000000125
600886.XSHG,2022-07-15,-2.480000000000018
300451.XSHE,2022-07-15,-0.539999999999992
300285.XSHE,2022-07-15,-5.96999999999997
002378.XSHE,2022-07-15,-0.10999999999999943
300637.XSHE,2022-07-15,-0.0600000000000005
603511.XSHG,2022-07-15,0.0
688625.XSHG,2022-07-15,-0.0899999999999963
600382.XSHG,2022-07-15,-1.0
002337.XSHE,2022-07-15,-0.6900000000000013
002141.XSHE,2022-07-15,-1.3699999999999974
688317.XSHG,2022-07-15,-1.3699999999999974
605305.XSHG,2022-07-15,-0.6999999999999886
600481.XSHG,2022-07-15,-3.539999999999992
605116.XSHG,2022-07-15,-0.33999999999999986
002181.XSHE,2022-07-15,0.0
002292.XSHE,2022-07-15,0.0
002394.XSHE,2022-07-15,0.0
600278.XSHG,2022-07-15,-0.08999999999999986
603225.XSHG,2022-07-15,-0.33000000000000185
002719.XSHE,2022-07-15,-0.05000000000000071
000540.XSHE,2022-07-15,-1.6200000000000045
603393.XSHG,2022-07-15,0.0
603117.XSHG,2022-07-15,0.0
603538.XSHG,2022-07-15,-0.060000000000002274
600905.XSHG,2022-07-15,-0.009999999999999787
000014.XSHE,2022-07-15,-0.22000000000001307
300406.XSHE,2022-07-15,-0.5600000000000023
688190.XSHG,2022-07-15,-2.180000000000007
300900.XSHE,2022-07-15,-0.5199999999999996
600152.XSHG,2022-07-15,-0.8599999999999994
301257.XSHE,2022-07-15,-2.5
300119.XSHE,2022-07-15,-0.5400000000000063
600592.XSHG,2022-07-15,0.0
600116.XSHG,2022-07-15,-1.9399999999999977
300344.XSHE,2022-07-15,0.0
002239.XSHE,2022-07-15,-0.5400000000000027
600642.XSHG,2022-07-15,-1.0600000000000023
000930.XSHE,2022-07-15,0.0
603987.XSHG,2022-07-15,-0.4399999999999977
002463.XSHE,2022-07-15,-0.6899999999999977
601788.XSHG,2022-07-15,0.0
002035.XSHE,2022-07-15,-0.5
300236.XSHE,2022-07-15,-0.020000000000010232
603060.XSHG,2022-07-15,-0.480000000000004
688262.XSHG,2022-07-15,-2.779999999999994
002245.XSHE,2022-07-15,-1.1100000000000136
002417.XSHE,2022-07-15,-0.1900000000000004
000823.XSHE,2022-07-15,-0.46000000000000085
000039.XSHE,2022-07-15,-0.9399999999999977
300758.XSHE,2022-07-15,-2.3399999999999963
300863.XSHE,2022-07-15,-1.4099999999999966
601900.XSHG,2022-07-15,-0.019999999999999574
600265.XSHG,2022-07-15,-0.1700000000000017
600415.XSHG,2022-07-15,0.0
300266.XSHE,2022-07-15,-0.20000000000000284
002950.XSHE,2022-07-15,-0.019999999999999574
600337.XSHG,2022-07-15,0.0
002119.XSHE,2022-07-15,-0.3500000000000014
688259.XSHG,2022-07-15,-2.4000000000000057
603208.XSHG,2022-07-15,-0.25
688208.XSHG,2022-07-15,-1.9899999999999949
301113.XSHE,2022-07-15,0.0
600343.XSHG,2022-07-15,0.0
002850.XSHE,2022-07-15,-8.03000000000003
601888.XSHG,2022-07-15,-0.8000000000000114
000898.XSHE,2022-07-15,0.0
002745.XSHE,2022-07-15,-0.10999999999999943
301007.XSHE,2022-07-15,-0.16999999999999993
603976.XSHG,2022-07-15,-0.03999999999999915
002243.XSHE,2022-07-15,0.0
688690.XSHG,2022-07-15,-0.060000000000002274
688186.XSHG,2022-07-15,-1.3900000000000006
002961.XSHE,2022-07-15,0.0
600593.XSHG,2022-07-15,-0.8200000000000003
002388.XSHE,2022-07-15,-1.3500000000000014
603171.XSHG,2022-07-15,-0.23000000000000043
000046.XSHE,2022-07-15,0.0
600122.XSHG,2022-07-15,-0.05999999999999872
600518.XSHG,2022-07-15,-0.47999999999998977
688191.XSHG,2022-07-15,-0.19000000000000128
300111.XSHE,2022-07-15,-0.16999999999999993
300224.XSHE,2022-07-15,-1.8599999999999994
600250.XSHG,2022-07-15,-0.16999999999999993
300925.XSHE,2022-07-15,0.0
603833.XSHG,2022-07-15,-1.1100000000000136
002542.XSHE,2022-07-15,-0.36999999999999744
688118.XSHG,2022-07-15,-0.3299999999999983
688566.XSHG,2022-07-15,-0.21000000000000085
300575.XSHE,2022-07-15,-0.12999999999999545
002158.XSHE,2022-07-15,-0.11999999999999034
300968.XSHE,2022-07-15,-0.009999999999999787
603366.XSHG,2022-07-15,0.0
603937.XSHG,2022-07-15,0.0
300219.XSHE,2022-07-15,-0.8500000000000014
301028.XSHE,2022-07-15,-0.009999999999999787
000402.XSHE,2022-07-15,-0.7400000000000091
600243.XSHG,2022-07-15,-0.009999999999999787
300411.XSHE,2022-07-15,-0.3299999999999983
001207.XSHE,2022-07-15,-0.08999999999999986
601811.XSHG,2022-07-15,-0.009999999999999787
002497.XSHE,2022-07-15,-0.4000000000000057
600078.XSHG,2022-07-15,-2.799999999999997
688290.XSHG,2022-07-15,-3.9200000000000017
600089.XSHG,2022-07-15,0.0
600770.XSHG,2022-07-15,-0.4199999999999875
002901.XSHE,2022-07-15,0.0
600050.XSHG,2022-07-15,0.0
603131.XSHG,2022-07-15,-0.060000000000002274
688589.XSHG,2022-07-15,0.0
688569.XSHG,2022-07-15,-0.010000000000001563
688551.XSHG,2022-07-15,-0.21000000000000085
300233.XSHE,2022-07-15,-0.21999999999999886
601512.XSHG,2022-07-15,-0.019999999999999574
002334.XSHE,2022-07-15,-0.35999999999999943
300138.XSHE,2022-07-15,-0.45000000000000284
603002.XSHG,2022-07-15,-0.22999999999999865
603319.XSHG,2022-07-15,-0.8400000000000034
300598.XSHE,2022-07-15,-1.740000000000009
688019.XSHG,2022-07-15,-5.060000000000002
601666.XSHG,2022-07-15,-0.060000000000002274
002758.XSHE,2022-07-15,-0.4399999999999977
603179.XSHG,2022-07-15,-1.019999999999996
603518.XSHG,2022-07-15,-0.009999999999999787
002200.XSHE,2022-07-15,-0.35999999999999943
600630.XSHG,2022-07-15,-0.18999999999999773
601718.XSHG,2022-07-15,0.0
603429.XSHG,2022-07-15,-0.5800000000000125
300455.XSHE,2022-07-15,-0.11000000000000298
300003.XSHE,2022-07-15,-0.0899999999999892
300299.XSHE,2022-07-15,-0.0799999999999983
601989.XSHG,2022-07-15,0.0
600233.XSHG,2022-07-15,0.0
600143.XSHG,2022-07-15,-0.4099999999999966
002951.XSHE,2022-07-15,-0.02999999999999936
300191.XSHE,2022-07-15,-0.04000000000000625
603009.XSHG,2022-07-15,-0.10000000000000142
688488.XSHG,2022-07-15,-0.8399999999999999
300343.XSHE,2022-07-15,-11.45999999999998
002583.XSHE,2022-07-15,-0.6799999999999997
300861.XSHE,2022-07-15,-1.8299999999999983
300109.XSHE,2022-07-15,-0.9900000000000091
300301.XSHE,2022-07-15,-0.10999999999999943
300533.XSHE,2022-07-15,-0.10999999999999943
600753.XSHG,2022-07-15,-0.22999999999999687
002779.XSHE,2022-07-15,-0.14000000000000057
601016.XSHG,2022-07-15,-0.16999999999999993
603698.XSHG,2022-07-15,-0.010000000000001563
300055.XSHE,2022-07-15,-1.6099999999999994
603489.XSHG,2022-07-15,-0.1599999999999966
002853.XSHE,2022-07-15,0.0
000538.XSHE,2022-07-15,-10.840000000000146
688365.XSHG,2022-07-15,-0.08000000000000007
002255.XSHE,2022-07-15,0.0
300101.XSHE,2022-07-15,-0.160000000000025
000736.XSHE,2022-07-15,0.0
603659.XSHG,2022-07-15,-0.8599999999999852
301091.XSHE,2022-07-15,-0.9100000000000037
301167.XSHE,2022-07-15,-0.08000000000000185
688136.XSHG,2022-07-15,-0.2699999999999996
002411.XSHE,2022-07-15,-1.6699999999999982
002053.XSHE,2022-07-15,-0.1999999999999993
600230.XSHG,2022-07-15,0.0
300677.XSHE,2022-07-15,-1.7800000000000011
603192.XSHG,2022-07-15,0.0
600176.XSHG,2022-07-15,0.0
603214.XSHG,2022-07-15,-0.6199999999999974
601857.XSHG,2022-07-15,-0.019999999999999574
603392.XSHG,2022-07-15,-6.7000000000000455
002554.XSHE,2022-07-15,-0.07000000000000028
600515.XSHG,2022-07-15,-0.02999999999999936
002938.XSHE,2022-07-15,-0.6999999999999993
000607.XSHE,2022-07-15,0.0
301125.XSHE,2022-07-15,-4.43
688013.XSHG,2022-07-15,-0.08999999999999986
002211.XSHE,2022-07-15,0.0
603368.XSHG,2022-07-15,-0.030000000000001137
002117.XSHE,2022-07-15,-0.060000000000002274
603587.XSHG,2022-07-15,-0.07000000000000028
002883.XSHE,2022-07-15,-0.029999999999997584
000798.XSHE,2022-07-15,0.0
300069.XSHE,2022-07-15,-0.020000000000003126
300842.XSHE,2022-07-15,-0.990000000000002
300582.XSHE,2022-07-15,0.0
603809.XSHG,2022-07-15,-0.28000000000000114
688067.XSHG,2022-07-15,-0.16999999999999815
300238.XSHE,2022-07-15,-0.0799999999999983
300133.XSHE,2022-07-15,0.0
300459.XSHE,2022-07-15,-0.14000000000000057
600368.XSHG,2022-07-15,-0.5199999999999996
002886.XSHE,2022-07-15,-1.5799999999999983
300422.XSHE,2022-07-15,0.0
600111.XSHG,2022-07-15,-0.39999999999997726
002172.XSHE,2022-07-15,-0.9299999999999997
002872.XSHE,2022-07-15,-0.019999999999999574
600301.XSHG,2022-07-15,-0.07000000000000028
000876.XSHE,2022-07-15,0.0
300280.XSHE,2022-07-15,-0.08999999999999986
000498.XSHE,2022-07-15,-0.120000000000001
002392.XSHE,2022-07-15,-0.09000000000000341
002555.XSHE,2022-07-15,-0.6200000000000045
002703.XSHE,2022-07-15,-0.08000000000000185
301049.XSHE,2022-07-15,-0.259999999999998
002342.XSHE,2022-07-15,0.0
600480.XSHG,2022-07-15,-0.23999999999999844
000576.XSHE,2022-07-15,-0.6899999999999977
300896.XSHE,2022-07-15,-7.380000000000109
603818.XSHG,2022-07-15,-0.10999999999999943
000407.XSHE,2022-07-15,0.0
300131.XSHE,2022-07-15,-0.37999999999999545
300845.XSHE,2022-07-15,-0.019999999999999574
301108.XSHE,2022-07-15,-1.0200000000000031
300632.XSHE,2022-07-15,-0.05999999999999872
000166.XSHE,2022-07-15,-0.020000000000000462
300314.XSHE,2022-07-15,-2.4200000000000017
000952.XSHE,2022-07-15,-0.05999999999999872
300809.XSHE,2022-07-15,0.0
002230.XSHE,2022-07-15,0.0
000551.XSHE,2022-07-15,-1.4099999999999966
000851.XSHE,2022-07-15,-0.2900000000000009
688179.XSHG,2022-07-15,-1.5100000000000051
603013.XSHG,2022-07-15,-0.8800000000000026
603035.XSHG,2022-07-15,-0.05000000000000071
000869.XSHE,2022-07-15,0.0
002506.XSHE,2022-07-15,-0.10000000000000142
600117.XSHG,2022-07-15,0.0
000959.XSHE,2022-07-15,-0.08999999999999986
600159.XSHG,2022-07-15,-0.05000000000000071
002952.XSHE,2022-07-15,-1.6499999999999986
002486.XSHE,2022-07-15,-0.25
002118.XSHE,2022-07-15,-0.120000000000001
002885.XSHE,2022-07-15,-9.260000000000005
300304.XSHE,2022-07-15,-0.09000000000000341
688007.XSHG,2022-07-15,-0.35999999999999943
688321.XSHG,2022-07-15,0.0
002395.XSHE,2022-07-15,0.0
002955.XSHE,2022-07-15,-0.46000000000000085
002518.XSHE,2022-07-15,-5.6699999999999875
600971.XSHG,2022-07-15,0.0
603045.XSHG,2022-07-15,-0.10000000000000142
002375.XSHE,2022-07-15,-0.7399999999999984
600766.XSHG,2022-07-15,-0.8399999999999963
600859.XSHG,2022-07-15,-0.27000000000001023
002339.XSHE,2022-07-15,0.0
600017.XSHG,2022-07-15,-0.030000000000001137
002609.XSHE,2022-07-15,-0.1699999999999946
000880.XSHE,2022-07-15,0.0
000962.XSHE,2022-07-15,0.0
603109.XSHG,2022-07-15,-0.5500000000000007
002419.XSHE,2022-07-15,-0.03999999999999915
300761.XSHE,2022-07-15,-0.27999999999999403
300084.XSHE,2022-07-15,0.0
600211.XSHG,2022-07-15,-0.25
301229.XSHE,2022-07-15,-5.870000000000001
300843.XSHE,2022-07-15,-1.2100000000000009
603800.XSHG,2022-07-15,-2.25
002871.XSHE,2022-07-15,-0.14000000000000057
301073.XSHE,2022-07-15,-5.980000000000004
002822.XSHE,2022-07-15,-0.019999999999999574
688133.XSHG,2022-07-15,-0.4900000000000091
603309.XSHG,2022-07-15,-2.530000000000001
002051.XSHE,2022-07-15,0.0
601155.XSHG,2022-07-15,0.0
002097.XSHE,2022-07-15,0.0
300622.XSHE,2022-07-15,-0.3200000000000003
300358.XSHE,2022-07-15,-0.9599999999999937
002966.XSHE,2022-07-15,0.0
002202.XSHE,2022-07-15,-0.0799999999999983
001234.XSHE,2022-07-15,0.0
603776.XSHG,2022-07-15,-0.14999999999999858
601311.XSHG,2022-07-15,-0.8200000000000003
600875.XSHG,2022-07-15,-1.6000000000000014
002725.XSHE,2022-07-15,0.0
002836.XSHE,2022-07-15,-0.40000000000000213
300181.XSHE,2022-07-15,-0.9799999999999898
600493.XSHG,2022-07-15,-0.08000000000000007
300428.XSHE,2022-07-15,-26.830000000000013
605178.XSHG,2022-07-15,-0.7199999999999989
300370.XSHE,2022-07-15,-0.4899999999999949
688234.XSHG,2022-07-15,-3.0600000000000023
300561.XSHE,2022-07-15,-0.060000000000002274
002599.XSHE,2022-07-15,-0.03999999999999915
300639.XSHE,2022-07-15,-2.660000000000011
300973.XSHE,2022-07-15,-6.890000000000001
688616.XSHG,2022-07-15,-0.34999999999999964
002439.XSHE,2022-07-15,-1.8100000000000023
300835.XSHE,2022-07-15,-0.12999999999999545
002364.XSHE,2022-07-15,-3.6400000000000006
605218.XSHG,2022-07-15,-0.07000000000000028
603885.XSHG,2022-07-15,-0.02999999999999403
300522.XSHE,2022-07-15,-0.8099999999999952
688010.XSHG,2022-07-15,-0.129999999999999
300061.XSHE,2022-07-15,0.0
603866.XSHG,2022-07-15,-1.5800000000000054
600072.XSHG,2022-07-15,0.0
002566.XSHE,2022-07-15,0.0
688192.XSHG,2022-07-15,-0.16999999999999815
002887.XSHE,2022-07-15,-0.03999999999999915
002175.XSHE,2022-07-15,0.0
300066.XSHE,2022-07-15,-7.829999999999998
300943.XSHE,2022-07-15,-0.08999999999999986
603222.XSHG,2022-07-15,-0.0799999999999983
002575.XSHE,2022-07-15,0.0
002534.XSHE,2022-07-15,-0.7700000000000031
000751.XSHE,2022-07-15,-0.02999999999999936
300912.XSHE,2022-07-15,-0.509999999999998
688323.XSHG,2022-07-15,-1.1099999999999994
002927.XSHE,2022-07-15,-1.0399999999999991
601869.XSHG,2022-07-15,-0.10999999999999943
601229.XSHG,2022-07-15,0.0
002717.XSHE,2022-07-15,-0.6700000000000017
300317.XSHE,2022-07-15,-0.3000000000000007
300559.XSHE,2022-07-15,-0.10999999999999943
300462.XSHE,2022-07-15,-0.07000000000000028
300057.XSHE,2022-07-15,-0.3099999999999987
300895.XSHE,2022-07-15,-1.7600000000000051
300581.XSHE,2022-07-15,-0.0700000000000216
300906.XSHE,2022-07-15,-0.0400000000000027
300067.XSHE,2022-07-15,0.0
002907.XSHE,2022-07-15,-0.009999999999999787
002367.XSHE,2022-07-15,0.0
002490.XSHE,2022-07-15,-0.09999999999999964
300132.XSHE,2022-07-15,-0.25
002774.XSHE,2022-07-15,-0.07000000000000028
300212.XSHE,2022-07-15,0.0
300355.XSHE,2022-07-15,-0.10000000000000142
300774.XSHE,2022-07-15,-0.40000000000000213
601686.XSHG,2022-07-15,-0.009999999999999787
002040.XSHE,2022-07-15,0.0
601126.XSHG,2022-07-15,-2.490000000000002
300790.XSHE,2022-07-15,-0.2700000000000031
300724.XSHE,2022-07-15,-0.7000000000000028
600528.XSHG,2022-07-15,-0.13000000000000256
002626.XSHE,2022-07-15,-0.39999999999997726
600867.XSHG,2022-07-15,-0.7099999999999795
601567.XSHG,2022-07-15,-1.6899999999999977
002134.XSHE,2022-07-15,-1.8200000000000003
300399.XSHE,2022-07-15,-0.0799999999999983
002522.XSHE,2022-07-15,-0.1700000000000017
300078.XSHE,2022-07-15,0.0
300419.XSHE,2022-07-15,0.0
002163.XSHE,2022-07-15,-0.7900000000000063
300261.XSHE,2022-07-15,-0.6500000000000057
688261.XSHG,2022-07-15,-6.809999999999974
600658.XSHG,2022-07-15,-0.21999999999999886
002469.XSHE,2022-07-15,-0.8900000000000006
603189.XSHG,2022-07-15,-0.009999999999999787
300686.XSHE,2022-07-15,-0.2699999999999996
002893.XSHE,2022-07-15,-0.09999999999999964
300136.XSHE,2022-07-15,-1.450000000000017
300303.XSHE,2022-07-15,-0.1600000000000108
300268.XSHE,2022-07-15,-0.8099999999999952
301178.XSHE,2022-07-15,-0.5700000000000003
688002.XSHG,2022-07-15,-0.7299999999999969
002030.XSHE,2022-07-15,-15.879999999999995
603920.XSHG,2022-07-15,-0.8200000000000003
688575.XSHG,2022-07-15,-0.860000000000003
603209.XSHG,2022-07-15,-0.75
301092.XSHE,2022-07-15,-0.4499999999999993
603444.XSHG,2022-07-15,-0.5499999999999545
002919.XSHE,2022-07-15,-0.4299999999999997
300960.XSHE,2022-07-15,-1.0500000000000007
605168.XSHG,2022-07-15,-0.01999999999998181
000598.XSHE,2022-07-15,-1.1599999999999966
300415.XSHE,2022-07-15,-5.780000000000001
600817.XSHG,2022-07-15,-0.22999999999999687
600587.XSHG,2022-07-15,-0.21999999999999886
300631.XSHE,2022-07-15,-0.14999999999999858
300235.XSHE,2022-07-15,-0.07000000000000028
300984.XSHE,2022-07-15,0.0
688318.XSHG,2022-07-15,-0.13000000000000966
603656.XSHG,2022-07-15,-0.23000000000000043
002878.XSHE,2022-07-15,0.0
603566.XSHG,2022-07-15,-0.10999999999999943
600225.XSHG,2022-07-15,-0.08999999999999986
603358.XSHG,2022-07-15,-1.2100000000000009
000996.XSHE,2022-07-15,0.0
000592.XSHE,2022-07-15,0.0
600973.XSHG,2022-07-15,-2.469999999999999
300096.XSHE,2022-07-15,-0.10000000000000142
000669.XSHE,2022-07-15,0.0
300102.XSHE,2022-07-15,0.0
600269.XSHG,2022-07-15,-0.25
601100.XSHG,2022-07-15,-0.030000000000001137
603825.XSHG,2022-07-15,-0.120000000000001
688077.XSHG,2022-07-15,-3.680000000000007
300207.XSHE,2022-07-15,-0.3400000000000034
002502.XSHE,2022-07-15,-0.40000000000000213
002192.XSHE,2022-07-15,-13.479999999999961
000887.XSHE,2022-07-15,-13.100000000000023
600545.XSHG,2022-07-15,0.0
603826.XSHG,2022-07-15,-1.8199999999999932
688239.XSHG,2022-07-15,-0.8200000000000003
002280.XSHE,2022-07-15,-0.269999999999996
000514.XSHE,2022-07-15,0.0
300553.XSHE,2022-07-15,-0.75
000571.XSHE,2022-07-15,-0.35999999999999943
002356.XSHE,2022-07-15,0.0
003033.XSHE,2022-07-15,-0.4299999999999997
600663.XSHG,2022-07-15,-0.14000000000001478
603712.XSHG,2022-07-15,-0.03999999999999915
003009.XSHE,2022-07-15,-0.03999999999999915
600170.XSHG,2022-07-15,0.0
600356.XSHG,2022-07-15,0.0
002425.XSHE,2022-07-15,-0.129999999999999
600060.XSHG,2022-07-15,-0.1799999999999926
300608.XSHE,2022-07-15,-0.22000000000000242
002825.XSHE,2022-07-15,-0.6300000000000026
603786.XSHG,2022-07-15,-2.190000000000005
688395.XSHG,2022-07-15,-0.4499999999999993
300839.XSHE,2022-07-15,-0.09999999999999787
605060.XSHG,2022-07-15,-0.23000000000000043
301168.XSHE,2022-07-15,-0.30999999999999517
000016.XSHE,2022-07-15,-0.25
688669.XSHG,2022-07-15,0.0
000001.XSHE,2022-07-15,-2.4299999999998363
002249.XSHE,2022-07-15,0.0
002472.XSHE,2022-07-15,-3.3100000000000023
600888.XSHG,2022-07-15,-2.280000000000001
600808.XSHG,2022-07-15,-0.019999999999999574
603985.XSHG,2022-07-15,-5.509999999999991
688665.XSHG,2022-07-15,-3.160000000000025
688226.XSHG,2022-07-15,-0.05999999999999872
000957.XSHE,2022-07-15,-9.88000000000001
300885.XSHE,2022-07-15,-0.37999999999999545
688349.XSHG,2022-07-15,-3.1299999999999955
002138.XSHE,2022-07-15,-0.19999999999998863
600136.XSHG,2022-07-15,0.0
600496.XSHG,2022-07-15,-0.10999999999999943
002435.XSHE,2022-07-15,-1.3200000000000003
002379.XSHE,2022-07-15,-0.879999999999999
688160.XSHG,2022-07-15,-0.28000000000000114
300866.XSHE,2022-07-15,-0.25
603997.XSHG,2022-07-15,-1.3900000000000006
300687.XSHE,2022-07-15,-1.5499999999999972
000012.XSHE,2022-07-15,0.0
002406.XSHE,2022-07-15,0.0
600751.XSHG,2022-07-15,-0.05999999999999872
002615.XSHE,2022-07-15,-1.1700000000000017
002587.XSHE,2022-07-15,-0.8899999999999935
601208.XSHG,2022-07-15,-0.41999999999999815
300495.XSHE,2022-07-15,0.0
002442.XSHE,2022-07-15,-0.17999999999999972
000712.XSHE,2022-07-15,0.0
000792.XSHE,2022-07-15,-0.3100000000000023
603660.XSHG,2022-07-15,0.0
300016.XSHE,2022-07-15,-0.14999999999999858
688113.XSHG,2022-07-15,-0.5
603529.XSHG,2022-07-15,-0.27000000000001023
600405.XSHG,2022-07-15,-0.07000000000000028
600173.XSHG,2022-07-15,-0.46000000000000085
688628.XSHG,2022-07-15,-0.9899999999999984
300739.XSHE,2022-07-15,-0.7999999999999972
600666.XSHG,2022-07-15,-0.11999999999999922
001219.XSHE,2022-07-15,-0.020000000000003126
000638.XSHE,2022-07-15,0.0
600360.XSHG,2022-07-15,-0.3100000000000023
603960.XSHG,2022-07-15,-6.940000000000005
603289.XSHG,2022-07-15,-0.3699999999999992
601568.XSHG,2022-07-15,0.0
603318.XSHG,2022-07-15,-0.2099999999999973
603601.XSHG,2022-07-15,-0.7999999999999972
301003.XSHE,2022-07-15,-1.4200000000000017
300992.XSHE,2022-07-15,-0.03999999999999915
002461.XSHE,2022-07-15,-0.14999999999999858
002289.XSHE,2022-07-15,-0.049999999999998934
002491.XSHE,2022-07-15,-0.03999999999999915
600340.XSHG,2022-07-15,-1.9599999999999937
603071.XSHG,2022-07-15,-0.759999999999998
603726.XSHG,2022-07-15,-0.030000000000001137
603010.XSHG,2022-07-15,-0.3199999999999932
300633.XSHE,2022-07-15,-0.5
300413.XSHE,2022-07-15,-0.00999999999999801
002056.XSHE,2022-07-15,-0.44999999999998863
601212.XSHG,2022-07-15,0.0
002702.XSHE,2022-07-15,0.0
002817.XSHE,2022-07-15,-0.11000000000000298
300663.XSHE,2022-07-15,-0.6400000000000006
300310.XSHE,2022-07-15,0.0
300440.XSHE,2022-07-15,-0.03999999999999915
002517.XSHE,2022-07-15,-0.13000000000000256
002620.XSHE,2022-07-15,0.0
600120.XSHG,2022-07-15,-3.9399999999999977
300751.XSHE,2022-07-15,-22.789999999999964
600548.XSHG,2022-07-15,-0.05999999999999872
688337.XSHG,2022-07-15,-1.5899999999999892
300254.XSHE,2022-07-15,-0.02999999999999936
600358.XSHG,2022-07-15,-0.4499999999999993
301218.XSHE,2022-07-15,-2.229999999999997
300105.XSHE,2022-07-15,-1.9100000000000037
603308.XSHG,2022-07-15,-0.240000000000002
600130.XSHG,2022-07-15,-1.3800000000000026
688663.XSHG,2022-07-15,-1.8700000000000045
300826.XSHE,2022-07-15,-0.19000000000000128
603931.XSHG,2022-07-15,0.0
002933.XSHE,2022-07-15,-0.6699999999999982
300864.XSHE,2022-07-15,-5.760000000000005
603016.XSHG,2022-07-15,-0.3200000000000003
300532.XSHE,2022-07-15,-0.07000000000000028
600633.XSHG,2022-07-15,0.0
600328.XSHG,2022-07-15,-0.45000000000000284
605183.XSHG,2022-07-15,0.0
000718.XSHE,2022-07-15,0.0
600982.XSHG,2022-07-15,0.0
300113.XSHE,2022-07-15,-1.75
600748.XSHG,2022-07-15,0.0
688377.XSHG,2022-07-15,-0.030000000000001137
000056.XSHE,2022-07-15,-0.10000000000000142
000504.XSHE,2022-07-15,-0.3500000000000014
600206.XSHG,2022-07-15,-1.5999999999999943
603303.XSHG,2022-07-15,-0.10999999999999943
002399.XSHE,2022-07-15,-0.22999999999999687
300342.XSHE,2022-07-15,-1.8900000000000006
603389.XSHG,2022-07-15,-0.03000000000000025
603790.XSHG,2022-07-15,-0.02999999999999936
688032.XSHG,2022-07-15,-51.11000000000013
300730.XSHE,2022-07-15,0.0
600085.XSHG,2022-07-15,-1.8400000000000318
002940.XSHE,2022-07-15,-0.45000000000000284
000825.XSHE,2022-07-15,0.0
301042.XSHE,2022-07-15,-1.269999999999996
600861.XSHG,2022-07-15,-0.5499999999999972
002632.XSHE,2022-07-15,0.0
001217.XSHE,2022-07-15,-0.019999999999999574
688158.XSHG,2022-07-15,-0.15000000000000036
600351.XSHG,2022-07-15,-0.07000000000000028
002100.XSHE,2022-07-15,-0.5999999999999943
002868.XSHE,2022-07-15,-0.370000000000001
603116.XSHG,2022-07-15,-0.019999999999999574
603701.XSHG,2022-07-15,-0.2799999999999976
002110.XSHE,2022-07-15,-0.019999999999999574
000719.XSHE,2022-07-15,-0.03999999999999915
301120.XSHE,2022-07-15,0.0
603089.XSHG,2022-07-15,-0.05000000000000071
000960.XSHE,2022-07-15,0.0
688311.XSHG,2022-07-15,-0.3299999999999983
603168.XSHG,2022-07-15,-0.04999999999999716
002487.XSHE,2022-07-15,-19.379999999999995
688012.XSHG,2022-07-15,-1.789999999999992
002519.XSHE,2022-07-15,-3.229999999999997
000811.XSHE,2022-07-15,0.0
301312.XSHE,2022-07-15,-2.299999999999997
603823.XSHG,2022-07-15,-0.019999999999999574
600433.XSHG,2022-07-15,-0.1999999999999993
603213.XSHG,2022-07-15,-0.009999999999999787
000859.XSHE,2022-07-15,0.0
600857.XSHG,2022-07-15,0.0
300332.XSHE,2022-07-15,-1.1099999999999994
603609.XSHG,2022-07-15,-0.20999999999999908
300748.XSHE,2022-07-15,-1.7000000000000028
600478.XSHG,2022-07-15,-3.8900000000000006
002122.XSHE,2022-07-15,-0.25
300983.XSHE,2022-07-15,-0.030000000000001137
002515.XSHE,2022-07-15,0.0
601818.XSHG,2022-07-15,0.0
688580.XSHG,2022-07-15,-0.46999999999999886
600797.XSHG,2022-07-15,0.0
688521.XSHG,2022-07-15,-1.4399999999999977
601216.XSHG,2022-07-15,-0.3100000000000023
300571.XSHE,2022-07-15,-2.0
002876.XSHE,2022-07-15,-0.5499999999999972
002144.XSHE,2022-07-15,-0.08000000000000007
601188.XSHG,2022-07-15,-0.05999999999999961
601328.XSHG,2022-07-15,0.0
002341.XSHE,2022-07-15,0.0
600249.XSHG,2022-07-15,0.0
000558.XSHE,2022-07-15,-0.05999999999999872
002633.XSHE,2022-07-15,-0.14000000000000057
002743.XSHE,2022-07-15,-0.019999999999999574
605020.XSHG,2022-07-15,-2.5799999999999983
688257.XSHG,2022-07-15,-0.060000000000002274
600927.XSHG,2022-07-15,-0.030000000000001137
301288.XSHE,2022-07-15,-1.5899999999999999
603279.XSHG,2022-07-15,0.0
300243.XSHE,2022-07-15,0.0
002266.XSHE,2022-07-15,-0.5700000000000003
601882.XSHG,2022-07-15,-0.14000000000000057
603115.XSHG,2022-07-15,-0.7300000000000004
600416.XSHG,2022-07-15,-6.019999999999996
601211.XSHG,2022-07-15,0.0
301302.XSHE,2022-07-15,-0.7900000000000063
300659.XSHE,2022-07-15,-0.04999999999999716
688008.XSHG,2022-07-15,-0.3499999999999943
002234.XSHE,2022-07-15,0.0
001216.XSHE,2022-07-15,-0.5899999999999999
300989.XSHE,2022-07-15,0.0
600887.XSHG,2022-07-15,-0.8899999999998727
002169.XSHE,2022-07-15,-1.0999999999999943
601006.XSHG,2022-07-15,0.0
603042.XSHG,2022-07-15,-0.009999999999999787
605228.XSHG,2022-07-15,-0.020000000000000462
002029.XSHE,2022-07-15,-0.10000000000000142
002429.XSHE,2022-07-15,0.0
603681.XSHG,2022-07-15,-0.9700000000000024
605339.XSHG,2022-07-15,-0.08999999999999986
600467.XSHG,2022-07-15,-0.17999999999999972
000155.XSHE,2022-07-15,-0.6900000000000048
300010.XSHE,2022-07-15,0.0
300938.XSHE,2022-07-15,-1.3400000000000034
002846.XSHE,2022-07-15,-0.029999999999997584
603890.XSHG,2022-07-15,-0.46000000000000085
300180.XSHE,2022-07-15,-0.07000000000000028
688686.XSHG,2022-07-15,-0.03999999999999204
688022.XSHG,2022-07-15,-3.710000000000008
601916.XSHG,2022-07-15,0.0
002083.XSHE,2022-07-15,0.0
301193.XSHE,2022-07-15,-0.3500000000000014
300805.XSHE,2022-07-15,0.0
002182.XSHE,2022-07-15,-5.6499999999999915
603167.XSHG,2022-07-15,-0.019999999999999574
603678.XSHG,2022-07-15,-0.0799999999999983
603267.XSHG,2022-07-15,0.0
000539.XSHE,2022-07-15,-0.37999999999999545
301068.XSHE,2022-07-15,-0.3000000000000007
301024.XSHE,2022-07-15,-0.02999999999999403
001209.XSHE,2022-07-15,-0.08000000000000185
600975.XSHG,2022-07-15,-0.36999999999999034
300915.XSHE,2022-07-15,-0.23999999999999488
300323.XSHE,2022-07-15,-0.23999999999999844
300948.XSHE,2022-07-15,-1.0199999999999996
603011.XSHG,2022-07-15,0.0
002656.XSHE,2022-07-15,0.0
300890.XSHE,2022-07-15,-0.01999999999999602
301040.XSHE,2022-07-15,-0.46999999999999886
600028.XSHG,2022-07-15,0.0
603608.XSHG,2022-07-15,-0.03000000000000025
688728.XSHG,2022-07-15,-0.030000000000001137
003010.XSHE,2022-07-15,-0.07000000000000028
600822.XSHG,2022-07-15,-0.240000000000002
300972.XSHE,2022-07-15,-0.11999999999999922
300388.XSHE,2022-07-15,-0.8800000000000026
000715.XSHE,2022-07-15,-0.16000000000000014
002812.XSHE,2022-07-15,-2.840000000000032
300624.XSHE,2022-07-15,-0.020000000000003126
300247.XSHE,2022-07-15,-0.06999999999999673
688004.XSHG,2022-07-15,-0.25
001317.XSHE,2022-07-15,-0.030000000000001137
002081.XSHE,2022-07-15,0.0
601890.XSHG,2022-07-15,-0.7300000000000004
300498.XSHE,2022-07-15,-0.19000000000000483
300507.XSHE,2022-07-15,-3.9000000000000057
000521.XSHE,2022-07-15,-2.400000000000002
300077.XSHE,2022-07-15,-3.1000000000000085
300027.XSHE,2022-07-15,-0.15000000000000568
301019.XSHE,2022-07-15,-0.9299999999999997
605186.XSHG,2022-07-15,-0.7900000000000027
300215.XSHE,2022-07-15,-1.700000000000017
300585.XSHE,2022-07-15,-0.7100000000000009
300797.XSHE,2022-07-15,-0.02999999999999936
000875.XSHE,2022-07-15,-0.9600000000000009
300616.XSHE,2022-07-15,-0.0799999999999983
002190.XSHE,2022-07-15,-0.29999999999999716
300081.XSHE,2022-07-15,0.0
000702.XSHE,2022-07-15,-0.05000000000000071
000720.XSHE,2022-07-15,-0.21999999999999886
600622.XSHG,2022-07-15,0.0
688096.XSHG,2022-07-15,-0.0600000000000005
600444.XSHG,2022-07-15,-0.10000000000000142
300107.XSHE,2022-07-15,-0.5899999999999963
003031.XSHE,2022-07-15,-3.019999999999982
603217.XSHG,2022-07-15,-4.8799999999999955
603801.XSHG,2022-07-15,-0.10999999999999943
000619.XSHE,2022-07-15,-1.500000000000007
603127.XSHG,2022-07-15,-0.28000000000002956
300199.XSHE,2022-07-15,-1.25
600426.XSHG,2022-07-15,-11.04000000000002
688326.XSHG,2022-07-15,-8.649999999999977
002538.XSHE,2022-07-15,-0.5799999999999983
603717.XSHG,2022-07-15,0.0
688178.XSHG,2022-07-15,0.0
601880.XSHG,2022-07-15,0.0
002068.XSHE,2022-07-15,-1.25
300485.XSHE,2022-07-15,-1.9899999999999949
002688.XSHE,2022-07-15,0.0
301082.XSHE,2022-07-15,-1.4700000000000024
002479.XSHE,2022-07-15,-0.28999999999999915
300619.XSHE,2022-07-15,-0.01999999999999602
300070.XSHE,2022-07-15,-0.5499999999999972
300426.XSHE,2022-07-15,-0.5
000680.XSHE,2022-07-15,-0.259999999999998
300054.XSHE,2022-07-15,-5.160000000000025
300017.XSHE,2022-07-15,-0.22999999999998977
002766.XSHE,2022-07-15,-0.14999999999999858
605298.XSHG,2022-07-15,0.0
002777.XSHE,2022-07-15,-0.20000000000000284
603066.XSHG,2022-07-15,0.0
300423.XSHE,2022-07-15,-0.240000000000002
000066.XSHE,2022-07-15,-2.4200000000000017
301182.XSHE,2022-07-15,-0.5799999999999983
002160.XSHE,2022-07-15,-0.09999999999999964
600333.XSHG,2022-07-15,-0.019999999999999574
605068.XSHG,2022-07-15,-0.6700000000000017
688048.XSHG,2022-07-15,-1.3800000000000097
600084.XSHG,2022-07-15,-0.5700000000000003
301089.XSHE,2022-07-15,-3.3100000000000023
300526.XSHE,2022-07-15,-0.019999999999999574
605377.XSHG,2022-07-15,-0.10000000000000142
600879.XSHG,2022-07-15,0.0
603496.XSHG,2022-07-15,-0.05999999999999872
002315.XSHE,2022-07-15,-0.03999999999999915
600714.XSHG,2022-07-15,-0.16000000000000014
000050.XSHE,2022-07-15,0.0
600067.XSHG,2022-07-15,-0.21999999999999886
000815.XSHE,2022-07-15,-1.8200000000000003
601099.XSHG,2022-07-15,-0.02999999999999936
000711.XSHE,2022-07-15,-0.10000000000000142
300865.XSHE,2022-07-15,0.0
605008.XSHG,2022-07-15,-0.6499999999999986
600489.XSHG,2022-07-15,-0.12999999999999545
600353.XSHG,2022-07-15,-0.6099999999999994
688233.XSHG,2022-07-15,-0.6900000000000048
000716.XSHE,2022-07-15,-0.03999999999999915
600025.XSHG,2022-07-15,0.0
600366.XSHG,2022-07-15,-7.490000000000009
002565.XSHE,2022-07-15,0.0
603101.XSHG,2022-07-15,-0.019999999999999574
002381.XSHE,2022-07-15,-0.060000000000002274
600732.XSHG,2022-07-15,-3.3799999999999955
300957.XSHE,2022-07-15,-5.389999999999986
002157.XSHE,2022-07-15,-0.1600000000000108
603533.XSHG,2022-07-15,-0.06999999999999851
600477.XSHG,2022-07-15,-8.730000000000018
002360.XSHE,2022-07-15,0.0
300940.XSHE,2022-07-15,0.0
002246.XSHE,2022-07-15,-0.019999999999999574
301248.XSHE,2022-07-15,-0.5700000000000003
603669.XSHG,2022-07-15,-0.7100000000000009
300720.XSHE,2022-07-15,-0.10999999999999943
002210.XSHE,2022-07-15,-0.2099999999999973
601728.XSHG,2022-07-15,0.0
601101.XSHG,2022-07-15,0.0
688047.XSHG,2022-07-15,-1.3999999999999915
002658.XSHE,2022-07-15,-0.19999999999999574
300946.XSHE,2022-07-15,-0.4199999999999875
300020.XSHE,2022-07-15,0.0
603898.XSHG,2022-07-15,-0.12999999999999545
600098.XSHG,2022-07-15,-0.12000000000000455
600919.XSHG,2022-07-15,0.0
688201.XSHG,2022-07-15,-0.509999999999998
603331.XSHG,2022-07-15,0.0
603797.XSHG,2022-07-15,-0.15000000000000036
603708.XSHG,2022-07-15,-0.08999999999999986
002582.XSHE,2022-07-15,0.0
688102.XSHG,2022-07-15,-0.8499999999999996
300349.XSHE,2022-07-15,-0.05999999999999517
002947.XSHE,2022-07-15,-0.5900000000000034
002275.XSHE,2022-07-15,0.0
002727.XSHE,2022-07-15,-0.5499999999999972
688090.XSHG,2022-07-15,-0.020000000000003126
002771.XSHE,2022-07-15,-1.1699999999999982
300297.XSHE,2022-07-15,-0.17999999999999972
603603.XSHG,2022-07-15,0.0
000032.XSHE,2022-07-15,-0.5499999999999972
300727.XSHE,2022-07-15,-0.10000000000000142
600039.XSHG,2022-07-15,0.0
600346.XSHG,2022-07-15,-0.5300000000000011
603998.XSHG,2022-07-15,0.0
300324.XSHE,2022-07-15,-6.519999999999996
002079.XSHE,2022-07-15,-0.539999999999992
601068.XSHG,2022-07-15,0.0
601658.XSHG,2022-07-15,-0.010000000000000675
688112.XSHG,2022-07-15,-4.230000000000004
600595.XSHG,2022-07-15,-0.1600000000000037
300917.XSHE,2022-07-15,-0.03999999999999915
002436.XSHE,2022-07-15,-0.4000000000000057
300878.XSHE,2022-07-15,-0.1700000000000017
002088.XSHE,2022-07-15,-0.12000000000000455
600963.XSHG,2022-07-15,-0.08999999999999986
600765.XSHG,2022-07-15,-1.0299999999999727
603086.XSHG,2022-07-15,-0.19999999999999574
002797.XSHE,2022-07-15,-0.02000000000000135
300546.XSHE,2022-07-15,0.0
601198.XSHG,2022-07-15,-0.009999999999999787
601933.XSHG,2022-07-15,0.0
603991.XSHG,2022-07-15,-0.21999999999999886
002109.XSHE,2022-07-15,0.0
300733.XSHE,2022-07-15,-0.05000000000000071
002643.XSHE,2022-07-15,-0.10999999999999943
300891.XSHE,2022-07-15,-0.11000000000000121
300645.XSHE,2022-07-15,0.0
603757.XSHG,2022-07-15,-0.17999999999999972
601800.XSHG,2022-07-15,0.0
600618.XSHG,2022-07-15,-0.25
600898.XSHG,2022-07-15,-0.0799999999999983
000633.XSHE,2022-07-15,-2.1000000000000014
002458.XSHE,2022-07-15,0.0
601886.XSHG,2022-07-15,-0.14999999999999858
300018.XSHE,2022-07-15,-0.7899999999999991
300706.XSHE,2022-07-15,-1.4899999999999949
601069.XSHG,2022-07-15,0.0
603458.XSHG,2022-07-15,0.0
300564.XSHE,2022-07-15,-0.05000000000000071
605089.XSHG,2022-07-15,-0.20000000000000284
003037.XSHE,2022-07-15,0.0
002562.XSHE,2022-07-15,-0.740000000000002
600750.XSHG,2022-07-15,-3.1599999999999966
002301.XSHE,2022-07-15,-0.08999999999999986
688086.XSHG,2022-07-15,-0.009999999999999787
002273.XSHE,2022-07-15,-0.15000000000000568
600210.XSHG,2022-07-15,0.0
300500.XSHE,2022-07-15,-0.38000000000000256
301163.XSHE,2022-07-15,-2.979999999999997
002269.XSHE,2022-07-15,0.0
001267.XSHE,2022-07-15,-0.009999999999999787
002576.XSHE,2022-07-15,-0.5599999999999987
002076.XSHE,2022-07-15,-0.75
603099.XSHG,2022-07-15,-0.13000000000000078
603843.XSHG,2022-07-15,-0.03000000000000025
603220.XSHG,2022-07-15,-0.15000000000000036
300977.XSHE,2022-07-15,-0.1700000000000017
301138.XSHE,2022-07-15,-0.7200000000000024
002946.XSHE,2022-07-15,-0.09000000000000163
002355.XSHE,2022-07-15,-0.35999999999999943
000065.XSHE,2022-07-15,-2.4700000000000273
605555.XSHG,2022-07-15,-0.7299999999999969
301081.XSHE,2022-07-15,-0.5700000000000003
688105.XSHG,2022-07-15,-0.4200000000000017
688338.XSHG,2022-07-15,-0.060000000000002274
300868.XSHE,2022-07-15,0.0
600191.XSHG,2022-07-15,-0.2599999999999998
600345.XSHG,2022-07-15,0.0
300435.XSHE,2022-07-15,-0.060000000000002274
688289.XSHG,2022-07-15,0.0
002568.XSHE,2022-07-15,-7.989999999999981
300159.XSHE,2022-07-15,-0.740000000000002
600369.XSHG,2022-07-15,-0.04999999999999716
000682.XSHE,2022-07-15,-0.46999999999999886
600992.XSHG,2022-07-15,-2.7699999999999996
000912.XSHE,2022-07-15,-0.049999999999998934
300521.XSHE,2022-07-15,-0.05000000000000071
600821.XSHG,2022-07-15,-1.4200000000000017
000777.XSHE,2022-07-15,-0.06999999999999318
300377.XSHE,2022-07-15,-0.21999999999999886
603528.XSHG,2022-07-15,-0.120000000000001
688369.XSHG,2022-07-15,-1.0100000000000051
002034.XSHE,2022-07-15,-0.9500000000000028
600193.XSHG,2022-07-15,-0.13000000000000256
000818.XSHE,2022-07-15,-0.4199999999999875
603520.XSHG,2022-07-15,-0.259999999999998
301037.XSHE,2022-07-15,-0.75
000927.XSHE,2022-07-15,-0.020000000000000462
603380.XSHG,2022-07-15,-0.6799999999999997
000049.XSHE,2022-07-15,-1.490000000000009
300893.XSHE,2022-07-15,-1.1699999999999946
601177.XSHG,2022-07-15,-0.019999999999999574
300787.XSHE,2022-07-15,-2.3400000000000034
300750.XSHE,2022-07-15,0.0
300811.XSHE,2022-07-15,-0.3100000000000023
000725.XSHE,2022-07-15,-0.26000000000000156
300528.XSHE,2022-07-15,0.0
002206.XSHE,2022-07-15,-0.21999999999999886
603499.XSHG,2022-07-15,-0.16000000000000014
605128.XSHG,2022-07-15,-4.420000000000002
600758.XSHG,2022-07-15,-0.05999999999999872
300995.XSHE,2022-07-15,-0.379999999999999
002125.XSHE,2022-07-15,-3.240000000000009
002959.XSHE,2022-07-15,-0.8299999999999983
688568.XSHG,2022-07-15,-0.3999999999999915
002022.XSHE,2022-07-15,-0.12999999999999545
688367.XSHG,2022-07-15,0.0
300450.XSHE,2022-07-15,-1.5900000000001455
600575.XSHG,2022-07-15,0.0
000048.XSHE,2022-07-15,-1.1199999999999761
002612.XSHE,2022-07-15,-7.019999999999996
600966.XSHG,2022-07-15,-0.21000000000000085
603321.XSHG,2022-07-15,-0.009999999999999787
300695.XSHE,2022-07-15,-0.6099999999999994
688711.XSHG,2022-07-15,-8.680000000000007
300877.XSHE,2022-07-15,-0.08999999999999986
300106.XSHE,2022-07-15,-0.02999999999999936
300660.XSHE,2022-07-15,-2.319999999999993
600774.XSHG,2022-07-15,-0.46000000000000796
002939.XSHE,2022-07-15,-0.009999999999999787
301080.XSHE,2022-07-15,-4.5400000000000205
002628.XSHE,2022-07-15,-0.07000000000000028
688148.XSHG,2022-07-15,-0.9299999999999997
002556.XSHE,2022-07-15,0.0
300854.XSHE,2022-07-15,-1.5399999999999991
688207.XSHG,2022-07-15,-0.4499999999999993
600929.XSHG,2022-07-15,-0.20000000000000107
300684.XSHE,2022-07-15,-0.9399999999999977
603992.XSHG,2022-07-15,-0.20000000000000284
002520.XSHE,2022-07-15,0.0
300397.XSHE,2022-07-15,0.0
300429.XSHE,2022-07-15,-0.060000000000002274
300964.XSHE,2022-07-15,-0.9400000000000013
600834.XSHG,2022-07-15,-1.6699999999999946
600798.XSHG,2022-07-15,-0.09000000000000341
600814.XSHG,2022-07-15,-0.07000000000000028
603616.XSHG,2022-07-15,-0.0600000000000005
603638.XSHG,2022-07-15,-1.4699999999999989
688733.XSHG,2022-07-15,-2.3299999999999983
000737.XSHE,2022-07-15,-0.03999999999999915
002916.XSHE,2022-07-15,-1.2199999999999989
300380.XSHE,2022-07-15,0.0
600650.XSHG,2022-07-15,-0.6599999999999966
605199.XSHG,2022-07-15,-0.0400000000000027
002908.XSHE,2022-07-15,-0.08999999999999986
605567.XSHG,2022-07-15,-0.03999999999999915
688336.XSHG,2022-07-15,0.0
300786.XSHE,2022-07-15,-0.5899999999999963
603355.XSHG,2022-07-15,-0.5
600393.XSHG,2022-07-15,-0.08999999999999986
600155.XSHG,2022-07-15,0.0
603606.XSHG,2022-07-15,-13.379999999999995
605588.XSHG,2022-07-15,-0.0400000000000027
300290.XSHE,2022-07-15,-0.370000000000001
000517.XSHE,2022-07-15,-0.11999999999999744
300341.XSHE,2022-07-15,-0.5100000000000051
300873.XSHE,2022-07-15,-0.10000000000000142
600889.XSHG,2022-07-15,-0.08999999999999986
600935.XSHG,2022-07-15,0.0
000630.XSHE,2022-07-15,-0.3100000000000023
601156.XSHG,2022-07-15,-0.14000000000000057
000601.XSHE,2022-07-15,-0.6800000000000068
600166.XSHG,2022-07-15,-0.2599999999999909
688320.XSHG,2022-07-15,-1.7700000000000031
300271.XSHE,2022-07-15,-0.1700000000000017
603356.XSHG,2022-07-15,-0.13000000000000078
002504.XSHE,2022-07-15,-0.0699999999999994
002468.XSHE,2022-07-15,0.0
688183.XSHG,2022-07-15,-0.10999999999999943
002765.XSHE,2022-07-15,0.0
301211.XSHE,2022-07-15,-0.010000000000001563
601169.XSHG,2022-07-15,-0.0799999999999983
601878.XSHG,2022-07-15,-0.009999999999999787
603721.XSHG,2022-07-15,0.0
002129.XSHE,2022-07-15,-0.7599999999999909
603206.XSHG,2022-07-15,-0.3999999999999986
600359.XSHG,2022-07-15,-0.05999999999999872
600055.XSHG,2022-07-15,-4.430000000000007
603977.XSHG,2022-07-15,-0.3000000000000007
002877.XSHE,2022-07-15,-0.08999999999999986
600435.XSHG,2022-07-15,-3.5200000000000102
000088.XSHE,2022-07-15,-0.1600000000000037
301239.XSHE,2022-07-15,-2.6899999999999977
301069.XSHE,2022-07-15,-0.29999999999999716
002867.XSHE,2022-07-15,-0.10000000000000142
300830.XSHE,2022-07-15,0.0
600560.XSHG,2022-07-15,-0.5600000000000023
600955.XSHG,2022-07-15,-0.10999999999999943
600232.XSHG,2022-07-15,0.0
603096.XSHG,2022-07-15,-0.060000000000002274
002689.XSHE,2022-07-15,-0.040000000000000924
600730.XSHG,2022-07-15,-0.39000000000000057
002899.XSHE,2022-07-15,-0.019999999999999574
002880.XSHE,2022-07-15,0.0
003017.XSHE,2022-07-15,-0.05000000000000071
000881.XSHE,2022-07-15,0.0
688685.XSHG,2022-07-15,-0.14999999999999858
603324.XSHG,2022-07-15,-0.23000000000000398
002413.XSHE,2022-07-15,-0.10000000000000142
300267.XSHE,2022-07-15,0.0
300468.XSHE,2022-07-15,0.0
002956.XSHE,2022-07-15,-0.38000000000000256
603703.XSHG,2022-07-15,-0.07000000000000028
002161.XSHE,2022-07-15,-0.4199999999999946
688246.XSHG,2022-07-15,-0.879999999999999
603306.XSHG,2022-07-15,-2.730000000000004
002219.XSHE,2022-07-15,-0.6699999999999875
600835.XSHG,2022-07-15,-0.11999999999999034
688388.XSHG,2022-07-15,0.0
600197.XSHG,2022-07-15,-2.200000000000003
605033.XSHG,2022-07-15,-0.17999999999999972
601965.XSHG,2022-07-15,-0.14000000000000057
600203.XSHG,2022-07-15,0.0
600335.XSHG,2022-07-15,0.0
300962.XSHE,2022-07-15,0.0
000037.XSHE,2022-07-15,-0.11999999999999744
300928.XSHE,2022-07-15,-5.1200000000000045
603037.XSHG,2022-07-15,-0.1999999999999993
601222.XSHG,2022-07-15,-3.200000000000003
603081.XSHG,2022-07-15,-0.03999999999999915
600031.XSHG,2022-07-15,-8.110000000000014
001266.XSHE,2022-07-15,-2.019999999999996
000710.XSHE,2022-07-15,-0.07000000000000028
000900.XSHE,2022-07-15,-0.28000000000000114
301266.XSHE,2022-07-15,-1.019999999999996
605166.XSHG,2022-07-15,-0.5600000000000005
301008.XSHE,2022-07-15,-0.08999999999999986
301122.XSHE,2022-07-15,-6.179999999999993
300916.XSHE,2022-07-15,-7.279999999999987
600776.XSHG,2022-07-15,-1.230000000000004
603298.XSHG,2022-07-15,-0.6900000000000013
000419.XSHE,2022-07-15,-0.1599999999999966
603339.XSHG,2022-07-15,-0.5300000000000011
002787.XSHE,2022-07-15,0.0
300433.XSHE,2022-07-15,-0.29000000000000625
300182.XSHE,2022-07-15,-0.3100000000000023
002256.XSHE,2022-07-15,0.0
300420.XSHE,2022-07-15,-0.46999999999999886
000560.XSHE,2022-07-15,-0.05000000000000071
600123.XSHG,2022-07-15,-0.8400000000000034
002873.XSHE,2022-07-15,0.0
601238.XSHG,2022-07-15,-0.7200000000000024
600606.XSHG,2022-07-15,-1.5
002903.XSHE,2022-07-15,-0.36999999999999744
600329.XSHG,2022-07-15,-0.06999999999999318
002731.XSHE,2022-07-15,-0.6899999999999977
600261.XSHG,2022-07-15,-1.0999999999999943
002707.XSHE,2022-07-15,-2.9099999999999966
600178.XSHG,2022-07-15,0.0
600079.XSHG,2022-07-15,-23.039999999999992
603519.XSHG,2022-07-15,-0.7000000000000028
601601.XSHG,2022-07-15,0.0
002306.XSHE,2022-07-15,-0.3000000000000007
000953.XSHE,2022-07-15,-0.0600000000000005
603508.XSHG,2022-07-15,0.0
003000.XSHE,2022-07-15,-0.16000000000000014
000906.XSHE,2022-07-15,-2.200000000000003
300128.XSHE,2022-07-15,-0.3999999999999986
600847.XSHG,2022-07-15,-3.270000000000003
300265.XSHE,2022-07-15,-0.10000000000000142
600571.XSHG,2022-07-15,-0.769999999999996
000627.XSHE,2022-07-15,0.0
002271.XSHE,2022-07-15,-3.3799999999998818
002152.XSHE,2022-07-15,0.0
002386.XSHE,2022-07-15,-0.05000000000000071
000036.XSHE,2022-07-15,-0.10000000000000142
002094.XSHE,2022-07-15,0.0
688596.XSHG,2022-07-15,-0.10999999999999943
600059.XSHG,2022-07-15,-0.1700000000000017
301286.XSHE,2022-07-15,-0.00999999999999801
002203.XSHE,2022-07-15,0.0
600035.XSHG,2022-07-15,-0.26000000000000156
688786.XSHG,2022-07-15,-1.4100000000000037
002780.XSHE,2022-07-15,-0.10000000000000142
301298.XSHE,2022-07-15,-0.5199999999999996
603589.XSHG,2022-07-15,-0.28999999999999915
300592.XSHE,2022-07-15,-0.009999999999999787
002561.XSHE,2022-07-15,-0.010000000000001563
002128.XSHE,2022-07-15,-0.02999999999999403
002537.XSHE,2022-07-15,-0.07000000000000028
300531.XSHE,2022-07-15,-0.14000000000000057
300330.XSHE,2022-07-15,-0.030000000000001137
603583.XSHG,2022-07-15,-2.030000000000001
002121.XSHE,2022-07-15,-0.15000000000000568
603993.XSHG,2022-07-15,-0.07000000000000028
603956.XSHG,2022-07-15,0.0
000628.XSHE,2022-07-15,-0.8599999999999994
301025.XSHE,2022-07-15,-0.05999999999999872
600292.XSHG,2022-07-15,-0.29999999999999716
688505.XSHG,2022-07-15,-0.009999999999999787
600728.XSHG,2022-07-15,0.0
601326.XSHG,2022-07-15,-0.009999999999999787
002706.XSHE,2022-07-15,0.0
603855.XSHG,2022-07-15,-0.8200000000000003
002879.XSHE,2022-07-15,-0.8500000000000014
002999.XSHE,2022-07-15,-0.02999999999999936
600118.XSHG,2022-07-15,0.0
605198.XSHG,2022-07-15,-0.35999999999999943
300776.XSHE,2022-07-15,-7.910000000000025
300309.XSHE,2022-07-15,0.0
002238.XSHE,2022-07-15,-0.030000000000001137
002623.XSHE,2022-07-15,-3.9399999999999977
300487.XSHE,2022-07-15,-8.409999999999997
300590.XSHE,2022-07-15,-0.10999999999999943
300986.XSHE,2022-07-15,-0.2600000000000051
300903.XSHE,2022-07-15,-0.03999999999999915
605003.XSHG,2022-07-15,-1.0300000000000011
600637.XSHG,2022-07-15,0.0
600354.XSHG,2022-07-15,-0.08999999999999986
601677.XSHG,2022-07-15,-0.07000000000000028
600824.XSHG,2022-07-15,0.0
688682.XSHG,2022-07-15,-2.660000000000011
002527.XSHE,2022-07-15,0.0
002514.XSHE,2022-07-15,-7.200000000000003
600976.XSHG,2022-07-15,-1.5100000000000193
603170.XSHG,2022-07-15,-2.41
600941.XSHG,2022-07-15,-0.10999999999999943
600580.XSHG,2022-07-15,-1.3100000000000023
300442.XSHE,2022-07-15,-0.25
600083.XSHG,2022-07-15,-0.13000000000000078
605398.XSHG,2022-07-15,-0.8399999999999963
002170.XSHE,2022-07-15,-0.0799999999999983
601868.XSHG,2022-07-15,0.0
688789.XSHG,2022-07-15,-4.680000000000007
002570.XSHE,2022-07-15,0.0
603677.XSHG,2022-07-15,-0.21000000000000085
300295.XSHE,2022-07-15,-0.39000000000000057
601007.XSHG,2022-07-15,-0.3000000000000007
688312.XSHG,2022-07-15,0.0
000977.XSHE,2022-07-15,-0.12999999999999545
002162.XSHE,2022-07-15,-0.34999999999999964
688680.XSHG,2022-07-15,-14.73999999999998
002563.XSHE,2022-07-15,-0.060000000000002274
000838.XSHE,2022-07-15,-0.789999999999992
003020.XSHE,2022-07-15,-0.13000000000000256
603156.XSHG,2022-07-15,-0.3100000000000023
000606.XSHE,2022-07-15,0.0
000976.XSHE,2022-07-15,-0.0400000000000027
002651.XSHE,2022-07-15,-0.030000000000001137
603999.XSHG,2022-07-15,0.0
603068.XSHG,2022-07-15,-1.5399999999999991
300607.XSHE,2022-07-15,0.0
688400.XSHG,2022-07-15,-1.740000000000002
600418.XSHG,2022-07-15,-0.5699999999999932
300204.XSHE,2022-07-15,-0.2400000000000091
002232.XSHE,2022-07-15,-0.02999999999999403
002259.XSHE,2022-07-15,0.0
000969.XSHE,2022-07-15,-0.07000000000000028
003005.XSHE,2022-07-15,-0.030000000000001137
600629.XSHG,2022-07-15,-0.07000000000000028
600129.XSHG,2022-07-15,-2.1599999999999966
000615.XSHE,2022-07-15,-1.519999999999996
002409.XSHE,2022-07-15,-1.1100000000000136
603021.XSHG,2022-07-15,0.0
002540.XSHE,2022-07-15,-0.5100000000000051
300296.XSHE,2022-07-15,-0.9500000000000028
002718.XSHE,2022-07-15,-0.10000000000000142
002194.XSHE,2022-07-15,-1.1500000000000057
000564.XSHE,2022-07-15,0.0
000982.XSHE,2022-07-15,0.0
605188.XSHG,2022-07-15,-0.10000000000000053
688111.XSHG,2022-07-15,-0.8199999999999932
603212.XSHG,2022-07-15,-0.28000000000000114
301097.XSHE,2022-07-15,-0.05000000000000426
301188.XSHE,2022-07-15,-0.10000000000000142
603858.XSHG,2022-07-15,-0.020000000000003126
603916.XSHG,2022-07-15,-0.04999999999999716
002558.XSHE,2022-07-15,-0.09000000000000341
002015.XSHE,2022-07-15,-2.8100000000000023
688122.XSHG,2022-07-15,0.0
000708.XSHE,2022-07-15,-0.28000000000000114
600488.XSHG,2022-07-15,-0.14000000000000057
300586.XSHE,2022-07-15,-0.9699999999999989
000400.XSHE,2022-07-15,-6.289999999999992
300022.XSHE,2022-07-15,-0.03999999999999915
002579.XSHE,2022-07-15,-0.6000000000000014
600183.XSHG,2022-07-15,0.0
300005.XSHE,2022-07-15,-1.3400000000000034
688078.XSHG,2022-07-15,-1.0799999999999983
600338.XSHG,2022-07-15,-1.3900000000000006
603630.XSHG,2022-07-15,0.0
000801.XSHE,2022-07-15,-0.15000000000000568
002535.XSHE,2022-07-15,0.0
300012.XSHE,2022-07-15,0.0
603565.XSHG,2022-07-15,-0.3500000000000014
002808.XSHE,2022-07-15,-0.8200000000000003
000700.XSHE,2022-07-15,-0.1700000000000017
300298.XSHE,2022-07-15,-0.18999999999999773
300621.XSHE,2022-07-15,0.0
000803.XSHE,2022-07-15,-1.0499999999999972
300015.XSHE,2022-07-15,-34.23000000000002
601518.XSHG,2022-07-15,-0.26000000000000023
000913.XSHE,2022-07-15,-0.10999999999999943
603929.XSHG,2022-07-15,-0.3100000000000005
600182.XSHG,2022-07-15,-0.11999999999999744
688509.XSHG,2022-07-15,-0.020000000000000462
001965.XSHE,2022-07-15,0.0
603335.XSHG,2022-07-15,-0.07000000000000028
300346.XSHE,2022-07-15,-0.11000000000001364
300807.XSHE,2022-07-15,-0.05999999999999872
688116.XSHG,2022-07-15,-0.8400000000000034
000852.XSHE,2022-07-15,0.0
600764.XSHG,2022-07-15,-0.3300000000000125
000612.XSHE,2022-07-15,-0.20000000000000284
600259.XSHG,2022-07-15,-0.23999999999999488
600527.XSHG,2022-07-15,-0.2700000000000031
688779.XSHG,2022-07-15,-0.05000000000000071
600895.XSHG,2022-07-15,-0.20999999999997954
002294.XSHE,2022-07-15,0.0
688560.XSHG,2022-07-15,-0.6799999999999997
300253.XSHE,2022-07-15,0.0
300880.XSHE,2022-07-15,-0.3000000000000007
002021.XSHE,2022-07-15,-0.08999999999999986
600273.XSHG,2022-07-15,-0.030000000000001137
688150.XSHG,2022-07-15,0.0
000732.XSHE,2022-07-15,0.0
300230.XSHE,2022-07-15,0.0
300988.XSHE,2022-07-15,-0.04999999999999716
600388.XSHG,2022-07-15,-1.1400000000000006
002492.XSHE,2022-07-15,0.0
000672.XSHE,2022-07-15,-2.549999999999997
002657.XSHE,2022-07-15,-1.5600000000000023
300860.XSHE,2022-07-15,-0.9399999999999977
301086.XSHE,2022-07-15,-2.190000000000005
002630.XSHE,2022-07-15,0.0
002945.XSHE,2022-07-15,-0.009999999999999787
603816.XSHG,2022-07-15,-1.2700000000000102
603378.XSHG,2022-07-15,0.0
300137.XSHE,2022-07-15,-0.17999999999999972
600845.XSHG,2022-07-15,-1.1899999999999977
603093.XSHG,2022-07-15,0.0
603666.XSHG,2022-07-15,-3.1899999999999977
600828.XSHG,2022-07-15,0.0
600961.XSHG,2022-07-15,-0.009999999999999787
002905.XSHE,2022-07-15,-0.14000000000000057
002263.XSHE,2022-07-15,-0.05000000000000071
601388.XSHG,2022-07-15,0.0
603863.XSHG,2022-07-15,-0.2599999999999998
002086.XSHE,2022-07-15,0.0
000925.XSHE,2022-07-15,-0.03999999999999915
300583.XSHE,2022-07-15,-0.019999999999999574
600958.XSHG,2022-07-15,-0.009999999999999787
002001.XSHE,2022-07-15,-0.8600000000000136
002372.XSHE,2022-07-15,-1.3799999999999955
301005.XSHE,2022-07-15,-1.1799999999999997
000617.XSHE,2022-07-15,0.0
000809.XSHE,2022-07-15,-0.20999999999999996
301061.XSHE,2022-07-15,-0.01999999999999602
600754.XSHG,2022-07-15,-11.180000000000007
603159.XSHG,2022-07-15,-0.10000000000000142
603500.XSHG,2022-07-15,-0.28000000000000114
002151.XSHE,2022-07-15,-1.170000000000016
002135.XSHE,2022-07-15,0.0
301215.XSHE,2022-07-15,-0.009999999999999787
301012.XSHE,2022-07-15,-0.9099999999999966
603078.XSHG,2022-07-15,-2.4499999999999886
300771.XSHE,2022-07-15,-3.8599999999999994
600223.XSHG,2022-07-15,0.0
600062.XSHG,2022-07-15,0.0
603165.XSHG,2022-07-15,-0.9100000000000001
002459.XSHE,2022-07-15,-0.11000000000001364
688128.XSHG,2022-07-15,-0.0400000000000027
600588.XSHG,2022-07-15,0.0
002747.XSHE,2022-07-15,-0.18999999999999773
002331.XSHE,2022-07-15,-0.5399999999999991
688667.XSHG,2022-07-15,-3.819999999999993
000888.XSHE,2022-07-15,-0.5100000000000051
000970.XSHE,2022-07-15,-16.370000000000005
300141.XSHE,2022-07-15,-0.10000000000000142
600310.XSHG,2022-07-15,-0.10999999999999943
300024.XSHE,2022-07-15,-0.7099999999999795
603636.XSHG,2022-07-15,-2.4200000000000017
000993.XSHE,2022-07-15,-0.11000000000000298
002087.XSHE,2022-07-15,-0.04999999999999982
300175.XSHE,2022-07-15,-0.04999999999999716
002456.XSHE,2022-07-15,-0.8200000000000074
002715.XSHE,2022-07-15,-0.00999999999999801
300818.XSHE,2022-07-15,-0.18999999999999773
600775.XSHG,2022-07-15,-0.16000000000000014
002638.XSHE,2022-07-15,0.0
300649.XSHE,2022-07-15,-0.3299999999999983
603982.XSHG,2022-07-15,-1.3099999999999987
003019.XSHE,2022-07-15,-1.0100000000000016
300859.XSHE,2022-07-15,-2.0900000000000034
688668.XSHG,2022-07-15,-0.75
300969.XSHE,2022-07-15,-0.09999999999999432
688618.XSHG,2022-07-15,-0.03999999999999915
300004.XSHE,2022-07-15,0.0
600361.XSHG,2022-07-15,0.0
300552.XSHE,2022-07-15,-1.2700000000000031
688689.XSHG,2022-07-15,-0.3500000000000014
000509.XSHE,2022-07-15,-1.8700000000000045
603738.XSHG,2022-07-15,-0.06999999999999318
603556.XSHG,2022-07-15,-0.990000000000002
301099.XSHE,2022-07-15,-1.8599999999999994
600603.XSHG,2022-07-15,-9.240000000000009
002148.XSHE,2022-07-15,-0.10000000000000142
002282.XSHE,2022-07-15,0.0
301100.XSHE,2022-07-15,-0.6799999999999997
002268.XSHE,2022-07-15,-3.1499999999999773
300039.XSHE,2022-07-15,-0.3499999999999943
600289.XSHG,2022-07-15,-0.15000000000000213
603408.XSHG,2022-07-15,-0.05999999999999872
002810.XSHE,2022-07-15,-0.23000000000000398
300195.XSHE,2022-07-15,0.0
300316.XSHE,2022-07-15,-3.4300000000000637
300679.XSHE,2022-07-15,-2.5100000000000193
688287.XSHG,2022-07-15,-0.07000000000000028
301023.XSHE,2022-07-15,-2.6999999999999886
002687.XSHE,2022-07-15,0.0
603278.XSHG,2022-07-15,-0.009999999999999787
300122.XSHE,2022-07-15,-3.3999999999999773
002552.XSHE,2022-07-15,-1.7899999999999991
300770.XSHE,2022-07-15,-0.12999999999999545
300445.XSHE,2022-07-15,-0.6899999999999977
002338.XSHE,2022-07-15,-0.030000000000001137
301131.XSHE,2022-07-15,-0.8599999999999994
601599.XSHG,2022-07-15,-0.030000000000001137
600836.XSHG,2022-07-15,0.0
603590.XSHG,2022-07-15,0.0
002216.XSHE,2022-07-15,-9.090000000000003
600561.XSHG,2022-07-15,-0.5
688687.XSHG,2022-07-15,-0.019999999999999574
603596.XSHG,2022-07-15,-7.840000000000003
002455.XSHE,2022-07-15,-1.3200000000000074
688500.XSHG,2022-07-15,-0.030000000000001137
600998.XSHG,2022-07-15,0.0
688330.XSHG,2022-07-15,-1.0400000000000063
300146.XSHE,2022-07-15,0.0
002578.XSHE,2022-07-15,-0.14999999999999858
600054.XSHG,2022-07-15,-0.6300000000000026
300570.XSHE,2022-07-15,-1.3900000000000006
600516.XSHG,2022-07-15,0.0
601952.XSHG,2022-07-15,-0.010000000000001563
600509.XSHG,2022-07-15,-0.05999999999999517
002494.XSHE,2022-07-15,0.0
002560.XSHE,2022-07-15,0.0
603000.XSHG,2022-07-15,-0.11999999999999744
002434.XSHE,2022-07-15,-1.2800000000000011
002004.XSHE,2022-07-15,-3.6499999999999915
301047.XSHE,2022-07-15,-1.3300000000000125
603860.XSHG,2022-07-15,-0.4299999999999997
300909.XSHE,2022-07-15,-0.23000000000000398
300416.XSHE,2022-07-15,-0.3100000000000023
600850.XSHG,2022-07-15,-1.5
300640.XSHE,2022-07-15,-0.08999999999999986
300678.XSHE,2022-07-15,-0.129999999999999
002237.XSHE,2022-07-15,-0.1599999999999966
000546.XSHE,2022-07-15,-0.6299999999999955
300257.XSHE,2022-07-15,-0.39000000000000057
000589.XSHE,2022-07-15,-1.1500000000000021
300636.XSHE,2022-07-15,-1.6400000000000006
002802.XSHE,2022-07-15,-0.120000000000001
301035.XSHE,2022-07-15,-0.4099999999999966
688590.XSHG,2022-07-15,-0.009999999999999787
300726.XSHE,2022-07-15,-0.14000000000000057
688081.XSHG,2022-07-15,-0.5400000000000027
300412.XSHE,2022-07-15,0.0
002177.XSHE,2022-07-15,0.0
002330.XSHE,2022-07-15,-0.019999999999999574
000750.XSHE,2022-07-15,-0.13000000000000256
603990.XSHG,2022-07-15,-0.4000000000000057
000596.XSHE,2022-07-15,-31.0
300197.XSHE,2022-07-15,-0.3100000000000023
300124.XSHE,2022-07-15,-0.9800000000000182
603755.XSHG,2022-07-15,-0.9399999999999977
002267.XSHE,2022-07-15,0.0
600387.XSHG,2022-07-15,-0.030000000000001137
300824.XSHE,2022-07-15,-0.9000000000000004
601399.XSHG,2022-07-15,0.0
688171.XSHG,2022-07-15,-0.05000000000000071
002252.XSHE,2022-07-15,0.0
300126.XSHE,2022-07-15,-0.03999999999999915
300248.XSHE,2022-07-15,-0.4099999999999966
000731.XSHE,2022-07-15,-1.720000000000013
300329.XSHE,2022-07-15,-0.0400000000000027
000948.XSHE,2022-07-15,-0.030000000000001137
002156.XSHE,2022-07-15,0.0
300951.XSHE,2022-07-15,-1.3599999999999994
002670.XSHE,2022-07-15,-0.029999999999997584
002928.XSHE,2022-07-15,-0.08999999999999986
688071.XSHG,2022-07-15,-2.230000000000004
603005.XSHG,2022-07-15,-1.6099999999999994
688091.XSHG,2022-07-15,-0.1599999999999966
000410.XSHE,2022-07-15,0.0
300513.XSHE,2022-07-15,-0.5900000000000034
600624.XSHG,2022-07-15,-1.6700000000000017
603050.XSHG,2022-07-15,-1.740000000000002
301041.XSHE,2022-07-15,-0.21999999999999886
600784.XSHG,2022-07-15,0.0
300283.XSHE,2022-07-15,-0.05999999999999517
002997.XSHE,2022-07-15,-2.6400000000000006
300021.XSHE,2022-07-15,-0.10999999999999943
601588.XSHG,2022-07-15,-0.029999999999999805
300035.XSHE,2022-07-15,-0.2599999999999909
603729.XSHG,2022-07-15,0.0
002428.XSHE,2022-07-15,-0.05000000000000426
603505.XSHG,2022-07-15,-0.8400000000000034
605499.XSHG,2022-07-15,-0.6200000000000045
002223.XSHE,2022-07-15,-0.09000000000000341
600097.XSHG,2022-07-15,-0.030000000000001137
002722.XSHE,2022-07-15,-0.11000000000000121
688670.XSHG,2022-07-15,-0.5200000000000031
688176.XSHG,2022-07-15,0.0
300872.XSHE,2022-07-15,0.0
002737.XSHE,2022-07-15,-0.6000000000000085
300474.XSHE,2022-07-15,-3.2900000000000205
600372.XSHG,2022-07-15,-0.030000000000001137
000909.XSHE,2022-07-15,0.0
600533.XSHG,2022-07-15,0.0
000430.XSHE,2022-07-15,-0.9699999999999989
300768.XSHE,2022-07-15,-0.3200000000000003
002187.XSHE,2022-07-15,-0.030000000000001137
300576.XSHE,2022-07-15,-0.6299999999999955
600721.XSHG,2022-07-15,-0.07000000000000028
000530.XSHE,2022-07-15,-0.8500000000000014
600242.XSHG,2022-07-15,0.0
002543.XSHE,2022-07-15,-0.15000000000000568
688520.XSHG,2022-07-15,-0.020000000000003126
300044.XSHE,2022-07-15,-0.0799999999999983
300306.XSHE,2022-07-15,-0.3999999999999986
605123.XSHG,2022-07-15,-1.1800000000000068
002849.XSHE,2022-07-15,0.0
002179.XSHE,2022-07-15,-4.860000000000014
300192.XSHE,2022-07-15,0.0
002111.XSHE,2022-07-15,-0.3100000000000023
301017.XSHE,2022-07-15,-0.4200000000000017
300002.XSHE,2022-07-15,-0.3100000000000023
000586.XSHE,2022-07-15,-0.3100000000000023
002069.XSHE,2022-07-15,-0.14000000000000057
300384.XSHE,2022-07-15,-0.060000000000002274
600373.XSHG,2022-07-15,-0.09999999999999432
601696.XSHG,2022-07-15,-0.009999999999999787
601808.XSHG,2022-07-15,0.0
600462.XSHG,2022-07-15,-0.22000000000000064
300065.XSHE,2022-07-15,-0.1799999999999926
601015.XSHG,2022-07-15,-0.14000000000000057
000411.XSHE,2022-07-15,-0.3200000000000003
000600.XSHE,2022-07-15,-0.21000000000000085
600619.XSHG,2022-07-15,-2.8700000000000045
603038.XSHG,2022-07-15,-0.029999999999997584
600363.XSHG,2022-07-15,-4.0
002335.XSHE,2022-07-15,-12.419999999999987
002602.XSHE,2022-07-15,-0.10000000000000142
600032.XSHG,2022-07-15,-0.049999999999998934
603569.XSHG,2022-07-15,-0.19000000000000128
688238.XSHG,2022-07-15,0.0
300538.XSHE,2022-07-15,-0.14000000000000057
300715.XSHE,2022-07-15,-0.2700000000000031
002191.XSHE,2022-07-15,-0.269999999999996
002751.XSHE,2022-07-15,-0.0600000000000005
002536.XSHE,2022-07-15,-0.04999999999999716
300373.XSHE,2022-07-15,-1.8799999999999955
002708.XSHE,2022-07-15,-0.4400000000000013
002838.XSHE,2022-07-15,-1.75
000830.XSHE,2022-07-15,0.0
300543.XSHE,2022-07-15,-0.8799999999999955
002557.XSHE,2022-07-15,-2.8400000000000034
601098.XSHG,2022-07-15,0.0
601921.XSHG,2022-07-15,0.0
002383.XSHE,2022-07-15,-2.879999999999999
003039.XSHE,2022-07-15,-0.3999999999999986
002943.XSHE,2022-07-15,-0.0799999999999983
002896.XSHE,2022-07-15,-0.14000000000000057
002992.XSHE,2022-07-15,-2.4399999999999977
600409.XSHG,2022-07-15,-0.07000000000000028
000883.XSHE,2022-07-15,-0.05999999999999872
002755.XSHE,2022-07-15,-0.07000000000000028
002451.XSHE,2022-07-15,0.0
600398.XSHG,2022-07-15,0.0
603095.XSHG,2022-07-15,0.0
600423.XSHG,2022-07-15,-0.2599999999999998
002017.XSHE,2022-07-15,-1.5300000000000011
600517.XSHG,2022-07-15,-0.20999999999999375
600782.XSHG,2022-07-15,0.0
601717.XSHG,2022-07-15,-0.3999999999999986
605598.XSHG,2022-07-15,-0.18999999999999773
000573.XSHE,2022-07-15,-0.08000000000000185
002467.XSHE,2022-07-15,-0.10999999999999943
600125.XSHG,2022-07-15,0.0
300234.XSHE,2022-07-15,-0.060000000000002274
600794.XSHG,2022-07-15,-0.20999999999999375
600277.XSHG,2022-07-15,-0.5
300446.XSHE,2022-07-15,-0.10999999999999943
300566.XSHE,2022-07-15,-0.2700000000000031
002679.XSHE,2022-07-15,-0.4299999999999997
300769.XSHE,2022-07-15,-7.560000000000173
600038.XSHG,2022-07-15,-6.030000000000001
002321.XSHE,2022-07-15,-0.040000000000000036
600816.XSHG,2022-07-15,-0.6499999999999773
301076.XSHE,2022-07-15,-0.23000000000000398
000548.XSHE,2022-07-15,-0.33000000000000185
000002.XSHE,2022-07-15,-3.0300000000002
603516.XSHG,2022-07-15,-0.2699999999999996
300710.XSHE,2022-07-15,-3.059999999999995
600809.XSHG,2022-07-15,-20.5300000000002
600246.XSHG,2022-07-15,-2.990000000000009
688499.XSHG,2022-07-15,-1.7199999999999989
688776.XSHG,2022-07-15,-5.359999999999985
603611.XSHG,2022-07-15,-1.3099999999999952
002627.XSHE,2022-07-15,-0.07000000000000028
600252.XSHG,2022-07-15,-0.39000000000000057
600400.XSHG,2022-07-15,-3.759999999999991
600180.XSHG,2022-07-15,0.0
001896.XSHE,2022-07-15,-0.0600000000000005
001218.XSHE,2022-07-15,-0.0899999999999963
300220.XSHE,2022-07-15,-0.5599999999999952
600893.XSHG,2022-07-15,-2.3000000000000114
688182.XSHG,2022-07-15,-0.14000000000000057
002333.XSHE,2022-07-15,0.0
002028.XSHE,2022-07-15,-1.6100000000000136
002616.XSHE,2022-07-15,-0.14000000000000057
603628.XSHG,2022-07-15,-0.33999999999999986
600012.XSHG,2022-07-15,-0.6099999999999994
300276.XSHE,2022-07-15,-0.1700000000000017
603388.XSHG,2022-07-15,-0.030000000000001137
688080.XSHG,2022-07-15,-0.5399999999999991
002900.XSHE,2022-07-15,-0.6999999999999993
300183.XSHE,2022-07-15,0.0
688283.XSHG,2022-07-15,-4.440000000000005
300747.XSHE,2022-07-15,-0.75
000608.XSHE,2022-07-15,-0.120000000000001
600749.XSHG,2022-07-15,-1.3400000000000034
000822.XSHE,2022-07-15,-0.07000000000000028
300322.XSHE,2022-07-15,0.0
600198.XSHG,2022-07-15,-0.08999999999999986
603133.XSHG,2022-07-15,-0.16999999999999993
688567.XSHG,2022-07-15,-0.07000000000000028
600282.XSHG,2022-07-15,0.0
603828.XSHG,2022-07-15,-0.05000000000000071
603236.XSHG,2022-07-15,-27.370000000000005
002986.XSHE,2022-07-15,-0.29999999999999716
300802.XSHE,2022-07-15,-0.05000000000000426
300001.XSHE,2022-07-15,-0.6299999999999955
600933.XSHG,2022-07-15,-1.1400000000000006
605299.XSHG,2022-07-15,-0.030000000000001137
301011.XSHE,2022-07-15,-0.09999999999999787
603139.XSHG,2022-07-15,0.0
688123.XSHG,2022-07-15,-2.6899999999999977
000690.XSHE,2022-07-15,-9.25
688217.XSHG,2022-07-15,-0.3299999999999983
300149.XSHE,2022-07-15,-0.27000000000001023
600446.XSHG,2022-07-15,0.0
000151.XSHE,2022-07-15,-0.18999999999999773
002949.XSHE,2022-07-15,-0.03999999999999915
300519.XSHE,2022-07-15,0.0
301206.XSHE,2022-07-15,-1.5700000000000003
601969.XSHG,2022-07-15,-0.019999999999999574
300998.XSHE,2022-07-15,-2.4800000000000004
002529.XSHE,2022-07-15,-0.00999999999999801
300221.XSHE,2022-07-15,0.0
000999.XSHE,2022-07-15,-0.1599999999999966
002446.XSHE,2022-07-15,-0.44999999999999574
300472.XSHE,2022-07-15,0.0
300781.XSHE,2022-07-15,-0.05999999999999872
600048.XSHG,2022-07-15,-7.149999999999977
603313.XSHG,2022-07-15,-0.4700000000000024
688075.XSHG,2022-07-15,-1.329999999999984
000566.XSHE,2022-07-15,-0.20000000000000284
000603.XSHE,2022-07-15,-0.0799999999999983
601113.XSHG,2022-07-15,-0.25
000158.XSHE,2022-07-15,0.0
600841.XSHG,2022-07-15,0.0
002290.XSHE,2022-07-15,0.0
688597.XSHG,2022-07-15,-0.00999999999999801
000061.XSHE,2022-07-15,-0.2300000000000182
605378.XSHG,2022-07-15,-0.6699999999999982
000038.XSHE,2022-07-15,-0.41000000000000014
300950.XSHE,2022-07-15,-0.029999999999997584
300231.XSHE,2022-07-15,-0.10000000000000853
300577.XSHE,2022-07-15,-0.13000000000000256
300813.XSHE,2022-07-15,-0.3299999999999983
600508.XSHG,2022-07-15,-0.240000000000002
603507.XSHG,2022-07-15,-2.269999999999996
688608.XSHG,2022-07-15,-2.180000000000007
300567.XSHE,2022-07-15,-1.1699999999999875
301151.XSHE,2022-07-15,-0.370000000000001
600172.XSHG,2022-07-15,-3.450000000000003
002227.XSHE,2022-07-15,-0.3299999999999983
603183.XSHG,2022-07-15,0.0
300196.XSHE,2022-07-15,-0.25
300282.XSHE,2022-07-15,0.0
300340.XSHE,2022-07-15,-0.3300000000000054
688199.XSHG,2022-07-15,-0.10000000000000142
300529.XSHE,2022-07-15,-0.19999999999998863
688197.XSHG,2022-07-15,-0.4299999999999997
600421.XSHG,2022-07-15,-0.46000000000000085
300100.XSHE,2022-07-15,-0.35999999999999943
002384.XSHE,2022-07-15,-11.490000000000009
002757.XSHE,2022-07-15,-0.030000000000001137
002165.XSHE,2022-07-15,-0.08000000000000185
600833.XSHG,2022-07-15,0.0
688037.XSHG,2022-07-15,-1.1200000000000045
600744.XSHG,2022-07-15,-0.2099999999999973
002550.XSHE,2022-07-15,-0.29999999999999716
603239.XSHG,2022-07-15,-3.6099999999999994
603203.XSHG,2022-07-15,-0.6700000000000017
002624.XSHE,2022-07-15,-0.1700000000000017
000821.XSHE,2022-07-15,-4.940000000000005
000425.XSHE,2022-07-15,-0.4399999999999977
002507.XSHE,2022-07-15,-2.1899999999999977
688237.XSHG,2022-07-15,-4.640000000000001
600831.XSHG,2022-07-15,0.0
605389.XSHG,2022-07-15,-0.02999999999999403
300163.XSHE,2022-07-15,0.0
002511.XSHE,2022-07-15,0.0
300921.XSHE,2022-07-15,-0.0899999999999963
601966.XSHG,2022-07-15,-1.5599999999999987
600461.XSHG,2022-07-15,-0.09999999999999432
688622.XSHG,2022-07-15,-0.3200000000000003
002003.XSHE,2022-07-15,-2.569999999999993
002832.XSHE,2022-07-15,-0.3199999999999932
601319.XSHG,2022-07-15,0.0
300364.XSHE,2022-07-15,-0.04999999999999716
300496.XSHE,2022-07-15,-18.850000000000023
300696.XSHE,2022-07-15,-3.950000000000017
002682.XSHE,2022-07-15,-0.05000000000000071
601179.XSHG,2022-07-15,-0.08999999999999986
300555.XSHE,2022-07-15,0.0
301213.XSHE,2022-07-15,-0.4299999999999997
601825.XSHG,2022-07-15,0.0
300827.XSHE,2022-07-15,-0.5199999999999818
603686.XSHG,2022-07-15,0.0
300359.XSHE,2022-07-15,-0.09000000000000341
000905.XSHE,2022-07-15,-0.22000000000000242
600599.XSHG,2022-07-15,-0.5899999999999999
601000.XSHG,2022-07-15,0.0
300086.XSHE,2022-07-15,-1.0800000000000054
688659.XSHG,2022-07-15,-0.02999999999999936
600212.XSHG,2022-07-15,-0.28000000000000114
301020.XSHE,2022-07-15,-0.08999999999999986
002970.XSHE,2022-07-15,-0.3500000000000014
300068.XSHE,2022-07-15,-0.8500000000000014
301238.XSHE,2022-07-15,-0.980000000000004
000096.XSHE,2022-07-15,0.0
002126.XSHE,2022-07-15,-1.7999999999999972
601615.XSHG,2022-07-15,-1.1700000000000017
300536.XSHE,2022-07-15,-0.030000000000001137
300832.XSHE,2022-07-15,-0.0799999999999983
600228.XSHG,2022-07-15,0.0
601058.XSHG,2022-07-15,-2.4200000000000017
688216.XSHG,2022-07-15,-0.11000000000000298
002420.XSHE,2022-07-15,-0.09000000000000075
300875.XSHE,2022-07-15,-0.04999999999999716
301127.XSHE,2022-07-15,-0.5
688079.XSHG,2022-07-15,0.0
002073.XSHE,2022-07-15,-0.6500000000000057
000025.XSHE,2022-07-15,-0.1700000000000017
600543.XSHG,2022-07-15,-0.3200000000000003
688819.XSHG,2022-07-15,-0.07000000000000028
603333.XSHG,2022-07-15,-0.05000000000000071
002019.XSHE,2022-07-15,-0.29999999999998295
002287.XSHE,2022-07-15,-0.2600000000000051
300767.XSHE,2022-07-15,-0.21999999999999886
002067.XSHE,2022-07-15,0.0
000802.XSHE,2022-07-15,-0.07000000000000028
600287.XSHG,2022-07-15,-0.16000000000000014
000590.XSHE,2022-07-15,-0.15000000000000568
002750.XSHE,2022-07-15,-0.6799999999999926
688466.XSHG,2022-07-15,-0.25
002668.XSHE,2022-07-15,-0.19000000000000128
002935.XSHE,2022-07-15,-0.15000000000000568
000488.XSHE,2022-07-15,-0.10000000000000142
300239.XSHE,2022-07-15,-0.04999999999999716
300118.XSHE,2022-07-15,-8.030000000000001
002890.XSHE,2022-07-15,0.0
603829.XSHG,2022-07-15,-0.03999999999999915
301021.XSHE,2022-07-15,-0.10999999999999943
688313.XSHG,2022-07-15,-0.15000000000000036
300448.XSHE,2022-07-15,-0.0799999999999983
002806.XSHE,2022-07-15,0.0
000501.XSHE,2022-07-15,-0.23999999999999488
300955.XSHE,2022-07-15,-0.22000000000000242
301087.XSHE,2022-07-15,-0.0799999999999983
600251.XSHG,2022-07-15,0.0
002114.XSHE,2022-07-15,-0.09999999999999964
300831.XSHE,2022-07-15,0.0
002361.XSHE,2022-07-15,-0.5700000000000003
688139.XSHG,2022-07-15,0.0
002528.XSHE,2022-07-15,-0.129999999999999
000020.XSHE,2022-07-15,0.0
300958.XSHE,2022-07-15,-0.1999999999999993
600101.XSHG,2022-07-15,-0.28999999999999204
000997.XSHE,2022-07-15,0.0
002213.XSHE,2022-07-15,-0.5599999999999987
000561.XSHE,2022-07-15,0.0
600241.XSHG,2022-07-15,-0.129999999999999
301075.XSHE,2022-07-15,-0.07000000000000028
603912.XSHG,2022-07-15,0.0
301088.XSHE,2022-07-15,-0.019999999999999574
600613.XSHG,2022-07-15,-1.660000000000025
300222.XSHE,2022-07-15,-0.12999999999999545
603070.XSHG,2022-07-15,-1.2100000000000009
603311.XSHG,2022-07-15,-0.41999999999999993
301185.XSHE,2022-07-15,-0.360000000000003
688168.XSHG,2022-07-15,0.0
603386.XSHG,2022-07-15,-0.030000000000001137
603123.XSHG,2022-07-15,0.0
002644.XSHE,2022-07-15,-1.1900000000000048
600999.XSHG,2022-07-15,-0.08000000000000185
603256.XSHG,2022-07-15,-0.009999999999999787
603517.XSHG,2022-07-15,-4.22999999999999
002197.XSHE,2022-07-15,0.0
002524.XSHE,2022-07-15,-1.2300000000000004
600469.XSHG,2022-07-15,0.0
002012.XSHE,2022-07-15,-0.2699999999999996
000659.XSHE,2022-07-15,-0.5100000000000051
600620.XSHG,2022-07-15,-72.60999999999967
300173.XSHE,2022-07-15,-0.4299999999999997
000786.XSHE,2022-07-15,-1.75
600800.XSHG,2022-07-15,-0.12999999999999545
300167.XSHE,2022-07-15,0.0
002793.XSHE,2022-07-15,-0.06999999999999673
300926.XSHE,2022-07-15,-1.870000000000001
688662.XSHG,2022-07-15,-0.7899999999999991
000965.XSHE,2022-07-15,-0.02999999999999936
600221.XSHG,2022-07-15,0.0
600231.XSHG,2022-07-15,-0.28000000000000114
002698.XSHE,2022-07-15,-0.10999999999999943
605488.XSHG,2022-07-15,-0.030000000000001137
688280.XSHG,2022-07-15,-0.22000000000000064
688225.XSHG,2022-07-15,-0.03999999999999915
002701.XSHE,2022-07-15,0.0
601279.XSHG,2022-07-15,-0.08999999999999986
600679.XSHG,2022-07-15,-0.14999999999999858
000632.XSHE,2022-07-15,-1.5300000000000011
300059.XSHE,2022-07-15,-1.349999999999909
688251.XSHG,2022-07-15,-0.5700000000000003
300716.XSHE,2022-07-15,-0.23999999999999844
688699.XSHG,2022-07-15,-0.46999999999999886
600501.XSHG,2022-07-15,0.0
301133.XSHE,2022-07-15,-1.7600000000000016
603595.XSHG,2022-07-15,-1.6199999999999903
603966.XSHG,2022-07-15,0.0
000609.XSHE,2022-07-15,0.0
002773.XSHE,2022-07-15,0.0
603908.XSHG,2022-07-15,-1.1300000000000097
600308.XSHG,2022-07-15,0.0
002145.XSHE,2022-07-15,-0.44999999999999574
002752.XSHE,2022-07-15,-0.1399999999999988
301159.XSHE,2022-07-15,-0.3099999999999987
600967.XSHG,2022-07-15,0.0
000897.XSHE,2022-07-15,-0.0600000000000005
300321.XSHE,2022-07-15,0.0
600939.XSHG,2022-07-15,0.0
603918.XSHG,2022-07-15,-0.39000000000000057
605366.XSHG,2022-07-15,-0.1999999999999993
000631.XSHE,2022-07-15,-8.75
603316.XSHG,2022-07-15,-0.0699999999999994
603777.XSHG,2022-07-15,-0.030000000000001137
000761.XSHE,2022-07-15,-0.03000000000000025
000667.XSHE,2022-07-15,-0.259999999999998
688345.XSHG,2022-07-15,-1.7700000000000102
300753.XSHE,2022-07-15,-0.0799999999999983
002728.XSHE,2022-07-15,-0.1700000000000017
600562.XSHG,2022-07-15,0.0
603383.XSHG,2022-07-15,-0.36999999999999744
002586.XSHE,2022-07-15,0.0
688393.XSHG,2022-07-15,-0.21999999999999886
300356.XSHE,2022-07-15,0.0
688555.XSHG,2022-07-15,-0.25
603580.XSHG,2022-07-15,-1.5899999999999999
002769.XSHE,2022-07-15,-0.6600000000000037
600639.XSHG,2022-07-15,-0.8799999999999955
300308.XSHE,2022-07-15,-0.7099999999999795
688221.XSHG,2022-07-15,0.0
300848.XSHE,2022-07-15,-0.9399999999999977
688798.XSHG,2022-07-15,-1.5900000000000034
002705.XSHE,2022-07-15,-2.059999999999995
603728.XSHG,2022-07-15,-0.7799999999999976
000908.XSHE,2022-07-15,-0.030000000000001137
601577.XSHG,2022-07-15,0.0
600511.XSHG,2022-07-15,-0.3499999999999943
000420.XSHE,2022-07-15,-0.07000000000000028
600297.XSHG,2022-07-15,-0.0600000000000005
002153.XSHE,2022-07-15,-1.0200000000000387
000639.XSHE,2022-07-15,0.0
601009.XSHG,2022-07-15,-0.759999999999998
002476.XSHE,2022-07-15,-0.8900000000000006
300333.XSHE,2022-07-15,0.0
601258.XSHG,2022-07-15,-0.04999999999999982
600486.XSHG,2022-07-15,-0.5400000000000205
002453.XSHE,2022-07-15,0.0
600257.XSHG,2022-07-15,-0.13000000000000256
000733.XSHE,2022-07-15,-0.18999999999999773
300452.XSHE,2022-07-15,-1.4200000000000017
002958.XSHE,2022-07-15,0.0
000413.XSHE,2022-07-15,-0.03999999999999915
300255.XSHE,2022-07-15,0.0
603655.XSHG,2022-07-15,-0.28000000000000114
605028.XSHG,2022-07-15,-0.060000000000002274
002027.XSHE,2022-07-15,-0.269999999999996
002786.XSHE,2022-07-15,-0.75
301130.XSHE,2022-07-15,-0.28999999999999915
300075.XSHE,2022-07-15,0.0
300711.XSHE,2022-07-15,-0.029999999999997584
688556.XSHG,2022-07-15,-4.489999999999995
301118.XSHE,2022-07-15,-0.5599999999999952
603933.XSHG,2022-07-15,-0.0799999999999983
600019.XSHG,2022-07-15,-0.029999999999997584
601375.XSHG,2022-07-15,-0.009999999999999787
301039.XSHE,2022-07-15,0.0
688206.XSHG,2022-07-15,-2.4099999999999966
603138.XSHG,2022-07-15,-0.3100000000000023
001210.XSHE,2022-07-15,-0.2799999999999976
000917.XSHE,2022-07-15,-0.1600000000000037
688267.XSHG,2022-07-15,-0.4399999999999977
300793.XSHE,2022-07-15,-0.029999999999997584
002500.XSHE,2022-07-15,-0.010000000000000675
000978.XSHE,2022-07-15,-0.4700000000000024
688046.XSHG,2022-07-15,-1.1799999999999997
301030.XSHE,2022-07-15,-1.3900000000000006
600693.XSHG,2022-07-15,-0.23999999999999488
600558.XSHG,2022-07-15,0.0
603970.XSHG,2022-07-15,-1.9600000000000009
300518.XSHE,2022-07-15,-0.10000000000000142
601678.XSHG,2022-07-15,-0.0400000000000027
603989.XSHG,2022-07-15,-0.25
300700.XSHE,2022-07-15,-1.8399999999999963
600458.XSHG,2022-07-15,-6.180000000000007
603663.XSHG,2022-07-15,-2.8900000000000006
000951.XSHE,2022-07-15,-0.09000000000000341
002124.XSHE,2022-07-15,-2.1499999999999915
600551.XSHG,2022-07-15,0.0
600699.XSHG,2022-07-15,-1.3499999999999943
688559.XSHG,2022-07-15,-2.299999999999997
002166.XSHE,2022-07-15,0.0
600617.XSHG,2022-07-15,-0.4300000000000068
300736.XSHE,2022-07-15,-0.019999999999999574
300511.XSHE,2022-07-15,-0.09000000000000341
688106.XSHG,2022-07-15,-0.14000000000000057
002819.XSHE,2022-07-15,-0.6000000000000014
600222.XSHG,2022-07-15,-0.3299999999999983
600456.XSHG,2022-07-15,0.0
688368.XSHG,2022-07-15,-0.009999999999990905
002037.XSHE,2022-07-15,0.0
002397.XSHE,2022-07-15,-2.0700000000000003
688248.XSHG,2022-07-15,-1.7600000000000051
000791.XSHE,2022-07-15,-0.16000000000000014
300680.XSHE,2022-07-15,-2.5799999999999983
002824.XSHE,2022-07-15,-1.9099999999999966
603689.XSHG,2022-07-15,0.0
300808.XSHE,2022-07-15,0.0
300436.XSHE,2022-07-15,-9.670000000000002
300014.XSHE,2022-07-15,0.0
000863.XSHE,2022-07-15,0.0
300463.XSHE,2022-07-15,-0.1600000000000037
603008.XSHG,2022-07-15,-0.13000000000000256
300045.XSHE,2022-07-15,-0.1599999999999966
300300.XSHE,2022-07-15,-0.1999999999999993
000063.XSHE,2022-07-15,-0.5299999999999727
000683.XSHE,2022-07-15,-0.5400000000000063
002408.XSHE,2022-07-15,-0.3500000000000085
600029.XSHG,2022-07-15,-0.009999999999999787
601186.XSHG,2022-07-15,0.0
603032.XSHG,2022-07-15,-0.13000000000000966
000629.XSHE,2022-07-15,-0.0799999999999983
300820.XSHE,2022-07-15,-1.740000000000009
600200.XSHG,2022-07-15,-5.440000000000012
688314.XSHG,2022-07-15,-0.5300000000000011
002614.XSHE,2022-07-15,-0.5200000000000031
300682.XSHE,2022-07-15,-2.780000000000001
000528.XSHE,2022-07-15,0.0
300930.XSHE,2022-07-15,-1.0
603709.XSHG,2022-07-15,0.0
600080.XSHG,2022-07-15,-0.07000000000000028
301036.XSHE,2022-07-15,-0.2699999999999996
603819.XSHG,2022-07-15,-0.05999999999999872
301002.XSHE,2022-07-15,-0.11999999999999744
002140.XSHE,2022-07-15,0.0
002574.XSHE,2022-07-15,-0.07000000000000028
300103.XSHE,2022-07-15,-0.10999999999999943
600213.XSHG,2022-07-15,-0.0600000000000005
600563.XSHG,2022-07-15,0.0
603690.XSHG,2022-07-15,0.0
300430.XSHE,2022-07-15,-0.03999999999999915
002196.XSHE,2022-07-15,-0.8900000000000006
688189.XSHG,2022-07-15,-0.8399999999999999
300626.XSHE,2022-07-15,-0.019999999999999574
601038.XSHG,2022-07-15,-0.019999999999999574
600697.XSHG,2022-07-15,-0.09999999999999432
003003.XSHE,2022-07-15,0.0
000709.XSHE,2022-07-15,-0.3200000000000003
601939.XSHG,2022-07-15,0.0
603390.XSHG,2022-07-15,0.0
603129.XSHG,2022-07-15,-0.6299999999999955
002503.XSHE,2022-07-15,-0.37999999999999545
000790.XSHE,2022-07-15,-0.259999999999998
301119.XSHE,2022-07-15,-0.879999999999999
600621.XSHG,2022-07-15,0.0
603416.XSHG,2022-07-15,-1.2100000000000009
601138.XSHG,2022-07-15,-0.03999999999999915
603938.XSHG,2022-07-15,-0.8100000000000023
688557.XSHG,2022-07-15,-1.0799999999999983
002344.XSHE,2022-07-15,-0.03999999999999915
688707.XSHG,2022-07-15,-0.7900000000000063
603230.XSHG,2022-07-15,0.0
688586.XSHG,2022-07-15,0.0
600482.XSHG,2022-07-15,-0.030000000000001137
000035.XSHE,2022-07-15,-0.14000000000000057
300602.XSHE,2022-07-15,-1.8100000000000023
002058.XSHE,2022-07-15,-1.1999999999999993
002693.XSHE,2022-07-15,0.0
300007.XSHE,2022-07-15,-0.21000000000000796
002598.XSHE,2022-07-15,-0.08000000000000185
600641.XSHG,2022-07-15,-7.600000000000023
603098.XSHG,2022-07-15,0.0
002646.XSHE,2022-07-15,-0.019999999999999574
603815.XSHG,2022-07-15,-0.019999999999999574
603949.XSHG,2022-07-15,-0.5399999999999991
600962.XSHG,2022-07-15,-0.10999999999999943
600532.XSHG,2022-07-15,-0.6500000000000021
688353.XSHG,2022-07-15,-6.609999999999999
300483.XSHE,2022-07-15,0.0
002131.XSHE,2022-07-15,-0.44000000000001194
002855.XSHE,2022-07-15,0.0
600339.XSHG,2022-07-15,0.0
688322.XSHG,2022-07-15,-2.9599999999999973
600676.XSHG,2022-07-15,0.0
000605.XSHE,2022-07-15,-0.21999999999999886
603633.XSHG,2022-07-15,0.0
300783.XSHE,2022-07-15,-0.07000000000000028
300717.XSHE,2022-07-15,-0.019999999999999574
605069.XSHG,2022-07-15,0.0
603305.XSHG,2022-07-15,-4.339999999999996
688053.XSHG,2022-07-15,-0.4200000000000017
000723.XSHE,2022-07-15,0.0
300876.XSHE,2022-07-15,-0.07000000000000028
600645.XSHG,2022-07-15,-1.4600000000000364
300214.XSHE,2022-07-15,0.0
000861.XSHE,2022-07-15,-0.3999999999999986
003004.XSHE,2022-07-15,-0.030000000000001137
605196.XSHG,2022-07-15,0.0
688385.XSHG,2022-07-15,-1.0500000000000043
000429.XSHE,2022-07-15,-0.26000000000000156
002998.XSHE,2022-07-15,0.0
603668.XSHG,2022-07-15,-1.2699999999999996
605138.XSHG,2022-07-15,-0.0600000000000005
002729.XSHE,2022-07-15,-1.5900000000000034
002835.XSHE,2022-07-15,-1.2399999999999984
300907.XSHE,2022-07-15,0.0
600570.XSHG,2022-07-15,-15.379999999999882
600320.XSHG,2022-07-15,0.0
603132.XSHG,2022-07-15,-0.07000000000000028
603600.XSHG,2022-07-15,-0.15000000000000213
600654.XSHG,2022-07-15,-172.3199999999997
000938.XSHE,2022-07-15,-0.6299999999999955
600707.XSHG,2022-07-15,-0.41000000000000014
605155.XSHG,2022-07-15,-0.05999999999999872
301062.XSHE,2022-07-15,-0.049999999999998934
600725.XSHG,2022-07-15,-0.1700000000000017
300740.XSHE,2022-07-15,-0.41000000000000014
600179.XSHG,2022-07-15,-0.21000000000000085
600557.XSHG,2022-07-15,0.0
300765.XSHE,2022-07-15,-0.8399999999999963
300503.XSHE,2022-07-15,-0.09999999999999787
603687.XSHG,2022-07-15,-0.1399999999999988
600756.XSHG,2022-07-15,-0.4100000000000037
002973.XSHE,2022-07-15,-0.09999999999999964
603605.XSHG,2022-07-15,-5.449999999999989
603612.XSHG,2022-07-15,-5.530000000000001
688328.XSHG,2022-07-15,-0.0799999999999983
002115.XSHE,2022-07-15,0.0
300506.XSHE,2022-07-15,-0.19999999999999574
600643.XSHG,2022-07-15,-0.2700000000000031
603697.XSHG,2022-07-15,-0.08000000000000007
002329.XSHE,2022-07-15,-2.520000000000003
002581.XSHE,2022-07-15,-0.5500000000000043
300470.XSHE,2022-07-15,-2.539999999999992
688683.XSHG,2022-07-15,-0.3999999999999986
688279.XSHG,2022-07-15,-0.9200000000000017
000878.XSHE,2022-07-15,-0.030000000000001137
000972.XSHE,2022-07-15,-0.22999999999999865
300887.XSHE,2022-07-15,-0.6300000000000239
603288.XSHG,2022-07-15,-0.7599999999999909
601187.XSHG,2022-07-15,0.0
603766.XSHG,2022-07-15,0.0
002279.XSHE,2022-07-15,-0.10000000000000142
002284.XSHE,2022-07-15,-1.249999999999993
002405.XSHE,2022-07-15,-3.569999999999993
002937.XSHE,2022-07-15,-0.240000000000002
300273.XSHE,2022-07-15,0.0
600869.XSHG,2022-07-15,-2.6700000000000017
002186.XSHE,2022-07-15,-0.019999999999999574
300058.XSHE,2022-07-15,0.0
300545.XSHE,2022-07-15,-0.020000000000003126
300667.XSHE,2022-07-15,-0.4000000000000057
605133.XSHG,2022-07-15,-2.0
301096.XSHE,2022-07-15,-0.30000000000001137
601858.XSHG,2022-07-15,-0.05000000000000071
300594.XSHE,2022-07-15,-0.19000000000000128
300444.XSHE,2022-07-15,-0.0799999999999983
301059.XSHE,2022-07-15,-0.15000000000000213
002096.XSHE,2022-07-15,-0.10000000000000142
601689.XSHG,2022-07-15,-7.86999999999999
300497.XSHE,2022-07-15,-0.4200000000000017
002746.XSHE,2022-07-15,-0.0799999999999983
002316.XSHE,2022-07-15,-0.5999999999999996
603113.XSHG,2022-07-15,0.0
603039.XSHG,2022-07-15,-1.5300000000000011
603058.XSHG,2022-07-15,-0.040000000000000036
002354.XSHE,2022-07-15,0.0
600960.XSHG,2022-07-15,0.0
002965.XSHE,2022-07-15,-4.649999999999999
300966.XSHE,2022-07-15,-0.3100000000000023
002608.XSHE,2022-07-15,-0.05000000000000071
300712.XSHE,2022-07-15,-0.29000000000000625
300731.XSHE,2022-07-15,-0.16999999999999815
600216.XSHG,2022-07-15,-2.6500000000000057
000408.XSHE,2022-07-15,-0.9499999999999886
688131.XSHG,2022-07-15,-9.48999999999998
300596.XSHE,2022-07-15,-1.1400000000000006
603901.XSHG,2022-07-15,-0.0899999999999963
000526.XSHE,2022-07-15,-1.5
002188.XSHE,2022-07-15,-0.019999999999999574
300691.XSHE,2022-07-15,-1.2800000000000011
688396.XSHG,2022-07-15,-0.060000000000002274
000503.XSHE,2022-07-15,-0.39000000000000057
600917.XSHG,2022-07-15,-0.019999999999999574
601168.XSHG,2022-07-15,-0.009999999999999787
603995.XSHG,2022-07-15,-1.0
002262.XSHE,2022-07-15,-0.9500000000000028
300453.XSHE,2022-07-15,-0.25
000967.XSHE,2022-07-15,-0.10000000000000142
300629.XSHE,2022-07-15,-0.020000000000003126
600189.XSHG,2022-07-15,0.0
605058.XSHG,2022-07-15,-0.14000000000000057
002154.XSHE,2022-07-15,0.0
002401.XSHE,2022-07-15,0.0
600455.XSHG,2022-07-15,-0.129999999999999
600787.XSHG,2022-07-15,0.0
600791.XSHG,2022-07-15,0.0
003042.XSHE,2022-07-15,-0.21000000000000085
603219.XSHG,2022-07-15,-0.28999999999999915
601877.XSHG,2022-07-15,-3.5900000000000034
300151.XSHE,2022-07-15,-0.25
002803.XSHE,2022-07-15,-0.21000000000000085
300756.XSHE,2022-07-15,-0.14000000000000057
300628.XSHE,2022-07-15,-2.7999999999999545
600698.XSHG,2022-07-15,0.0
300899.XSHE,2022-07-15,-0.060000000000002274
603722.XSHG,2022-07-15,-0.9399999999999977
300641.XSHE,2022-07-15,-0.08000000000000007
002146.XSHE,2022-07-15,-0.11999999999999744
002800.XSHE,2022-07-15,0.0
600052.XSHG,2022-07-15,-0.120000000000001
600056.XSHG,2022-07-15,-0.28000000000000114
300991.XSHE,2022-07-15,-0.03999999999999915
300366.XSHE,2022-07-15,-0.17999999999999972
688600.XSHG,2022-07-15,-0.10000000000000142
688768.XSHG,2022-07-15,-0.12000000000000455
600525.XSHG,2022-07-15,-1.2800000000000011
600771.XSHG,2022-07-15,-3.9399999999999977
603599.XSHG,2022-07-15,-1.0
688501.XSHG,2022-07-15,-0.29999999999999893
601228.XSHG,2022-07-15,0.0
603036.XSHG,2022-07-15,-0.019999999999999574
002116.XSHE,2022-07-15,-0.36999999999999744
001289.XSHE,2022-07-15,-0.15000000000000213
002373.XSHE,2022-07-15,-0.6200000000000045
300539.XSHE,2022-07-15,-0.8399999999999999
600239.XSHG,2022-07-15,-0.18999999999999773
603365.XSHG,2022-07-15,0.0
000415.XSHE,2022-07-15,0.0
301101.XSHE,2022-07-15,-1.8299999999999983
301235.XSHE,2022-07-15,-1.9799999999999969
000779.XSHE,2022-07-15,-0.019999999999999574
000301.XSHE,2022-07-15,-1.1499999999999986
300152.XSHE,2022-07-15,-0.4800000000000004
002957.XSHE,2022-07-15,-0.3500000000000014
601929.XSHG,2022-07-15,0.0
300353.XSHE,2022-07-15,0.0
002791.XSHE,2022-07-15,-0.12999999999999545
002691.XSHE,2022-07-15,0.0
603683.XSHG,2022-07-15,-0.019999999999999574
603867.XSHG,2022-07-15,-1.1799999999999997
002664.XSHE,2022-07-15,0.0
002285.XSHE,2022-07-15,-0.14999999999999858
003025.XSHE,2022-07-15,-2.1099999999999994
600449.XSHG,2022-07-15,-0.04000000000000625
300354.XSHE,2022-07-15,-1.1400000000000006
000893.XSHE,2022-07-15,0.0
605016.XSHG,2022-07-15,-0.09000000000000341
688303.XSHG,2022-07-15,-0.10999999999999943
688639.XSHG,2022-07-15,-0.6400000000000006
300241.XSHE,2022-07-15,-0.05000000000000071
002736.XSHE,2022-07-15,-0.009999999999999787
300763.XSHE,2022-07-15,-14.5
600719.XSHG,2022-07-15,-0.28000000000000114
600281.XSHG,2022-07-15,-0.08000000000000007
600757.XSHG,2022-07-15,-0.14999999999999858
300145.XSHE,2022-07-15,-0.39000000000000057
300613.XSHE,2022-07-15,0.0
002549.XSHE,2022-07-15,-5.539999999999992
601066.XSHG,2022-07-15,-0.05000000000000071
002636.XSHE,2022-07-15,-0.04999999999999716
002988.XSHE,2022-07-15,0.0
600720.XSHG,2022-07-15,-0.12000000000000455
603897.XSHG,2022-07-15,-0.6499999999999986
300307.XSHE,2022-07-15,-0.019999999999999574
300244.XSHE,2022-07-15,-0.2899999999999636
002501.XSHE,2022-07-15,-0.5199999999999996
300489.XSHE,2022-07-15,0.0
603421.XSHG,2022-07-15,-0.41000000000000014
688159.XSHG,2022-07-15,-0.9800000000000004
605100.XSHG,2022-07-15,-0.28999999999999915
600938.XSHG,2022-07-15,-0.22999999999999865
300979.XSHE,2022-07-15,-0.7999999999999972
002008.XSHE,2022-07-15,-0.660000000000025
300681.XSHE,2022-07-15,-3.280000000000001
003032.XSHE,2022-07-15,-0.33999999999999986
000557.XSHE,2022-07-15,-1.3200000000000003
002898.XSHE,2022-07-15,-0.040000000000000924
603329.XSHG,2022-07-15,-0.09999999999999787
601865.XSHG,2022-07-15,-0.5700000000000003
600589.XSHG,2022-07-15,-0.34999999999999964
002564.XSHE,2022-07-15,-0.0600000000000005
600696.XSHG,2022-07-15,-0.7599999999999909
002418.XSHE,2022-07-15,-0.3500000000000014
688076.XSHG,2022-07-15,-0.010000000000001563
688115.XSHG,2022-07-15,-0.7000000000000028
600318.XSHG,2022-07-15,-0.030000000000001137
600755.XSHG,2022-07-15,-0.2400000000000091
600779.XSHG,2022-07-15,-0.13999999999998636
601928.XSHG,2022-07-15,-0.16999999999999993
600139.XSHG,2022-07-15,-1.6099999999999994
600538.XSHG,2022-07-15,-0.09000000000000163
000722.XSHE,2022-07-15,0.0
002482.XSHE,2022-07-15,0.0
002617.XSHE,2022-07-15,-1.25
600897.XSHG,2022-07-15,-0.6300000000000097
688611.XSHG,2022-07-15,0.0
600559.XSHG,2022-07-15,-4.319999999999993
600983.XSHG,2022-07-15,0.0
002967.XSHE,2022-07-15,-0.3200000000000003
603456.XSHG,2022-07-15,-0.3499999999999943
300563.XSHE,2022-07-15,-0.16999999999999815
600061.XSHG,2022-07-15,0.0
002387.XSHE,2022-07-15,-0.43000000000000327
600823.XSHG,2022-07-15,-1.1100000000000136
002580.XSHE,2022-07-15,-0.6300000000000026
301148.XSHE,2022-07-15,-1.0899999999999999
300125.XSHE,2022-07-15,-0.5900000000000034
600071.XSHG,2022-07-15,-4.430000000000007
002431.XSHE,2022-07-15,0.0
688169.XSHG,2022-07-15,-1.4300000000000068
603980.XSHG,2022-07-15,-0.030000000000001137
000555.XSHE,2022-07-15,0.0
601369.XSHG,2022-07-15,-2.289999999999999
002590.XSHE,2022-07-15,-0.3299999999999983
002827.XSHE,2022-07-15,-0.05000000000000071
600468.XSHG,2022-07-15,-0.13000000000000256
603727.XSHG,2022-07-15,-0.030000000000001137
002369.XSHE,2022-07-15,-0.17999999999999972
002475.XSHE,2022-07-15,-31.899999999999864
600077.XSHG,2022-07-15,-0.08000000000000185
000403.XSHE,2022-07-15,-5.759999999999991
603345.XSHG,2022-07-15,-7.310000000000002
605318.XSHG,2022-07-15,-0.019999999999999574
002366.XSHE,2022-07-15,-0.07000000000000028
300443.XSHE,2022-07-15,-9.610000000000014
603097.XSHG,2022-07-15,-0.9199999999999982
600573.XSHG,2022-07-15,-0.11999999999999922
688015.XSHG,2022-07-15,-0.05999999999999872
688517.XSHG,2022-07-15,-0.3100000000000005
002011.XSHE,2022-07-15,-6.319999999999993
600503.XSHG,2022-07-15,-0.030000000000001137
603019.XSHG,2022-07-15,-0.3999999999999915
002977.XSHE,2022-07-15,-0.07000000000000028
000616.XSHE,2022-07-15,-2.0700000000000003
605077.XSHG,2022-07-15,-0.020000000000003126
688050.XSHG,2022-07-15,-0.7700000000000102
601519.XSHG,2022-07-15,0.0
002865.XSHE,2022-07-15,-6.329999999999998
603067.XSHG,2022-07-15,-3.7499999999999964
000688.XSHE,2022-07-15,-0.45000000000000284
002368.XSHE,2022-07-15,-0.060000000000002274
001212.XSHE,2022-07-15,-1.1200000000000045
300508.XSHE,2022-07-15,-0.8599999999999994
600479.XSHG,2022-07-15,-0.15000000000000568
603126.XSHG,2022-07-15,0.0
603778.XSHG,2022-07-15,-0.060000000000002274
688327.XSHG,2022-07-15,-0.4400000000000013
600380.XSHG,2022-07-15,0.0
002444.XSHE,2022-07-15,-0.04999999999999716
002548.XSHE,2022-07-15,-0.14999999999999858
600773.XSHG,2022-07-15,-0.9400000000000119
600131.XSHG,2022-07-15,-1.2199999999999989
002452.XSHE,2022-07-15,-1.6600000000000037
301038.XSHE,2022-07-15,0.0
600579.XSHG,2022-07-15,-0.15000000000000036
688677.XSHG,2022-07-15,-0.6700000000000017
600777.XSHG,2022-07-15,-0.9200000000000017
600463.XSHG,2022-07-15,-0.029999999999997584
603063.XSHG,2022-07-15,-1.2099999999999937
300551.XSHE,2022-07-15,-0.09000000000000341
600583.XSHG,2022-07-15,0.0
002734.XSHE,2022-07-15,0.0
600716.XSHG,2022-07-15,-0.4800000000000004
000599.XSHE,2022-07-15,0.0
600438.XSHG,2022-07-15,-8.419999999999959
002212.XSHE,2022-07-15,0.0
300031.XSHE,2022-07-15,-2.039999999999992
002350.XSHE,2022-07-15,-0.04999999999999716
300205.XSHE,2022-07-15,-0.04999999999999716
688599.XSHG,2022-07-15,-0.769999999999996
300403.XSHE,2022-07-15,-2.4399999999999977
601698.XSHG,2022-07-15,0.0
601901.XSHG,2022-07-15,0.0
002025.XSHE,2022-07-15,-5.539999999999964
603803.XSHG,2022-07-15,-0.009999999999999787
300882.XSHE,2022-07-15,-0.5600000000000023
600717.XSHG,2022-07-15,0.0
000921.XSHE,2022-07-15,-0.00999999999999801
002103.XSHE,2022-07-15,0.0
300164.XSHE,2022-07-15,0.0
603048.XSHG,2022-07-15,-0.39000000000000057
300250.XSHE,2022-07-15,-1.009999999999998
300738.XSHE,2022-07-15,-1.710000000000008
000565.XSHE,2022-07-15,-0.6899999999999977
600703.XSHG,2022-07-15,-11.67999999999995
000017.XSHE,2022-07-15,0.0
000507.XSHE,2022-07-15,-0.22000000000000242
002622.XSHE,2022-07-15,-0.120000000000001
000582.XSHE,2022-07-15,0.0
300206.XSHE,2022-07-15,0.0
000010.XSHE,2022-07-15,-0.2700000000000031
300272.XSHE,2022-07-15,0.0
002589.XSHE,2022-07-15,-0.0899999999999963
300383.XSHE,2022-07-15,-0.21000000000000796
002942.XSHE,2022-07-15,-0.3299999999999983
300603.XSHE,2022-07-15,-0.23000000000000043
300286.XSHE,2022-07-15,-0.6899999999999977
603955.XSHG,2022-07-15,-1.4299999999999997
300053.XSHE,2022-07-15,-0.1600000000000037
002635.XSHE,2022-07-15,-0.4399999999999977
601233.XSHG,2022-07-15,0.0
601988.XSHG,2022-07-15,0.0
002063.XSHE,2022-07-15,-0.7399999999999949
300713.XSHE,2022-07-15,0.0
688220.XSHG,2022-07-15,-1.269999999999996
601665.XSHG,2022-07-15,-0.020000000000000462
603055.XSHG,2022-07-15,-0.3100000000000023
603706.XSHG,2022-07-15,0.0
603185.XSHG,2022-07-15,-1.9399999999999977
002661.XSHE,2022-07-15,-0.4299999999999997
002139.XSHE,2022-07-15,-6.27000000000001
002521.XSHE,2022-07-15,-0.14000000000000057
605136.XSHG,2022-07-15,-0.17999999999999972
601566.XSHG,2022-07-15,-0.08999999999999986
600675.XSHG,2022-07-15,-0.6800000000000068
603848.XSHG,2022-07-15,-0.019999999999999574
605368.XSHG,2022-07-15,-0.009999999999999787
688093.XSHG,2022-07-15,-0.14000000000000057
002841.XSHE,2022-07-15,0.0
300550.XSHE,2022-07-15,-1.5800000000000018
600476.XSHG,2022-07-15,0.0
002762.XSHE,2022-07-15,-1.4400000000000048
603886.XSHG,2022-07-15,-0.020000000000003126
600584.XSHG,2022-07-15,0.0
689009.XSHG,2022-07-15,-1.3200000000000003
301259.XSHE,2022-07-15,-2.539999999999999
000813.XSHE,2022-07-15,-0.03999999999999915
301256.XSHE,2022-07-15,0.0
688126.XSHG,2022-07-15,0.0
300936.XSHE,2022-07-15,-0.370000000000001
688038.XSHG,2022-07-15,-0.15999999999999837
301083.XSHE,2022-07-15,-0.8900000000000006
601798.XSHG,2022-07-15,-0.11000000000000032
600009.XSHG,2022-07-15,-0.5800000000000125
600226.XSHG,2022-07-15,-0.5699999999999932
002274.XSHE,2022-07-15,0.0
000070.XSHE,2022-07-15,-0.31999999999999673
603121.XSHG,2022-07-15,-0.09999999999999964
603718.XSHG,2022-07-15,-0.10999999999999943
600305.XSHG,2022-07-15,-0.4900000000000091
300456.XSHE,2022-07-15,-1.9100000000000108
300952.XSHE,2022-07-15,-0.16000000000000014
688722.XSHG,2022-07-15,-0.22000000000000064
688089.XSHG,2022-07-15,-1.480000000000004
300947.XSHE,2022-07-15,0.0
300674.XSHE,2022-07-15,-0.030000000000001137
300976.XSHE,2022-07-15,-2.519999999999996
600863.XSHG,2022-07-15,-2.1500000000000057
300630.XSHE,2022-07-15,-0.3499999999999943
600448.XSHG,2022-07-15,-0.019999999999999574
002790.XSHE,2022-07-15,-0.9500000000000028
300441.XSHE,2022-07-15,-0.060000000000002274
300671.XSHE,2022-07-15,-9.319999999999993
600389.XSHG,2022-07-15,-1.3000000000000114
601318.XSHG,2022-07-15,-0.029999999999986926
688121.XSHG,2022-07-15,-0.05999999999999872
002233.XSHE,2022-07-15,0.0
600027.XSHG,2022-07-15,-0.25
688011.XSHG,2022-07-15,0.0
002299.XSHE,2022-07-15,0.0
600664.XSHG,2022-07-15,-0.09999999999999787
000928.XSHE,2022-07-15,-0.05000000000000071
000030.XSHE,2022-07-15,0.0
603488.XSHG,2022-07-15,0.0
002437.XSHE,2022-07-15,0.0
600678.XSHG,2022-07-15,-0.33999999999999986
603040.XSHG,2022-07-15,-0.21999999999999886
002649.XSHE,2022-07-15,0.0
002669.XSHE,2022-07-15,-1.3999999999999986
600843.XSHG,2022-07-15,0.0
688187.XSHG,2022-07-15,-1.6500000000000057
300190.XSHE,2022-07-15,-0.22999999999999687
603615.XSHG,2022-07-15,-0.009999999999999787
003013.XSHE,2022-07-15,-0.010000000000001563
300032.XSHE,2022-07-15,-0.6699999999999982
601500.XSHG,2022-07-15,-0.010000000000000675
300548.XSHE,2022-07-15,-0.9200000000000017
002782.XSHE,2022-07-15,-0.0799999999999983
600692.XSHG,2022-07-15,-0.12999999999999545
300371.XSHE,2022-07-15,-0.03999999999999915
603216.XSHG,2022-07-15,-0.08999999999999986
002416.XSHE,2022-07-15,0.0
600376.XSHG,2022-07-15,0.0
000882.XSHE,2022-07-15,-0.03000000000000025
300841.XSHE,2022-07-15,0.0
688553.XSHG,2022-07-15,-0.10000000000000142
600818.XSHG,2022-07-15,-0.39000000000000057
301004.XSHE,2022-07-15,-0.6999999999999993
003012.XSHE,2022-07-15,-0.04999999999999982
000100.XSHE,2022-07-15,-0.040000000000000924
688360.XSHG,2022-07-15,-0.36999999999999744
002149.XSHE,2022-07-15,-0.7800000000000011
002662.XSHE,2022-07-15,-0.28000000000000114
002840.XSHE,2022-07-15,-0.4099999999999966
600399.XSHG,2022-07-15,-1.4100000000000108
603228.XSHG,2022-07-15,-1.0800000000000054
300709.XSHE,2022-07-15,-0.5600000000000023
600491.XSHG,2022-07-15,0.0
600506.XSHG,2022-07-15,-0.120000000000001
600718.XSHG,2022-07-15,-0.5200000000000102
603859.XSHG,2022-07-15,-0.3200000000000003
600185.XSHG,2022-07-15,-0.07000000000000028
600262.XSHG,2022-07-15,-0.0400000000000027
300562.XSHE,2022-07-15,-1.120000000000001
000532.XSHE,2022-07-15,-0.5399999999999991
603768.XSHG,2022-07-15,-0.28000000000000114
300375.XSHE,2022-07-15,-0.26000000000000156
688302.XSHG,2022-07-15,-0.240000000000002
002815.XSHE,2022-07-15,0.0
300158.XSHE,2022-07-15,0.0
000651.XSHE,2022-07-15,-5.769999999999527
300040.XSHE,2022-07-15,-0.4299999999999997
002093.XSHE,2022-07-15,-0.12999999999999545
003036.XSHE,2022-07-15,-0.3899999999999988
300404.XSHE,2022-07-15,-0.46999999999999886
600635.XSHG,2022-07-15,-1.6200000000000045
600648.XSHG,2022-07-15,-0.6599999999999966
601628.XSHG,2022-07-15,0.0
603357.XSHG,2022-07-15,-0.010000000000001563
600256.XSHG,2022-07-15,-0.8899999999999864
300336.XSHE,2022-07-15,-0.13000000000000078
300425.XSHE,2022-07-15,-1.1899999999999977
603725.XSHG,2022-07-15,-0.030000000000001137
000668.XSHE,2022-07-15,-0.6899999999999977
002748.XSHE,2022-07-15,-0.33999999999999986
600738.XSHG,2022-07-15,-0.29999999999999716
688060.XSHG,2022-07-15,-4.229999999999997
688298.XSHG,2022-07-15,-2.6999999999999886
300837.XSHE,2022-07-15,-0.9099999999999966
301031.XSHE,2022-07-15,-2.990000000000009
300188.XSHE,2022-07-15,-0.13999999999998636
300933.XSHE,2022-07-15,-0.03999999999999915
002929.XSHE,2022-07-15,-0.35999999999999943
003028.XSHE,2022-07-15,-1.0499999999999972
300615.XSHE,2022-07-15,-0.16000000000000014
600267.XSHG,2022-07-15,-1.8700000000000045
300030.XSHE,2022-07-15,-0.08999999999999986
600803.XSHG,2022-07-15,-3.010000000000005
601106.XSHG,2022-07-15,0.0
603617.XSHG,2022-07-15,0.0
002462.XSHE,2022-07-15,-0.010000000000001563
601199.XSHG,2022-07-15,-1.8200000000000003
002856.XSHE,2022-07-15,-0.030000000000001137
301098.XSHE,2022-07-15,-0.379999999999999
000666.XSHE,2022-07-15,0.0
300822.XSHE,2022-07-15,-0.25
600896.XSHG,2022-07-15,-0.20000000000000018
000059.XSHE,2022-07-15,-0.009999999999999787
300825.XSHE,2022-07-15,-0.4499999999999993
301221.XSHE,2022-07-15,-2.520000000000003
002953.XSHE,2022-07-15,-2.1900000000000013
000567.XSHE,2022-07-15,0.0
002979.XSHE,2022-07-15,-0.08999999999999986
002120.XSHE,2022-07-15,-0.18999999999999773
300405.XSHE,2022-07-15,0.0
300360.XSHE,2022-07-15,-3.450000000000003
603648.XSHG,2022-07-15,0.0
002813.XSHE,2022-07-15,-0.8500000000000014
605580.XSHG,2022-07-15,-0.010000000000001563
600623.XSHG,2022-07-15,0.0
601005.XSHG,2022-07-15,0.0
600710.XSHG,2022-07-15,-0.35999999999999943
688718.XSHG,2022-07-15,0.0
002054.XSHE,2022-07-15,-0.129999999999999
002173.XSHE,2022-07-15,-0.060000000000002274
300127.XSHE,2022-07-15,-0.04999999999999716
002869.XSHE,2022-07-15,-1.1199999999999974
601162.XSHG,2022-07-15,-0.020000000000000018
601225.XSHG,2022-07-15,-0.029999999999997584
600585.XSHG,2022-07-15,0.0
000892.XSHE,2022-07-15,-0.09999999999999964
002362.XSHE,2022-07-15,-0.16000000000000014
600522.XSHG,2022-07-15,-8.659999999999997
600365.XSHG,2022-07-15,-0.26000000000000156
300918.XSHE,2022-07-15,-0.009999999999999787
605500.XSHG,2022-07-15,-0.05000000000000071
300501.XSHE,2022-07-15,-0.14999999999999858
002137.XSHE,2022-07-15,-0.9199999999999982
603379.XSHG,2022-07-15,-0.730000000000004
002923.XSHE,2022-07-15,-0.05000000000000426
600330.XSHG,2022-07-15,-0.6000000000000014
600989.XSHG,2022-07-15,0.0
300604.XSHE,2022-07-15,-7.1200000000000045
688359.XSHG,2022-07-15,-3.049999999999997
605117.XSHG,2022-07-15,-27.100000000000023
002013.XSHE,2022-07-15,0.0
688737.XSHG,2022-07-15,0.0
002208.XSHE,2022-07-15,-0.05000000000000426
002783.XSHE,2022-07-15,-0.1699999999999946
000807.XSHE,2022-07-15,-0.07000000000000028
000800.XSHE,2022-07-15,-0.04999999999999716
300844.XSHE,2022-07-15,-0.04999999999999716
600075.XSHG,2022-07-15,-0.21999999999999886
603059.XSHG,2022-07-15,-0.129999999999999
002336.XSHE,2022-07-15,-0.03000000000000025
300154.XSHE,2022-07-15,0.0
002224.XSHE,2022-07-15,-0.07000000000000028
002980.XSHE,2022-07-15,-0.019999999999999574
002498.XSHE,2022-07-15,-0.5700000000000003
002547.XSHE,2022-07-15,-3.1799999999999997
301216.XSHE,2022-07-15,-0.33999999999999986
300542.XSHE,2022-07-15,-0.21000000000000085
300026.XSHE,2022-07-15,-2.930000000000007
000428.XSHE,2022-07-15,-2.239999999999995
688108.XSHG,2022-07-15,-0.019999999999999574
600683.XSHG,2022-07-15,-0.5199999999999996
605167.XSHG,2022-07-15,-0.040000000000000036
000728.XSHE,2022-07-15,-0.0799999999999983
605088.XSHG,2022-07-15,-0.049999999999998934
603118.XSHG,2022-07-15,0.0
002792.XSHE,2022-07-15,0.0
688030.XSHG,2022-07-15,-0.21999999999999886
002410.XSHE,2022-07-15,-4.080000000000041
002763.XSHE,2022-07-15,0.0
300985.XSHE,2022-07-15,-0.019999999999999574
688456.XSHG,2022-07-15,0.0
605018.XSHG,2022-07-15,-0.9300000000000015
600436.XSHG,2022-07-15,-0.9899999999997817
002696.XSHE,2022-07-15,-0.07000000000000028
603585.XSHG,2022-07-15,0.0
001309.XSHE,2022-07-15,-5.099999999999994
000678.XSHE,2022-07-15,-0.05000000000000071
301060.XSHE,2022-07-15,-0.28999999999999915
002082.XSHE,2022-07-15,-0.029999999999997584
002265.XSHE,2022-07-15,-0.009999999999999787
300087.XSHE,2022-07-15,-0.4899999999999807
301219.XSHE,2022-07-15,-0.12000000000000455
600331.XSHG,2022-07-15,0.0
301189.XSHE,2022-07-15,-3.099999999999998
002660.XSHE,2022-07-15,-0.28999999999999915
000552.XSHE,2022-07-15,-0.14999999999999858
000620.XSHE,2022-07-15,-0.05999999999999961
000707.XSHE,2022-07-15,-0.39000000000000057
603160.XSHG,2022-07-15,-1.6300000000000026
603602.XSHG,2022-07-15,0.0
300801.XSHE,2022-07-15,-2.8100000000000023
002594.XSHE,2022-07-15,-5.289999999999964
600378.XSHG,2022-07-15,0.0
301111.XSHE,2022-07-15,-0.05999999999999872
002317.XSHE,2022-07-15,-0.5500000000000114
600706.XSHG,2022-07-15,-1.2899999999999991
300749.XSHE,2022-07-15,0.0
603191.XSHG,2022-07-15,-2.219999999999999
001230.XSHE,2022-07-15,-3.0800000000000054
300277.XSHE,2022-07-15,0.0
600865.XSHG,2022-07-15,-0.060000000000002274
002400.XSHE,2022-07-15,0.0
603629.XSHG,2022-07-15,-0.8299999999999983
001201.XSHE,2022-07-15,-1.0600000000000023
301090.XSHE,2022-07-15,-0.9199999999999999
300227.XSHE,2022-07-15,-0.05999999999999517
300541.XSHE,2022-07-15,-0.13000000000000256
688332.XSHG,2022-07-15,-0.8999999999999986
601958.XSHG,2022-07-15,0.0
002861.XSHE,2022-07-15,-0.10000000000000142
605056.XSHG,2022-07-15,-0.019999999999999574
603773.XSHG,2022-07-15,-0.3500000000000014
601595.XSHG,2022-07-15,-0.019999999999999574
603018.XSHG,2022-07-15,0.0
000889.XSHE,2022-07-15,0.0
002653.XSHE,2022-07-15,-0.07000000000000028
002296.XSHE,2022-07-15,-0.04999999999999716
688211.XSHG,2022-07-15,-1.2800000000000011
688408.XSHG,2022-07-15,-5.1000000000000085
601872.XSHG,2022-07-15,0.0
603579.XSHG,2022-07-15,0.0
300923.XSHE,2022-07-15,-0.0799999999999983
002655.XSHE,2022-07-15,-1.740000000000002
300746.XSHE,2022-07-15,0.0
002828.XSHE,2022-07-15,-0.05000000000000071
300862.XSHE,2022-07-15,-0.33000000000000185
600161.XSHG,2022-07-15,-1.259999999999991
605507.XSHG,2022-07-15,-0.020000000000003126
603188.XSHG,2022-07-15,-0.049999999999998934
301201.XSHE,2022-07-15,-0.4399999999999977
603338.XSHG,2022-07-15,-0.35000000000002274
603085.XSHG,2022-07-15,-0.36999999999999744
600990.XSHG,2022-07-15,-0.39000000000000057
300432.XSHE,2022-07-15,-0.07999999999998408
301160.XSHE,2022-07-15,-2.6999999999999957
688180.XSHG,2022-07-15,-1.4399999999999977
000788.XSHE,2022-07-15,-0.120000000000001
002303.XSHE,2022-07-15,-0.10000000000000142
300755.XSHE,2022-07-15,-1.0700000000000074
000568.XSHE,2022-07-15,-151.0
002993.XSHE,2022-07-15,-1.970000000000006
300919.XSHE,2022-07-15,-5.150000000000006
600862.XSHG,2022-07-15,-0.14999999999997726
600410.XSHG,2022-07-15,-0.25
002807.XSHE,2022-07-15,-0.019999999999999574
002358.XSHE,2022-07-15,-0.25
300460.XSHE,2022-07-15,-0.2599999999999998
300381.XSHE,2022-07-15,-1.3900000000000006
002102.XSHE,2022-07-15,-0.19000000000000128
300692.XSHE,2022-07-15,-0.5800000000000018
000677.XSHE,2022-07-15,0.0
002601.XSHE,2022-07-15,-1.8400000000000034
603788.XSHG,2022-07-15,-0.14000000000000057
002848.XSHE,2022-07-15,-0.11999999999999922
688227.XSHG,2022-07-15,-0.07000000000000028
300350.XSHE,2022-07-15,0.0
300654.XSHE,2022-07-15,0.0
605222.XSHG,2022-07-15,-1.2600000000000016
600158.XSHG,2022-07-15,-0.07000000000000028
301085.XSHE,2022-07-15,-0.3200000000000003
600894.XSHG,2022-07-15,-0.03999999999999915
601456.XSHG,2022-07-15,-0.03999999999999915
300707.XSHE,2022-07-15,-2.0900000000000034
600088.XSHG,2022-07-15,-0.7999999999999972
605108.XSHG,2022-07-15,-0.7300000000000004
002913.XSHE,2022-07-15,-0.5399999999999991
688063.XSHG,2022-07-15,-20.720000000000027
688222.XSHG,2022-07-15,-0.08999999999999986
605288.XSHG,2022-07-15,-0.03999999999999915
603106.XSHG,2022-07-15,-0.07000000000000028
688286.XSHG,2022-07-15,-0.7800000000000011
301071.XSHE,2022-07-15,-0.47999999999996135
002645.XSHE,2022-07-15,0.0
300775.XSHE,2022-07-15,-0.4199999999999946
301258.XSHE,2022-07-15,-0.5400000000000063
300088.XSHE,2022-07-15,-0.1799999999999926
002174.XSHE,2022-07-15,-0.03999999999999915
301220.XSHE,2022-07-15,-0.020000000000003126
300757.XSHE,2022-07-15,-1.7999999999999972
300378.XSHE,2022-07-15,-0.29999999999999716
000995.XSHE,2022-07-15,0.0
600106.XSHG,2022-07-15,-0.0799999999999983
688218.XSHG,2022-07-15,-1.1099999999999994
605158.XSHG,2022-07-15,-0.010000000000001563
003029.XSHE,2022-07-15,-0.33000000000000185
600272.XSHG,2022-07-15,0.0
605259.XSHG,2022-07-15,-0.00999999999999801
002466.XSHE,2022-07-15,0.0
000795.XSHE,2022-07-15,-0.4000000000000057
300494.XSHE,2022-07-15,-0.0400000000000027
688577.XSHG,2022-07-15,-0.030000000000001137
688070.XSHG,2022-07-15,-2.0700000000000003
000523.XSHE,2022-07-15,-0.1999999999999993
002544.XSHE,2022-07-15,-3.8300000000000125
002057.XSHE,2022-07-15,-2.8900000000000006
600581.XSHG,2022-07-15,-0.5399999999999991
600737.XSHG,2022-07-15,0.0
603876.XSHG,2022-07-15,-2.539999999999999
300369.XSHE,2022-07-15,0.0
300258.XSHE,2022-07-15,-1.6099999999999994
300475.XSHE,2022-07-15,-0.259999999999998
000971.XSHE,2022-07-15,0.0
002634.XSHE,2022-07-15,0.0
603665.XSHG,2022-07-15,-0.39000000000000057
002209.XSHE,2022-07-15,-0.019999999999999574
300821.XSHE,2022-07-15,-0.030000000000001137
603233.XSHG,2022-07-15,-0.09999999999999432
600236.XSHG,2022-07-15,-0.0799999999999983
300033.XSHE,2022-07-15,-0.16999999999995907
603227.XSHG,2022-07-15,-0.03999999999999915
688607.XSHG,2022-07-15,-0.5399999999999991
300593.XSHE,2022-07-15,-0.3500000000000085
002889.XSHE,2022-07-15,-0.010000000000001563
605098.XSHG,2022-07-15,-0.11999999999999744
002309.XSHE,2022-07-15,-0.6799999999999997
002733.XSHE,2022-07-15,-1.3499999999999943
603076.XSHG,2022-07-15,-3.4299999999999997
688526.XSHG,2022-07-15,-1.3399999999999999
603022.XSHG,2022-07-15,-0.129999999999999
002740.XSHE,2022-07-15,-0.11999999999999922
603238.XSHG,2022-07-15,-0.1800000000000015
000793.XSHE,2022-07-15,-0.39000000000000057
600876.XSHG,2022-07-15,-0.09000000000000341
688256.XSHG,2022-07-15,-0.07000000000000028
601607.XSHG,2022-07-15,0.0
002584.XSHE,2022-07-15,-0.10999999999999943
603871.XSHG,2022-07-15,-0.45000000000000284
002936.XSHE,2022-07-15,-0.020000000000000018
000042.XSHE,2022-07-15,-0.14000000000000057
601012.XSHG,2022-07-15,-10.190000000000055
300424.XSHE,2022-07-15,-0.11000000000000298
002322.XSHE,2022-07-15,-0.20000000000000284
600483.XSHG,2022-07-15,-0.3999999999999986
002363.XSHE,2022-07-15,-0.10999999999999943
301072.XSHE,2022-07-15,-0.6900000000000013
603836.XSHG,2022-07-15,0.0
301129.XSHE,2022-07-15,-0.8399999999999892
000622.XSHE,2022-07-15,-0.0799999999999983
601688.XSHG,2022-07-15,0.0
000423.XSHE,2022-07-15,-18.28000000000003
688363.XSHG,2022-07-15,-0.789999999999992
300791.XSHE,2022-07-15,-2.3799999999999955
600135.XSHG,2022-07-15,0.0
688232.XSHG,2022-07-15,-0.7800000000000011
002875.XSHE,2022-07-15,-0.4299999999999997
600133.XSHG,2022-07-15,-0.08999999999999986
002457.XSHE,2022-07-15,-0.019999999999999574
300160.XSHE,2022-07-15,-0.8900000000000006
002839.XSHE,2022-07-15,-0.019999999999999574
601963.XSHG,2022-07-15,0.0
300655.XSHE,2022-07-15,-0.9500000000000028
300467.XSHE,2022-07-15,-0.13000000000000256
002171.XSHE,2022-07-15,0.0
000837.XSHE,2022-07-15,-0.08000000000000185
000831.XSHE,2022-07-15,-0.03999999999999204
605011.XSHG,2022-07-15,-0.07000000000000028
003007.XSHE,2022-07-15,-0.41999999999999815
300721.XSHE,2022-07-15,-0.39000000000000057
600021.XSHG,2022-07-15,-0.28999999999999915
601163.XSHG,2022-07-15,-0.030000000000001137
600058.XSHG,2022-07-15,0.0
600199.XSHG,2022-07-15,-3.4399999999999977
002159.XSHE,2022-07-15,-0.3100000000000005
300148.XSHE,2022-07-15,0.0
002074.XSHE,2022-07-15,-0.37000000000000455
002127.XSHE,2022-07-15,0.0
600977.XSHG,2022-07-15,-0.009999999999999787
601699.XSHG,2022-07-15,-0.12999999999999545
603003.XSHG,2022-07-15,-0.02999999999999936
300319.XSHE,2022-07-15,-9.219999999999999
600727.XSHG,2022-07-15,0.0
600734.XSHG,2022-07-15,-1.4600000000000009
300486.XSHE,2022-07-15,-0.10000000000000142
000026.XSHE,2022-07-15,-0.46000000000000796
601128.XSHG,2022-07-15,0.0
603181.XSHG,2022-07-15,-0.21999999999999886
