code,date,open_close_diff
000049.XSHE,2023-03-27,-9.800000000000011
603636.XSHG,2023-03-27,-2.280000000000001
000538.XSHE,2023-03-27,-6.1099999999999
300798.XSHE,2023-03-27,0.0
688110.XSHG,2023-03-27,0.1599999999999966
002668.XSHE,2023-03-27,-0.1999999999999993
001202.XSHE,2023-03-27,-0.02000000000000135
601326.XSHG,2023-03-27,0.08000000000000007
600980.XSHG,2023-03-27,-0.030000000000001137
300582.XSHE,2023-03-27,1.5700000000000003
603039.XSHG,2023-03-27,-5.889999999999986
603298.XSHG,2023-03-27,-1.2300000000000004
002851.XSHE,2023-03-27,-0.020000000000003126
000421.XSHE,2023-03-27,-0.20000000000000284
000523.XSHE,2023-03-27,0.3299999999999983
600238.XSHG,2023-03-27,-0.8900000000000006
301091.XSHE,2023-03-27,-1.259999999999998
002840.XSHE,2023-03-27,-1.8700000000000045
600869.XSHG,2023-03-27,-0.21999999999999886
002376.XSHE,2023-03-27,-0.44000000000000483
300076.XSHE,2023-03-27,0.0
002820.XSHE,2023-03-27,0.16999999999999815
300290.XSHE,2023-03-27,-0.9399999999999977
002912.XSHE,2023-03-27,2.2099999999999937
600152.XSHG,2023-03-27,0.05999999999999517
002553.XSHE,2023-03-27,-1.1400000000000006
300775.XSHE,2023-03-27,-0.14000000000000057
300430.XSHE,2023-03-27,-4.010000000000005
002756.XSHE,2023-03-27,3.5999999999999943
688052.XSHG,2023-03-27,0.25
002699.XSHE,2023-03-27,0.0
003018.XSHE,2023-03-27,0.16999999999999993
688122.XSHG,2023-03-27,-1.5100000000000051
002060.XSHE,2023-03-27,0.28000000000000114
688298.XSHG,2023-03-27,0.1799999999999926
603556.XSHG,2023-03-27,-0.28999999999999915
000529.XSHE,2023-03-27,-0.1700000000000017
603158.XSHG,2023-03-27,0.08999999999999986
603055.XSHG,2023-03-27,0.5500000000000007
000584.XSHE,2023-03-27,-2.969999999999999
600027.XSHG,2023-03-27,0.22999999999999865
301419.XSHE,2023-03-27,-0.3499999999999943
300501.XSHE,2023-03-27,0.0
000811.XSHE,2023-03-27,3.480000000000018
600763.XSHG,2023-03-27,1.5
688622.XSHG,2023-03-27,1.2600000000000051
601003.XSHG,2023-03-27,0.39000000000000057
601066.XSHG,2023-03-27,-0.360000000000003
300959.XSHE,2023-03-27,-6.840000000000003
001339.XSHE,2023-03-27,0.4499999999999993
301029.XSHE,2023-03-27,-2.8499999999999943
300603.XSHE,2023-03-27,-0.22999999999999687
301099.XSHE,2023-03-27,0.9099999999999966
688232.XSHG,2023-03-27,-3.190000000000005
002078.XSHE,2023-03-27,3.049999999999997
605007.XSHG,2023-03-27,-0.129999999999999
300743.XSHE,2023-03-27,0.370000000000001
300996.XSHE,2023-03-27,0.3300000000000125
300829.XSHE,2023-03-27,0.14000000000000057
002648.XSHE,2023-03-27,1.7299999999999898
002886.XSHE,2023-03-27,0.7999999999999972
002289.XSHE,2023-03-27,0.17999999999999972
601858.XSHG,2023-03-27,-1.5500000000000007
603888.XSHG,2023-03-27,-0.5299999999999869
603848.XSHG,2023-03-27,0.4399999999999995
600113.XSHG,2023-03-27,0.09999999999999432
688048.XSHG,2023-03-27,6.260000000000005
002777.XSHE,2023-03-27,-2.200000000000003
000713.XSHE,2023-03-27,-0.45000000000000284
688372.XSHG,2023-03-27,1.8499999999999943
300068.XSHE,2023-03-27,-1.2900000000000063
002910.XSHE,2023-03-27,0.2400000000000002
002896.XSHE,2023-03-27,-1.1899999999999977
000301.XSHE,2023-03-27,-0.5300000000000011
300971.XSHE,2023-03-27,-0.3299999999999983
603025.XSHG,2023-03-27,0.9099999999999966
003022.XSHE,2023-03-27,-0.730000000000004
002480.XSHE,2023-03-27,0.2799999999999976
300412.XSHE,2023-03-27,-0.1700000000000017
688095.XSHG,2023-03-27,-18.27000000000001
002594.XSHE,2023-03-27,2.3899999999999864
600075.XSHG,2023-03-27,0.4399999999999977
603182.XSHG,2023-03-27,0.08000000000000185
688135.XSHG,2023-03-27,0.23999999999999488
301300.XSHE,2023-03-27,0.6600000000000037
001229.XSHE,2023-03-27,1.2100000000000009
600389.XSHG,2023-03-27,0.7700000000000102
002865.XSHE,2023-03-27,-4.180000000000007
002942.XSHE,2023-03-27,0.5100000000000016
603639.XSHG,2023-03-27,3.1099999999999994
603596.XSHG,2023-03-27,0.30999999999998806
601818.XSHG,2023-03-27,0.16999999999999993
600237.XSHG,2023-03-27,0.6300000000000026
300616.XSHE,2023-03-27,4.07
002907.XSHE,2023-03-27,0.620000000000001
688981.XSHG,2023-03-27,1.0
000903.XSHE,2023-03-27,0.240000000000002
002267.XSHE,2023-03-27,-0.05999999999999872
600757.XSHG,2023-03-27,-0.6199999999999974
603103.XSHG,2023-03-27,-0.5899999999999999
603612.XSHG,2023-03-27,0.1600000000000037
000607.XSHE,2023-03-27,-0.2700000000000031
002206.XSHE,2023-03-27,1.009999999999991
301121.XSHE,2023-03-27,0.9600000000000009
603021.XSHG,2023-03-27,0.0
688379.XSHG,2023-03-27,-0.120000000000001
001217.XSHE,2023-03-27,-0.16000000000000014
600605.XSHG,2023-03-27,32.26999999999998
000663.XSHE,2023-03-27,0.9899999999999949
002740.XSHE,2023-03-27,-0.02999999999999936
300047.XSHE,2023-03-27,-3.0899999999999963
600312.XSHG,2023-03-27,-1.0600000000000023
301025.XSHE,2023-03-27,0.05000000000000071
300813.XSHE,2023-03-27,-1.259999999999991
002386.XSHE,2023-03-27,0.03999999999999915
600327.XSHG,2023-03-27,1.0600000000000023
603380.XSHG,2023-03-27,-0.23999999999999844
000636.XSHE,2023-03-27,3.6200000000000045
601838.XSHG,2023-03-27,0.120000000000001
000576.XSHE,2023-03-27,0.44999999999998863
601949.XSHG,2023-03-27,-0.1299999999999999
600630.XSHG,2023-03-27,0.05999999999999872
002505.XSHE,2023-03-27,-0.29999999999999716
300474.XSHE,2023-03-27,-17.339999999999975
600096.XSHG,2023-03-27,0.36999999999999744
002855.XSHE,2023-03-27,0.09999999999999964
300171.XSHE,2023-03-27,-16.29000000000002
002097.XSHE,2023-03-27,-0.10000000000000142
300432.XSHE,2023-03-27,-0.8799999999999955
002094.XSHE,2023-03-27,0.21999999999999886
600956.XSHG,2023-03-27,-0.0600000000000005
688509.XSHG,2023-03-27,-0.019999999999999574
603717.XSHG,2023-03-27,-1.0
300337.XSHE,2023-03-27,-0.22999999999999687
688337.XSHG,2023-03-27,-1.2600000000000051
300617.XSHE,2023-03-27,-0.7099999999999937
002746.XSHE,2023-03-27,-0.03999999999999915
600188.XSHG,2023-03-27,-5.579999999999998
688369.XSHG,2023-03-27,-4.099999999999994
300559.XSHE,2023-03-27,0.7399999999999949
301153.XSHE,2023-03-27,-11.0
603577.XSHG,2023-03-27,0.060000000000002274
601008.XSHG,2023-03-27,0.07000000000000028
603215.XSHG,2023-03-27,0.240000000000002
000732.XSHE,2023-03-27,0.040000000000000036
300154.XSHE,2023-03-27,-0.36999999999999744
688315.XSHG,2023-03-27,-1.6199999999999974
002508.XSHE,2023-03-27,1.170000000000016
300883.XSHE,2023-03-27,0.10000000000000053
301032.XSHE,2023-03-27,0.049999999999998934
002452.XSHE,2023-03-27,-1.0900000000000034
300053.XSHE,2023-03-27,-6.100000000000001
600110.XSHG,2023-03-27,-0.29000000000000625
002077.XSHE,2023-03-27,0.3000000000000007
300849.XSHE,2023-03-27,0.34999999999999787
603330.XSHG,2023-03-27,-0.09999999999999432
300073.XSHE,2023-03-27,-0.5
002966.XSHE,2023-03-27,0.11000000000000121
688520.XSHG,2023-03-27,1.6900000000000048
688277.XSHG,2023-03-27,-1.5
001914.XSHE,2023-03-27,0.5900000000000034
600220.XSHG,2023-03-27,0.08999999999999986
002337.XSHE,2023-03-27,0.21000000000000085
002775.XSHE,2023-03-27,0.19000000000000128
603053.XSHG,2023-03-27,0.009999999999999787
688499.XSHG,2023-03-27,3.5700000000000216
300468.XSHE,2023-03-27,-0.8800000000000026
688621.XSHG,2023-03-27,-6.290000000000006
600328.XSHG,2023-03-27,0.20000000000000284
603637.XSHG,2023-03-27,0.4400000000000013
600872.XSHG,2023-03-27,13.259999999999991
002189.XSHE,2023-03-27,-0.03999999999999915
002985.XSHE,2023-03-27,1.4399999999999977
688172.XSHG,2023-03-27,0.25
300245.XSHE,2023-03-27,-1.75
601992.XSHG,2023-03-27,0.09999999999999964
300250.XSHE,2023-03-27,-1.1300000000000097
688031.XSHG,2023-03-27,-1.0499999999999972
300092.XSHE,2023-03-27,1.759999999999998
301002.XSHE,2023-03-27,0.16000000000000014
603668.XSHG,2023-03-27,0.16999999999999815
300651.XSHE,2023-03-27,0.18999999999999773
300267.XSHE,2023-03-27,0.0
002656.XSHE,2023-03-27,0.05000000000000071
300825.XSHE,2023-03-27,0.08000000000000185
002870.XSHE,2023-03-27,-0.28999999999999915
601600.XSHG,2023-03-27,0.1200000000000001
300622.XSHE,2023-03-27,0.75
002988.XSHE,2023-03-27,-0.3999999999999986
300894.XSHE,2023-03-27,1.1700000000000017
300388.XSHE,2023-03-27,-1.1000000000000014
301330.XSHE,2023-03-27,-2.1999999999999957
603511.XSHG,2023-03-27,0.14000000000000057
301290.XSHE,2023-03-27,-0.29000000000000625
301237.XSHE,2023-03-27,-0.05999999999999517
000037.XSHE,2023-03-27,0.759999999999998
300265.XSHE,2023-03-27,-0.259999999999998
600663.XSHG,2023-03-27,5.299999999999983
301030.XSHE,2023-03-27,-0.9500000000000028
002984.XSHE,2023-03-27,-0.4299999999999997
600390.XSHG,2023-03-27,0.259999999999998
603115.XSHG,2023-03-27,0.14000000000000057
603439.XSHG,2023-03-27,0.010000000000001563
002569.XSHE,2023-03-27,-0.009999999999999787
600744.XSHG,2023-03-27,0.08999999999999986
002883.XSHE,2023-03-27,0.46999999999999886
600694.XSHG,2023-03-27,-1.3799999999999955
603987.XSHG,2023-03-27,-1.1199999999999974
002138.XSHE,2023-03-27,2.9599999999999795
000623.XSHE,2023-03-27,3.1200000000000045
002826.XSHE,2023-03-27,-0.009999999999999787
300517.XSHE,2023-03-27,-0.3500000000000014
603226.XSHG,2023-03-27,0.5
000586.XSHE,2023-03-27,-4.230000000000004
300259.XSHE,2023-03-27,-0.6099999999999994
301004.XSHE,2023-03-27,0.4499999999999993
605158.XSHG,2023-03-27,0.21999999999999886
000616.XSHE,2023-03-27,0.29000000000000625
001209.XSHE,2023-03-27,0.25
600393.XSHG,2023-03-27,0.17999999999999972
300222.XSHE,2023-03-27,-0.6399999999999935
300881.XSHE,2023-03-27,-0.6600000000000037
002658.XSHE,2023-03-27,0.20000000000000284
688265.XSHG,2023-03-27,0.6300000000000026
002466.XSHE,2023-03-27,-3.6499999999999773
000965.XSHE,2023-03-27,0.4299999999999997
300045.XSHE,2023-03-27,-1.230000000000004
603901.XSHG,2023-03-27,1.1800000000000068
688213.XSHG,2023-03-27,2.1000000000000014
600250.XSHG,2023-03-27,-0.030000000000001137
002156.XSHE,2023-03-27,0.45000000000000284
000038.XSHE,2023-03-27,-0.34999999999999964
000686.XSHE,2023-03-27,-0.4200000000000017
300509.XSHE,2023-03-27,0.0799999999999983
300624.XSHE,2023-03-27,-9.699999999999989
603221.XSHG,2023-03-27,0.05000000000000071
002199.XSHE,2023-03-27,0.33999999999999986
002848.XSHE,2023-03-27,-0.23000000000000043
000029.XSHE,2023-03-27,0.6900000000000013
603839.XSHG,2023-03-27,0.25
600300.XSHG,2023-03-27,0.3000000000000007
300939.XSHE,2023-03-27,0.7800000000000011
600919.XSHG,2023-03-27,0.08999999999999986
688633.XSHG,2023-03-27,0.8900000000000006
301066.XSHE,2023-03-27,0.17999999999999972
000667.XSHE,2023-03-27,0.7700000000000031
603017.XSHG,2023-03-27,-0.3400000000000034
600702.XSHG,2023-03-27,4.889999999999986
002529.XSHE,2023-03-27,0.019999999999999574
603855.XSHG,2023-03-27,-0.5700000000000003
300809.XSHE,2023-03-27,-0.8400000000000034
600989.XSHG,2023-03-27,0.4900000000000002
300722.XSHE,2023-03-27,-0.3999999999999915
601100.XSHG,2023-03-27,-2.6799999999999784
300606.XSHE,2023-03-27,-0.060000000000002274
601718.XSHG,2023-03-27,0.06999999999999984
002603.XSHE,2023-03-27,-0.7199999999999989
002592.XSHE,2023-03-27,-0.47000000000000064
300244.XSHE,2023-03-27,-11.300000000000011
002214.XSHE,2023-03-27,-0.9200000000000017
002250.XSHE,2023-03-27,0.0
002524.XSHE,2023-03-27,0.3200000000000003
300941.XSHE,2023-03-27,-0.09999999999999432
600559.XSHG,2023-03-27,-2.019999999999982
300106.XSHE,2023-03-27,0.16999999999999993
300478.XSHE,2023-03-27,0.18999999999999773
603931.XSHG,2023-03-27,-4.210000000000008
601952.XSHG,2023-03-27,-0.120000000000001
300133.XSHE,2023-03-27,3.5800000000000125
688511.XSHG,2023-03-27,0.4299999999999997
000006.XSHE,2023-03-27,3.5399999999999636
300237.XSHE,2023-03-27,0.0
300114.XSHE,2023-03-27,-5.610000000000014
301048.XSHE,2023-03-27,0.1999999999999993
603136.XSHG,2023-03-27,-0.8800000000000097
600487.XSHG,2023-03-27,-0.8599999999999852
688128.XSHG,2023-03-27,0.8300000000000018
603860.XSHG,2023-03-27,-0.5
002580.XSHE,2023-03-27,-0.21000000000000085
688613.XSHG,2023-03-27,-0.4299999999999997
601665.XSHG,2023-03-27,0.04999999999999982
600996.XSHG,2023-03-27,0.07000000000000028
601319.XSHG,2023-03-27,0.13999999999999968
603173.XSHG,2023-03-27,0.870000000000001
600857.XSHG,2023-03-27,0.6900000000000048
688626.XSHG,2023-03-27,-0.259999999999998
000032.XSHE,2023-03-27,3.4000000000000057
688116.XSHG,2023-03-27,-1.7299999999999898
600684.XSHG,2023-03-27,0.990000000000002
300046.XSHE,2023-03-27,-0.04000000000000625
300211.XSHE,2023-03-27,1.1800000000000068
002935.XSHE,2023-03-27,0.04999999999999716
000785.XSHE,2023-03-27,0.46999999999999886
000800.XSHE,2023-03-27,0.23999999999999844
301391.XSHE,2023-03-27,-3.4799999999999898
688718.XSHG,2023-03-27,-0.16000000000000014
600671.XSHG,2023-03-27,0.46000000000000085
603909.XSHG,2023-03-27,1.4600000000000044
002779.XSHE,2023-03-27,0.2600000000000051
600026.XSHG,2023-03-27,-0.21000000000000085
002750.XSHE,2023-03-27,-0.25
601208.XSHG,2023-03-27,0.6199999999999974
300660.XSHE,2023-03-27,-2.680000000000007
688561.XSHG,2023-03-27,0.18000000000000682
600094.XSHG,2023-03-27,0.17999999999999972
002780.XSHE,2023-03-27,0.5100000000000016
002445.XSHE,2023-03-27,0.07000000000000028
600527.XSHG,2023-03-27,0.5300000000000011
002586.XSHE,2023-03-27,0.740000000000002
688401.XSHG,2023-03-27,-0.14000000000000057
688141.XSHG,2023-03-27,2.6299999999999955
002716.XSHE,2023-03-27,-0.03999999999999915
601908.XSHG,2023-03-27,-0.129999999999999
002599.XSHE,2023-03-27,1.6699999999999982
301239.XSHE,2023-03-27,-1.1800000000000068
000709.XSHE,2023-03-27,0.5500000000000007
603876.XSHG,2023-03-27,-1.230000000000004
000860.XSHE,2023-03-27,0.05999999999998806
300217.XSHE,2023-03-27,0.7900000000000063
600225.XSHG,2023-03-27,-0.05999999999999872
603833.XSHG,2023-03-27,4.570000000000022
603867.XSHG,2023-03-27,2.6700000000000017
002139.XSHE,2023-03-27,1.3599999999999852
000518.XSHE,2023-03-27,0.16000000000000014
002212.XSHE,2023-03-27,-0.07000000000000028
000711.XSHE,2023-03-27,0.6000000000000014
003029.XSHE,2023-03-27,-0.5700000000000003
600565.XSHG,2023-03-27,0.490000000000002
000735.XSHE,2023-03-27,-0.5399999999999991
688314.XSHG,2023-03-27,0.8300000000000054
002016.XSHE,2023-03-27,0.6999999999999957
002161.XSHE,2023-03-27,0.4299999999999997
605081.XSHG,2023-03-27,-0.10999999999999943
300314.XSHE,2023-03-27,-0.269999999999996
603308.XSHG,2023-03-27,-0.17999999999999972
688326.XSHG,2023-03-27,1.2300000000000182
301228.XSHE,2023-03-27,0.08999999999999986
600057.XSHG,2023-03-27,0.11000000000001364
688338.XSHG,2023-03-27,-0.21000000000000085
300470.XSHE,2023-03-27,-0.3100000000000023
601330.XSHG,2023-03-27,0.0600000000000005
301313.XSHE,2023-03-27,0.6000000000000014
002483.XSHE,2023-03-27,-0.4400000000000013
688317.XSHG,2023-03-27,-0.8200000000000003
688318.XSHG,2023-03-27,-13.210000000000008
300004.XSHE,2023-03-27,-0.120000000000001
605567.XSHG,2023-03-27,0.07000000000000028
605228.XSHG,2023-03-27,-0.03999999999999915
688176.XSHG,2023-03-27,0.28999999999999915
002861.XSHE,2023-03-27,0.00999999999999801
000795.XSHE,2023-03-27,-0.08000000000000185
301338.XSHE,2023-03-27,0.7700000000000031
603986.XSHG,2023-03-27,21.799999999999955
603291.XSHG,2023-03-27,-1.4099999999999993
000021.XSHE,2023-03-27,6.47999999999999
600422.XSHG,2023-03-27,-5.3700000000000045
002417.XSHE,2023-03-27,0.25
603836.XSHG,2023-03-27,-0.4299999999999997
688711.XSHG,2023-03-27,2.8900000000000006
002917.XSHE,2023-03-27,0.5399999999999991
002420.XSHE,2023-03-27,0.0
600581.XSHG,2023-03-27,0.5300000000000011
002666.XSHE,2023-03-27,0.0
000632.XSHE,2023-03-27,0.22999999999999687
000949.XSHE,2023-03-27,0.14000000000000057
002324.XSHE,2023-03-27,-1.2199999999999989
301317.XSHE,2023-03-27,-0.6800000000000033
603056.XSHG,2023-03-27,0.28000000000000114
688786.XSHG,2023-03-27,1.4400000000000048
600688.XSHG,2023-03-27,0.08000000000000007
603321.XSHG,2023-03-27,0.05999999999999961
000813.XSHE,2023-03-27,0.129999999999999
603216.XSHG,2023-03-27,0.129999999999999
002681.XSHE,2023-03-27,-1.5899999999999963
600306.XSHG,2023-03-27,-0.8099999999999987
688596.XSHG,2023-03-27,0.28000000000000114
002578.XSHE,2023-03-27,0.10999999999999943
301270.XSHE,2023-03-27,0.5499999999999972
300030.XSHE,2023-03-27,-1.0700000000000003
688345.XSHG,2023-03-27,0.07000000000000028
300414.XSHE,2023-03-27,0.46999999999999886
603829.XSHG,2023-03-27,-0.08999999999999986
002819.XSHE,2023-03-27,-0.4399999999999977
002335.XSHE,2023-03-27,-3.240000000000009
688722.XSHG,2023-03-27,0.4400000000000013
688560.XSHG,2023-03-27,-0.9799999999999969
600513.XSHG,2023-03-27,0.46000000000000796
300818.XSHE,2023-03-27,-0.4200000000000017
002241.XSHE,2023-03-27,9.059999999999945
603615.XSHG,2023-03-27,0.08000000000000007
300410.XSHE,2023-03-27,-0.25
605339.XSHG,2023-03-27,-0.23000000000000043
603388.XSHG,2023-03-27,-0.6600000000000001
603051.XSHG,2023-03-27,-0.13000000000000256
300395.XSHE,2023-03-27,-1.1400000000000432
002655.XSHE,2023-03-27,-0.5400000000000063
601015.XSHG,2023-03-27,-0.2599999999999998
603726.XSHG,2023-03-27,0.14000000000000057
002909.XSHE,2023-03-27,-0.46999999999999886
002992.XSHE,2023-03-27,0.3499999999999943
002732.XSHE,2023-03-27,0.19000000000000128
300506.XSHE,2023-03-27,0.240000000000002
603018.XSHG,2023-03-27,-3.4599999999999937
000759.XSHE,2023-03-27,0.21999999999999886
002582.XSHE,2023-03-27,0.36999999999999744
603759.XSHG,2023-03-27,-0.010000000000001563
000510.XSHE,2023-03-27,-0.5700000000000074
600708.XSHG,2023-03-27,0.629999999999999
301219.XSHE,2023-03-27,1.1000000000000085
000592.XSHE,2023-03-27,0.18999999999999773
600908.XSHG,2023-03-27,0.03000000000000025
600785.XSHG,2023-03-27,1.6800000000000068
300326.XSHE,2023-03-27,-2.030000000000001
300262.XSHE,2023-03-27,0.25
600076.XSHG,2023-03-27,0.14000000000000057
002849.XSHE,2023-03-27,0.28000000000000114
600408.XSHG,2023-03-27,0.16999999999999993
002043.XSHE,2023-03-27,1.5499999999999972
600743.XSHG,2023-03-27,0.980000000000004
000025.XSHE,2023-03-27,-0.5500000000000043
301045.XSHE,2023-03-27,-0.240000000000002
002298.XSHE,2023-03-27,0.05999999999999872
300342.XSHE,2023-03-27,-1.1499999999999986
605151.XSHG,2023-03-27,0.25
605499.XSHG,2023-03-27,4.230000000000018
301122.XSHE,2023-03-27,0.3400000000000034
000010.XSHE,2023-03-27,0.5300000000000011
002151.XSHE,2023-03-27,4.969999999999999
002209.XSHE,2023-03-27,-0.3299999999999983
300095.XSHE,2023-03-27,0.5399999999999991
688313.XSHG,2023-03-27,-0.09999999999999964
600886.XSHG,2023-03-27,-1.009999999999991
600595.XSHG,2023-03-27,0.3200000000000003
600010.XSHG,2023-03-27,0.1700000000000017
002003.XSHE,2023-03-27,10.069999999999993
300322.XSHE,2023-03-27,-0.3100000000000023
300709.XSHE,2023-03-27,1.2100000000000009
300586.XSHE,2023-03-27,-0.4899999999999949
002106.XSHE,2023-03-27,0.03999999999999915
300393.XSHE,2023-03-27,-0.35999999999999943
600884.XSHG,2023-03-27,10.370000000000005
300654.XSHE,2023-03-27,0.28000000000000114
002980.XSHE,2023-03-27,0.6599999999999966
600815.XSHG,2023-03-27,0.129999999999999
002692.XSHE,2023-03-27,0.03999999999999915
300857.XSHE,2023-03-27,-0.07000000000000028
688261.XSHG,2023-03-27,8.140000000000015
300566.XSHE,2023-03-27,-0.8599999999999994
002803.XSHE,2023-03-27,-2.549999999999997
002630.XSHE,2023-03-27,-0.3000000000000007
002424.XSHE,2023-03-27,0.5400000000000063
300510.XSHE,2023-03-27,0.060000000000002274
601816.XSHG,2023-03-27,0.05999999999999961
300463.XSHE,2023-03-27,-0.8900000000000006
688393.XSHG,2023-03-27,-1.120000000000001
000725.XSHE,2023-03-27,0.4200000000000017
688105.XSHG,2023-03-27,-0.5800000000000054
300532.XSHE,2023-03-27,-0.7999999999999972
603609.XSHG,2023-03-27,0.10000000000000142
002800.XSHE,2023-03-27,-0.47000000000000597
300872.XSHE,2023-03-27,-0.35999999999999943
600216.XSHG,2023-03-27,0.4399999999999977
603015.XSHG,2023-03-27,-0.019999999999999574
301212.XSHE,2023-03-27,1.2100000000000009
002635.XSHE,2023-03-27,-0.10000000000000853
002624.XSHE,2023-03-27,0.8900000000000006
002326.XSHE,2023-03-27,1.4399999999999977
002583.XSHE,2023-03-27,-1.4099999999999966
301211.XSHE,2023-03-27,-0.8900000000000006
603073.XSHG,2023-03-27,-0.060000000000002274
002278.XSHE,2023-03-27,0.3600000000000012
605336.XSHG,2023-03-27,0.14000000000000057
002123.XSHE,2023-03-27,-7.269999999999996
300353.XSHE,2023-03-27,-0.8499999999999943
300148.XSHE,2023-03-27,0.17999999999999972
600905.XSHG,2023-03-27,0.04999999999999982
300540.XSHE,2023-03-27,-0.05000000000000071
301041.XSHE,2023-03-27,0.5599999999999987
600594.XSHG,2023-03-27,0.1700000000000017
300168.XSHE,2023-03-27,-2.219999999999999
002413.XSHE,2023-03-27,-0.10000000000000142
002474.XSHE,2023-03-27,-0.38000000000000256
605183.XSHG,2023-03-27,-0.07000000000000028
000600.XSHE,2023-03-27,1.4399999999999977
300016.XSHE,2023-03-27,-1.3499999999999943
002022.XSHE,2023-03-27,1.259999999999991
300805.XSHE,2023-03-27,0.040000000000000924
688099.XSHG,2023-03-27,-0.37000000000000455
002713.XSHE,2023-03-27,-0.41999999999999815
300816.XSHE,2023-03-27,-4.949999999999996
600171.XSHG,2023-03-27,0.8999999999999986
300541.XSHE,2023-03-27,1.1699999999999946
002498.XSHE,2023-03-27,-0.3299999999999983
300897.XSHE,2023-03-27,0.15000000000000213
300568.XSHE,2023-03-27,0.13999999999998636
600435.XSHG,2023-03-27,2.839999999999975
600764.XSHG,2023-03-27,2.009999999999991
002176.XSHE,2023-03-27,0.7800000000000011
300925.XSHE,2023-03-27,-2.0
688305.XSHG,2023-03-27,-0.3100000000000023
002211.XSHE,2023-03-27,0.03000000000000025
000606.XSHE,2023-03-27,0.0
603225.XSHG,2023-03-27,-0.759999999999998
002342.XSHE,2023-03-27,0.09999999999999964
300669.XSHE,2023-03-27,1.0800000000000018
000998.XSHE,2023-03-27,-0.45000000000001705
600967.XSHG,2023-03-27,0.5799999999999983
002916.XSHE,2023-03-27,1.3499999999999943
601138.XSHG,2023-03-27,-0.6000000000000014
002083.XSHE,2023-03-27,0.16000000000000014
603567.XSHG,2023-03-27,0.0
300311.XSHE,2023-03-27,-0.8099999999999952
601568.XSHG,2023-03-27,0.05999999999999961
301056.XSHE,2023-03-27,0.120000000000001
689009.XSHG,2023-03-27,-0.7199999999999989
300892.XSHE,2023-03-27,-0.08000000000000185
688021.XSHG,2023-03-27,-1.6799999999999997
603038.XSHG,2023-03-27,0.379999999999999
603078.XSHG,2023-03-27,-2.7299999999999898
688153.XSHG,2023-03-27,-2.740000000000002
300685.XSHE,2023-03-27,-2.319999999999993
688506.XSHG,2023-03-27,-2.980000000000004
002028.XSHE,2023-03-27,21.11999999999989
002354.XSHE,2023-03-27,0.22999999999999687
300860.XSHE,2023-03-27,-0.9000000000000057
600917.XSHG,2023-03-27,0.08000000000000007
000812.XSHE,2023-03-27,0.4200000000000017
300563.XSHE,2023-03-27,0.28999999999999915
000831.XSHE,2023-03-27,-0.3300000000000125
600202.XSHG,2023-03-27,-0.09999999999999787
605389.XSHG,2023-03-27,1.4600000000000009
300035.XSHE,2023-03-27,0.8499999999999943
300419.XSHE,2023-03-27,0.0
600992.XSHG,2023-03-27,0.019999999999999574
688119.XSHG,2023-03-27,0.05999999999999961
688198.XSHG,2023-03-27,1.079999999999984
300127.XSHE,2023-03-27,-0.0800000000000054
688091.XSHG,2023-03-27,-1.1300000000000097
300687.XSHE,2023-03-27,-5.320000000000022
002079.XSHE,2023-03-27,-0.3500000000000085
000983.XSHE,2023-03-27,-1.6899999999999977
688131.XSHG,2023-03-27,-4.159999999999997
688359.XSHG,2023-03-27,1.3799999999999955
603917.XSHG,2023-03-27,-0.21999999999999886
688296.XSHG,2023-03-27,-0.5600000000000023
002116.XSHE,2023-03-27,0.3200000000000003
300472.XSHE,2023-03-27,0.8099999999999987
688165.XSHG,2023-03-27,-0.1899999999999995
300255.XSHE,2023-03-27,-0.3200000000000003
301098.XSHE,2023-03-27,0.0
002423.XSHE,2023-03-27,0.04999999999999982
002108.XSHE,2023-03-27,0.1700000000000017
300392.XSHE,2023-03-27,0.29999999999999716
688247.XSHG,2023-03-27,-0.40000000000000036
600674.XSHG,2023-03-27,3.3899999999999864
300531.XSHE,2023-03-27,-0.6400000000000006
002968.XSHE,2023-03-27,-0.4899999999999949
600029.XSHG,2023-03-27,0.0
002051.XSHE,2023-03-27,-2.450000000000003
000762.XSHE,2023-03-27,1.490000000000009
603688.XSHG,2023-03-27,-5.340000000000003
601199.XSHG,2023-03-27,1.1199999999999974
002550.XSHE,2023-03-27,-0.30000000000000426
300567.XSHE,2023-03-27,0.710000000000008
600530.XSHG,2023-03-27,0.25
300120.XSHE,2023-03-27,0.14000000000000057
002380.XSHE,2023-03-27,-3.6599999999999966
300633.XSHE,2023-03-27,-1.4799999999999969
301398.XSHE,2023-03-27,-0.28000000000000114
000850.XSHE,2023-03-27,0.5499999999999972
000411.XSHE,2023-03-27,0.259999999999998
300013.XSHE,2023-03-27,0.2699999999999996
300253.XSHE,2023-03-27,-31.439999999999998
600378.XSHG,2023-03-27,4.069999999999993
688217.XSHG,2023-03-27,-0.9799999999999969
002958.XSHE,2023-03-27,0.029999999999999805
688222.XSHG,2023-03-27,-3.580000000000002
601928.XSHG,2023-03-27,-0.8200000000000003
600051.XSHG,2023-03-27,0.240000000000002
600491.XSHG,2023-03-27,0.6600000000000037
688251.XSHG,2023-03-27,-1.269999999999996
688370.XSHG,2023-03-27,0.490000000000002
002493.XSHE,2023-03-27,-12.75
301282.XSHE,2023-03-27,0.3000000000000007
000957.XSHE,2023-03-27,0.3100000000000023
002080.XSHE,2023-03-27,3.8599999999999994
002202.XSHE,2023-03-27,-0.8900000000000006
002697.XSHE,2023-03-27,0.0
603189.XSHG,2023-03-27,0.2900000000000027
603680.XSHG,2023-03-27,0.3500000000000014
688016.XSHG,2023-03-27,-2.25
301015.XSHE,2023-03-27,-0.17999999999999972
300799.XSHE,2023-03-27,4.019999999999982
300070.XSHE,2023-03-27,0.9300000000000068
300911.XSHE,2023-03-27,1.1000000000000014
001207.XSHE,2023-03-27,-0.1700000000000017
600793.XSHG,2023-03-27,0.019999999999999574
600483.XSHG,2023-03-27,1.8399999999999963
600831.XSHG,2023-03-27,-2.259999999999998
600295.XSHG,2023-03-27,0.6500000000000057
688084.XSHG,2023-03-27,-2.269999999999996
002235.XSHE,2023-03-27,0.8199999999999932
300847.XSHE,2023-03-27,0.8200000000000003
600518.XSHG,2023-03-27,1.9300000000000068
688248.XSHG,2023-03-27,-0.35999999999999943
688608.XSHG,2023-03-27,-2.030000000000001
000612.XSHE,2023-03-27,0.20000000000000284
300562.XSHE,2023-03-27,-1.0500000000000043
688011.XSHG,2023-03-27,0.129999999999999
688285.XSHG,2023-03-27,0.41999999999999993
603366.XSHG,2023-03-27,0.08000000000000007
002458.XSHE,2023-03-27,-2.6499999999999915
002643.XSHE,2023-03-27,-0.5300000000000011
605086.XSHG,2023-03-27,0.4299999999999997
300071.XSHE,2023-03-27,1.0
300341.XSHE,2023-03-27,-8.129999999999995
603233.XSHG,2023-03-27,0.44999999999998863
300281.XSHE,2023-03-27,-0.36999999999999744
300680.XSHE,2023-03-27,0.8699999999999974
000333.XSHE,2023-03-27,1.1800000000000068
600222.XSHG,2023-03-27,0.4499999999999993
000665.XSHE,2023-03-27,-0.05999999999999517
300880.XSHE,2023-03-27,0.13000000000000256
600874.XSHG,2023-03-27,0.08999999999999986
002726.XSHE,2023-03-27,-0.03999999999999915
600420.XSHG,2023-03-27,0.6599999999999966
002036.XSHE,2023-03-27,0.4299999999999926
601163.XSHG,2023-03-27,0.1700000000000017
000726.XSHE,2023-03-27,1.3200000000000074
002383.XSHE,2023-03-27,0.3299999999999983
300875.XSHE,2023-03-27,0.5399999999999991
600476.XSHG,2023-03-27,0.8799999999999955
601228.XSHG,2023-03-27,0.010000000000000231
002172.XSHE,2023-03-27,0.0
300987.XSHE,2023-03-27,-0.22000000000000242
603628.XSHG,2023-03-27,0.02000000000000135
688057.XSHG,2023-03-27,0.010000000000001563
001333.XSHE,2023-03-27,-0.33999999999999986
688147.XSHG,2023-03-27,-1.490000000000002
688270.XSHG,2023-03-27,1.7800000000000011
688779.XSHG,2023-03-27,-0.030000000000001137
301278.XSHE,2023-03-27,-1.779999999999987
603429.XSHG,2023-03-27,1.980000000000004
600859.XSHG,2023-03-27,1.1299999999999955
300493.XSHE,2023-03-27,0.23000000000000043
603289.XSHG,2023-03-27,0.3100000000000005
600193.XSHG,2023-03-27,0.2700000000000031
600346.XSHG,2023-03-27,-2.990000000000009
300986.XSHE,2023-03-27,0.10999999999999943
002384.XSHE,2023-03-27,2.969999999999999
000833.XSHE,2023-03-27,0.15000000000000036
600739.XSHG,2023-03-27,1.8799999999999955
600751.XSHG,2023-03-27,-0.6300000000000026
605090.XSHG,2023-03-27,0.379999999999999
300365.XSHE,2023-03-27,-1.7800000000000011
688609.XSHG,2023-03-27,0.2900000000000009
600866.XSHG,2023-03-27,0.8799999999999955
300293.XSHE,2023-03-27,-3.230000000000004
002809.XSHE,2023-03-27,0.40000000000000213
000955.XSHE,2023-03-27,-0.3500000000000014
600893.XSHG,2023-03-27,2.3799999999999955
600301.XSHG,2023-03-27,-0.23000000000000043
688737.XSHG,2023-03-27,0.020000000000003126
002566.XSHE,2023-03-27,0.28000000000000114
601727.XSHG,2023-03-27,0.07000000000000028
300498.XSHE,2023-03-27,-1.0399999999999991
600853.XSHG,2023-03-27,0.379999999999999
002614.XSHE,2023-03-27,0.0
300318.XSHE,2023-03-27,-0.5799999999999983
300738.XSHE,2023-03-27,5.810000000000002
301055.XSHE,2023-03-27,0.11999999999999922
603598.XSHG,2023-03-27,-0.75
301013.XSHE,2023-03-27,0.28999999999999915
000703.XSHE,2023-03-27,-0.8699999999999903
688035.XSHG,2023-03-27,0.9300000000000068
603818.XSHG,2023-03-27,0.2699999999999996
600159.XSHG,2023-03-27,0.35999999999999943
300279.XSHE,2023-03-27,-1.509999999999998
601328.XSHG,2023-03-27,0.040000000000000924
300581.XSHE,2023-03-27,1.9399999999999977
688227.XSHG,2023-03-27,0.36999999999999744
600962.XSHG,2023-03-27,-0.23999999999999844
001331.XSHE,2023-03-27,-0.26000000000000156
300319.XSHE,2023-03-27,0.3999999999999915
605398.XSHG,2023-03-27,-3.4099999999999966
300436.XSHE,2023-03-27,-1.5600000000000023
300464.XSHE,2023-03-27,-0.15000000000000213
300084.XSHE,2023-03-27,0.2699999999999996
002651.XSHE,2023-03-27,0.0
002163.XSHE,2023-03-27,1.5899999999999963
688496.XSHG,2023-03-27,0.030000000000001137
300716.XSHE,2023-03-27,-0.9000000000000021
600285.XSHG,2023-03-27,-1.3100000000000023
002869.XSHE,2023-03-27,0.6899999999999977
002920.XSHE,2023-03-27,0.8700000000000045
601166.XSHG,2023-03-27,0.7999999999999972
002542.XSHE,2023-03-27,0.5700000000000003
300153.XSHE,2023-03-27,-0.30999999999999517
002752.XSHE,2023-03-27,0.3000000000000007
000573.XSHE,2023-03-27,0.4800000000000004
002887.XSHE,2023-03-27,0.720000000000006
603268.XSHG,2023-03-27,0.00999999999999801
301169.XSHE,2023-03-27,-4.230000000000004
002288.XSHE,2023-03-27,0.0
000736.XSHE,2023-03-27,0.9599999999999937
600533.XSHG,2023-03-27,0.5799999999999983
603948.XSHG,2023-03-27,-0.030000000000001137
605289.XSHG,2023-03-27,-0.25
002378.XSHE,2023-03-27,0.129999999999999
601658.XSHG,2023-03-27,0.08000000000000007
002649.XSHE,2023-03-27,-0.8100000000000023
300041.XSHE,2023-03-27,-0.9099999999999966
301060.XSHE,2023-03-27,-1.1400000000000006
000571.XSHE,2023-03-27,0.0
603590.XSHG,2023-03-27,-2.4100000000000037
600106.XSHG,2023-03-27,0.75
002937.XSHE,2023-03-27,1.4199999999999946
002421.XSHE,2023-03-27,-1.9899999999999949
300913.XSHE,2023-03-27,-0.09000000000000341
301087.XSHE,2023-03-27,-0.769999999999996
300850.XSHE,2023-03-27,-6.300000000000011
002919.XSHE,2023-03-27,-0.10999999999999943
300150.XSHE,2023-03-27,-0.1999999999999993
601686.XSHG,2023-03-27,0.0699999999999994
603825.XSHG,2023-03-27,0.2099999999999973
001222.XSHE,2023-03-27,0.28000000000000114
002347.XSHE,2023-03-27,-0.16000000000000014
300910.XSHE,2023-03-27,0.46999999999999886
600176.XSHG,2023-03-27,1.6100000000000136
002321.XSHE,2023-03-27,0.05999999999999961
300269.XSHE,2023-03-27,0.0400000000000027
300236.XSHE,2023-03-27,1.7099999999999937
300856.XSHE,2023-03-27,0.769999999999996
300346.XSHE,2023-03-27,7.6200000000000045
300736.XSHE,2023-03-27,0.04999999999999716
300879.XSHE,2023-03-27,-0.3200000000000003
301168.XSHE,2023-03-27,-0.8500000000000014
300607.XSHE,2023-03-27,-2.030000000000001
603801.XSHG,2023-03-27,1.8900000000000006
300638.XSHE,2023-03-27,-1.4799999999999898
600456.XSHG,2023-03-27,1.3199999999999932
601156.XSHG,2023-03-27,0.09999999999999964
000917.XSHE,2023-03-27,-0.39000000000000057
000603.XSHE,2023-03-27,0.0
002791.XSHE,2023-03-27,2.780000000000001
300416.XSHE,2023-03-27,4.610000000000014
002515.XSHE,2023-03-27,-1.5599999999999952
300379.XSHE,2023-03-27,-3.530000000000001
600587.XSHG,2023-03-27,-0.6200000000000045
300748.XSHE,2023-03-27,0.6599999999999966
600299.XSHG,2023-03-27,-0.17999999999999972
601618.XSHG,2023-03-27,0.07000000000000028
301181.XSHE,2023-03-27,0.509999999999998
688032.XSHG,2023-03-27,-8.3599999999999
002847.XSHE,2023-03-27,-4.609999999999985
603665.XSHG,2023-03-27,0.5200000000000031
300074.XSHE,2023-03-27,0.6799999999999997
600807.XSHG,2023-03-27,0.39000000000000057
688004.XSHG,2023-03-27,-0.45000000000000284
301285.XSHE,2023-03-27,0.02999999999999936
603255.XSHG,2023-03-27,-0.3400000000000034
600526.XSHG,2023-03-27,0.240000000000002
688297.XSHG,2023-03-27,0.25
002882.XSHE,2023-03-27,-1.0500000000000007
603950.XSHG,2023-03-27,0.4299999999999997
300182.XSHE,2023-03-27,6.47999999999999
688366.XSHG,2023-03-27,-0.39000000000000057
301052.XSHE,2023-03-27,-0.5700000000000003
603800.XSHG,2023-03-27,-0.18999999999999773
300575.XSHE,2023-03-27,0.980000000000004
600560.XSHG,2023-03-27,-0.5600000000000023
603333.XSHG,2023-03-27,0.02999999999999936
300610.XSHE,2023-03-27,-0.019999999999999574
301040.XSHE,2023-03-27,-0.7899999999999991
300351.XSHE,2023-03-27,-1.3100000000000023
301093.XSHE,2023-03-27,1.0799999999999983
603815.XSHG,2023-03-27,0.13000000000000078
002667.XSHE,2023-03-27,0.45000000000000284
600509.XSHG,2023-03-27,0.0
603390.XSHG,2023-03-27,0.010000000000000675
000638.XSHE,2023-03-27,0.17999999999999972
300031.XSHE,2023-03-27,2.920000000000016
688067.XSHG,2023-03-27,0.22000000000000242
600511.XSHG,2023-03-27,3.4099999999999966
000547.XSHE,2023-03-27,1.259999999999991
688150.XSHG,2023-03-27,0.9000000000000021
300873.XSHE,2023-03-27,0.5
300089.XSHE,2023-03-27,0.03999999999999915
688271.XSHG,2023-03-27,-6.969999999999999
688109.XSHG,2023-03-27,-0.9699999999999989
000788.XSHE,2023-03-27,-0.03999999999999915
300998.XSHE,2023-03-27,-0.21999999999999886
600197.XSHG,2023-03-27,2.3400000000000034
603755.XSHG,2023-03-27,0.36999999999999744
601188.XSHG,2023-03-27,0.09999999999999964
603583.XSHG,2023-03-27,-0.38000000000000966
300663.XSHE,2023-03-27,0.8800000000000026
300637.XSHE,2023-03-27,-0.6099999999999994
688093.XSHG,2023-03-27,0.5500000000000007
600760.XSHG,2023-03-27,5.92999999999995
688356.XSHG,2023-03-27,-0.9099999999999966
301150.XSHE,2023-03-27,0.9699999999999989
600388.XSHG,2023-03-27,-2.0600000000000023
000707.XSHE,2023-03-27,0.10000000000000142
000948.XSHE,2023-03-27,-0.259999999999998
300018.XSHE,2023-03-27,-0.46000000000000085
300676.XSHE,2023-03-27,-10.959999999999994
000590.XSHE,2023-03-27,0.10000000000000142
300932.XSHE,2023-03-27,-0.060000000000002274
301031.XSHE,2023-03-27,3.8400000000000034
600351.XSHG,2023-03-27,-0.45000000000000284
301192.XSHE,2023-03-27,0.14000000000000057
002073.XSHE,2023-03-27,1.1000000000000085
600798.XSHG,2023-03-27,0.1700000000000017
601233.XSHG,2023-03-27,-0.509999999999998
600711.XSHG,2023-03-27,0.5
688448.XSHG,2023-03-27,0.5299999999999976
601696.XSHG,2023-03-27,-0.02999999999999936
600858.XSHG,2023-03-27,0.28000000000000114
002544.XSHE,2023-03-27,1.0900000000000034
002829.XSHE,2023-03-27,0.5600000000000023
300221.XSHE,2023-03-27,0.13000000000000256
002793.XSHE,2023-03-27,0.14000000000000057
002622.XSHE,2023-03-27,-0.23000000000000043
300893.XSHE,2023-03-27,-0.8299999999999983
603660.XSHG,2023-03-27,0.09999999999999964
688498.XSHG,2023-03-27,9.449999999999989
002308.XSHE,2023-03-27,-0.21999999999999886
300069.XSHE,2023-03-27,-0.28000000000000114
603190.XSHG,2023-03-27,0.389999999999997
688383.XSHG,2023-03-27,-3.3700000000000045
000688.XSHE,2023-03-27,1.4599999999999937
000750.XSHE,2023-03-27,0.0
600779.XSHG,2023-03-27,4.739999999999952
600461.XSHG,2023-03-27,0.5
688689.XSHG,2023-03-27,0.41000000000000014
300413.XSHE,2023-03-27,-3.8200000000000074
000963.XSHE,2023-03-27,-9.919999999999959
688690.XSHG,2023-03-27,2.4499999999999957
600206.XSHG,2023-03-27,-0.7999999999999972
002742.XSHE,2023-03-27,1.2699999999999996
000155.XSHE,2023-03-27,0.11999999999999744
300997.XSHE,2023-03-27,0.379999999999999
002801.XSHE,2023-03-27,-0.6700000000000017
603607.XSHG,2023-03-27,1.0300000000000011
300693.XSHE,2023-03-27,1.160000000000025
002572.XSHE,2023-03-27,12.580000000000041
301260.XSHE,2023-03-27,0.1999999999999993
601333.XSHG,2023-03-27,0.050000000000000266
603595.XSHG,2023-03-27,0.710000000000008
300953.XSHE,2023-03-27,0.5799999999999983
601101.XSHG,2023-03-27,0.0
300942.XSHE,2023-03-27,-0.259999999999998
603238.XSHG,2023-03-27,0.16000000000000014
601238.XSHG,2023-03-27,0.0
002469.XSHE,2023-03-27,0.269999999999996
002304.XSHE,2023-03-27,9.139999999999986
688387.XSHG,2023-03-27,0.0
600475.XSHG,2023-03-27,-0.05000000000000426
300208.XSHE,2023-03-27,-0.3100000000000023
001270.XSHE,2023-03-27,-5.820000000000007
300845.XSHE,2023-03-27,-0.8000000000000007
600778.XSHG,2023-03-27,-0.0799999999999983
601599.XSHG,2023-03-27,0.09999999999999964
300383.XSHE,2023-03-27,-0.8100000000000023
600603.XSHG,2023-03-27,18.47999999999979
300549.XSHE,2023-03-27,-0.4800000000000004
000756.XSHE,2023-03-27,0.7399999999999949
000563.XSHE,2023-03-27,0.1700000000000017
300305.XSHE,2023-03-27,-0.4399999999999977
002217.XSHE,2023-03-27,-0.4499999999999993
301033.XSHE,2023-03-27,0.8599999999999994
300960.XSHE,2023-03-27,0.18000000000000327
300378.XSHE,2023-03-27,-1.8800000000000026
300715.XSHE,2023-03-27,-0.10999999999999943
300316.XSHE,2023-03-27,-7.779999999999973
300643.XSHE,2023-03-27,-0.16000000000000014
600123.XSHG,2023-03-27,-0.5
002048.XSHE,2023-03-27,1.1499999999999915
603087.XSHG,2023-03-27,-1.1899999999999977
603108.XSHG,2023-03-27,-1.5499999999999972
601006.XSHG,2023-03-27,0.14999999999999858
600664.XSHG,2023-03-27,0.10999999999999943
000892.XSHE,2023-03-27,0.0
600373.XSHG,2023-03-27,-3.3299999999999983
000540.XSHE,2023-03-27,0.8199999999999932
002932.XSHE,2023-03-27,-2.0100000000000193
300094.XSHE,2023-03-27,0.3199999999999985
002596.XSHE,2023-03-27,0.25
603733.XSHG,2023-03-27,0.10999999999999943
000975.XSHE,2023-03-27,0.7299999999999898
001300.XSHE,2023-03-27,0.08999999999999986
000803.XSHE,2023-03-27,0.8499999999999943
300990.XSHE,2023-03-27,-1.0
603367.XSHG,2023-03-27,0.0
300025.XSHE,2023-03-27,0.8000000000000043
001337.XSHE,2023-03-27,-0.6799999999999997
002318.XSHE,2023-03-27,1.9100000000000108
688300.XSHG,2023-03-27,3.0900000000000034
600496.XSHG,2023-03-27,0.29999999999999716
000566.XSHE,2023-03-27,-0.8999999999999986
600761.XSHG,2023-03-27,-13.100000000000023
603968.XSHG,2023-03-27,0.6099999999999994
600358.XSHG,2023-03-27,-0.13999999999999702
002190.XSHE,2023-03-27,0.740000000000002
600130.XSHG,2023-03-27,-0.3000000000000007
301306.XSHE,2023-03-27,0.23999999999999488
688183.XSHG,2023-03-27,0.4399999999999995
300691.XSHE,2023-03-27,0.8999999999999986
688058.XSHG,2023-03-27,-3.759999999999991
688047.XSHG,2023-03-27,2.359999999999985
300360.XSHE,2023-03-27,-0.519999999999996
300721.XSHE,2023-03-27,-2.0799999999999983
002259.XSHE,2023-03-27,-0.20999999999999908
605155.XSHG,2023-03-27,0.10000000000000142
688519.XSHG,2023-03-27,0.35999999999999943
002287.XSHE,2023-03-27,-0.4199999999999946
603578.XSHG,2023-03-27,0.7799999999999976
600593.XSHG,2023-03-27,-0.2099999999999973
688018.XSHG,2023-03-27,5.430000000000007
301113.XSHE,2023-03-27,0.17999999999999972
300124.XSHE,2023-03-27,-23.179999999999836
300791.XSHE,2023-03-27,2.589999999999989
300280.XSHE,2023-03-27,-0.26000000000000156
300376.XSHE,2023-03-27,-0.9300000000000068
600715.XSHG,2023-03-27,-0.08000000000000007
600756.XSHG,2023-03-27,0.5300000000000011
688191.XSHG,2023-03-27,1.5800000000000018
600569.XSHG,2023-03-27,0.08000000000000007
002121.XSHE,2023-03-27,0.46999999999999886
000837.XSHE,2023-03-27,-0.6099999999999994
002408.XSHE,2023-03-27,-0.7900000000000063
600037.XSHG,2023-03-27,0.45000000000000284
002997.XSHE,2023-03-27,0.07000000000000028
000519.XSHE,2023-03-27,2.1200000000000045
000560.XSHE,2023-03-27,0.3200000000000003
002842.XSHE,2023-03-27,0.25
300099.XSHE,2023-03-27,0.4399999999999977
300123.XSHE,2023-03-27,-2.549999999999997
300852.XSHE,2023-03-27,1.779999999999987
603113.XSHG,2023-03-27,-0.15000000000000036
002893.XSHE,2023-03-27,0.120000000000001
605258.XSHG,2023-03-27,0.3099999999999987
300547.XSHE,2023-03-27,3.0900000000000034
300027.XSHE,2023-03-27,0.14999999999999858
301073.XSHE,2023-03-27,0.6000000000000085
603002.XSHG,2023-03-27,-0.03999999999999915
002388.XSHE,2023-03-27,0.23999999999999844
002059.XSHE,2023-03-27,-0.2599999999999998
300486.XSHE,2023-03-27,-0.08999999999999986
603280.XSHG,2023-03-27,0.6400000000000006
000629.XSHE,2023-03-27,0.46999999999999886
300019.XSHE,2023-03-27,2.3100000000000023
002796.XSHE,2023-03-27,0.490000000000002
300523.XSHE,2023-03-27,-1.1299999999999955
301063.XSHE,2023-03-27,-0.8300000000000018
301160.XSHE,2023-03-27,0.12000000000000455
600804.XSHG,2023-03-27,1.7100000000000009
002690.XSHE,2023-03-27,-0.6200000000000045
688023.XSHG,2023-03-27,1.740000000000009
600261.XSHG,2023-03-27,0.6600000000000108
002900.XSHE,2023-03-27,0.3000000000000007
000681.XSHE,2023-03-27,4.939999999999998
002970.XSHE,2023-03-27,-0.5700000000000003
001316.XSHE,2023-03-27,0.46000000000000085
688192.XSHG,2023-03-27,3.049999999999997
600114.XSHG,2023-03-27,1.5200000000000031
688426.XSHG,2023-03-27,1.3599999999999994
000045.XSHE,2023-03-27,0.5600000000000023
600063.XSHG,2023-03-27,-1.5499999999999972
002969.XSHE,2023-03-27,0.08999999999999986
603977.XSHG,2023-03-27,0.1700000000000017
600673.XSHG,2023-03-27,-2.6700000000000017
600338.XSHG,2023-03-27,-0.8500000000000014
600383.XSHG,2023-03-27,2.039999999999992
603106.XSHG,2023-03-27,0.22000000000000064
603779.XSHG,2023-03-27,0.33000000000000007
603500.XSHG,2023-03-27,0.6699999999999982
300749.XSHE,2023-03-27,0.16000000000000014
002557.XSHE,2023-03-27,2.039999999999992
002169.XSHE,2023-03-27,-0.22999999999999687
600686.XSHG,2023-03-27,0.7999999999999972
603738.XSHG,2023-03-27,2.0900000000000034
688069.XSHG,2023-03-27,-0.10999999999999943
600584.XSHG,2023-03-27,1.460000000000008
603028.XSHG,2023-03-27,0.25
300753.XSHE,2023-03-27,-0.9499999999999993
301230.XSHE,2023-03-27,-5.959999999999994
603535.XSHG,2023-03-27,0.7299999999999969
600419.XSHG,2023-03-27,-0.20000000000000284
603629.XSHG,2023-03-27,-0.16999999999999815
688078.XSHG,2023-03-27,-0.9299999999999997
002270.XSHE,2023-03-27,0.07000000000000028
002747.XSHE,2023-03-27,-6.739999999999981
603132.XSHG,2023-03-27,0.10000000000000142
000710.XSHE,2023-03-27,-4.410000000000004
600392.XSHG,2023-03-27,0.5
300713.XSHE,2023-03-27,-1.8200000000000003
000671.XSHE,2023-03-27,1.0900000000000034
002405.XSHE,2023-03-27,0.8000000000000043
300827.XSHE,2023-03-27,-7.060000000000002
601136.XSHG,2023-03-27,-0.3000000000000007
688789.XSHG,2023-03-27,14.450000000000017
600446.XSHG,2023-03-27,-10.759999999999991
002836.XSHE,2023-03-27,0.4299999999999997
601177.XSHG,2023-03-27,-0.08000000000000007
603773.XSHG,2023-03-27,0.240000000000002
002567.XSHE,2023-03-27,-2.5900000000000034
300768.XSHE,2023-03-27,-0.03999999999999915
300439.XSHE,2023-03-27,-0.6899999999999977
603239.XSHG,2023-03-27,0.5700000000000003
002371.XSHE,2023-03-27,31.25999999999999
300125.XSHE,2023-03-27,-5.040000000000006
688087.XSHG,2023-03-27,0.9200000000000017
002005.XSHE,2023-03-27,-0.6999999999999993
600892.XSHG,2023-03-27,0.4899999999999949
301216.XSHE,2023-03-27,0.28999999999999915
600108.XSHG,2023-03-27,0.18999999999999773
000721.XSHE,2023-03-27,-3.1400000000000006
600970.XSHG,2023-03-27,3.8899999999999864
300720.XSHE,2023-03-27,0.14999999999999858
300358.XSHE,2023-03-27,-2.230000000000004
603033.XSHG,2023-03-27,2.069999999999993
301039.XSHE,2023-03-27,0.009999999999999787
000656.XSHE,2023-03-27,0.22000000000000064
002282.XSHE,2023-03-27,0.5899999999999999
000597.XSHE,2023-03-27,0.0
600228.XSHG,2023-03-27,0.0
000953.XSHE,2023-03-27,0.019999999999999574
002397.XSHE,2023-03-27,0.259999999999998
002902.XSHE,2023-03-27,0.22999999999999687
603489.XSHG,2023-03-27,1.0900000000000034
688201.XSHG,2023-03-27,-0.3499999999999943
300719.XSHE,2023-03-27,0.36999999999999744
301255.XSHE,2023-03-27,0.1700000000000017
600697.XSHG,2023-03-27,0.13000000000000256
603331.XSHG,2023-03-27,0.28999999999999915
688053.XSHG,2023-03-27,0.6099999999999994
300956.XSHE,2023-03-27,0.08000000000000185
605080.XSHG,2023-03-27,0.04000000000000625
002597.XSHE,2023-03-27,1.210000000000008
002565.XSHE,2023-03-27,0.5900000000000034
002822.XSHE,2023-03-27,0.120000000000001
603110.XSHG,2023-03-27,3.6400000000000006
600844.XSHG,2023-03-27,0.28000000000000114
002292.XSHE,2023-03-27,2.530000000000001
002593.XSHE,2023-03-27,0.16999999999999993
603790.XSHG,2023-03-27,0.019999999999999574
605337.XSHG,2023-03-27,1.740000000000002
002315.XSHE,2023-03-27,-0.39000000000000057
300107.XSHE,2023-03-27,1.259999999999998
605162.XSHG,2023-03-27,0.1399999999999988
603058.XSHG,2023-03-27,0.14000000000000057
300059.XSHE,2023-03-27,-36.99000000000001
002061.XSHE,2023-03-27,0.07000000000000028
300080.XSHE,2023-03-27,-0.8100000000000005
001366.XSHE,2023-03-27,-0.03999999999999915
600032.XSHG,2023-03-27,0.1399999999999988
002733.XSHE,2023-03-27,-1.1200000000000045
000886.XSHE,2023-03-27,0.0
300761.XSHE,2023-03-27,-0.8999999999999986
600203.XSHG,2023-03-27,-0.05000000000000071
688209.XSHG,2023-03-27,0.1999999999999993
002098.XSHE,2023-03-27,0.08999999999999986
688787.XSHG,2023-03-27,-17.580000000000013
301363.XSHE,2023-03-27,-0.10000000000000142
600186.XSHG,2023-03-27,-0.8200000000000003
002416.XSHE,2023-03-27,0.030000000000001137
002455.XSHE,2023-03-27,-0.13000000000000256
002626.XSHE,2023-03-27,5.800000000000011
600988.XSHG,2023-03-27,1.039999999999992
002683.XSHE,2023-03-27,1.7600000000000051
002216.XSHE,2023-03-27,2.0999999999999943
600816.XSHG,2023-03-27,1.6200000000000045
688260.XSHG,2023-03-27,0.3200000000000003
300777.XSHE,2023-03-27,-0.13000000000000256
000617.XSHE,2023-03-27,-0.14999999999999858
600801.XSHG,2023-03-27,3.1499999999999773
002262.XSHE,2023-03-27,-1.6500000000000057
605189.XSHG,2023-03-27,0.39000000000000057
000951.XSHE,2023-03-27,-2.1500000000000057
000830.XSHE,2023-03-27,2.309999999999988
600619.XSHG,2023-03-27,-2.2999999999999545
688179.XSHG,2023-03-27,-0.6499999999999986
002158.XSHE,2023-03-27,-0.21000000000000796
000729.XSHE,2023-03-27,1.1700000000000017
600579.XSHG,2023-03-27,0.16999999999999993
603998.XSHG,2023-03-27,-0.5500000000000043
301102.XSHE,2023-03-27,0.5600000000000023
600821.XSHG,2023-03-27,1.1799999999999997
603079.XSHG,2023-03-27,-0.1700000000000017
600011.XSHG,2023-03-27,0.6499999999999986
688060.XSHG,2023-03-27,-1.2800000000000011
688046.XSHG,2023-03-27,-0.21000000000000085
688432.XSHG,2023-03-27,-0.40000000000000213
300756.XSHE,2023-03-27,-0.9099999999999966
600179.XSHG,2023-03-27,0.09999999999999964
000767.XSHE,2023-03-27,0.6500000000000057
603990.XSHG,2023-03-27,-1.0300000000000011
688225.XSHG,2023-03-27,0.5399999999999991
603070.XSHG,2023-03-27,0.120000000000001
300048.XSHE,2023-03-27,-0.25
300400.XSHE,2023-03-27,-1.0399999999999991
603211.XSHG,2023-03-27,0.0600000000000005
002903.XSHE,2023-03-27,0.7399999999999949
002090.XSHE,2023-03-27,-2.780000000000001
301003.XSHE,2023-03-27,-0.28000000000000114
301231.XSHE,2023-03-27,-0.379999999999999
300476.XSHE,2023-03-27,-0.769999999999996
300993.XSHE,2023-03-27,0.33999999999999986
601888.XSHG,2023-03-27,3.4799999999999613
600734.XSHG,2023-03-27,1.2700000000000031
300401.XSHE,2023-03-27,-0.09999999999999432
600830.XSHG,2023-03-27,2.039999999999992
002174.XSHE,2023-03-27,2.1499999999999986
300989.XSHE,2023-03-27,-0.6700000000000017
002231.XSHE,2023-03-27,-0.17999999999999972
301319.XSHE,2023-03-27,0.509999999999998
002325.XSHE,2023-03-27,0.26000000000000156
688538.XSHG,2023-03-27,0.020000000000000018
600409.XSHG,2023-03-27,0.6400000000000006
603045.XSHG,2023-03-27,0.07000000000000028
600125.XSHG,2023-03-27,1.8900000000000006
300935.XSHE,2023-03-27,-0.5900000000000034
002539.XSHE,2023-03-27,-0.18999999999999773
301167.XSHE,2023-03-27,-0.5399999999999991
601601.XSHG,2023-03-27,0.8299999999999983
300405.XSHE,2023-03-27,0.120000000000001
603032.XSHG,2023-03-27,2.230000000000004
600608.XSHG,2023-03-27,-3.199999999999932
688308.XSHG,2023-03-27,-0.8700000000000045
301112.XSHE,2023-03-27,-0.9500000000000028
300641.XSHE,2023-03-27,0.040000000000000924
600769.XSHG,2023-03-27,0.9299999999999997
600846.XSHG,2023-03-27,-1.990000000000009
002300.XSHE,2023-03-27,-0.5500000000000043
600345.XSHG,2023-03-27,-0.8000000000000043
600981.XSHG,2023-03-27,0.25
601929.XSHG,2023-03-27,-0.07000000000000028
300678.XSHE,2023-03-27,0.01999999999999602
603713.XSHG,2023-03-27,-1.7999999999999972
600615.XSHG,2023-03-27,7.989999999999895
603093.XSHG,2023-03-27,-0.3100000000000005
000100.XSHE,2023-03-27,0.40000000000000036
601688.XSHG,2023-03-27,0.019999999999999574
603230.XSHG,2023-03-27,-0.22000000000000064
688668.XSHG,2023-03-27,4.6499999999999915
002670.XSHE,2023-03-27,-0.25
600753.XSHG,2023-03-27,0.37999999999999545
603520.XSHG,2023-03-27,-0.46999999999999886
600170.XSHG,2023-03-27,0.0
002431.XSHE,2023-03-27,0.3000000000000007
600985.XSHG,2023-03-27,-0.28999999999999915
600558.XSHG,2023-03-27,0.35999999999999943
003019.XSHE,2023-03-27,0.33999999999999986
600105.XSHG,2023-03-27,0.6899999999999977
601106.XSHG,2023-03-27,0.03999999999999959
300746.XSHE,2023-03-27,-0.3200000000000003
300600.XSHE,2023-03-27,0.46999999999999886
300626.XSHE,2023-03-27,0.019999999999999574
300800.XSHE,2023-03-27,0.36999999999999744
605318.XSHG,2023-03-27,0.009999999999999787
300055.XSHE,2023-03-27,0.7299999999999898
002913.XSHE,2023-03-27,-5.920000000000002
301155.XSHE,2023-03-27,-7.510000000000005
601111.XSHG,2023-03-27,-0.08000000000000007
605365.XSHG,2023-03-27,-0.03999999999999915
000157.XSHE,2023-03-27,4.779999999999973
002082.XSHE,2023-03-27,0.14000000000000057
300514.XSHE,2023-03-27,-0.03999999999999915
601137.XSHG,2023-03-27,-0.8100000000000023
603992.XSHG,2023-03-27,-0.6699999999999982
300442.XSHE,2023-03-27,2.450000000000003
002266.XSHE,2023-03-27,0.0
002999.XSHE,2023-03-27,0.17999999999999972
002936.XSHE,2023-03-27,0.040000000000000036
003020.XSHE,2023-03-27,-0.12000000000000455
002113.XSHE,2023-03-27,-0.3299999999999983
002273.XSHE,2023-03-27,0.4300000000000068
603076.XSHG,2023-03-27,-1.3500000000000014
000753.XSHE,2023-03-27,0.10999999999999943
300386.XSHE,2023-03-27,-1.0
600636.XSHG,2023-03-27,-0.6799999999999784
000533.XSHE,2023-03-27,-0.07000000000000028
600824.XSHG,2023-03-27,1.3200000000000074
002884.XSHE,2023-03-27,0.3500000000000085
603777.XSHG,2023-03-27,0.21999999999999886
603626.XSHG,2023-03-27,-0.05000000000000071
300776.XSHE,2023-03-27,-2.580000000000041
300112.XSHE,2023-03-27,0.4200000000000017
600563.XSHG,2023-03-27,5.110000000000014
603227.XSHG,2023-03-27,0.13000000000000256
600320.XSHG,2023-03-27,1.1099999999999994
003007.XSHE,2023-03-27,-0.5800000000000054
600812.XSHG,2023-03-27,0.129999999999999
002244.XSHE,2023-03-27,0.18999999999999773
300588.XSHE,2023-03-27,0.14999999999999858
600592.XSHG,2023-03-27,0.21000000000000085
002933.XSHE,2023-03-27,0.759999999999998
003042.XSHE,2023-03-27,0.5499999999999972
300778.XSHE,2023-03-27,-1.0399999999999991
603982.XSHG,2023-03-27,0.15000000000000213
002573.XSHE,2023-03-27,0.4099999999999966
601019.XSHG,2023-03-27,0.0
300529.XSHE,2023-03-27,-0.7000000000000028
603716.XSHG,2023-03-27,0.14000000000000057
603766.XSHG,2023-03-27,0.27999999999999936
002344.XSHE,2023-03-27,0.03999999999999915
002119.XSHE,2023-03-27,-0.7199999999999989
002554.XSHE,2023-03-27,0.28000000000000114
601698.XSHG,2023-03-27,-0.5599999999999987
002736.XSHE,2023-03-27,0.0
688173.XSHG,2023-03-27,0.129999999999999
300673.XSHE,2023-03-27,-0.13999999999999346
603558.XSHG,2023-03-27,0.25
002872.XSHE,2023-03-27,-0.09999999999999964
002931.XSHE,2023-03-27,-0.39000000000000057
300198.XSHE,2023-03-27,0.6099999999999994
300116.XSHE,2023-03-27,0.08999999999999986
600330.XSHG,2023-03-27,-0.5900000000000034
002677.XSHE,2023-03-27,-0.04999999999999716
605128.XSHG,2023-03-27,-0.18999999999999773
600386.XSHG,2023-03-27,0.120000000000001
301408.XSHE,2023-03-27,-0.39000000000000057
603681.XSHG,2023-03-27,0.4800000000000004
300191.XSHE,2023-03-27,-0.5300000000000011
603300.XSHG,2023-03-27,-0.5600000000000023
002728.XSHE,2023-03-27,-0.8699999999999974
003010.XSHE,2023-03-27,-0.13000000000000256
000517.XSHE,2023-03-27,0.8299999999999983
300512.XSHE,2023-03-27,0.030000000000001137
001219.XSHE,2023-03-27,-0.05999999999999872
000601.XSHE,2023-03-27,0.46000000000000085
002294.XSHE,2023-03-27,-1.3700000000000045
301258.XSHE,2023-03-27,-0.6000000000000014
001208.XSHE,2023-03-27,-0.05000000000000071
601598.XSHG,2023-03-27,0.05000000000000071
688289.XSHG,2023-03-27,-1.3799999999999955
603585.XSHG,2023-03-27,0.3299999999999983
000428.XSHE,2023-03-27,-0.5300000000000011
002015.XSHE,2023-03-27,0.7600000000000051
688012.XSHG,2023-03-27,-1.3100000000000023
000425.XSHE,2023-03-27,0.0
000023.XSHE,2023-03-27,0.19000000000000128
002468.XSHE,2023-03-27,-0.5300000000000011
002091.XSHE,2023-03-27,0.5799999999999983
002280.XSHE,2023-03-27,-6.880000000000003
603939.XSHG,2023-03-27,2.2700000000000102
300727.XSHE,2023-03-27,3.9399999999999977
603206.XSHG,2023-03-27,-0.08999999999999986
002995.XSHE,2023-03-27,-1.4600000000000009
300421.XSHE,2023-03-27,0.40000000000000213
603303.XSHG,2023-03-27,1.6500000000000057
688367.XSHG,2023-03-27,0.05000000000000071
000657.XSHE,2023-03-27,-0.6499999999999986
002898.XSHE,2023-03-27,0.0600000000000005
300040.XSHE,2023-03-27,-0.36999999999999744
600200.XSHG,2023-03-27,-1.2199999999999989
000932.XSHE,2023-03-27,0.34999999999999964
603170.XSHG,2023-03-27,-0.25
603703.XSHG,2023-03-27,0.759999999999998
603603.XSHG,2023-03-27,-0.010000000000000675
300017.XSHE,2023-03-27,2.5999999999999943
600721.XSHG,2023-03-27,0.08999999999999986
603859.XSHG,2023-03-27,-0.259999999999998
002334.XSHE,2023-03-27,-2.619999999999976
002581.XSHE,2023-03-27,0.14999999999999858
301333.XSHE,2023-03-27,-1.8899999999999864
601919.XSHG,2023-03-27,0.10000000000000142
688257.XSHG,2023-03-27,0.11999999999999744
000883.XSHE,2023-03-27,0.40000000000000213
002372.XSHE,2023-03-27,4.310000000000002
600284.XSHG,2023-03-27,0.5
600936.XSHG,2023-03-27,0.0
300396.XSHE,2023-03-27,-2.0999999999999943
600864.XSHG,2023-03-27,-0.10000000000000142
001259.XSHE,2023-03-27,-0.1999999999999993
000042.XSHE,2023-03-27,1.2000000000000028
603970.XSHG,2023-03-27,0.5200000000000031
603005.XSHG,2023-03-27,0.35999999999999943
688348.XSHG,2023-03-27,0.21999999999997044
600562.XSHG,2023-03-27,-0.29000000000000625
600387.XSHG,2023-03-27,-0.029999999999997584
301061.XSHE,2023-03-27,0.6799999999999997
605188.XSHG,2023-03-27,0.08000000000000007
688590.XSHG,2023-03-27,0.019999999999999574
002850.XSHE,2023-03-27,-7.399999999999977
002186.XSHE,2023-03-27,-0.14000000000000057
688439.XSHG,2023-03-27,-0.0800000000000125
000897.XSHE,2023-03-27,0.1800000000000015
603883.XSHG,2023-03-27,-0.45999999999999375
002193.XSHE,2023-03-27,0.2699999999999996
002185.XSHE,2023-03-27,-0.20000000000000284
300389.XSHE,2023-03-27,0.46999999999999886
300289.XSHE,2023-03-27,-0.27999999999999936
001206.XSHE,2023-03-27,0.11999999999999744
002159.XSHE,2023-03-27,-0.8099999999999987
002679.XSHE,2023-03-27,-0.03999999999999915
300699.XSHE,2023-03-27,-0.6699999999999875
601777.XSHG,2023-03-27,0.07000000000000028
688371.XSHG,2023-03-27,0.5299999999999976
603819.XSHG,2023-03-27,-0.14000000000000057
002391.XSHE,2023-03-27,0.480000000000004
002835.XSHE,2023-03-27,-0.4799999999999969
002526.XSHE,2023-03-27,0.11999999999999922
600535.XSHG,2023-03-27,-5.799999999999983
301368.XSHE,2023-03-27,-1.3300000000000018
002987.XSHE,2023-03-27,0.6899999999999977
600683.XSHG,2023-03-27,0.7800000000000011
002506.XSHE,2023-03-27,0.10000000000000142
603282.XSHG,2023-03-27,-3.3800000000000026
605006.XSHG,2023-03-27,0.08999999999999986
300087.XSHE,2023-03-27,3.5600000000000023
300456.XSHE,2023-03-27,-0.10999999999999943
300160.XSHE,2023-03-27,-0.8900000000000006
300384.XSHE,2023-03-27,-1.5799999999999983
300502.XSHE,2023-03-27,-24.69999999999999
600851.XSHG,2023-03-27,-0.39000000000000057
601968.XSHG,2023-03-27,-0.019999999999999574
603393.XSHG,2023-03-27,0.6499999999999986
301308.XSHE,2023-03-27,-2.1299999999999955
601117.XSHG,2023-03-27,1.1099999999999994
688281.XSHG,2023-03-27,3.6999999999999886
600571.XSHG,2023-03-27,-3.289999999999992
000419.XSHE,2023-03-27,1.1400000000000006
001226.XSHE,2023-03-27,0.259999999999998
301149.XSHE,2023-03-27,0.0799999999999983
600623.XSHG,2023-03-27,2.740000000000009
603569.XSHG,2023-03-27,-0.09999999999999964
300968.XSHE,2023-03-27,0.120000000000001
601860.XSHG,2023-03-27,0.020000000000000018
688515.XSHG,2023-03-27,3.8300000000000125
603000.XSHG,2023-03-27,-3.25
300689.XSHE,2023-03-27,-0.35999999999999943
605222.XSHG,2023-03-27,-0.16999999999999815
605060.XSHG,2023-03-27,0.5799999999999983
600080.XSHG,2023-03-27,-2.010000000000005
603122.XSHG,2023-03-27,-0.0600000000000005
000027.XSHE,2023-03-27,2.079999999999984
002133.XSHE,2023-03-27,0.19000000000000128
600382.XSHG,2023-03-27,0.120000000000001
301265.XSHE,2023-03-27,0.03999999999999915
600361.XSHG,2023-03-27,0.28000000000000114
300363.XSHE,2023-03-27,-2.1899999999999977
000068.XSHE,2023-03-27,0.17999999999999972
605178.XSHG,2023-03-27,-2.520000000000003
605298.XSHG,2023-03-27,0.019999999999999574
000557.XSHE,2023-03-27,0.4099999999999966
002940.XSHE,2023-03-27,-0.28999999999999915
000672.XSHE,2023-03-27,2.3000000000000114
600794.XSHG,2023-03-27,0.4200000000000017
002095.XSHE,2023-03-27,1.460000000000008
688037.XSHG,2023-03-27,0.6100000000000136
300336.XSHE,2023-03-27,-0.4800000000000004
688767.XSHG,2023-03-27,-0.4299999999999997
600055.XSHG,2023-03-27,-24.950000000000045
002639.XSHE,2023-03-27,-0.15000000000000213
603586.XSHG,2023-03-27,0.14999999999999858
600679.XSHG,2023-03-27,0.129999999999999
301213.XSHE,2023-03-27,0.5
002418.XSHE,2023-03-27,0.25
600796.XSHG,2023-03-27,0.3499999999999943
001266.XSHE,2023-03-27,0.35999999999999943
600827.XSHG,2023-03-27,-1.8400000000000034
600199.XSHG,2023-03-27,1.8400000000000034
300144.XSHE,2023-03-27,-0.9099999999999966
002472.XSHE,2023-03-27,-4.909999999999997
002588.XSHE,2023-03-27,0.5799999999999983
000564.XSHE,2023-03-27,0.4599999999999991
003006.XSHE,2023-03-27,0.010000000000001563
601778.XSHG,2023-03-27,0.05999999999999961
688212.XSHG,2023-03-27,-0.5399999999999991
600271.XSHG,2023-03-27,0.9900000000000091
600449.XSHG,2023-03-27,0.5499999999999972
301068.XSHE,2023-03-27,0.6099999999999994
002419.XSHE,2023-03-27,-0.29999999999999716
002170.XSHE,2023-03-27,0.0
600635.XSHG,2023-03-27,6.579999999999984
002837.XSHE,2023-03-27,-5.030000000000001
003009.XSHE,2023-03-27,2.219999999999999
002301.XSHE,2023-03-27,0.20000000000000284
600122.XSHG,2023-03-27,-0.0600000000000005
603328.XSHG,2023-03-27,0.14000000000000057
688126.XSHG,2023-03-27,-0.060000000000002274
688200.XSHG,2023-03-27,4.259999999999991
300735.XSHE,2023-03-27,0.5700000000000003
600280.XSHG,2023-03-27,0.9199999999999946
002947.XSHE,2023-03-27,0.5400000000000063
002957.XSHE,2023-03-27,-0.8800000000000026
300560.XSHE,2023-03-27,0.6900000000000048
002198.XSHE,2023-03-27,0.44999999999999574
002797.XSHE,2023-03-27,-0.019999999999999574
300627.XSHE,2023-03-27,3.230000000000004
300489.XSHE,2023-03-27,-0.9099999999999966
300157.XSHE,2023-03-27,0.05999999999999872
301043.XSHE,2023-03-27,0.14000000000000057
000009.XSHE,2023-03-27,1.1000000000000085
301019.XSHE,2023-03-27,0.23000000000000043
600987.XSHG,2023-03-27,1.8400000000000034
003816.XSHE,2023-03-27,0.050000000000000266
600126.XSHG,2023-03-27,0.2900000000000027
002052.XSHE,2023-03-27,0.6900000000000013
300859.XSHE,2023-03-27,-1.6099999999999994
300686.XSHE,2023-03-27,0.019999999999999574
000561.XSHE,2023-03-27,-0.259999999999998
301312.XSHE,2023-03-27,4.920000000000002
600182.XSHG,2023-03-27,-0.6799999999999979
600262.XSHG,2023-03-27,0.14999999999999858
000877.XSHE,2023-03-27,2.1099999999999994
600703.XSHG,2023-03-27,-1.9099999999999682
601007.XSHG,2023-03-27,-0.02999999999999936
688163.XSHG,2023-03-27,0.21000000000000085
300426.XSHE,2023-03-27,-0.05000000000000426
600528.XSHG,2023-03-27,-0.0899999999999963
600650.XSHG,2023-03-27,0.8900000000000006
603633.XSHG,2023-03-27,0.35999999999999943
600809.XSHG,2023-03-27,14.980000000000018
000836.XSHE,2023-03-27,-0.4499999999999993
300029.XSHE,2023-03-27,0.16000000000000014
002560.XSHE,2023-03-27,-0.11999999999999744
000682.XSHE,2023-03-27,-2.0700000000000216
300147.XSHE,2023-03-27,0.05999999999999872
300329.XSHE,2023-03-27,0.15000000000000213
000507.XSHE,2023-03-27,0.45000000000000284
000859.XSHE,2023-03-27,-0.33999999999999986
300307.XSHE,2023-03-27,0.0
300797.XSHE,2023-03-27,0.1999999999999993
300915.XSHE,2023-03-27,2.049999999999997
000878.XSHE,2023-03-27,-0.3299999999999983
002558.XSHE,2023-03-27,2.0700000000000003
601579.XSHG,2023-03-27,0.16000000000000014
002700.XSHE,2023-03-27,0.5400000000000027
002461.XSHE,2023-03-27,0.28000000000000114
600332.XSHG,2023-03-27,0.39000000000000057
603869.XSHG,2023-03-27,-0.14999999999999858
600173.XSHG,2023-03-27,0.09999999999999964
301157.XSHE,2023-03-27,-1.2700000000000031
600517.XSHG,2023-03-27,-1.289999999999992
601969.XSHG,2023-03-27,0.04999999999999982
301086.XSHE,2023-03-27,0.25
603555.XSHG,2023-03-27,0.06999999999999984
002708.XSHE,2023-03-27,0.3099999999999987
002727.XSHE,2023-03-27,0.6899999999999977
002616.XSHE,2023-03-27,0.3200000000000003
600653.XSHG,2023-03-27,0.0
603697.XSHG,2023-03-27,0.21000000000000085
603600.XSHG,2023-03-27,0.030000000000001137
688056.XSHG,2023-03-27,0.5799999999999983
603232.XSHG,2023-03-27,1.4100000000000037
600104.XSHG,2023-03-27,0.5300000000000011
603112.XSHG,2023-03-27,-0.019999999999999574
605168.XSHG,2023-03-27,-0.7400000000000091
688077.XSHG,2023-03-27,1.259999999999998
000962.XSHE,2023-03-27,0.5799999999999983
000410.XSHE,2023-03-27,0.120000000000001
000928.XSHE,2023-03-27,0.019999999999999574
603199.XSHG,2023-03-27,-0.3099999999999987
600403.XSHG,2023-03-27,0.05000000000000071
688798.XSHG,2023-03-27,1.740000000000009
603696.XSHG,2023-03-27,0.14000000000000057
603176.XSHG,2023-03-27,0.020000000000000462
300929.XSHE,2023-03-27,0.23999999999999844
601963.XSHG,2023-03-27,0.09000000000000075
002810.XSHE,2023-03-27,1.1700000000000017
002998.XSHE,2023-03-27,0.040000000000000036
002243.XSHE,2023-03-27,0.16000000000000014
600512.XSHG,2023-03-27,0.26000000000000156
002471.XSHE,2023-03-27,0.0
603580.XSHG,2023-03-27,-0.8999999999999986
603989.XSHG,2023-03-27,0.09000000000000341
688320.XSHG,2023-03-27,-0.29999999999999716
301205.XSHE,2023-03-27,-0.5599999999999881
603507.XSHG,2023-03-27,-1.75
002353.XSHE,2023-03-27,-2.980000000000018
688681.XSHG,2023-03-27,-0.09999999999999787
300555.XSHE,2023-03-27,0.020000000000003126
001258.XSHE,2023-03-27,0.07000000000000028
000906.XSHE,2023-03-27,0.8000000000000043
000059.XSHE,2023-03-27,1.200000000000001
002177.XSHE,2023-03-27,0.08999999999999986
600157.XSHG,2023-03-27,0.5099999999999909
603529.XSHG,2023-03-27,-0.060000000000002274
688071.XSHG,2023-03-27,1.2999999999999972
002657.XSHE,2023-03-27,0.6899999999999977
000520.XSHE,2023-03-27,0.28999999999999915
003013.XSHE,2023-03-27,0.240000000000002
300194.XSHE,2023-03-27,-0.05999999999999872
002753.XSHE,2023-03-27,0.26000000000000156
600083.XSHG,2023-03-27,0.019999999999999574
601798.XSHG,2023-03-27,-0.06999999999999851
002160.XSHE,2023-03-27,0.08000000000000007
688157.XSHG,2023-03-27,1.3499999999999943
300042.XSHE,2023-03-27,0.9200000000000017
601339.XSHG,2023-03-27,0.8000000000000007
002772.XSHE,2023-03-27,0.5700000000000003
603006.XSHG,2023-03-27,-0.019999999999999574
601010.XSHG,2023-03-27,0.14999999999999858
603928.XSHG,2023-03-27,0.2400000000000002
600984.XSHG,2023-03-27,0.17999999999999972
688197.XSHG,2023-03-27,0.4299999999999997
300573.XSHE,2023-03-27,1.0300000000000011
600307.XSHG,2023-03-27,0.07999999999999918
601577.XSHG,2023-03-27,0.09000000000000163
000062.XSHE,2023-03-27,0.30000000000001137
688601.XSHG,2023-03-27,-0.21999999999999886
600177.XSHG,2023-03-27,2.1999999999999886
601766.XSHG,2023-03-27,0.03000000000000025
300219.XSHE,2023-03-27,-0.1599999999999966
688390.XSHG,2023-03-27,-10.370000000000005
000890.XSHE,2023-03-27,-0.26000000000000156
000017.XSHE,2023-03-27,0.13000000000000078
603010.XSHG,2023-03-27,1.2199999999999989
002463.XSHE,2023-03-27,-4.189999999999998
000626.XSHE,2023-03-27,1.0700000000000074
000652.XSHE,2023-03-27,-2.5
301327.XSHE,2023-03-27,0.5300000000000011
000622.XSHE,2023-03-27,1.0200000000000031
002475.XSHE,2023-03-27,10.180000000000064
002293.XSHE,2023-03-27,1.1999999999999886
002433.XSHE,2023-03-27,0.41999999999999993
300126.XSHE,2023-03-27,-0.4599999999999973
300435.XSHE,2023-03-27,-0.3499999999999943
600503.XSHG,2023-03-27,0.11999999999999922
300706.XSHE,2023-03-27,-2.0799999999999983
000966.XSHE,2023-03-27,0.1999999999999993
600326.XSHG,2023-03-27,0.4099999999999966
688055.XSHG,2023-03-27,0.04999999999999982
002978.XSHE,2023-03-27,-0.07000000000000028
688381.XSHG,2023-03-27,-1.019999999999996
600316.XSHG,2023-03-27,0.9699999999999989
300140.XSHE,2023-03-27,-0.25
300672.XSHE,2023-03-27,-0.7399999999999807
600163.XSHG,2023-03-27,0.1899999999999995
300494.XSHE,2023-03-27,-5.479999999999997
603798.XSHG,2023-03-27,0.5800000000000018
000063.XSHE,2023-03-27,17.410000000000082
600750.XSHG,2023-03-27,6.8700000000000045
002519.XSHE,2023-03-27,0.7999999999999972
301078.XSHE,2023-03-27,0.28999999999999915
603729.XSHG,2023-03-27,0.14000000000000057
601168.XSHG,2023-03-27,-0.6899999999999995
688516.XSHG,2023-03-27,-20.480000000000018
300167.XSHE,2023-03-27,-0.14000000000000057
603922.XSHG,2023-03-27,-0.370000000000001
000050.XSHE,2023-03-27,2.0400000000000063
605100.XSHG,2023-03-27,0.28999999999999915
002436.XSHE,2023-03-27,-1.5999999999999943
002181.XSHE,2023-03-27,-0.1800000000000015
300508.XSHE,2023-03-27,-0.10000000000000142
003026.XSHE,2023-03-27,-0.45000000000000284
601005.XSHG,2023-03-27,0.040000000000000036
600621.XSHG,2023-03-27,-3.8099999999994907
600495.XSHG,2023-03-27,0.22000000000000242
603153.XSHG,2023-03-27,-0.15000000000000213
603336.XSHG,2023-03-27,0.2699999999999996
002410.XSHE,2023-03-27,0.0
300824.XSHE,2023-03-27,0.030000000000001137
002511.XSHE,2023-03-27,1.720000000000013
601880.XSHG,2023-03-27,0.02999999999999936
600787.XSHG,2023-03-27,4.469999999999999
688501.XSHG,2023-03-27,0.05000000000000071
300220.XSHE,2023-03-27,0.7399999999999949
600172.XSHG,2023-03-27,-0.8400000000000034
688669.XSHG,2023-03-27,0.9100000000000001
002758.XSHE,2023-03-27,1.009999999999998
300397.XSHE,2023-03-27,0.030000000000001137
688033.XSHG,2023-03-27,-0.5399999999999991
600898.XSHG,2023-03-27,0.16000000000000014
688707.XSHG,2023-03-27,1.5700000000000003
600278.XSHG,2023-03-27,0.05000000000000071
600095.XSHG,2023-03-27,-0.9500000000000028
300352.XSHE,2023-03-27,-1.9300000000000068
000889.XSHE,2023-03-27,-0.5300000000000011
300906.XSHE,2023-03-27,0.05000000000000071
000559.XSHE,2023-03-27,0.0
000702.XSHE,2023-03-27,0.3999999999999986
688558.XSHG,2023-03-27,-0.519999999999996
300762.XSHE,2023-03-27,-0.11999999999999744
301076.XSHE,2023-03-27,-0.09999999999999432
600459.XSHG,2023-03-27,0.8599999999999994
600735.XSHG,2023-03-27,0.8299999999999983
603117.XSHG,2023-03-27,-0.14999999999999947
300519.XSHE,2023-03-27,-0.5499999999999972
300530.XSHE,2023-03-27,1.5699999999999932
300950.XSHE,2023-03-27,-1.1000000000000014
600838.XSHG,2023-03-27,0.5499999999999972
002892.XSHE,2023-03-27,-0.25
002349.XSHE,2023-03-27,-0.23000000000000398
301222.XSHE,2023-03-27,0.10999999999999943
002087.XSHE,2023-03-27,0.04999999999999982
605338.XSHG,2023-03-27,0.3200000000000003
300286.XSHE,2023-03-27,-10.149999999999977
000338.XSHE,2023-03-27,-7.060000000000002
600137.XSHG,2023-03-27,-0.14000000000000057
002394.XSHE,2023-03-27,0.4200000000000017
600777.XSHG,2023-03-27,0.29999999999999716
600099.XSHG,2023-03-27,0.7899999999999991
000070.XSHE,2023-03-27,-1.7100000000000009
300364.XSHE,2023-03-27,-5.780000000000001
603929.XSHG,2023-03-27,-0.29999999999999716
600731.XSHG,2023-03-27,0.9200000000000017
002385.XSHE,2023-03-27,0.8299999999999983
000019.XSHE,2023-03-27,0.46999999999999886
000959.XSHE,2023-03-27,0.16000000000000014
301020.XSHE,2023-03-27,-0.4399999999999977
002276.XSHE,2023-03-27,-0.30999999999999517
300726.XSHE,2023-03-27,0.14000000000000057
300621.XSHE,2023-03-27,0.03999999999999915
300511.XSHE,2023-03-27,0.029999999999997584
600883.XSHG,2023-03-27,0.0
002693.XSHE,2023-03-27,0.0
301248.XSHE,2023-03-27,-0.3100000000000023
000868.XSHE,2023-03-27,0.3999999999999986
300239.XSHE,2023-03-27,-0.1700000000000017
300732.XSHE,2023-03-27,-3.0700000000000003
603908.XSHG,2023-03-27,3.280000000000001
000150.XSHE,2023-03-27,0.0
003017.XSHE,2023-03-27,0.129999999999999
600507.XSHG,2023-03-27,1.5
002399.XSHE,2023-03-27,0.4199999999999946
688489.XSHG,2023-03-27,5.900000000000006
601636.XSHG,2023-03-27,0.9699999999999989
301137.XSHE,2023-03-27,0.120000000000001
002864.XSHE,2023-03-27,-0.3999999999999986
688663.XSHG,2023-03-27,-1.0399999999999991
688365.XSHG,2023-03-27,-3.8999999999999986
605169.XSHG,2023-03-27,0.15000000000000213
300973.XSHE,2023-03-27,1.3499999999999943
600881.XSHG,2023-03-27,0.0
300005.XSHE,2023-03-27,-3.8899999999999864
300535.XSHE,2023-03-27,0.19000000000000128
603898.XSHG,2023-03-27,1.1099999999999994
601619.XSHG,2023-03-27,0.04999999999999982
603160.XSHG,2023-03-27,-0.28000000000000114
300731.XSHE,2023-03-27,0.21999999999999886
600337.XSHG,2023-03-27,0.0
600582.XSHG,2023-03-27,2.8499999999999943
300190.XSHE,2023-03-27,0.5700000000000003
002662.XSHE,2023-03-27,0.08999999999999986
002724.XSHE,2023-03-27,0.09999999999999787
300742.XSHE,2023-03-27,0.2900000000000027
603237.XSHG,2023-03-27,0.8200000000000003
002602.XSHE,2023-03-27,0.39000000000000057
603682.XSHG,2023-03-27,0.09999999999999964
300779.XSHE,2023-03-27,0.4200000000000017
000599.XSHE,2023-03-27,-0.19000000000000128
301108.XSHE,2023-03-27,0.9799999999999969
300224.XSHE,2023-03-27,-0.240000000000002
603877.XSHG,2023-03-27,0.39000000000000057
300327.XSHE,2023-03-27,1.1500000000000057
301188.XSHE,2023-03-27,1.0700000000000003
000069.XSHE,2023-03-27,5.350000000000023
301302.XSHE,2023-03-27,-1.8100000000000023
300558.XSHE,2023-03-27,-1.730000000000004
300909.XSHE,2023-03-27,0.5799999999999983
601633.XSHG,2023-03-27,-0.29999999999999716
002501.XSHE,2023-03-27,0.06999999999999851
002002.XSHE,2023-03-27,-0.4399999999999977
002962.XSHE,2023-03-27,-0.129999999999999
300273.XSHE,2023-03-27,0.23000000000000043
600540.XSHG,2023-03-27,0.0
300724.XSHE,2023-03-27,-2.6899999999999977
000728.XSHE,2023-03-27,-0.14000000000000057
301361.XSHE,2023-03-27,0.240000000000002
000404.XSHE,2023-03-27,-0.120000000000001
003016.XSHE,2023-03-27,-0.5199999999999996
002290.XSHE,2023-03-27,0.4200000000000017
300440.XSHE,2023-03-27,-0.0799999999999983
300898.XSHE,2023-03-27,0.17999999999999972
300564.XSHE,2023-03-27,-0.5599999999999987
301131.XSHE,2023-03-27,-0.22999999999999687
000532.XSHE,2023-03-27,0.240000000000002
300331.XSHE,2023-03-27,-0.4299999999999926
301269.XSHE,2023-03-27,0.5
603027.XSHG,2023-03-27,1.4099999999999966
300001.XSHE,2023-03-27,-3.539999999999992
000792.XSHE,2023-03-27,0.3100000000000023
600609.XSHG,2023-03-27,1.3799999999999955
603587.XSHG,2023-03-27,0.3099999999999987
600648.XSHG,2023-03-27,0.9500000000000028
688335.XSHG,2023-03-27,0.00999999999999801
600691.XSHG,2023-03-27,0.0899999999999963
603305.XSHG,2023-03-27,-1.2999999999999972
605218.XSHG,2023-03-27,0.259999999999998
301367.XSHE,2023-03-27,1.8499999999999943
600233.XSHG,2023-03-27,1.4500000000000028
300134.XSHE,2023-03-27,0.09000000000000341
688351.XSHG,2023-03-27,0.10000000000000142
300251.XSHE,2023-03-27,0.0
300453.XSHE,2023-03-27,-0.15000000000000568
600958.XSHG,2023-03-27,0.0
000848.XSHE,2023-03-27,3.170000000000016
300415.XSHE,2023-03-27,-1.5500000000000114
600490.XSHG,2023-03-27,0.5700000000000003
002534.XSHE,2023-03-27,-0.17999999999999972
300786.XSHE,2023-03-27,-1.3800000000000026
002191.XSHE,2023-03-27,0.46999999999999886
600523.XSHG,2023-03-27,0.23000000000000043
002490.XSHE,2023-03-27,0.0
002773.XSHE,2023-03-27,0.28000000000000114
300141.XSHE,2023-03-27,-1.1799999999999997
600398.XSHG,2023-03-27,2.5799999999999983
600590.XSHG,2023-03-27,0.34999999999999787
001212.XSHE,2023-03-27,-1.8200000000000003
600506.XSHG,2023-03-27,0.39000000000000057
002448.XSHE,2023-03-27,0.3399999999999963
601108.XSHG,2023-03-27,-0.03999999999999915
002330.XSHE,2023-03-27,-0.09999999999999964
601388.XSHG,2023-03-27,0.16000000000000014
002157.XSHE,2023-03-27,-1.1400000000000006
300339.XSHE,2023-03-27,4.1699999999999875
301095.XSHE,2023-03-27,7.390000000000001
301336.XSHE,2023-03-27,0.14999999999999858
300460.XSHE,2023-03-27,0.23000000000000043
601886.XSHG,2023-03-27,0.129999999999999
603185.XSHG,2023-03-27,-11.319999999999993
002615.XSHE,2023-03-27,-0.10999999999999943
002183.XSHE,2023-03-27,-0.75
000797.XSHE,2023-03-27,0.7200000000000024
300589.XSHE,2023-03-27,-0.3999999999999986
601126.XSHG,2023-03-27,-0.5499999999999972
600814.XSHG,2023-03-27,0.5799999999999983
600900.XSHG,2023-03-27,1.5999999999999943
001322.XSHE,2023-03-27,0.6899999999999977
688739.XSHG,2023-03-27,-0.759999999999998
300296.XSHE,2023-03-27,-1.1500000000000057
600481.XSHG,2023-03-27,-7.469999999999999
002242.XSHE,2023-03-27,-1.1400000000000006
002805.XSHE,2023-03-27,-2.0700000000000003
688186.XSHG,2023-03-27,1.3699999999999974
300443.XSHE,2023-03-27,-11.460000000000008
300471.XSHE,2023-03-27,-2.510000000000005
002233.XSHE,2023-03-27,0.40000000000000213
000776.XSHE,2023-03-27,-0.1799999999999926
001296.XSHE,2023-03-27,0.259999999999998
002956.XSHE,2023-03-27,0.6700000000000017
002627.XSHE,2023-03-27,-0.060000000000002274
600160.XSHG,2023-03-27,-3.180000000000007
688567.XSHG,2023-03-27,0.00999999999999801
300012.XSHE,2023-03-27,-2.5299999999999727
001228.XSHE,2023-03-27,0.75
301276.XSHE,2023-03-27,0.1999999999999993
601699.XSHG,2023-03-27,-2.0
002556.XSHE,2023-03-27,0.39000000000000057
000582.XSHE,2023-03-27,0.46000000000000085
300230.XSHE,2023-03-27,0.4299999999999997
300556.XSHE,2023-03-27,-1.120000000000001
300513.XSHE,2023-03-27,-0.030000000000001137
301139.XSHE,2023-03-27,-0.019999999999999574
002136.XSHE,2023-03-27,0.2699999999999996
002297.XSHE,2023-03-27,0.21999999999999886
300525.XSHE,2023-03-27,-7.47999999999999
002568.XSHE,2023-03-27,-2.2200000000000273
601825.XSHG,2023-03-27,0.03000000000000025
301005.XSHE,2023-03-27,1.2800000000000011
300482.XSHE,2023-03-27,-3.8700000000000045
300962.XSHE,2023-03-27,-0.3999999999999986
002663.XSHE,2023-03-27,0.08000000000000185
600098.XSHG,2023-03-27,1.25
001216.XSHE,2023-03-27,0.7200000000000006
601900.XSHG,2023-03-27,-0.3099999999999987
000553.XSHE,2023-03-27,1.7399999999999949
603897.XSHG,2023-03-27,0.030000000000001137
603506.XSHG,2023-03-27,0.15000000000000213
002973.XSHE,2023-03-27,0.23999999999999844
002173.XSHE,2023-03-27,-0.36999999999999744
300103.XSHE,2023-03-27,-0.509999999999998
300477.XSHE,2023-03-27,-0.12999999999999545
688503.XSHG,2023-03-27,-2.1300000000000097
688685.XSHG,2023-03-27,0.4400000000000013
600836.XSHG,2023-03-27,1.5500000000000114
000852.XSHE,2023-03-27,-0.22999999999999687
603533.XSHG,2023-03-27,-2.2300000000000004
603086.XSHG,2023-03-27,0.6099999999999994
001317.XSHE,2023-03-27,0.5700000000000003
002465.XSHE,2023-03-27,-0.14000000000000057
605196.XSHG,2023-03-27,-0.020000000000000462
301191.XSHE,2023-03-27,-5.450000000000003
688138.XSHG,2023-03-27,-0.21999999999999886
603236.XSHG,2023-03-27,-14.75
603610.XSHG,2023-03-27,0.5900000000000034
300142.XSHE,2023-03-27,2.589999999999918
301189.XSHE,2023-03-27,-0.060000000000002274
301182.XSHE,2023-03-27,0.19000000000000128
601368.XSHG,2023-03-27,0.0600000000000005
600354.XSHG,2023-03-27,0.0
002451.XSHE,2023-03-27,0.029999999999997584
000530.XSHE,2023-03-27,0.3200000000000003
002500.XSHE,2023-03-27,-0.019999999999999574
300580.XSHE,2023-03-27,0.05999999999999872
002591.XSHE,2023-03-27,-0.9699999999999989
002748.XSHE,2023-03-27,0.3200000000000003
600655.XSHG,2023-03-27,53.73000000000002
002286.XSHE,2023-03-27,0.10999999999999943
002915.XSHE,2023-03-27,0.39000000000000057
000065.XSHE,2023-03-27,-12.710000000000036
300428.XSHE,2023-03-27,-2.3100000000000023
600266.XSHG,2023-03-27,0.5199999999999996
603838.XSHG,2023-03-27,0.09999999999999964
000755.XSHE,2023-03-27,0.08000000000000007
000627.XSHE,2023-03-27,0.5799999999999983
300206.XSHE,2023-03-27,-1.2800000000000011
000899.XSHE,2023-03-27,0.4299999999999997
301012.XSHE,2023-03-27,-0.11999999999999744
600596.XSHG,2023-03-27,2.469999999999999
603299.XSHG,2023-03-27,0.10999999999999943
003001.XSHE,2023-03-27,-0.08000000000000185
688428.XSHG,2023-03-27,-0.14000000000000057
000505.XSHE,2023-03-27,0.31999999999999673
603031.XSHG,2023-03-27,0.5400000000000063
688246.XSHG,2023-03-27,-0.21999999999999886
000151.XSHE,2023-03-27,-0.36000000000000654
300310.XSHE,2023-03-27,0.0
002409.XSHE,2023-03-27,-2.5999999999999943
300406.XSHE,2023-03-27,-4.440000000000012
300429.XSHE,2023-03-27,-2.969999999999999
300539.XSHE,2023-03-27,0.29999999999999716
002131.XSHE,2023-03-27,5.719999999999999
300334.XSHE,2023-03-27,-0.08999999999999986
603788.XSHG,2023-03-27,-0.14999999999999858
600810.XSHG,2023-03-27,0.14999999999999858
600822.XSHG,2023-03-27,0.129999999999999
300187.XSHE,2023-03-27,0.6699999999999946
300527.XSHE,2023-03-27,0.0600000000000005
000615.XSHE,2023-03-27,-0.28000000000000114
300916.XSHE,2023-03-27,-0.10999999999999943
600227.XSHG,2023-03-27,0.17999999999999972
688485.XSHG,2023-03-27,-0.120000000000001
300572.XSHE,2023-03-27,-1.2999999999999972
605028.XSHG,2023-03-27,0.14999999999999858
300008.XSHE,2023-03-27,0.11999999999999744
001211.XSHE,2023-03-27,0.1700000000000017
688588.XSHG,2023-03-27,0.05000000000000071
300115.XSHE,2023-03-27,-4.659999999999997
603151.XSHG,2023-03-27,-0.05999999999999872
603090.XSHG,2023-03-27,0.09999999999999787
601866.XSHG,2023-03-27,0.040000000000000036
000933.XSHE,2023-03-27,2.359999999999985
300795.XSHE,2023-03-27,0.3399999999999963
688117.XSHG,2023-03-27,-0.14000000000000057
001210.XSHE,2023-03-27,0.22000000000000242
603966.XSHG,2023-03-27,0.08999999999999986
603955.XSHG,2023-03-27,1.6700000000000017
002426.XSHE,2023-03-27,0.0600000000000005
603868.XSHG,2023-03-27,3.180000000000007
002478.XSHE,2023-03-27,0.370000000000001
000503.XSHE,2023-03-27,1.460000000000008
000633.XSHE,2023-03-27,0.45000000000000284
603662.XSHG,2023-03-27,1.1099999999999994
000639.XSHE,2023-03-27,0.8699999999999974
300969.XSHE,2023-03-27,1.0599999999999952
002481.XSHE,2023-03-27,0.9300000000000068
603356.XSHG,2023-03-27,0.11000000000000121
000911.XSHE,2023-03-27,0.2400000000000002
002833.XSHE,2023-03-27,1.3800000000000026
002926.XSHE,2023-03-27,-0.07000000000000028
002072.XSHE,2023-03-27,-0.02999999999999936
601211.XSHG,2023-03-27,-0.060000000000002274
300258.XSHE,2023-03-27,0.23000000000000398
003023.XSHE,2023-03-27,0.17999999999999972
002541.XSHE,2023-03-27,1.8700000000000045
300274.XSHE,2023-03-27,-35.95999999999992
603655.XSHG,2023-03-27,0.5300000000000011
300248.XSHE,2023-03-27,-9.079999999999998
300647.XSHE,2023-03-27,0.129999999999999
600366.XSHG,2023-03-27,1.9299999999999926
603810.XSHG,2023-03-27,0.4799999999999969
300645.XSHE,2023-03-27,-0.5200000000000031
600033.XSHG,2023-03-27,0.23000000000000043
603080.XSHG,2023-03-27,0.07000000000000028
688536.XSHG,2023-03-27,20.79000000000002
688185.XSHG,2023-03-27,-0.28999999999999204
600792.XSHG,2023-03-27,0.2699999999999996
605288.XSHG,2023-03-27,0.5700000000000003
000839.XSHE,2023-03-27,0.75
603488.XSHG,2023-03-27,0.02999999999999936
601179.XSHG,2023-03-27,0.1299999999999999
300382.XSHE,2023-03-27,2.3799999999999955
000766.XSHE,2023-03-27,-0.07000000000000028
002369.XSHE,2023-03-27,-0.39000000000000057
300788.XSHE,2023-03-27,-5.52
600612.XSHG,2023-03-27,11.19000000000051
300357.XSHE,2023-03-27,1.9099999999999682
300323.XSHE,2023-03-27,0.0400000000000027
600191.XSHG,2023-03-27,-1.25
603613.XSHG,2023-03-27,-1.4399999999999977
301215.XSHE,2023-03-27,0.03000000000000025
688800.XSHG,2023-03-27,1.6099999999999994
002767.XSHE,2023-03-27,0.0
000521.XSHE,2023-03-27,0.120000000000001
001965.XSHE,2023-03-27,0.009999999999999787
002247.XSHE,2023-03-27,0.19000000000000128
300553.XSHE,2023-03-27,1.3500000000000014
301339.XSHE,2023-03-27,-1.0500000000000007
688419.XSHG,2023-03-27,0.30999999999999517
300895.XSHE,2023-03-27,-0.259999999999998
603383.XSHG,2023-03-27,-8.61
002180.XSHE,2023-03-27,4.590000000000003
300985.XSHE,2023-03-27,-0.6999999999999993
601916.XSHG,2023-03-27,0.040000000000000036
301067.XSHE,2023-03-27,0.47000000000000597
603920.XSHG,2023-03-27,-1.1999999999999993
300578.XSHE,2023-03-27,1.3100000000000023
301051.XSHE,2023-03-27,2.4399999999999977
000558.XSHE,2023-03-27,-0.19000000000000128
600693.XSHG,2023-03-27,0.25
600873.XSHG,2023-03-27,0.1600000000000108
601989.XSHG,2023-03-27,0.0699999999999994
300057.XSHE,2023-03-27,0.05000000000000071
002149.XSHE,2023-03-27,0.6400000000000006
002112.XSHE,2023-03-27,-3.1599999999999966
002356.XSHE,2023-03-27,-1.0500000000000007
002584.XSHE,2023-03-27,-0.34999999999999787
603871.XSHG,2023-03-27,4.239999999999981
300858.XSHE,2023-03-27,-1.4699999999999989
000609.XSHE,2023-03-27,0.41999999999999815
002983.XSHE,2023-03-27,1.1699999999999982
002284.XSHE,2023-03-27,0.20000000000000284
600310.XSHG,2023-03-27,0.5199999999999996
000637.XSHE,2023-03-27,0.5100000000000051
000525.XSHE,2023-03-27,2.8799999999999955
300403.XSHE,2023-03-27,-1.1100000000000065
603235.XSHG,2023-03-27,0.1999999999999993
002856.XSHE,2023-03-27,0.22000000000000064
600236.XSHG,2023-03-27,0.37000000000000455
600036.XSHG,2023-03-27,2.1000000000000227
300215.XSHE,2023-03-27,0.9400000000000119
688106.XSHG,2023-03-27,-0.3000000000000007
001268.XSHE,2023-03-27,-1.0100000000000016
600248.XSHG,2023-03-27,0.120000000000001
601678.XSHG,2023-03-27,0.5100000000000016
002722.XSHE,2023-03-27,0.21000000000000085
002035.XSHE,2023-03-27,-0.3400000000000034
688195.XSHG,2023-03-27,0.16000000000000014
688230.XSHG,2023-03-27,2.8499999999999943
002729.XSHE,2023-03-27,0.8000000000000043
600618.XSHG,2023-03-27,1.5699999999999932
600151.XSHG,2023-03-27,-0.14999999999999858
601020.XSHG,2023-03-27,-0.08000000000000007
002390.XSHE,2023-03-27,0.09999999999999432
603808.XSHG,2023-03-27,0.020000000000003126
000972.XSHE,2023-03-27,-0.23000000000000043
002570.XSHE,2023-03-27,-0.10999999999999943
000668.XSHE,2023-03-27,0.6400000000000006
300796.XSHE,2023-03-27,0.37000000000000455
600903.XSHG,2023-03-27,0.06999999999999851
600251.XSHG,2023-03-27,-0.1700000000000017
688435.XSHG,2023-03-27,-14.099999999999994
300930.XSHE,2023-03-27,0.1999999999999993
600834.XSHG,2023-03-27,0.3200000000000003
688216.XSHG,2023-03-27,1.129999999999999
600789.XSHG,2023-03-27,0.0799999999999983
688330.XSHG,2023-03-27,-0.07000000000000739
688079.XSHG,2023-03-27,0.3699999999999992
300597.XSHE,2023-03-27,-0.02000000000000135
600397.XSHG,2023-03-27,0.03999999999999915
001269.XSHE,2023-03-27,-5.829999999999998
300466.XSHE,2023-03-27,-0.9200000000000017
300618.XSHE,2023-03-27,-2.509999999999991
300335.XSHE,2023-03-27,0.17999999999999972
300842.XSHE,2023-03-27,-4.270000000000003
600323.XSHG,2023-03-27,0.7200000000000131
603650.XSHG,2023-03-27,-0.19999999999999574
301257.XSHE,2023-03-27,-0.5600000000000023
600710.XSHG,2023-03-27,0.4399999999999977
002993.XSHE,2023-03-27,-0.1600000000000037
600741.XSHG,2023-03-27,6.550000000000068
001323.XSHE,2023-03-27,3.6700000000000017
300096.XSHE,2023-03-27,-0.8800000000000026
600195.XSHG,2023-03-27,-0.5799999999999983
688291.XSHG,2023-03-27,0.40000000000000213
002210.XSHE,2023-03-27,0.20000000000000284
300247.XSHE,2023-03-27,0.379999999999999
002749.XSHE,2023-03-27,-0.07000000000000028
688013.XSHG,2023-03-27,0.21000000000000085
000698.XSHE,2023-03-27,0.15000000000000036
300338.XSHE,2023-03-27,0.490000000000002
600887.XSHG,2023-03-27,5.329999999999927
301152.XSHE,2023-03-27,-0.20999999999999375
002182.XSHE,2023-03-27,1.8799999999999955
688418.XSHG,2023-03-27,0.41000000000000014
603906.XSHG,2023-03-27,0.7100000000000009
002020.XSHE,2023-03-27,-0.3599999999999852
600103.XSHG,2023-03-27,-0.20999999999999908
301088.XSHE,2023-03-27,0.4200000000000017
301283.XSHE,2023-03-27,1.4600000000000009
603177.XSHG,2023-03-27,0.21000000000000085
002030.XSHE,2023-03-27,-15.379999999999995
002714.XSHE,2023-03-27,-18.730000000000018
688303.XSHG,2023-03-27,0.14999999999999858
300399.XSHE,2023-03-27,-0.37000000000000455
603658.XSHG,2023-03-27,-0.6300000000000097
600926.XSHG,2023-03-27,0.4799999999999969
300769.XSHE,2023-03-27,-2.5
300609.XSHE,2023-03-27,-1.5100000000000016
300740.XSHE,2023-03-27,-0.35999999999999943
688049.XSHG,2023-03-27,0.5499999999999972
002531.XSHE,2023-03-27,-9.08999999999999
301328.XSHE,2023-03-27,0.1599999999999966
300561.XSHE,2023-03-27,-6.659999999999997
600425.XSHG,2023-03-27,0.7399999999999984
603167.XSHG,2023-03-27,0.11000000000000121
688788.XSHG,2023-03-27,0.6500000000000057
300240.XSHE,2023-03-27,0.0
688599.XSHG,2023-03-27,-0.9500000000000028
301082.XSHE,2023-03-27,0.28999999999999915
600118.XSHG,2023-03-27,-12.96999999999997
601021.XSHG,2023-03-27,-2.1599999999999966
600546.XSHG,2023-03-27,-3.4799999999999898
603269.XSHG,2023-03-27,0.15000000000000213
000066.XSHE,2023-03-27,-1.7399999999999807
002137.XSHE,2023-03-27,-0.35999999999999943
301297.XSHE,2023-03-27,0.11999999999999744
002632.XSHE,2023-03-27,0.6400000000000006
688368.XSHG,2023-03-27,9.449999999999989
688009.XSHG,2023-03-27,-0.1299999999999999
000970.XSHE,2023-03-27,-0.1799999999999784
000999.XSHE,2023-03-27,-0.7800000000000011
601200.XSHG,2023-03-27,0.2599999999999998
301071.XSHE,2023-03-27,-13.879999999999995
688682.XSHG,2023-03-27,-14.640000000000015
300158.XSHE,2023-03-27,0.060000000000002274
605208.XSHG,2023-03-27,0.21000000000000085
000099.XSHE,2023-03-27,0.3099999999999987
002332.XSHE,2023-03-27,0.3200000000000003
000881.XSHE,2023-03-27,0.8099999999999952
300642.XSHE,2023-03-27,-2.0999999999999943
301135.XSHE,2023-03-27,0.25
300097.XSHE,2023-03-27,-0.22000000000000242
002065.XSHE,2023-03-27,-9.400000000000006
300961.XSHE,2023-03-27,0.2900000000000009
300261.XSHE,2023-03-27,1.1099999999999994
600293.XSHG,2023-03-27,0.16999999999999993
000921.XSHE,2023-03-27,0.10000000000000142
603879.XSHG,2023-03-27,0.6400000000000006
300058.XSHE,2023-03-27,8.469999999999999
603036.XSHG,2023-03-27,0.1899999999999995
002674.XSHE,2023-03-27,0.17999999999999972
600520.XSHG,2023-03-27,0.14000000000000057
300425.XSHE,2023-03-27,0.8400000000000034
605268.XSHG,2023-03-27,0.009999999999999787
002675.XSHE,2023-03-27,1.3900000000000006
002979.XSHE,2023-03-27,-0.14000000000000057
300650.XSHE,2023-03-27,-1.3500000000000014
300458.XSHE,2023-03-27,-1.210000000000008
300844.XSHE,2023-03-27,-0.6899999999999977
300787.XSHE,2023-03-27,0.6700000000000017
600965.XSHG,2023-03-27,0.2599999999999998
301017.XSHE,2023-03-27,-0.509999999999998
600848.XSHG,2023-03-27,0.5399999999999991
300082.XSHE,2023-03-27,0.8299999999999983
300366.XSHE,2023-03-27,-0.9100000000000108
600377.XSHG,2023-03-27,1.0400000000000027
603817.XSHG,2023-03-27,0.040000000000000036
688202.XSHG,2023-03-27,-2.549999999999983
600243.XSHG,2023-03-27,0.02999999999999936
301118.XSHE,2023-03-27,-0.13999999999999346
002092.XSHE,2023-03-27,-0.34999999999999787
603096.XSHG,2023-03-27,-1.2699999999999996
603566.XSHG,2023-03-27,-0.05000000000000426
301185.XSHE,2023-03-27,0.3200000000000003
301079.XSHE,2023-03-27,0.509999999999998
002612.XSHE,2023-03-27,1.509999999999998
688508.XSHG,2023-03-27,2.760000000000005
002146.XSHE,2023-03-27,0.6099999999999994
301023.XSHE,2023-03-27,0.1699999999999875
600489.XSHG,2023-03-27,-2.3599999999999994
000020.XSHE,2023-03-27,0.030000000000001137
600549.XSHG,2023-03-27,1.2099999999999795
603568.XSHG,2023-03-27,-0.3999999999999915
603678.XSHG,2023-03-27,1.5900000000000034
600727.XSHG,2023-03-27,0.3299999999999983
601877.XSHG,2023-03-27,0.3299999999999983
300871.XSHE,2023-03-27,-0.120000000000001
300905.XSHE,2023-03-27,-0.4200000000000017
000777.XSHE,2023-03-27,1.1400000000000006
002125.XSHE,2023-03-27,-0.04999999999999716
002374.XSHE,2023-03-27,-0.4599999999999973
000829.XSHE,2023-03-27,5.909999999999997
300249.XSHE,2023-03-27,-2.0999999999999943
300546.XSHE,2023-03-27,1.0300000000000011
300981.XSHE,2023-03-27,0.36999999999999744
601677.XSHG,2023-03-27,0.25
603320.XSHG,2023-03-27,-0.09999999999999787
301021.XSHE,2023-03-27,-0.3099999999999987
000810.XSHE,2023-03-27,5.489999999999995
000631.XSHE,2023-03-27,0.5899999999999892
300952.XSHE,2023-03-27,0.2699999999999996
603676.XSHG,2023-03-27,-0.129999999999999
301062.XSHE,2023-03-27,0.05999999999999872
603778.XSHG,2023-03-27,-0.060000000000002274
002880.XSHE,2023-03-27,0.18999999999999773
301197.XSHE,2023-03-27,-0.75
000058.XSHE,2023-03-27,0.6999999999999993
002899.XSHE,2023-03-27,0.25
600979.XSHG,2023-03-27,0.1700000000000017
688571.XSHG,2023-03-27,0.17999999999999972
688108.XSHG,2023-03-27,-0.3200000000000003
300947.XSHE,2023-03-27,0.6900000000000048
300843.XSHE,2023-03-27,0.019999999999999574
002166.XSHE,2023-03-27,0.730000000000004
688661.XSHG,2023-03-27,0.3299999999999983
600995.XSHG,2023-03-27,1.3500000000000085
002203.XSHE,2023-03-27,0.3399999999999963
300639.XSHE,2023-03-27,0.18999999999999773
000420.XSHE,2023-03-27,-0.41000000000000014
300138.XSHE,2023-03-27,-1.7199999999999989
603933.XSHG,2023-03-27,0.03999999999999915
300921.XSHE,2023-03-27,-0.4399999999999977
688107.XSHG,2023-03-27,-0.9699999999999989
300976.XSHE,2023-03-27,-0.18999999999999773
300507.XSHE,2023-03-27,-0.21000000000000796
688182.XSHG,2023-03-27,0.39000000000000057
601128.XSHG,2023-03-27,0.08000000000000007
000737.XSHE,2023-03-27,-0.4299999999999997
603212.XSHG,2023-03-27,-0.6799999999999997
002229.XSHE,2023-03-27,1.5
300093.XSHE,2023-03-27,-1.9599999999999937
301008.XSHE,2023-03-27,-0.5300000000000011
600056.XSHG,2023-03-27,1.9300000000000068
600566.XSHG,2023-03-27,-0.03999999999999915
002521.XSHE,2023-03-27,0.16999999999999815
600166.XSHG,2023-03-27,1.0499999999999972
002096.XSHE,2023-03-27,1.0499999999999972
002312.XSHE,2023-03-27,2.549999999999983
300459.XSHE,2023-03-27,-3.5799999999999983
601187.XSHG,2023-03-27,0.04999999999999982
601999.XSHG,2023-03-27,0.07000000000000028
603444.XSHG,2023-03-27,-14.139999999999986
688199.XSHG,2023-03-27,-0.23999999999999488
600929.XSHG,2023-03-27,-0.030000000000001137
300348.XSHE,2023-03-27,-7.009999999999991
300135.XSHE,2023-03-27,0.37999999999999545
300226.XSHE,2023-03-27,-13.110000000000014
601988.XSHG,2023-03-27,0.08999999999999986
000407.XSHE,2023-03-27,0.8599999999999994
600429.XSHG,2023-03-27,0.04999999999999982
000858.XSHE,2023-03-27,44.65000000000009
600082.XSHG,2023-03-27,0.4299999999999997
300570.XSHE,2023-03-27,-1.3400000000000034
688395.XSHG,2023-03-27,0.23000000000000043
301380.XSHE,2023-03-27,-2.8599999999999994
600252.XSHG,2023-03-27,0.7800000000000011
603579.XSHG,2023-03-27,0.7199999999999989
300661.XSHE,2023-03-27,34.81000000000006
600675.XSHG,2023-03-27,6.259999999999991
600538.XSHG,2023-03-27,0.129999999999999
600758.XSHG,2023-03-27,0.16999999999999993
300928.XSHE,2023-03-27,0.240000000000002
002601.XSHE,2023-03-27,3.719999999999999
688350.XSHG,2023-03-27,1.4699999999999989
002140.XSHE,2023-03-27,1.6000000000000085
688399.XSHG,2023-03-27,-2.5999999999999943
300037.XSHE,2023-03-27,0.8899999999999864
002953.XSHE,2023-03-27,-0.10999999999999943
002608.XSHE,2023-03-27,0.4800000000000004
600877.XSHG,2023-03-27,1.6699999999999875
603706.XSHG,2023-03-27,0.17999999999999972
688137.XSHG,2023-03-27,1.690000000000012
001203.XSHE,2023-03-27,0.1399999999999988
003036.XSHE,2023-03-27,-0.02999999999999936
600704.XSHG,2023-03-27,1.1099999999999994
301175.XSHE,2023-03-27,0.05999999999999961
000417.XSHE,2023-03-27,0.5699999999999932
002064.XSHE,2023-03-27,0.46999999999999886
001267.XSHE,2023-03-27,0.21999999999999975
000598.XSHE,2023-03-27,1.75
002504.XSHE,2023-03-27,0.0
301123.XSHE,2023-03-27,0.05000000000000071
600239.XSHG,2023-03-27,0.0
605277.XSHG,2023-03-27,-0.23999999999999844
300284.XSHE,2023-03-27,-0.23999999999999844
002518.XSHE,2023-03-27,-20.42999999999998
600428.XSHG,2023-03-27,0.6400000000000006
600568.XSHG,2023-03-27,-0.8900000000000006
603181.XSHG,2023-03-27,1.1399999999999935
002950.XSHE,2023-03-27,0.22999999999999687
605050.XSHG,2023-03-27,0.019999999999999574
300146.XSHE,2023-03-27,-6.589999999999918
003003.XSHE,2023-03-27,0.16999999999999993
002219.XSHE,2023-03-27,0.45000000000000284
300469.XSHE,2023-03-27,-2.520000000000003
002607.XSHE,2023-03-27,0.3299999999999983
300665.XSHE,2023-03-27,0.23000000000000043
688557.XSHG,2023-03-27,-0.19999999999999574
000692.XSHE,2023-03-27,1.0
300611.XSHE,2023-03-27,0.07000000000000028
300636.XSHE,2023-03-27,-0.19999999999999574
300021.XSHE,2023-03-27,-1.5399999999999991
300696.XSHE,2023-03-27,2.069999999999993
603228.XSHG,2023-03-27,0.8599999999999994
300119.XSHE,2023-03-27,3.3800000000000097
603035.XSHG,2023-03-27,-0.09999999999999787
002652.XSHE,2023-03-27,0.20000000000000107
002642.XSHE,2023-03-27,-0.5499999999999972
600100.XSHG,2023-03-27,-1.7099999999999795
688007.XSHG,2023-03-27,0.0799999999999983
603105.XSHG,2023-03-27,-0.129999999999999
002706.XSHE,2023-03-27,-0.5999999999999943
605555.XSHG,2023-03-27,-0.5399999999999991
002150.XSHE,2023-03-27,-3.9099999999999966
300287.XSHE,2023-03-27,-0.6199999999999974
002228.XSHE,2023-03-27,0.4200000000000017
301377.XSHE,2023-03-27,0.19000000000000128
688160.XSHG,2023-03-27,-3.210000000000001
603037.XSHG,2023-03-27,-1.3699999999999974
000004.XSHE,2023-03-27,2.3899999999999864
300723.XSHE,2023-03-27,-0.4399999999999977
688349.XSHG,2023-03-27,-0.14000000000000057
601609.XSHG,2023-03-27,0.040000000000000036
300302.XSHE,2023-03-27,1.4499999999999957
002348.XSHE,2023-03-27,1.029999999999994
000968.XSHE,2023-03-27,0.23000000000000043
600000.XSHG,2023-03-27,1.190000000000012
300184.XSHE,2023-03-27,-0.2600000000000051
600148.XSHG,2023-03-27,0.769999999999996
600973.XSHG,2023-03-27,0.3500000000000014
002647.XSHE,2023-03-27,-0.21000000000000085
002982.XSHE,2023-03-27,-0.6199999999999974
300062.XSHE,2023-03-27,-0.6099999999999994
002939.XSHE,2023-03-27,-0.030000000000001137
000752.XSHE,2023-03-27,0.3999999999999986
600025.XSHG,2023-03-27,0.009999999999999787
603811.XSHG,2023-03-27,-0.21000000000000085
688030.XSHG,2023-03-27,-0.4299999999999997
002787.XSHE,2023-03-27,0.36999999999999744
000570.XSHE,2023-03-27,0.0
301356.XSHE,2023-03-27,0.480000000000004
600223.XSHG,2023-03-27,0.3000000000000007
600654.XSHG,2023-03-27,0.0
603266.XSHG,2023-03-27,-0.11999999999999744
000920.XSHE,2023-03-27,0.0400000000000027
601901.XSHG,2023-03-27,-0.020000000000000462
002261.XSHE,2023-03-27,-4.570000000000022
600641.XSHG,2023-03-27,7.610000000000014
601069.XSHG,2023-03-27,-0.5600000000000005
605016.XSHG,2023-03-27,1.0400000000000063
688323.XSHG,2023-03-27,1.1500000000000021
688526.XSHG,2023-03-27,0.25
688766.XSHG,2023-03-27,12.439999999999998
002571.XSHE,2023-03-27,0.16000000000000014
603277.XSHG,2023-03-27,0.25
603097.XSHG,2023-03-27,-0.9299999999999997
000537.XSHE,2023-03-27,0.6899999999999977
688386.XSHG,2023-03-27,-1.2100000000000009
605058.XSHG,2023-03-27,0.23999999999999844
603156.XSHG,2023-03-27,-0.5
688521.XSHG,2023-03-27,-2.230000000000004
002782.XSHE,2023-03-27,0.3500000000000014
002577.XSHE,2023-03-27,-0.30999999999999517
301080.XSHE,2023-03-27,-0.8400000000000034
603278.XSHG,2023-03-27,-0.21999999999999886
603991.XSHG,2023-03-27,0.5300000000000011
002853.XSHE,2023-03-27,3.210000000000001
300683.XSHE,2023-03-27,0.18999999999999773
600463.XSHG,2023-03-27,-0.08000000000000185
300977.XSHE,2023-03-27,-0.8399999999999963
600064.XSHG,2023-03-27,2.6599999999999966
600331.XSHG,2023-03-27,0.629999999999999
002859.XSHE,2023-03-27,-1.5300000000000011
603589.XSHG,2023-03-27,1.4200000000000017
301024.XSHE,2023-03-27,-0.2600000000000051
300176.XSHE,2023-03-27,-0.23000000000000043
002925.XSHE,2023-03-27,0.3500000000000014
688066.XSHG,2023-03-27,-4.040000000000006
000691.XSHE,2023-03-27,0.13000000000000078
300283.XSHE,2023-03-27,0.11999999999999744
603068.XSHG,2023-03-27,0.38000000000000256
603416.XSHG,2023-03-27,0.4200000000000017
603730.XSHG,2023-03-27,0.730000000000004
002246.XSHE,2023-03-27,0.360000000000003
688598.XSHG,2023-03-27,-3.1100000000000136
300252.XSHE,2023-03-27,-3.1300000000000026
002719.XSHE,2023-03-27,0.26000000000000156
002807.XSHE,2023-03-27,0.0600000000000005
002352.XSHE,2023-03-27,-0.6299999999999955
300454.XSHE,2023-03-27,-3.6999999999999886
600052.XSHG,2023-03-27,0.3200000000000003
300790.XSHE,2023-03-27,-0.3299999999999983
300536.XSHE,2023-03-27,-1.1199999999999974
600968.XSHG,2023-03-27,-0.029999999999999805
600315.XSHG,2023-03-27,-1.6199999999999761
300750.XSHE,2023-03-27,-5.409999999999968
300831.XSHE,2023-03-27,-0.10999999999999943
600138.XSHG,2023-03-27,-0.1599999999999966
002285.XSHE,2023-03-27,1.480000000000004
002392.XSHE,2023-03-27,0.6700000000000017
688096.XSHG,2023-03-27,-0.11999999999999922
300612.XSHE,2023-03-27,0.8099999999999952
000700.XSHE,2023-03-27,-3.1000000000000085
002194.XSHE,2023-03-27,-0.17999999999999972
603699.XSHG,2023-03-27,0.4299999999999997
605378.XSHG,2023-03-27,-0.10999999999999943
688409.XSHG,2023-03-27,2.530000000000001
301085.XSHE,2023-03-27,-0.6599999999999966
600054.XSHG,2023-03-27,-0.5900000000000034
601001.XSHG,2023-03-27,-0.22000000000000242
603882.XSHG,2023-03-27,-3.1000000000000085
002688.XSHE,2023-03-27,0.240000000000002
601113.XSHG,2023-03-27,0.15000000000000036
600567.XSHG,2023-03-27,0.16999999999999993
600927.XSHG,2023-03-27,-0.120000000000001
688616.XSHG,2023-03-27,-0.009999999999999787
601519.XSHG,2023-03-27,-0.41000000000000014
002669.XSHE,2023-03-27,-0.11999999999999744
603023.XSHG,2023-03-27,0.07000000000000028
603281.XSHG,2023-03-27,2.0500000000000043
603456.XSHG,2023-03-27,1.8899999999999864
002644.XSHE,2023-03-27,1.6500000000000057
000882.XSHE,2023-03-27,0.05999999999999961
688400.XSHG,2023-03-27,0.5500000000000007
688272.XSHG,2023-03-27,0.16000000000000014
688090.XSHG,2023-03-27,-0.06999999999999673
300505.XSHE,2023-03-27,1.2099999999999937
000409.XSHE,2023-03-27,0.40000000000000213
000825.XSHE,2023-03-27,0.6499999999999986
601995.XSHG,2023-03-27,-0.20000000000000284
688510.XSHG,2023-03-27,0.35999999999999943
002734.XSHE,2023-03-27,0.240000000000002
001225.XSHE,2023-03-27,1.2899999999999991
001223.XSHE,2023-03-27,0.8799999999999955
600277.XSHG,2023-03-27,0.8299999999999983
000987.XSHE,2023-03-27,-0.1599999999999966
603816.XSHG,2023-03-27,1.009999999999991
688698.XSHG,2023-03-27,-0.03999999999999915
300949.XSHE,2023-03-27,-0.46000000000000085
002522.XSHE,2023-03-27,0.3400000000000034
600855.XSHG,2023-03-27,0.08000000000000185
688159.XSHG,2023-03-27,-0.9599999999999973
600521.XSHG,2023-03-27,-4.25
600551.XSHG,2023-03-27,0.3100000000000023
688020.XSHG,2023-03-27,0.1700000000000017
300601.XSHE,2023-03-27,-1.2800000000000011
601366.XSHG,2023-03-27,0.040000000000000036
301166.XSHE,2023-03-27,-0.21000000000000085
300583.XSHE,2023-03-27,-0.13000000000000256
000039.XSHE,2023-03-27,4.9599999999999795
600575.XSHG,2023-03-27,0.5499999999999972
001213.XSHE,2023-03-27,0.08999999999999986
603102.XSHG,2023-03-27,-0.38000000000000256
002343.XSHE,2023-03-27,0.060000000000002274
601811.XSHG,2023-03-27,-0.120000000000001
300214.XSHE,2023-03-27,0.07000000000000028
600053.XSHG,2023-03-27,-0.11999999999999744
002660.XSHE,2023-03-27,0.5899999999999999
300085.XSHE,2023-03-27,-1.7700000000000102
603208.XSHG,2023-03-27,1.4899999999999949
603077.XSHG,2023-03-27,0.14000000000000057
300569.XSHE,2023-03-27,-2.489999999999995
002760.XSHE,2023-03-27,0.23999999999999844
301396.XSHE,2023-03-27,-0.0799999999999983
688223.XSHG,2023-03-27,0.019999999999999574
603040.XSHG,2023-03-27,0.8100000000000023
688015.XSHG,2023-03-27,-1.3599999999999994
688181.XSHG,2023-03-27,-0.09000000000000341
600845.XSHG,2023-03-27,0.2999999999999545
300701.XSHE,2023-03-27,0.5300000000000011
600399.XSHG,2023-03-27,0.21000000000000085
000923.XSHE,2023-03-27,-0.22000000000000242
002516.XSHE,2023-03-27,0.6099999999999994
301288.XSHE,2023-03-27,-0.17999999999999972
688196.XSHG,2023-03-27,0.28000000000000114
000821.XSHE,2023-03-27,-5.039999999999999
688566.XSHG,2023-03-27,0.33999999999999986
002040.XSHE,2023-03-27,0.3299999999999983
300437.XSHE,2023-03-27,0.8200000000000003
600755.XSHG,2023-03-27,3.8100000000000023
002460.XSHE,2023-03-27,-5.1200000000000045
603728.XSHG,2023-03-27,-1.4799999999999969
000610.XSHE,2023-03-27,-2.6899999999999977
002875.XSHE,2023-03-27,0.6099999999999994
301126.XSHE,2023-03-27,-0.23000000000000043
002232.XSHE,2023-03-27,-1.1000000000000014
603155.XSHG,2023-03-27,0.01999999999999602
603116.XSHG,2023-03-27,0.16999999999999993
688070.XSHG,2023-03-27,2.1300000000000026
002828.XSHE,2023-03-27,-0.17999999999999972
002444.XSHE,2023-03-27,0.8299999999999983
688522.XSHG,2023-03-27,1.5899999999999963
002164.XSHE,2023-03-27,0.05999999999999872
000719.XSHE,2023-03-27,-1.3100000000000023
300759.XSHE,2023-03-27,-2.6700000000000017
601966.XSHG,2023-03-27,-0.46999999999999886
600658.XSHG,2023-03-27,0.4299999999999997
688282.XSHG,2023-03-27,0.5
301036.XSHE,2023-03-27,-0.629999999999999
002081.XSHE,2023-03-27,2.4099999999999966
300781.XSHE,2023-03-27,0.5
002283.XSHE,2023-03-27,-0.21999999999999886
002313.XSHE,2023-03-27,-0.030000000000001137
688083.XSHG,2023-03-27,14.970000000000027
000555.XSHE,2023-03-27,-0.8000000000000043
002396.XSHE,2023-03-27,-1.4699999999999989
001314.XSHE,2023-03-27,1.740000000000002
603041.XSHG,2023-03-27,0.259999999999998
002611.XSHE,2023-03-27,-0.4200000000000017
603813.XSHG,2023-03-27,0.120000000000001
300770.XSHE,2023-03-27,-0.04000000000000625
603536.XSHG,2023-03-27,0.3200000000000003
600120.XSHG,2023-03-27,-2.3700000000000045
002789.XSHE,2023-03-27,-0.2900000000000027
300371.XSHE,2023-03-27,-0.5
600556.XSHG,2023-03-27,-1.7800000000000011
000820.XSHE,2023-03-27,0.13000000000000078
301321.XSHE,2023-03-27,0.9299999999999997
300233.XSHE,2023-03-27,-0.6900000000000048
300264.XSHE,2023-03-27,0.6699999999999982
300810.XSHE,2023-03-27,0.0
601399.XSHG,2023-03-27,0.0
601975.XSHG,2023-03-27,0.020000000000000018
300303.XSHE,2023-03-27,-0.1700000000000017
000565.XSHE,2023-03-27,-0.0800000000000054
002215.XSHE,2023-03-27,6.489999999999995
605388.XSHG,2023-03-27,0.10999999999999943
300869.XSHE,2023-03-27,-0.34999999999999787
688005.XSHG,2023-03-27,1.0400000000000063
603669.XSHG,2023-03-27,0.030000000000001137
000568.XSHE,2023-03-27,144.4400000000005
600657.XSHG,2023-03-27,2.010000000000005
300811.XSHE,2023-03-27,3.4000000000000057
003043.XSHE,2023-03-27,0.18999999999999773
000625.XSHE,2023-03-27,-0.4300000000000068
600767.XSHG,2023-03-27,0.03999999999999915
301349.XSHE,2023-03-27,0.7099999999999937
002824.XSHE,2023-03-27,-0.8400000000000034
603959.XSHG,2023-03-27,-0.060000000000002274
301027.XSHE,2023-03-27,-0.1399999999999988
002776.XSHE,2023-03-27,0.19000000000000128
300688.XSHE,2023-03-27,-10.960000000000008
688215.XSHG,2023-03-27,-0.020000000000003126
603466.XSHG,2023-03-27,1.1400000000000006
000935.XSHE,2023-03-27,0.8700000000000045
300789.XSHE,2023-03-27,0.21000000000000085
002664.XSHE,2023-03-27,0.0899999999999963
603799.XSHG,2023-03-27,0.4300000000000068
600499.XSHG,2023-03-27,-6.019999999999982
600282.XSHG,2023-03-27,0.14999999999999858
605333.XSHG,2023-03-27,0.25
002625.XSHE,2023-03-27,1.9399999999999977
000880.XSHE,2023-03-27,0.28000000000000114
300515.XSHE,2023-03-27,-1.8999999999999986
000801.XSHE,2023-03-27,0.8799999999999955
002482.XSHE,2023-03-27,0.1700000000000017
600736.XSHG,2023-03-27,1.6800000000000068
002339.XSHE,2023-03-27,0.5999999999999943
603259.XSHG,2023-03-27,-2.5400000000000205
688391.XSHG,2023-03-27,1.9699999999999989
003004.XSHE,2023-03-27,-0.4200000000000017
002054.XSHE,2023-03-27,0.2699999999999996
300304.XSHE,2023-03-27,-0.0799999999999983
600876.XSHG,2023-03-27,-0.7100000000000009
300752.XSHE,2023-03-27,0.28999999999999915
600107.XSHG,2023-03-27,0.23000000000000043
002715.XSHE,2023-03-27,0.2699999999999996
002694.XSHE,2023-03-27,0.48999999999999844
601318.XSHG,2023-03-27,0.730000000000004
688658.XSHG,2023-03-27,-0.8099999999999987
300490.XSHE,2023-03-27,-0.7300000000000004
300210.XSHE,2023-03-27,-0.11999999999999744
603565.XSHG,2023-03-27,0.14999999999999858
601225.XSHG,2023-03-27,-0.41000000000000014
601311.XSHG,2023-03-27,-0.3299999999999983
300448.XSHE,2023-03-27,-0.22999999999999687
300946.XSHE,2023-03-27,-0.5300000000000011
300592.XSHE,2023-03-27,0.5899999999999999
300238.XSHE,2023-03-27,-0.9699999999999989
603937.XSHG,2023-03-27,-0.22000000000000064
603377.XSHG,2023-03-27,0.35999999999999943
300077.XSHE,2023-03-27,-0.4099999999999966
301200.XSHE,2023-03-27,0.17999999999999972
300890.XSHE,2023-03-27,-0.6700000000000017
600201.XSHG,2023-03-27,0.1599999999999966
600381.XSHG,2023-03-27,0.13000000000000078
002871.XSHE,2023-03-27,0.0800000000000054
300710.XSHE,2023-03-27,-0.47000000000000597
002738.XSHE,2023-03-27,0.2599999999999909
600640.XSHG,2023-03-27,-0.5
600189.XSHG,2023-03-27,0.33999999999999986
001255.XSHE,2023-03-27,-1.259999999999998
600880.XSHG,2023-03-27,1.0700000000000216
603630.XSHG,2023-03-27,0.25
601155.XSHG,2023-03-27,0.5599999999999987
300275.XSHE,2023-03-27,-4.920000000000002
300604.XSHE,2023-03-27,-9.079999999999984
688578.XSHG,2023-03-27,-0.10000000000000142
600073.XSHG,2023-03-27,-0.10000000000000142
688161.XSHG,2023-03-27,-0.1699999999999946
300201.XSHE,2023-03-27,-0.8599999999999994
000552.XSHE,2023-03-27,0.15000000000000213
300499.XSHE,2023-03-27,-0.1600000000000037
601933.XSHG,2023-03-27,0.08999999999999986
301229.XSHE,2023-03-27,0.35999999999999943
300373.XSHE,2023-03-27,4.080000000000041
688700.XSHG,2023-03-27,0.23999999999999488
002645.XSHE,2023-03-27,-2.6899999999999977
300841.XSHE,2023-03-27,-6.170000000000016
601377.XSHG,2023-03-27,-0.029999999999997584
601668.XSHG,2023-03-27,0.08000000000000007
600287.XSHG,2023-03-27,0.14999999999999858
603421.XSHG,2023-03-27,0.25
300766.XSHE,2023-03-27,0.370000000000001
301107.XSHE,2023-03-27,0.05000000000000071
603701.XSHG,2023-03-27,1.5
301217.XSHE,2023-03-27,0.08000000000000007
601398.XSHG,2023-03-27,0.02000000000000135
600916.XSHG,2023-03-27,0.040000000000000924
601016.XSHG,2023-03-27,0.0799999999999983
300700.XSHE,2023-03-27,-2.6200000000000045
603985.XSHG,2023-03-27,-3.5200000000000102
300931.XSHE,2023-03-27,0.049999999999998934
000048.XSHE,2023-03-27,-5.609999999999985
000915.XSHE,2023-03-27,-0.5300000000000011
300011.XSHE,2023-03-27,1.0899999999999963
000548.XSHE,2023-03-27,0.33999999999999986
000783.XSHE,2023-03-27,-0.060000000000002274
300172.XSHE,2023-03-27,0.21999999999999886
601890.XSHG,2023-03-27,0.7600000000000016
002303.XSHE,2023-03-27,0.7700000000000031
300485.XSHE,2023-03-27,-0.4200000000000017
600155.XSHG,2023-03-27,-0.05999999999999872
000875.XSHE,2023-03-27,0.09999999999999964
002178.XSHE,2023-03-27,-0.5199999999999996
002718.XSHE,2023-03-27,1.7000000000000028
601369.XSHG,2023-03-27,0.5500000000000007
688158.XSHG,2023-03-27,-1.7699999999999996
688045.XSHG,2023-03-27,0.980000000000004
600486.XSHG,2023-03-27,5.160000000000025
300648.XSHE,2023-03-27,-2.3699999999999903
600078.XSHG,2023-03-27,1.0600000000000023
600088.XSHG,2023-03-27,-0.14000000000000057
603386.XSHG,2023-03-27,0.010000000000001563
300179.XSHE,2023-03-27,-1.1700000000000017
000524.XSHE,2023-03-27,-0.3999999999999986
688728.XSHG,2023-03-27,0.15000000000000213
300108.XSHE,2023-03-27,0.0600000000000005
300970.XSHE,2023-03-27,-0.03999999999999915
002274.XSHE,2023-03-27,0.5399999999999991
002795.XSHE,2023-03-27,0.21000000000000085
000739.XSHE,2023-03-27,1.400000000000034
600136.XSHG,2023-03-27,-0.3000000000000007
600622.XSHG,2023-03-27,17.710000000000036
688456.XSHG,2023-03-27,-0.41000000000000014
300009.XSHE,2023-03-27,0.0
002636.XSHE,2023-03-27,-1.139999999999997
300278.XSHE,2023-03-27,-0.17999999999999972
600706.XSHG,2023-03-27,-2.1599999999999966
300806.XSHE,2023-03-27,-0.39000000000000057
300835.XSHE,2023-03-27,-1.5699999999999932
300056.XSHE,2023-03-27,0.6600000000000037
002785.XSHE,2023-03-27,0.0
301007.XSHE,2023-03-27,-0.05000000000000071
601515.XSHG,2023-03-27,-0.08999999999999986
300994.XSHE,2023-03-27,0.19000000000000128
688239.XSHG,2023-03-27,-2.0600000000000023
603912.XSHG,2023-03-27,0.08000000000000185
002552.XSHE,2023-03-27,-0.4399999999999977
301359.XSHE,2023-03-27,0.1999999999999993
300465.XSHE,2023-03-27,0.3200000000000003
002617.XSHE,2023-03-27,-0.14999999999999147
300887.XSHE,2023-03-27,1.1500000000000057
600292.XSHG,2023-03-27,0.4299999999999997
688655.XSHG,2023-03-27,0.4299999999999997
002068.XSHE,2023-03-27,-0.5999999999999943
300808.XSHE,2023-03-27,0.34999999999999964
688659.XSHG,2023-03-27,0.11000000000000121
688167.XSHG,2023-03-27,1.4299999999999926
688656.XSHG,2023-03-27,0.04999999999999716
600628.XSHG,2023-03-27,4.849999999999966
603089.XSHG,2023-03-27,0.07000000000000028
605598.XSHG,2023-03-27,0.9100000000000001
600692.XSHG,2023-03-27,0.14000000000000057
000096.XSHE,2023-03-27,0.3099999999999987
603301.XSHG,2023-03-27,-1.1799999999999926
300066.XSHE,2023-03-27,0.4199999999999875
301162.XSHE,2023-03-27,1.309999999999988
600212.XSHG,2023-03-27,0.41000000000000014
605186.XSHG,2023-03-27,0.6999999999999957
688628.XSHG,2023-03-27,1.3299999999999983
600313.XSHG,2023-03-27,-0.1700000000000017
600352.XSHG,2023-03-27,1.9499999999999886
688357.XSHG,2023-03-27,3.8799999999999955
300295.XSHE,2023-03-27,-0.240000000000002
601555.XSHG,2023-03-27,-0.009999999999999787
600660.XSHG,2023-03-27,-4.230000000000018
002495.XSHE,2023-03-27,0.389999999999997
000630.XSHE,2023-03-27,0.6099999999999994
605377.XSHG,2023-03-27,0.3000000000000007
002631.XSHE,2023-03-27,0.1700000000000017
002533.XSHE,2023-03-27,0.3500000000000014
301335.XSHE,2023-03-27,0.4299999999999997
603828.XSHG,2023-03-27,0.18999999999999773
603727.XSHG,2023-03-27,0.17999999999999972
301010.XSHE,2023-03-27,0.1999999999999993
002641.XSHE,2023-03-27,-0.3099999999999987
301388.XSHE,2023-03-27,-0.14000000000000057
603690.XSHG,2023-03-27,-0.030000000000001137
300298.XSHE,2023-03-27,0.25
600589.XSHG,2023-03-27,0.22000000000000064
300422.XSHE,2023-03-27,0.04999999999999716
002056.XSHE,2023-03-27,-1.8100000000000023
002153.XSHE,2023-03-27,0.0
002783.XSHE,2023-03-27,0.0799999999999983
002457.XSHE,2023-03-27,0.240000000000002
600728.XSHG,2023-03-27,-1.4200000000000017
300695.XSHE,2023-03-27,0.3500000000000014
688286.XSHG,2023-03-27,0.8500000000000014
000826.XSHE,2023-03-27,0.16000000000000014
002863.XSHE,2023-03-27,0.019999999999999574
301277.XSHE,2023-03-27,-0.4700000000000024
300554.XSHE,2023-03-27,0.10999999999999943
300733.XSHE,2023-03-27,-0.14999999999999858
601611.XSHG,2023-03-27,0.0600000000000005
600717.XSHG,2023-03-27,4.25
300377.XSHE,2023-03-27,-1.2900000000000063
600829.XSHG,2023-03-27,0.38000000000000256
002269.XSHE,2023-03-27,-0.03999999999999915
603186.XSHG,2023-03-27,1.3200000000000003
002646.XSHE,2023-03-27,0.259999999999998
000807.XSHE,2023-03-27,0.5600000000000023
688256.XSHG,2023-03-27,-8.389999999999986
002946.XSHE,2023-03-27,-0.5
688278.XSHG,2023-03-27,-1.9200000000000017
001308.XSHE,2023-03-27,3.5799999999999983
002414.XSHE,2023-03-27,2.180000000000007
001205.XSHE,2023-03-27,0.5199999999999996
601009.XSHG,2023-03-27,0.30000000000000426
301096.XSHE,2023-03-27,-3.1500000000000057
300163.XSHE,2023-03-27,0.38000000000000256
002620.XSHE,2023-03-27,0.48999999999999844
300933.XSHE,2023-03-27,-0.009999999999999787
605055.XSHG,2023-03-27,0.08999999999999986
300652.XSHE,2023-03-27,0.5
300773.XSHE,2023-03-27,0.7000000000000028
300623.XSHE,2023-03-27,0.6399999999999864
300896.XSHE,2023-03-27,-5.0499999999999545
002815.XSHE,2023-03-27,0.509999999999998
002126.XSHE,2023-03-27,-2.1300000000000097
603016.XSHG,2023-03-27,0.5300000000000011
002381.XSHE,2023-03-27,-0.240000000000002
601528.XSHG,2023-03-27,0.13999999999999968
002454.XSHE,2023-03-27,0.2699999999999996
600372.XSHG,2023-03-27,0.9099999999999966
601588.XSHG,2023-03-27,0.06000000000000005
603191.XSHG,2023-03-27,-0.5100000000000016
001256.XSHE,2023-03-27,0.15000000000000213
000822.XSHE,2023-03-27,0.09999999999999787
002682.XSHE,2023-03-27,0.15000000000000036
601000.XSHG,2023-03-27,0.36999999999999744
002665.XSHE,2023-03-27,0.6899999999999977
002731.XSHE,2023-03-27,1.4899999999999984
600733.XSHG,2023-03-27,0.3299999999999983
003008.XSHE,2023-03-27,0.2699999999999996
301220.XSHE,2023-03-27,1.0799999999999983
600780.XSHG,2023-03-27,-0.6899999999999977
001289.XSHE,2023-03-27,0.6499999999999986
000937.XSHE,2023-03-27,0.0
300449.XSHE,2023-03-27,0.7600000000000016
600273.XSHG,2023-03-27,0.14999999999999858
688618.XSHG,2023-03-27,-6.089999999999989
300745.XSHE,2023-03-27,-0.519999999999996
603161.XSHG,2023-03-27,0.14000000000000057
002735.XSHE,2023-03-27,0.490000000000002
600257.XSHG,2023-03-27,0.7199999999999989
603335.XSHG,2023-03-27,0.07000000000000028
300670.XSHE,2023-03-27,0.0
002705.XSHE,2023-03-27,0.5200000000000031
300682.XSHE,2023-03-27,-2.1199999999999974
600626.XSHG,2023-03-27,0.5700000000000003
603776.XSHG,2023-03-27,0.5
300579.XSHE,2023-03-27,2.740000000000009
601898.XSHG,2023-03-27,0.0600000000000005
300940.XSHE,2023-03-27,0.05999999999999872
002672.XSHE,2023-03-27,0.38000000000000256
300137.XSHE,2023-03-27,0.0
300110.XSHE,2023-03-27,0.22000000000000242
688036.XSHG,2023-03-27,5.799999999999997
601107.XSHG,2023-03-27,0.04999999999999982
603739.XSHG,2023-03-27,-0.030000000000001137
300821.XSHE,2023-03-27,0.16999999999999993
301011.XSHE,2023-03-27,-0.3200000000000003
601606.XSHG,2023-03-27,0.17999999999999972
002441.XSHE,2023-03-27,0.25
002340.XSHE,2023-03-27,0.960000000000008
688680.XSHG,2023-03-27,-4.77000000000001
000541.XSHE,2023-03-27,-0.950000000000017
002443.XSHE,2023-03-27,0.41000000000000014
603133.XSHG,2023-03-27,0.08999999999999986
688061.XSHG,2023-03-27,0.3399999999999892
688237.XSHG,2023-03-27,0.03999999999999915
001319.XSHE,2023-03-27,0.22000000000000242
301233.XSHE,2023-03-27,0.8099999999999952
600466.XSHG,2023-03-27,0.15000000000000036
600969.XSHG,2023-03-27,0.20000000000000107
000546.XSHE,2023-03-27,0.14000000000000057
300671.XSHE,2023-03-27,-1.9300000000000068
600229.XSHG,2023-03-27,-0.009999999999999787
600645.XSHG,2023-03-27,-4.180000000000007
000723.XSHE,2023-03-27,-0.5599999999999952
300175.XSHE,2023-03-27,-0.08999999999999986
300975.XSHE,2023-03-27,0.23000000000000043
600510.XSHG,2023-03-27,0.5499999999999972
000089.XSHE,2023-03-27,0.7999999999999972
300861.XSHE,2023-03-27,-0.8500000000000014
300308.XSHE,2023-03-27,-23.649999999999977
600023.XSHG,2023-03-27,0.17999999999999972
603290.XSHG,2023-03-27,4.759999999999991
001231.XSHE,2023-03-27,0.25
688207.XSHG,2023-03-27,-3.1199999999999974
600685.XSHG,2023-03-27,1.1099999999999994
601991.XSHG,2023-03-27,0.28000000000000114
603130.XSHG,2023-03-27,-0.08000000000000185
301158.XSHE,2023-03-27,-0.09999999999999787
300390.XSHE,2023-03-27,0.6300000000000523
603100.XSHG,2023-03-27,-1.2100000000000009
605577.XSHG,2023-03-27,-0.4299999999999997
300938.XSHE,2023-03-27,-0.6700000000000017
600502.XSHG,2023-03-27,0.14000000000000057
603516.XSHG,2023-03-27,0.5800000000000054
603719.XSHG,2023-03-27,1.019999999999996
000790.XSHE,2023-03-27,0.509999999999998
300450.XSHE,2023-03-27,-8.350000000000023
000061.XSHE,2023-03-27,-4.72999999999999
600537.XSHG,2023-03-27,-0.5799999999999983
603725.XSHG,2023-03-27,0.10000000000000142
300543.XSHE,2023-03-27,0.0
301069.XSHE,2023-03-27,0.5400000000000027
300644.XSHE,2023-03-27,-0.46000000000000085
002327.XSHE,2023-03-27,-0.3400000000000034
603601.XSHG,2023-03-27,0.5300000000000011
688382.XSHG,2023-03-27,0.2799999999999976
600004.XSHG,2023-03-27,-0.4799999999999969
300417.XSHE,2023-03-27,0.17999999999999972
600169.XSHG,2023-03-27,0.1999999999999993
600128.XSHG,2023-03-27,0.2699999999999996
600531.XSHG,2023-03-27,0.7600000000000051
600642.XSHG,2023-03-27,0.6599999999999966
603826.XSHG,2023-03-27,-0.060000000000002274
688085.XSHG,2023-03-27,-0.259999999999998
600835.XSHG,2023-03-27,0.8299999999999983
301289.XSHE,2023-03-27,0.2700000000000031
000708.XSHE,2023-03-27,0.9799999999999898
300111.XSHE,2023-03-27,-0.15999999999999837
002698.XSHE,2023-03-27,0.18999999999999773
688097.XSHG,2023-03-27,-0.120000000000001
600329.XSHG,2023-03-27,-5.260000000000005
000156.XSHE,2023-03-27,-0.10999999999999943
002659.XSHE,2023-03-27,0.09999999999999964
601882.XSHG,2023-03-27,-0.23000000000000398
300407.XSHE,2023-03-27,0.5700000000000003
300381.XSHE,2023-03-27,0.25
601666.XSHG,2023-03-27,0.0
600281.XSHG,2023-03-27,0.049999999999998934
603168.XSHG,2023-03-27,0.5700000000000003
002707.XSHE,2023-03-27,-3.1599999999999966
600180.XSHG,2023-03-27,0.18000000000000327
300591.XSHE,2023-03-27,0.129999999999999
605488.XSHG,2023-03-27,-0.07000000000000028
002152.XSHE,2023-03-27,-1.8600000000000136
688580.XSHG,2023-03-27,-2.680000000000007
688293.XSHG,2023-03-27,1.5900000000000034
000413.XSHE,2023-03-27,0.08999999999999986
300102.XSHE,2023-03-27,0.28000000000000114
603979.XSHG,2023-03-27,0.3299999999999983
002320.XSHE,2023-03-27,2.3299999999999983
601058.XSHG,2023-03-27,-0.259999999999998
002590.XSHE,2023-03-27,-0.5599999999999952
002637.XSHE,2023-03-27,0.45000000000000284
600165.XSHG,2023-03-27,-0.10000000000000142
002006.XSHE,2023-03-27,2.170000000000016
600601.XSHG,2023-03-27,-212.42999999999847
300320.XSHE,2023-03-27,0.6800000000000068
600616.XSHG,2023-03-27,26.63000000000011
601500.XSHG,2023-03-27,0.07000000000000028
603477.XSHG,2023-03-27,-2.120000000000001
300596.XSHE,2023-03-27,0.9399999999999977
003011.XSHE,2023-03-27,1.1900000000000048
300550.XSHE,2023-03-27,-1.1099999999999994
600488.XSHG,2023-03-27,-0.14000000000000057
300272.XSHE,2023-03-27,0.12000000000000455
601800.XSHG,2023-03-27,-0.09999999999999964
600547.XSHG,2023-03-27,0.4399999999999977
002918.XSHE,2023-03-27,0.3999999999999986
300667.XSHE,2023-03-27,0.7800000000000011
002039.XSHE,2023-03-27,0.720000000000006
000543.XSHE,2023-03-27,0.5700000000000003
688010.XSHG,2023-03-27,-0.6900000000000013
300131.XSHE,2023-03-27,0.37000000000000455
002360.XSHE,2023-03-27,-0.3499999999999943
000078.XSHE,2023-03-27,0.20000000000000284
001336.XSHE,2023-03-27,0.11999999999999744
002154.XSHE,2023-03-27,1.6499999999999915
300461.XSHE,2023-03-27,-0.17999999999999972
600768.XSHG,2023-03-27,0.5
603197.XSHG,2023-03-27,1.6700000000000017
000971.XSHE,2023-03-27,-0.1900000000000004
300479.XSHE,2023-03-27,0.5700000000000003
003031.XSHE,2023-03-27,8.689999999999998
300548.XSHE,2023-03-27,0.75
300394.XSHE,2023-03-27,3.6499999999999773
600577.XSHG,2023-03-27,0.0
600682.XSHG,2023-03-27,-0.9500000000000028
002104.XSHE,2023-03-27,-1.490000000000009
601958.XSHG,2023-03-27,0.120000000000001
300457.XSHE,2023-03-27,-2.3499999999999943
300628.XSHE,2023-03-27,38.65000000000009
300783.XSHE,2023-03-27,0.379999999999999
600552.XSHG,2023-03-27,-0.25
601789.XSHG,2023-03-27,-0.8899999999999988
300324.XSHE,2023-03-27,-0.25
000534.XSHE,2023-03-27,-0.5900000000000034
300086.XSHE,2023-03-27,-0.2900000000000027
300765.XSHE,2023-03-27,-1.0500000000000043
300703.XSHE,2023-03-27,0.5100000000000016
002821.XSHE,2023-03-27,-10.279999999999973
002429.XSHE,2023-03-27,0.35999999999999943
603995.XSHG,2023-03-27,0.5100000000000051
605020.XSHG,2023-03-27,0.30000000000000426
301110.XSHE,2023-03-27,-4.340000000000003
301365.XSHE,2023-03-27,0.4400000000000013
605088.XSHG,2023-03-27,0.07000000000000028
603518.XSHG,2023-03-27,0.33000000000000007
603003.XSHG,2023-03-27,-0.16999999999999993
600020.XSHG,2023-03-27,0.3899999999999988
600077.XSHG,2023-03-27,0.33999999999999986
600860.XSHG,2023-03-27,-0.09999999999999787
603599.XSHG,2023-03-27,-0.6600000000000108
300063.XSHE,2023-03-27,-1.5
002930.XSHE,2023-03-27,0.5599999999999952
600362.XSHG,2023-03-27,-0.1600000000000037
600048.XSHG,2023-03-27,3.569999999999993
603515.XSHG,2023-03-27,0.35999999999999943
000429.XSHE,2023-03-27,0.2600000000000051
002843.XSHE,2023-03-27,0.3000000000000007
300598.XSHE,2023-03-27,1.5900000000000034
002846.XSHE,2023-03-27,0.4800000000000004
600580.XSHG,2023-03-27,0.37000000000000455
600576.XSHG,2023-03-27,0.3200000000000003
000526.XSHE,2023-03-27,0.5700000000000003
600665.XSHG,2023-03-27,1.0
000007.XSHE,2023-03-27,0.7299999999999898
603337.XSHG,2023-03-27,0.17999999999999972
300020.XSHE,2023-03-27,-1.5800000000000054
688218.XSHG,2023-03-27,-0.6400000000000006
000166.XSHE,2023-03-27,0.019999999999999574
002403.XSHE,2023-03-27,0.11999999999999922
301016.XSHE,2023-03-27,0.10999999999999943
301116.XSHE,2023-03-27,0.14000000000000057
300467.XSHE,2023-03-27,-0.6500000000000057
605005.XSHG,2023-03-27,0.05000000000000071
300105.XSHE,2023-03-27,0.9500000000000028
300901.XSHE,2023-03-27,0.0
301318.XSHE,2023-03-27,1.259999999999998
000697.XSHE,2023-03-27,0.0
601828.XSHG,2023-03-27,0.03000000000000025
688670.XSHG,2023-03-27,0.7000000000000028
301028.XSHE,2023-03-27,-0.03999999999999915
002367.XSHE,2023-03-27,-1.1800000000000068
002322.XSHE,2023-03-27,-0.6700000000000017
600031.XSHG,2023-03-27,6.589999999999918
002949.XSHE,2023-03-27,0.3999999999999986
301195.XSHE,2023-03-27,-0.09000000000000341
603139.XSHG,2023-03-27,-0.10999999999999943
600319.XSHG,2023-03-27,0.040000000000000924
688327.XSHG,2023-03-27,-3.5
002023.XSHE,2023-03-27,-0.10999999999999943
301161.XSHE,2023-03-27,1.0500000000000007
002476.XSHE,2023-03-27,0.5200000000000031
600153.XSHG,2023-03-27,0.0
000651.XSHE,2023-03-27,103.27999999999975
000798.XSHE,2023-03-27,0.7399999999999984
603329.XSHG,2023-03-27,0.1700000000000017
002129.XSHE,2023-03-27,-10.599999999999994
600283.XSHG,2023-03-27,0.1999999999999993
300354.XSHE,2023-03-27,-2.380000000000024
688486.XSHG,2023-03-27,2.5799999999999983
601998.XSHG,2023-03-27,0.27000000000000135
603408.XSHG,2023-03-27,0.3800000000000008
002575.XSHE,2023-03-27,0.3099999999999987
300812.XSHE,2023-03-27,0.21000000000000085
000806.XSHE,2023-03-27,0.5099999999999998
002067.XSHE,2023-03-27,0.0600000000000005
601689.XSHG,2023-03-27,-0.6200000000000045
603069.XSHG,2023-03-27,0.3000000000000007
002368.XSHE,2023-03-27,8.289999999999992
000401.XSHE,2023-03-27,0.5600000000000023
688039.XSHG,2023-03-27,-9.179999999999993
600119.XSHG,2023-03-27,0.33000000000000185
600276.XSHG,2023-03-27,-101.78999999999996
603332.XSHG,2023-03-27,0.120000000000001
300117.XSHE,2023-03-27,-0.14000000000000057
300402.XSHE,2023-03-27,-0.03999999999999915
002093.XSHE,2023-03-27,2.3299999999999983
600006.XSHG,2023-03-27,0.19000000000000128
603150.XSHG,2023-03-27,-0.03999999999999915
002101.XSHE,2023-03-27,-1.1499999999999915
000539.XSHE,2023-03-27,3.030000000000001
002897.XSHE,2023-03-27,0.8199999999999932
300192.XSHE,2023-03-27,2.4499999999999993
601038.XSHG,2023-03-27,0.20000000000000107
688062.XSHG,2023-03-27,-0.07000000000000028
300577.XSHE,2023-03-27,0.7399999999999949
002024.XSHE,2023-03-27,0.8799999999999955
688080.XSHG,2023-03-27,-0.509999999999998
301072.XSHE,2023-03-27,-0.620000000000001
688059.XSHG,2023-03-27,-9.340000000000003
600498.XSHG,2023-03-27,-1.1400000000000006
000593.XSHE,2023-03-27,0.2600000000000051
002878.XSHE,2023-03-27,-0.030000000000001137
300445.XSHE,2023-03-27,1.3999999999999915
300595.XSHE,2023-03-27,-12.069999999999993
300966.XSHE,2023-03-27,-0.35999999999999943
300072.XSHE,2023-03-27,0.8199999999999932
002365.XSHE,2023-03-27,0.10000000000000142
300370.XSHE,2023-03-27,-0.6600000000000037
300908.XSHE,2023-03-27,0.4299999999999997
600901.XSHG,2023-03-27,0.20000000000000018
603718.XSHG,2023-03-27,-0.14000000000000057
300078.XSHE,2023-03-27,-1.6500000000000057
600719.XSHG,2023-03-27,0.1700000000000017
600370.XSHG,2023-03-27,0.13999999999999702
605368.XSHG,2023-03-27,-0.009999999999999787
603109.XSHG,2023-03-27,0.04999999999999716
603648.XSHG,2023-03-27,0.0600000000000005
002537.XSHE,2023-03-27,0.12999999999999545
300653.XSHE,2023-03-27,3.280000000000001
000650.XSHE,2023-03-27,0.0
300121.XSHE,2023-03-27,0.6899999999999977
601121.XSHG,2023-03-27,0.25
603659.XSHG,2023-03-27,0.6899999999999977
605305.XSHG,2023-03-27,-6.009999999999998
600081.XSHG,2023-03-27,-0.09999999999999432
600746.XSHG,2023-03-27,0.4099999999999966
002595.XSHE,2023-03-27,-1.3499999999999943
300891.XSHE,2023-03-27,0.16999999999999993
000779.XSHE,2023-03-27,-2.219999999999999
688208.XSHG,2023-03-27,1.259999999999998
300839.XSHE,2023-03-27,0.2699999999999996
000757.XSHE,2023-03-27,-0.04999999999999716
300629.XSHE,2023-03-27,0.03999999999999915
002412.XSHE,2023-03-27,0.36999999999999744
601231.XSHG,2023-03-27,0.7600000000000051
600599.XSHG,2023-03-27,-0.08999999999999986
600111.XSHG,2023-03-27,-1.990000000000009
300200.XSHE,2023-03-27,-0.7100000000000009
301223.XSHE,2023-03-27,0.2699999999999996
688175.XSHG,2023-03-27,-0.7700000000000031
603656.XSHG,2023-03-27,-0.10000000000000142
688041.XSHG,2023-03-27,1.9400000000000048
605299.XSHG,2023-03-27,-0.040000000000000924
603026.XSHG,2023-03-27,0.6299999999999955
301009.XSHE,2023-03-27,-0.019999999999999574
600516.XSHG,2023-03-27,0.6700000000000017
603890.XSHG,2023-03-27,-0.029999999999997584
605566.XSHG,2023-03-27,0.030000000000001137
600811.XSHG,2023-03-27,0.3100000000000023
688029.XSHG,2023-03-27,-1.2199999999999989
605376.XSHG,2023-03-27,0.10999999999999943
600529.XSHG,2023-03-27,-1.460000000000008
603111.XSHG,2023-03-27,0.049999999999998934
000727.XSHE,2023-03-27,0.17999999999999972
600072.XSHG,2023-03-27,1.1899999999999977
688220.XSHG,2023-03-27,-3.1099999999999994
600009.XSHG,2023-03-27,-0.6499999999999773
600977.XSHG,2023-03-27,0.13000000000000078
603222.XSHG,2023-03-27,1.1099999999999994
688136.XSHG,2023-03-27,-0.4499999999999993
000856.XSHE,2023-03-27,-0.09999999999999787
601878.XSHG,2023-03-27,-0.0600000000000005
300995.XSHE,2023-03-27,0.14000000000000057
603822.XSHG,2023-03-27,0.3100000000000023
000938.XSHE,2023-03-27,5.240000000000009
002676.XSHE,2023-03-27,-0.14000000000000057
603288.XSHG,2023-03-27,10.309999999999945
301053.XSHE,2023-03-27,-0.08000000000000185
600602.XSHG,2023-03-27,278.4899999999998
603399.XSHG,2023-03-27,0.16000000000000014
002857.XSHE,2023-03-27,-0.39000000000000057
301089.XSHE,2023-03-27,-0.00999999999999801
600158.XSHG,2023-03-27,0.0
688389.XSHG,2023-03-27,-0.060000000000002274
600062.XSHG,2023-03-27,0.6699999999999875
301358.XSHE,2023-03-27,-1.009999999999998
300991.XSHE,2023-03-27,0.25
300475.XSHE,2023-03-27,0.8500000000000014
000893.XSHE,2023-03-27,-0.9099999999999966
300918.XSHE,2023-03-27,0.13000000000000078
301345.XSHE,2023-03-27,1.3599999999999994
002532.XSHE,2023-03-27,1.4399999999999977
300309.XSHE,2023-03-27,-1.2400000000000002
300128.XSHE,2023-03-27,0.7000000000000028
603213.XSHG,2023-03-27,-0.08999999999999986
300630.XSHE,2023-03-27,1.269999999999996
002004.XSHE,2023-03-27,1.5
600790.XSHG,2023-03-27,0.4899999999999949
301236.XSHE,2023-03-27,-7.170000000000002
300500.XSHE,2023-03-27,0.21999999999999886
688295.XSHG,2023-03-27,0.23000000000000398
688089.XSHG,2023-03-27,1.009999999999998
002373.XSHE,2023-03-27,-4.32
002453.XSHE,2023-03-27,-0.5
300711.XSHE,2023-03-27,0.33999999999999986
002264.XSHE,2023-03-27,0.379999999999999
300936.XSHE,2023-03-27,0.8000000000000043
605300.XSHG,2023-03-27,0.17999999999999972
603297.XSHG,2023-03-27,0.9899999999999949
000989.XSHE,2023-03-27,-0.3500000000000014
603218.XSHG,2023-03-27,-1.2199999999999989
002484.XSHE,2023-03-27,-0.23999999999999488
688184.XSHG,2023-03-27,0.19000000000000483
603880.XSHG,2023-03-27,0.39000000000000057
301120.XSHE,2023-03-27,-0.25
000655.XSHE,2023-03-27,0.6500000000000057
300188.XSHE,2023-03-27,-0.5300000000000011
603878.XSHG,2023-03-27,0.2900000000000027
688189.XSHG,2023-03-27,0.019999999999999574
000501.XSHE,2023-03-27,0.5699999999999932
603663.XSHG,2023-03-27,0.05999999999999872
002830.XSHE,2023-03-27,0.35999999999999943
300300.XSHE,2023-03-27,0.07000000000000028
000060.XSHE,2023-03-27,0.789999999999992
300170.XSHE,2023-03-27,1.5799999999999983
002459.XSHE,2023-03-27,-2.6099999999999994
600322.XSHG,2023-03-27,0.16000000000000014
001368.XSHE,2023-03-27,0.9400000000000013
300649.XSHE,2023-03-27,-0.4299999999999997
600501.XSHG,2023-03-27,1.8900000000000006
000680.XSHE,2023-03-27,0.11000000000000298
002226.XSHE,2023-03-27,3.1099999999999994
300705.XSHE,2023-03-27,-0.23000000000000398
601628.XSHG,2023-03-27,-0.8100000000000023
688148.XSHG,2023-03-27,0.2400000000000002
300495.XSHE,2023-03-27,0.16000000000000014
300576.XSHE,2023-03-27,-2.1200000000000045
600480.XSHG,2023-03-27,-0.05999999999999872
300945.XSHE,2023-03-27,0.02999999999999936
688205.XSHG,2023-03-27,-0.7999999999999972
300169.XSHE,2023-03-27,0.0
301190.XSHE,2023-03-27,0.129999999999999
603619.XSHG,2023-03-27,0.07000000000000028
301006.XSHE,2023-03-27,0.23000000000000043
000416.XSHE,2023-03-27,0.19999999999999574
002122.XSHE,2023-03-27,0.08000000000000185
002435.XSHE,2023-03-27,0.3000000000000007
688589.XSHG,2023-03-27,0.8800000000000026
603088.XSHG,2023-03-27,-0.6099999999999994
600557.XSHG,2023-03-27,0.4399999999999977
002845.XSHE,2023-03-27,0.7199999999999989
603387.XSHG,2023-03-27,-0.5700000000000003
300203.XSHE,2023-03-27,3.219999999999999
300375.XSHE,2023-03-27,0.07000000000000028
600837.XSHG,2023-03-27,-0.7299999999999898
603138.XSHG,2023-03-27,2.4200000000000017
688697.XSHG,2023-03-27,1.4400000000000013
600249.XSHG,2023-03-27,0.3500000000000014
600515.XSHG,2023-03-27,-0.1999999999999993
688262.XSHG,2023-03-27,1.3100000000000023
000950.XSHE,2023-03-27,0.1999999999999993
603099.XSHG,2023-03-27,-0.11000000000000121
605198.XSHG,2023-03-27,0.23000000000000043
002991.XSHE,2023-03-27,1.3299999999999983
300368.XSHE,2023-03-27,0.490000000000002
300760.XSHE,2023-03-27,-1.5399999999999636
002291.XSHE,2023-03-27,-0.19000000000000128
600303.XSHG,2023-03-27,1.8500000000000014
688103.XSHG,2023-03-27,-1.7100000000000009
300662.XSHE,2023-03-27,0.9099999999999966
000718.XSHE,2023-03-27,0.4299999999999997
000895.XSHE,2023-03-27,1.1900000000000546
002555.XSHE,2023-03-27,-2.5399999999999636
300159.XSHE,2023-03-27,-2.950000000000003
300834.XSHE,2023-03-27,0.019999999999999574
688619.XSHG,2023-03-27,0.240000000000002
002921.XSHE,2023-03-27,0.10999999999999943
600350.XSHG,2023-03-27,0.370000000000001
600782.XSHG,2023-03-27,1.0499999999999972
300256.XSHE,2023-03-27,0.08999999999999986
603313.XSHG,2023-03-27,0.3299999999999983
002972.XSHE,2023-03-27,-0.20000000000000284
001234.XSHE,2023-03-27,0.5700000000000003
600871.XSHG,2023-03-27,0.08000000000000007
600305.XSHG,2023-03-27,0.19000000000001194
600008.XSHG,2023-03-27,0.5300000000000011
300161.XSHE,2023-03-27,-1.0700000000000003
688268.XSHG,2023-03-27,-0.6000000000000085
600439.XSHG,2023-03-27,0.3100000000000023
600906.XSHG,2023-03-27,0.0
002085.XSHE,2023-03-27,0.240000000000002
603767.XSHG,2023-03-27,0.009999999999999787
002346.XSHE,2023-03-27,0.029999999999997584
000936.XSHE,2023-03-27,-2.259999999999998
688410.XSHG,2023-03-27,-0.5500000000000043
002031.XSHE,2023-03-27,-3.5600000000000023
688050.XSHG,2023-03-27,-0.5
002026.XSHE,2023-03-27,0.18999999999999773
301209.XSHE,2023-03-27,0.6999999999999993
603187.XSHG,2023-03-27,-0.28999999999999204
002633.XSHE,2023-03-27,-0.36999999999999744
000678.XSHE,2023-03-27,0.08999999999999986
603013.XSHG,2023-03-27,-0.030000000000001137
000969.XSHE,2023-03-27,-0.46999999999999886
002858.XSHE,2023-03-27,-2.780000000000001
300889.XSHE,2023-03-27,0.16000000000000014
300039.XSHE,2023-03-27,-0.3500000000000085
300526.XSHE,2023-03-27,-2.780000000000001
600267.XSHG,2023-03-27,0.0
688778.XSHG,2023-03-27,-0.4100000000000108
688156.XSHG,2023-03-27,0.23000000000000043
000980.XSHE,2023-03-27,0.16999999999999993
688559.XSHG,2023-03-27,-0.21000000000000085
002014.XSHE,2023-03-27,0.6099999999999994
002045.XSHE,2023-03-27,-4.280000000000001
301165.XSHE,2023-03-27,0.6900000000000048
300840.XSHE,2023-03-27,-0.009999999999999787
002765.XSHE,2023-03-27,-0.060000000000002274
002047.XSHE,2023-03-27,0.16999999999999993
002654.XSHE,2023-03-27,0.11999999999999744
600617.XSHG,2023-03-27,1.289999999999992
301206.XSHE,2023-03-27,-0.14999999999999858
603022.XSHG,2023-03-27,-0.13000000000000256
603188.XSHG,2023-03-27,0.03999999999999915
688380.XSHG,2023-03-27,1.6000000000000014
002905.XSHE,2023-03-27,0.0
600030.XSHG,2023-03-27,0.7400000000000091
603611.XSHG,2023-03-27,0.6800000000000068
600781.XSHG,2023-03-27,0.13000000000000034
002249.XSHE,2023-03-27,-0.12999999999999545
603786.XSHG,2023-03-27,-0.5799999999999983
002007.XSHE,2023-03-27,-1.2700000000000955
603178.XSHG,2023-03-27,-0.08999999999999986
688152.XSHG,2023-03-27,-18.5
300155.XSHE,2023-03-27,0.1699999999999946
600272.XSHG,2023-03-27,0.120000000000001
000516.XSHE,2023-03-27,-0.8899999999999864
300243.XSHE,2023-03-27,0.13000000000000256
000898.XSHE,2023-03-27,0.13000000000000078
605068.XSHG,2023-03-27,0.3200000000000003
688525.XSHG,2023-03-27,-2.780000000000001
002788.XSHE,2023-03-27,0.490000000000002
601868.XSHG,2023-03-27,0.029999999999999805
603938.XSHG,2023-03-27,0.0
688696.XSHG,2023-03-27,15.03000000000003
605011.XSHG,2023-03-27,0.21000000000000085
003027.XSHE,2023-03-27,-1.1700000000000017
002263.XSHE,2023-03-27,0.08999999999999986
000679.XSHE,2023-03-27,0.5199999999999996
605369.XSHG,2023-03-27,2.0
002563.XSHE,2023-03-27,0.6200000000000045
600097.XSHG,2023-03-27,0.019999999999999574
688236.XSHG,2023-03-27,-0.5800000000000018
600805.XSHG,2023-03-27,0.9799999999999969
300091.XSHE,2023-03-27,0.0
000793.XSHE,2023-03-27,-0.6499999999999986
603129.XSHG,2023-03-27,-0.9399999999999977
002058.XSHE,2023-03-27,0.23999999999999844
002832.XSHE,2023-03-27,-0.4800000000000182
300868.XSHE,2023-03-27,-0.23000000000000043
301000.XSHE,2023-03-27,0.8999999999999986
002790.XSHE,2023-03-27,0.41000000000000014
600817.XSHG,2023-03-27,-0.7299999999999969
002938.XSHE,2023-03-27,0.3299999999999983
002528.XSHE,2023-03-27,1.6800000000000068
002977.XSHE,2023-03-27,0.11999999999999744
000712.XSHE,2023-03-27,0.6599999999999966
000005.XSHE,2023-03-27,0.0
000816.XSHE,2023-03-27,-0.38000000000000256
300333.XSHE,2023-03-27,0.10000000000000142
002107.XSHE,2023-03-27,-0.22999999999999687
301018.XSHE,2023-03-27,-1.4500000000000028
300411.XSHE,2023-03-27,-0.18999999999999773
301299.XSHE,2023-03-27,-0.5300000000000011
002011.XSHE,2023-03-27,-0.7399999999999949
600629.XSHG,2023-03-27,0.0799999999999983
001236.XSHE,2023-03-27,-0.1999999999999993
002547.XSHE,2023-03-27,-0.35999999999999943
600865.XSHG,2023-03-27,0.10999999999999943
603067.XSHG,2023-03-27,0.16000000000000014
000031.XSHE,2023-03-27,1.3399999999999892
002963.XSHE,2023-03-27,0.009999999999999787
600990.XSHG,2023-03-27,1.25
688513.XSHG,2023-03-27,0.5899999999999963
002838.XSHE,2023-03-27,0.20000000000000284
002839.XSHE,2023-03-27,0.08000000000000007
600850.XSHG,2023-03-27,-5.409999999999997
002207.XSHE,2023-03-27,0.17999999999999972
603355.XSHG,2023-03-27,0.2700000000000031
002336.XSHE,2023-03-27,0.41999999999999815
300833.XSHE,2023-03-27,-0.46000000000000796
002867.XSHE,2023-03-27,1.1199999999999974
603683.XSHG,2023-03-27,0.21999999999999886
600543.XSHG,2023-03-27,0.22000000000000064
600258.XSHG,2023-03-27,-0.6400000000000006
300698.XSHE,2023-03-27,0.4499999999999993
301378.XSHE,2023-03-27,-0.09999999999999432
603316.XSHG,2023-03-27,0.10000000000000142
300036.XSHE,2023-03-27,-0.37999999999999545
603166.XSHG,2023-03-27,0.08000000000000007
301208.XSHE,2023-03-27,0.9099999999999966
003032.XSHE,2023-03-27,-0.10000000000000142
688799.XSHG,2023-03-27,-0.23000000000000398
300774.XSHE,2023-03-27,0.07000000000000028
300937.XSHE,2023-03-27,-1.4200000000000017
603969.XSHG,2023-03-27,0.17999999999999972
688075.XSHG,2023-03-27,-1.3900000000000006
601088.XSHG,2023-03-27,0.480000000000004
688072.XSHG,2023-03-27,2.240000000000009
688533.XSHG,2023-03-27,-1.3499999999999943
688333.XSHG,2023-03-27,1.7199999999999989
600333.XSHG,2023-03-27,0.0
600522.XSHG,2023-03-27,-5.25
002579.XSHE,2023-03-27,1.779999999999994
603326.XSHG,2023-03-27,-0.379999999999999
603685.XSHG,2023-03-27,-0.08999999999999986
300034.XSHE,2023-03-27,1.8700000000000045
002703.XSHE,2023-03-27,0.14999999999999858
300164.XSHE,2023-03-27,0.120000000000001
000809.XSHE,2023-03-27,-0.08999999999999986
000819.XSHE,2023-03-27,-0.5199999999999818
002428.XSHE,2023-03-27,1.3800000000000026
002188.XSHE,2023-03-27,0.22000000000000064
600149.XSHG,2023-03-27,0.33999999999999986
002439.XSHE,2023-03-27,-7.339999999999975
603389.XSHG,2023-03-27,-0.0699999999999994
301198.XSHE,2023-03-27,-1.1500000000000057
603001.XSHG,2023-03-27,0.129999999999999
300181.XSHE,2023-03-27,-0.8299999999999983
688211.XSHG,2023-03-27,-0.28000000000000114
300174.XSHE,2023-03-27,-0.03999999999999204
002049.XSHE,2023-03-27,27.950000000000045
002238.XSHE,2023-03-27,-0.5
603048.XSHG,2023-03-27,-0.030000000000001137
300697.XSHE,2023-03-27,0.16000000000000014
600089.XSHG,2023-03-27,-6.07000000000005
600808.XSHG,2023-03-27,0.16999999999999993
688292.XSHG,2023-03-27,-3.8399999999999963
301050.XSHE,2023-03-27,3.3899999999999864
301234.XSHE,2023-03-27,-0.05999999999999872
002650.XSHE,2023-03-27,0.1599999999999966
605116.XSHG,2023-03-27,0.05000000000000071
688276.XSHG,2023-03-27,0.7700000000000031
600406.XSHG,2023-03-27,-12.550000000000182
300830.XSHE,2023-03-27,0.019999999999999574
603886.XSHG,2023-03-27,0.08000000000000185
002265.XSHE,2023-03-27,0.2400000000000002
600467.XSHG,2023-03-27,0.2799999999999976
301238.XSHE,2023-03-27,0.030000000000001137
300780.XSHE,2023-03-27,-0.10000000000000142
300481.XSHE,2023-03-27,-1.3900000000000006
600016.XSHG,2023-03-27,0.6099999999999994
603789.XSHG,2023-03-27,0.23000000000000043
603042.XSHG,2023-03-27,-0.21999999999999886
300534.XSHE,2023-03-27,-0.1699999999999946
002351.XSHE,2023-03-27,0.0
300920.XSHE,2023-03-27,0.18999999999999773
600353.XSHG,2023-03-27,-3.180000000000007
002055.XSHE,2023-03-27,-0.35999999999999943
300268.XSHE,2023-03-27,1.5600000000000023
600766.XSHG,2023-03-27,0.9199999999999875
300204.XSHE,2023-03-27,-0.6199999999999903
600218.XSHG,2023-03-27,-0.019999999999999574
601012.XSHG,2023-03-27,-1.7300000000000182
002965.XSHE,2023-03-27,-0.5600000000000023
300291.XSHE,2023-03-27,1.4600000000000009
603061.XSHG,2023-03-27,0.37999999999999545
688151.XSHG,2023-03-27,0.15000000000000213
000581.XSHE,2023-03-27,2.0600000000000023
300758.XSHE,2023-03-27,-1.0200000000000031
002110.XSHE,2023-03-27,0.120000000000001
002109.XSHE,2023-03-27,0.10999999999999943
002144.XSHE,2023-03-27,0.129999999999999
603588.XSHG,2023-03-27,0.8300000000000125
603538.XSHG,2023-03-27,0.240000000000002
688355.XSHG,2023-03-27,-1.259999999999998
300014.XSHE,2023-03-27,-9.090000000000146
002279.XSHE,2023-03-27,1.2000000000000028
002952.XSHE,2023-03-27,0.3500000000000014
002323.XSHE,2023-03-27,-0.23000000000000043
000973.XSHE,2023-03-27,0.23000000000000043
300614.XSHE,2023-03-27,0.41999999999999815
002927.XSHE,2023-03-27,0.21999999999999886
002976.XSHE,2023-03-27,0.05999999999999872
001311.XSHE,2023-03-27,0.5600000000000023
600998.XSHG,2023-03-27,0.2900000000000027
300712.XSHE,2023-03-27,-1.0399999999999991
000929.XSHE,2023-03-27,0.1999999999999993
600732.XSHG,2023-03-27,-1.7600000000000193
001238.XSHE,2023-03-27,-0.07000000000000028
600690.XSHG,2023-03-27,6.110000000000014
601728.XSHG,2023-03-27,0.22000000000000064
003038.XSHE,2023-03-27,-0.3200000000000003
600784.XSHG,2023-03-27,0.07000000000000028
600644.XSHG,2023-03-27,1.8599999999999994
688398.XSHG,2023-03-27,0.21999999999999886
600868.XSHG,2023-03-27,-2.1599999999999966
002050.XSHE,2023-03-27,-27.930000000000007
300196.XSHE,2023-03-27,0.5300000000000011
300927.XSHE,2023-03-27,1.0799999999999983
600121.XSHG,2023-03-27,-0.8900000000000006
600508.XSHG,2023-03-27,0.3399999999999963
600038.XSHG,2023-03-27,5.069999999999993
002685.XSHE,2023-03-27,-0.40000000000000036
603123.XSHG,2023-03-27,0.07000000000000028
600604.XSHG,2023-03-27,4.220000000000027
002314.XSHE,2023-03-27,0.3100000000000005
002008.XSHE,2023-03-27,-2.6200000000000045
603392.XSHG,2023-03-27,-1.3400000000000034
002382.XSHE,2023-03-27,-0.2700000000000031
301227.XSHE,2023-03-27,1.0300000000000011
600773.XSHG,2023-03-27,0.75
600308.XSHG,2023-03-27,0.5499999999999972
002653.XSHE,2023-03-27,0.4900000000000091
002236.XSHE,2023-03-27,-6.149999999999977
688777.XSHG,2023-03-27,-3.1899999999999977
605199.XSHG,2023-03-27,-0.019999999999999574
601139.XSHG,2023-03-27,0.20000000000000284
001896.XSHE,2023-03-27,0.08000000000000007
601086.XSHG,2023-03-27,-0.019999999999999574
600232.XSHG,2023-03-27,0.21000000000000085
601956.XSHG,2023-03-27,0.17999999999999972
000815.XSHE,2023-03-27,0.3200000000000003
002786.XSHE,2023-03-27,-0.05999999999999872
000536.XSHE,2023-03-27,0.15000000000000036
002514.XSHE,2023-03-27,-0.5999999999999943
002411.XSHE,2023-03-27,0.7100000000000009
300571.XSHE,2023-03-27,-11.379999999999995
300010.XSHE,2023-03-27,-0.5199999999999996
600363.XSHG,2023-03-27,2.519999999999996
603317.XSHG,2023-03-27,0.7100000000000009
603163.XSHG,2023-03-27,-0.2700000000000031
002609.XSHE,2023-03-27,-4.230000000000004
688611.XSHG,2023-03-27,0.7899999999999991
000408.XSHE,2023-03-27,1.6999999999999886
000589.XSHE,2023-03-27,0.14000000000000057
002799.XSHE,2023-03-27,-0.28000000000000114
688051.XSHG,2023-03-27,-1.4399999999999977
301129.XSHE,2023-03-27,-0.7800000000000011
002873.XSHE,2023-03-27,0.17999999999999972
600116.XSHG,2023-03-27,0.6299999999999955
603363.XSHG,2023-03-27,-0.4499999999999993
688358.XSHG,2023-03-27,-0.25
688081.XSHG,2023-03-27,-0.39000000000000057
600705.XSHG,2023-03-27,-2.080000000000041
002310.XSHE,2023-03-27,0.0
002823.XSHE,2023-03-27,-0.2099999999999973
605177.XSHG,2023-03-27,-0.25
002766.XSHE,2023-03-27,-0.0600000000000005
300725.XSHE,2023-03-27,-16.99000000000001
600268.XSHG,2023-03-27,-0.8800000000000026
600833.XSHG,2023-03-27,-1.3100000000000023
603711.XSHG,2023-03-27,0.4499999999999993
603198.XSHG,2023-03-27,1.3999999999999915
600497.XSHG,2023-03-27,1.1099999999999994
002099.XSHE,2023-03-27,0.07000000000000028
603956.XSHG,2023-03-27,-0.5400000000000009
002513.XSHE,2023-03-27,0.23999999999999844
603322.XSHG,2023-03-27,-1.3799999999999955
000960.XSHE,2023-03-27,-0.6199999999999974
301058.XSHE,2023-03-27,0.15000000000000213
688585.XSHG,2023-03-27,0.2400000000000002
300098.XSHE,2023-03-27,-0.9200000000000017
000887.XSHE,2023-03-27,-1.839999999999975
300434.XSHE,2023-03-27,0.17999999999999972
688273.XSHG,2023-03-27,-0.9299999999999997
300593.XSHE,2023-03-27,-1.7199999999999989
001260.XSHE,2023-03-27,-0.0400000000000027
300218.XSHE,2023-03-27,0.10999999999999943
002990.XSHE,2023-03-27,-1.0799999999999983
603095.XSHG,2023-03-27,0.14999999999999858
600818.XSHG,2023-03-27,-0.44000000000000483
688455.XSHG,2023-03-27,-0.030000000000001137
300101.XSHE,2023-03-27,1.7199999999999989
600742.XSHG,2023-03-27,2.0
300980.XSHE,2023-03-27,1.1199999999999974
002175.XSHE,2023-03-27,0.19000000000000128
301326.XSHE,2023-03-27,-0.020000000000003126
688553.XSHG,2023-03-27,-0.41000000000000014
603286.XSHG,2023-03-27,0.05999999999999872
002305.XSHE,2023-03-27,0.2400000000000002
600208.XSHG,2023-03-27,0.41999999999999815
002741.XSHE,2023-03-27,-0.46000000000000085
002948.XSHE,2023-03-27,0.03000000000000025
002130.XSHE,2023-03-27,-3.3100000000000023
300878.XSHE,2023-03-27,0.259999999999998
600196.XSHG,2023-03-27,-3.410000000000025
603926.XSHG,2023-03-27,0.13999999999999702
300398.XSHE,2023-03-27,-0.10999999999999943
300838.XSHE,2023-03-27,-0.05999999999999872
300864.XSHE,2023-03-27,1.3599999999999994
603557.XSHG,2023-03-27,-0.020000000000000018
002879.XSHE,2023-03-27,-0.8500000000000014
688385.XSHG,2023-03-27,3.4399999999999977
688130.XSHG,2023-03-27,0.5
002605.XSHE,2023-03-27,-5.049999999999997
603369.XSHG,2023-03-27,2.530000000000001
605111.XSHG,2023-03-27,3.4799999999999898
688403.XSHG,2023-03-27,0.2599999999999998
600800.XSHG,2023-03-27,0.8700000000000045
002761.XSHE,2023-03-27,-0.46000000000000085
603012.XSHG,2023-03-27,0.120000000000001
603899.XSHG,2023-03-27,2.3700000000000045
600997.XSHG,2023-03-27,0.0
002802.XSHE,2023-03-27,0.05999999999999872
603861.XSHG,2023-03-27,-0.1899999999999995
605588.XSHG,2023-03-27,0.25
002387.XSHE,2023-03-27,0.5
688028.XSHG,2023-03-27,0.18000000000000682
600021.XSHG,2023-03-27,0.38000000000000256
002111.XSHE,2023-03-27,1.6799999999999997
603057.XSHG,2023-03-27,0.45000000000000284
300052.XSHE,2023-03-27,0.6999999999999957
688187.XSHG,2023-03-27,0.45000000000000284
300657.XSHE,2023-03-27,0.6899999999999977
600187.XSHG,2023-03-27,0.08999999999999986
600279.XSHG,2023-03-27,0.2400000000000002
000828.XSHE,2023-03-27,0.6200000000000045
301389.XSHE,2023-03-27,0.04999999999999716
300585.XSHE,2023-03-27,0.10999999999999943
600959.XSHG,2023-03-27,-0.040000000000000036
601702.XSHG,2023-03-27,0.28999999999999915
601068.XSHG,2023-03-27,0.1299999999999999
603220.XSHG,2023-03-27,0.20999999999999908
002606.XSHE,2023-03-27,1.2199999999999989
300772.XSHE,2023-03-27,-0.5300000000000011
603378.XSHG,2023-03-27,0.28000000000000114
300675.XSHE,2023-03-27,-0.509999999999998
301193.XSHE,2023-03-27,1.0900000000000034
600825.XSHG,2023-03-27,0.12000000000000455
002366.XSHE,2023-03-27,0.10999999999999943
300024.XSHE,2023-03-27,-20.639999999999986
688287.XSHG,2023-03-27,0.16999999999999815
000977.XSHE,2023-03-27,-2.3200000000000216
301119.XSHE,2023-03-27,0.389999999999997
603787.XSHG,2023-03-27,-0.05999999999999872
301303.XSHE,2023-03-27,-0.25
003037.XSHE,2023-03-27,0.2599999999999998
603306.XSHG,2023-03-27,-0.7099999999999937
300972.XSHE,2023-03-27,-0.8499999999999979
600321.XSHG,2023-03-27,0.16000000000000014
002561.XSHE,2023-03-27,0.10999999999999943
000823.XSHE,2023-03-27,0.09000000000000341
688063.XSHG,2023-03-27,-6.3799999999999955
603797.XSHG,2023-03-27,0.10999999999999943
000789.XSHE,2023-03-27,1.0
002432.XSHE,2023-03-27,-1.460000000000008
301256.XSHE,2023-03-27,0.09999999999999964
603559.XSHG,2023-03-27,-0.18000000000000327
000912.XSHE,2023-03-27,-0.03999999999999915
300227.XSHE,2023-03-27,-0.6599999999999966
300447.XSHE,2023-03-27,0.09999999999999432
688331.XSHG,2023-03-27,-0.4399999999999977
000012.XSHE,2023-03-27,3.6799999999999784
301267.XSHE,2023-03-27,2.289999999999992
688231.XSHG,2023-03-27,-0.1999999999999993
300926.XSHE,2023-03-27,-0.3200000000000003
300165.XSHE,2023-03-27,-0.8800000000000026
688267.XSHG,2023-03-27,1.3400000000000034
600647.XSHG,2023-03-27,3.030000000000001
600938.XSHG,2023-03-27,0.259999999999998
300297.XSHE,2023-03-27,0.0
688416.XSHG,2023-03-27,0.3400000000000034
002162.XSHE,2023-03-27,0.10999999999999943
002275.XSHE,2023-03-27,-0.22000000000000242
002362.XSHE,2023-03-27,-3.5
300729.XSHE,2023-03-27,-1.2600000000000051
301101.XSHE,2023-03-27,0.01999999999999602
300631.XSHE,2023-03-27,-1.5
002069.XSHE,2023-03-27,-0.07000000000000028
300832.XSHE,2023-03-27,-1.5300000000000011
603223.XSHG,2023-03-27,0.3399999999999963
600572.XSHG,2023-03-27,1.0999999999999943
600960.XSHG,2023-03-27,0.16999999999999993
300212.XSHE,2023-03-27,-7.189999999999998
002895.XSHE,2023-03-27,0.17999999999999972
300755.XSHE,2023-03-27,-0.3100000000000023
000550.XSHE,2023-03-27,0.28000000000000114
688667.XSHG,2023-03-27,0.4000000000000057
000988.XSHE,2023-03-27,-6.300000000000011
600493.XSHG,2023-03-27,0.17999999999999972
688321.XSHG,2023-03-27,-0.25
000799.XSHE,2023-03-27,1.8100000000000023
600380.XSHG,2023-03-27,-2.4000000000000057
688115.XSHG,2023-03-27,0.259999999999998
002492.XSHE,2023-03-27,0.08999999999999986
002730.XSHE,2023-03-27,0.16999999999999815
300999.XSHE,2023-03-27,0.36999999999999744
600638.XSHG,2023-03-27,0.8299999999999983
688683.XSHG,2023-03-27,0.34999999999999787
000402.XSHE,2023-03-27,2.219999999999999
603195.XSHG,2023-03-27,0.2699999999999818
688132.XSHG,2023-03-27,1.0500000000000007
002488.XSHE,2023-03-27,0.19000000000000483
600211.XSHG,2023-03-27,1.9200000000000017
603083.XSHG,2023-03-27,-4.299999999999997
002989.XSHE,2023-03-27,0.15000000000000213
000919.XSHE,2023-03-27,0.6500000000000021
002512.XSHE,2023-03-27,0.0
603508.XSHG,2023-03-27,0.14999999999999858
600661.XSHG,2023-03-27,0.3100000000000023
600737.XSHG,2023-03-27,0.37000000000000455
600955.XSHG,2023-03-27,0.129999999999999
002316.XSHE,2023-03-27,-0.40000000000000036
300207.XSHE,2023-03-27,-1.0999999999999943
601607.XSHG,2023-03-27,0.14999999999999858
001696.XSHE,2023-03-27,1.8600000000000136
603180.XSHG,2023-03-27,4.390000000000001
600012.XSHG,2023-03-27,0.6099999999999994
300484.XSHE,2023-03-27,-1.6299999999999955
002142.XSHE,2023-03-27,0.4799999999999969
605008.XSHG,2023-03-27,-0.6900000000000013
600714.XSHG,2023-03-27,0.370000000000001
000628.XSHE,2023-03-27,-0.03999999999999915
688259.XSHG,2023-03-27,-0.29999999999999716
300590.XSHE,2023-03-27,0.730000000000004
002923.XSHE,2023-03-27,-0.30999999999999517
300802.XSHE,2023-03-27,-1.009999999999998
300294.XSHE,2023-03-27,2.3000000000000114
300903.XSHE,2023-03-27,0.5100000000000016
603196.XSHG,2023-03-27,0.25
301316.XSHE,2023-03-27,0.07000000000000028
300223.XSHE,2023-03-27,3.0100000000000193
605033.XSHG,2023-03-27,0.019999999999999574
688065.XSHG,2023-03-27,-0.5
688299.XSHG,2023-03-27,-0.060000000000002274
301221.XSHE,2023-03-27,-0.020000000000003126
002256.XSHE,2023-03-27,0.0
600570.XSHG,2023-03-27,-151.41999999999962
300242.XSHE,2023-03-27,-0.26000000000000156
300254.XSHE,2023-03-27,-0.02999999999999936
002251.XSHE,2023-03-27,-0.7900000000000027
601158.XSHG,2023-03-27,0.0
300943.XSHE,2023-03-27,-0.05000000000000071
601226.XSHG,2023-03-27,0.09000000000000163
601996.XSHG,2023-03-27,0.1899999999999995
600610.XSHG,2023-03-27,14.409999999999968
002975.XSHE,2023-03-27,-1.7800000000000011
603052.XSHG,2023-03-27,0.6099999999999994
600966.XSHG,2023-03-27,1.240000000000002
002032.XSHE,2023-03-27,-4.5400000000000205
300491.XSHE,2023-03-27,-0.6000000000000014
000731.XSHE,2023-03-27,0.980000000000004
605133.XSHG,2023-03-27,-0.7100000000000009
688092.XSHG,2023-03-27,0.46000000000000085
600050.XSHG,2023-03-27,0.129999999999999
600986.XSHG,2023-03-27,0.46999999999999886
000910.XSHE,2023-03-27,0.379999999999999
600885.XSHG,2023-03-27,3.0999999999999943
605580.XSHG,2023-03-27,-0.47000000000000064
002134.XSHE,2023-03-27,-0.10999999999999943
600289.XSHG,2023-03-27,0.0
002042.XSHE,2023-03-27,0.29999999999999716
300113.XSHE,2023-03-27,3.390000000000015
002253.XSHE,2023-03-27,-5.320000000000007
300122.XSHE,2023-03-27,1.0600000000000023
301379.XSHE,2023-03-27,0.19000000000000128
300516.XSHE,2023-03-27,-0.36999999999999744
688121.XSHG,2023-03-27,0.370000000000001
600241.XSHG,2023-03-27,0.14999999999999858
002499.XSHE,2023-03-27,0.0
300807.XSHE,2023-03-27,-0.28999999999999915
002929.XSHE,2023-03-27,-1.4199999999999946
301081.XSHE,2023-03-27,0.11999999999999922
300130.XSHE,2023-03-27,2.200000000000017
002415.XSHE,2023-03-27,8.56000000000006
300185.XSHE,2023-03-27,-0.26000000000000156
002195.XSHE,2023-03-27,-3.6099999999999994
002546.XSHE,2023-03-27,0.09999999999999432
002192.XSHE,2023-03-27,4.079999999999984
000513.XSHE,2023-03-27,-1.4800000000000182
300205.XSHE,2023-03-27,-0.39000000000000057
000659.XSHE,2023-03-27,-0.5
600135.XSHG,2023-03-27,0.16999999999999815
300136.XSHE,2023-03-27,1.7099999999999795
300075.XSHE,2023-03-27,5.210000000000008
603918.XSHG,2023-03-27,-3.1499999999999986
603065.XSHG,2023-03-27,0.33999999999999986
688579.XSHG,2023-03-27,-0.3600000000000012
603283.XSHG,2023-03-27,0.8900000000000006
603101.XSHG,2023-03-27,0.16000000000000014
601899.XSHG,2023-03-27,0.019999999999999574
600722.XSHG,2023-03-27,0.16999999999999815
000030.XSHE,2023-03-27,0.08000000000000185
300359.XSHE,2023-03-27,0.0800000000000054
600667.XSHG,2023-03-27,-0.1700000000000017
002295.XSHE,2023-03-27,-0.11000000000000121
600718.XSHG,2023-03-27,-2.0900000000000034
300801.XSHE,2023-03-27,0.3200000000000003
600356.XSHG,2023-03-27,0.7300000000000004
002520.XSHE,2023-03-27,-0.4399999999999977
603967.XSHG,2023-03-27,0.02999999999999936
688617.XSHG,2023-03-27,1.3999999999999773
000016.XSHE,2023-03-27,1.2099999999999937
300193.XSHE,2023-03-27,-0.0799999999999983
002057.XSHE,2023-03-27,1.2199999999999989
002114.XSHE,2023-03-27,0.21999999999999886
600269.XSHG,2023-03-27,0.259999999999998
603060.XSHG,2023-03-27,1.3900000000000006
300006.XSHE,2023-03-27,0.16000000000000014
002743.XSHE,2023-03-27,0.08999999999999986
600017.XSHG,2023-03-27,0.09999999999999964
688328.XSHG,2023-03-27,0.3000000000000007
688329.XSHG,2023-03-27,-2.3699999999999974
300356.XSHE,2023-03-27,0.389999999999997
688529.XSHG,2023-03-27,-0.03999999999999915
300441.XSHE,2023-03-27,0.4099999999999966
300241.XSHE,2023-03-27,0.2799999999999976
301263.XSHE,2023-03-27,1.3200000000000003
601162.XSHG,2023-03-27,0.0
002587.XSHE,2023-03-27,0.44999999999999574
600298.XSHG,2023-03-27,2.990000000000009
600143.XSHG,2023-03-27,2.0500000000000114
301369.XSHE,2023-03-27,1.2000000000000028
601799.XSHG,2023-03-27,3.3400000000000034
601869.XSHG,2023-03-27,-0.4200000000000017
300848.XSHE,2023-03-27,-0.29999999999999716
000876.XSHE,2023-03-27,-2.3500000000000227
600828.XSHG,2023-03-27,-1.5300000000000011
301311.XSHE,2023-03-27,-0.5399999999999991
601881.XSHG,2023-03-27,-0.15000000000000036
300374.XSHE,2023-03-27,0.5700000000000038
605358.XSHG,2023-03-27,0.9000000000000057
000677.XSHE,2023-03-27,0.740000000000002
600079.XSHG,2023-03-27,0.9499999999999886
600712.XSHG,2023-03-27,0.3100000000000023
000862.XSHE,2023-03-27,-0.16999999999999815
600585.XSHG,2023-03-27,3.569999999999993
300231.XSHE,2023-03-27,2.200000000000003
003002.XSHE,2023-03-27,-0.41999999999999815
300313.XSHE,2023-03-27,0.1399999999999988
301026.XSHE,2023-03-27,0.1700000000000017
600668.XSHG,2023-03-27,1.4599999999999937
002317.XSHE,2023-03-27,-4.280000000000001
688076.XSHG,2023-03-27,-1.2600000000000016
688226.XSHG,2023-03-27,-0.08999999999999986
601985.XSHG,2023-03-27,0.16000000000000014
603071.XSHG,2023-03-27,0.07000000000000028
601018.XSHG,2023-03-27,0.019999999999999574
600771.XSHG,2023-03-27,-1.2600000000000193
000426.XSHE,2023-03-27,0.1699999999999875
300674.XSHE,2023-03-27,-1.389999999999997
002906.XSHE,2023-03-27,-0.37999999999999545
600839.XSHG,2023-03-27,-1.6500000000000057
601336.XSHG,2023-03-27,0.3300000000000054
000090.XSHE,2023-03-27,0.9299999999999997
000036.XSHE,2023-03-27,0.38000000000000256
301366.XSHE,2023-03-27,1.0599999999999952
002507.XSHE,2023-03-27,0.789999999999992
300420.XSHE,2023-03-27,0.19000000000000128
000888.XSHE,2023-03-27,-0.25
600297.XSHG,2023-03-27,0.13000000000000078
300408.XSHE,2023-03-27,2.0700000000000074
603530.XSHG,2023-03-27,-0.040000000000000924
301035.XSHE,2023-03-27,0.35999999999999943
300983.XSHE,2023-03-27,0.25
000488.XSHE,2023-03-27,0.4899999999999949
001332.XSHE,2023-03-27,-0.28000000000000114
002258.XSHE,2023-03-27,0.04999999999999716
002196.XSHE,2023-03-27,-0.8100000000000023
600371.XSHG,2023-03-27,0.4799999999999969
600843.XSHG,2023-03-27,-0.23000000000000043
002702.XSHE,2023-03-27,0.5700000000000003
601801.XSHG,2023-03-27,-0.28000000000000114
600720.XSHG,2023-03-27,5.550000000000011
301125.XSHE,2023-03-27,0.23000000000000043
003039.XSHE,2023-03-27,-0.14999999999999858
002813.XSHE,2023-03-27,-0.240000000000002
601512.XSHG,2023-03-27,0.05999999999999872
601939.XSHG,2023-03-27,0.07000000000000028
002223.XSHE,2023-03-27,-3.9499999999999886
603496.XSHG,2023-03-27,0.6099999999999994
603983.XSHG,2023-03-27,0.269999999999996
001283.XSHE,2023-03-27,0.7700000000000031
300815.XSHE,2023-03-27,0.46999999999999886
300065.XSHE,2023-03-27,-5.530000000000001
603131.XSHG,2023-03-27,-0.4299999999999997
300183.XSHE,2023-03-27,0.7600000000000051
300958.XSHE,2023-03-27,-0.23000000000000043
603809.XSHG,2023-03-27,-0.5600000000000023
002393.XSHE,2023-03-27,0.13000000000000256
002986.XSHE,2023-03-27,1.6400000000000006
688233.XSHG,2023-03-27,0.38000000000000256
002355.XSHE,2023-03-27,-0.049999999999998934
000605.XSHE,2023-03-27,0.14000000000000057
002205.XSHE,2023-03-27,-0.23000000000000043
300271.XSHE,2023-03-27,-4.180000000000007
603803.XSHG,2023-03-27,-0.15000000000000036
300145.XSHE,2023-03-27,0.5900000000000034
300677.XSHE,2023-03-27,3.1599999999999966
002866.XSHE,2023-03-27,-0.75
600941.XSHG,2023-03-27,2.0799999999999983
000716.XSHE,2023-03-27,-0.3500000000000014
605179.XSHG,2023-03-27,0.13000000000000078
001309.XSHE,2023-03-27,-2.710000000000008
688229.XSHG,2023-03-27,0.1700000000000017
000544.XSHE,2023-03-27,0.5
002621.XSHE,2023-03-27,0.490000000000002
300235.XSHE,2023-03-27,-1.8200000000000003
601212.XSHG,2023-03-27,0.010000000000000231
002395.XSHE,2023-03-27,-0.16000000000000014
600458.XSHG,2023-03-27,-0.3299999999999983
688309.XSHG,2023-03-27,-0.09000000000000341
002066.XSHE,2023-03-27,0.3399999999999963
002811.XSHE,2023-03-27,0.3000000000000007
603338.XSHG,2023-03-27,5.170000000000016
002034.XSHE,2023-03-27,0.46000000000000796
301103.XSHE,2023-03-27,-0.5599999999999952
300876.XSHE,2023-03-27,-0.35999999999999943
300605.XSHE,2023-03-27,-0.4399999999999977
300050.XSHE,2023-03-27,-0.3299999999999983
000958.XSHE,2023-03-27,0.3200000000000003
300003.XSHE,2023-03-27,-4.349999999999994
002623.XSHE,2023-03-27,-0.4200000000000017
002687.XSHE,2023-03-27,0.5199999999999996
688288.XSHG,2023-03-27,-1.7799999999999976
688193.XSHG,2023-03-27,2.009999999999998
002076.XSHE,2023-03-27,0.13000000000000256
688129.XSHG,2023-03-27,0.0
688662.XSHG,2023-03-27,-4.170000000000002
603856.XSHG,2023-03-27,0.3299999999999983
300166.XSHE,2023-03-27,-30.079999999999984
002673.XSHE,2023-03-27,0.0
603889.XSHG,2023-03-27,1.769999999999996
300666.XSHE,2023-03-27,-0.09999999999999432
003021.XSHE,2023-03-27,-2.8699999999999903
603896.XSHG,2023-03-27,-0.5100000000000051
688466.XSHG,2023-03-27,-0.379999999999999
300503.XSHE,2023-03-27,-0.9299999999999997
002769.XSHE,2023-03-27,1.0799999999999983
688068.XSHG,2023-03-27,-0.5400000000000063
301037.XSHE,2023-03-27,0.08999999999999986
300257.XSHE,2023-03-27,1.1600000000000108
688221.XSHG,2023-03-27,0.08999999999999986
002996.XSHE,2023-03-27,0.14000000000000057
688206.XSHG,2023-03-27,1.6500000000000057
000985.XSHE,2023-03-27,0.1999999999999993
600219.XSHG,2023-03-27,0.3000000000000007
300538.XSHE,2023-03-27,-6.840000000000003
002401.XSHE,2023-03-27,-5.1200000000000045
600156.XSHG,2023-03-27,0.3100000000000005
300992.XSHE,2023-03-27,-0.05999999999999872
000504.XSHE,2023-03-27,0.44999999999999574
002038.XSHE,2023-03-27,1.9799999999999898
600716.XSHG,2023-03-27,0.14000000000000057
301199.XSHE,2023-03-27,-0.6700000000000017
300446.XSHE,2023-03-27,0.6899999999999977
688228.XSHG,2023-03-27,-4.159999999999997
300741.XSHE,2023-03-27,-0.0899999999999963
600961.XSHG,2023-03-27,0.08999999999999986
002723.XSHE,2023-03-27,-0.3099999999999987
002331.XSHE,2023-03-27,-0.75
002709.XSHE,2023-03-27,-5.189999999999941
600606.XSHG,2023-03-27,8.269999999999982
688776.XSHG,2023-03-27,0.09000000000000341
601788.XSHG,2023-03-27,-0.21000000000000085
605123.XSHG,2023-03-27,1.980000000000004
688118.XSHG,2023-03-27,0.17999999999999972
000851.XSHE,2023-03-27,-0.5800000000000018
600676.XSHG,2023-03-27,0.5799999999999983
603661.XSHG,2023-03-27,1.5
000695.XSHE,2023-03-27,-0.21999999999999886
600774.XSHG,2023-03-27,-0.39000000000000057
000159.XSHE,2023-03-27,0.16000000000000014
601921.XSHG,2023-03-27,-0.07000000000000028
301259.XSHE,2023-03-27,-0.10000000000000142
603976.XSHG,2023-03-27,-0.120000000000001
600019.XSHG,2023-03-27,0.22000000000000242
601216.XSHG,2023-03-27,-1.7199999999999989
002712.XSHE,2023-03-27,-0.20000000000000284
600740.XSHG,2023-03-27,0.0
688322.XSHG,2023-03-27,-0.010000000000005116
600376.XSHG,2023-03-27,0.730000000000004
603128.XSHG,2023-03-27,0.17999999999999972
603858.XSHG,2023-03-27,0.10000000000000142
600325.XSHG,2023-03-27,-5.789999999999992
300708.XSHE,2023-03-27,0.03999999999999915
600395.XSHG,2023-03-27,-0.10999999999999943
000869.XSHE,2023-03-27,0.22999999999998977
002361.XSHE,2023-03-27,0.36999999999999744
001218.XSHE,2023-03-27,-1.0699999999999967
002781.XSHE,2023-03-27,0.1499999999999999
600433.XSHG,2023-03-27,0.7300000000000004
300213.XSHE,2023-03-27,0.5799999999999983
300409.XSHE,2023-03-27,-0.960000000000008
300730.XSHE,2023-03-27,-0.6999999999999957
300664.XSHE,2023-03-27,0.10999999999999943
002941.XSHE,2023-03-27,0.25
002084.XSHE,2023-03-27,0.3000000000000007
603192.XSHG,2023-03-27,0.6599999999999966
688178.XSHG,2023-03-27,-0.14000000000000057
002778.XSHE,2023-03-27,0.16999999999999815
600681.XSHG,2023-03-27,0.509999999999998
688819.XSHG,2023-03-27,-0.18999999999999773
600226.XSHG,2023-03-27,-0.28999999999999204
002027.XSHE,2023-03-27,-0.5600000000000023
600127.XSHG,2023-03-27,-0.05000000000000426
000720.XSHE,2023-03-27,-0.28999999999999915
002017.XSHE,2023-03-27,-1.210000000000008
300418.XSHE,2023-03-27,-9.900000000000006
300718.XSHE,2023-03-27,-0.45000000000000284
002363.XSHE,2023-03-27,0.16999999999999815
601997.XSHG,2023-03-27,0.07000000000000028
603915.XSHG,2023-03-27,-0.23000000000000043
601595.XSHG,2023-03-27,-2.5
002001.XSHE,2023-03-27,-1.2899999999999636
002543.XSHE,2023-03-27,0.4200000000000017
002379.XSHE,2023-03-27,0.720000000000006
003005.XSHE,2023-03-27,1.5300000000000011
603997.XSHG,2023-03-27,0.019999999999999574
688177.XSHG,2023-03-27,-0.16000000000000014
000927.XSHE,2023-03-27,0.04999999999999982
002406.XSHE,2023-03-27,0.4800000000000004
003000.XSHE,2023-03-27,0.08000000000000007
300793.XSHE,2023-03-27,1.4299999999999997
600018.XSHG,2023-03-27,0.08999999999999986
603608.XSHG,2023-03-27,0.08000000000000007
300599.XSHE,2023-03-27,0.07000000000000028
600131.XSHG,2023-03-27,0.36999999999999034
688143.XSHG,2023-03-27,2.3500000000000014
000509.XSHE,2023-03-27,0.5500000000000043
301117.XSHE,2023-03-27,-2.799999999999997
301138.XSHE,2023-03-27,-0.010000000000001563
300919.XSHE,2023-03-27,-2.210000000000008
003035.XSHE,2023-03-27,0.1200000000000001
003040.XSHE,2023-03-27,0.1999999999999993
001330.XSHE,2023-03-27,0.009999999999999787
600889.XSHG,2023-03-27,0.41999999999999815
600611.XSHG,2023-03-27,27.590000000000146
002536.XSHE,2023-03-27,-0.10000000000000142
688266.XSHG,2023-03-27,-0.8400000000000034
605286.XSHG,2023-03-27,-0.15000000000000568
603978.XSHG,2023-03-27,-0.10000000000000142
001979.XSHE,2023-03-27,0.2799999999999976
688360.XSHG,2023-03-27,0.21999999999999886
000683.XSHE,2023-03-27,1.0
000002.XSHE,2023-03-27,54.60999999999967
002200.XSHE,2023-03-27,0.14000000000000057
002255.XSHE,2023-03-27,-0.08999999999999986
002523.XSHE,2023-03-27,-0.15000000000000213
600234.XSHG,2023-03-27,-0.2799999999999976
301097.XSHE,2023-03-27,-0.21000000000000085
603256.XSHG,2023-03-27,-0.07000000000000028
688101.XSHG,2023-03-27,0.040000000000000924
601990.XSHG,2023-03-27,-0.16000000000000014
002497.XSHE,2023-03-27,1.0600000000000023
605056.XSHG,2023-03-27,0.22000000000000064
000931.XSHE,2023-03-27,0.019999999999999574
002221.XSHE,2023-03-27,0.04999999999999716
002763.XSHE,2023-03-27,0.21000000000000085
300345.XSHE,2023-03-27,0.6000000000000014
002798.XSHE,2023-03-27,0.46000000000000085
300763.XSHE,2023-03-27,-9.370000000000005
600633.XSHG,2023-03-27,0.3199999999999932
002302.XSHE,2023-03-27,0.8100000000000023
000922.XSHE,2023-03-27,0.5300000000000011
300292.XSHE,2023-03-27,-0.47000000000000597
300613.XSHE,2023-03-27,-13.0
603118.XSHG,2023-03-27,0.13000000000000256
603698.XSHG,2023-03-27,0.41000000000000014
600745.XSHG,2023-03-27,3.3799999999999955
300518.XSHE,2023-03-27,1.1000000000000014
603345.XSHG,2023-03-27,3.210000000000008
600879.XSHG,2023-03-27,7.670000000000016
688188.XSHG,2023-03-27,-2.580000000000041
000997.XSHE,2023-03-27,0.5700000000000216
688086.XSHG,2023-03-27,0.10999999999999988
300785.XSHE,2023-03-27,-16.52000000000001
603063.XSHG,2023-03-27,-0.8000000000000007
002010.XSHE,2023-03-27,-0.6900000000000048
002135.XSHE,2023-03-27,0.23000000000000043
600133.XSHG,2023-03-27,0.4400000000000013
603806.XSHG,2023-03-27,-6.52000000000001
002538.XSHE,2023-03-27,0.4299999999999997
600894.XSHG,2023-03-27,0.3100000000000023
000733.XSHE,2023-03-27,-0.5699999999999932
002678.XSHE,2023-03-27,0.08999999999999986
002574.XSHE,2023-03-27,-0.03999999999999915
000758.XSHE,2023-03-27,0.0
300051.XSHE,2023-03-27,1.3200000000000074
605077.XSHG,2023-03-27,1.2199999999999989
688280.XSHG,2023-03-27,-0.07000000000000028
600470.XSHG,2023-03-27,0.120000000000001
300694.XSHE,2023-03-27,0.35999999999999943
300328.XSHE,2023-03-27,0.1699999999999946
000981.XSHE,2023-03-27,0.10999999999999943
002757.XSHE,2023-03-27,-0.10000000000000142
688252.XSHG,2023-03-27,-0.1700000000000017
002117.XSHE,2023-03-27,-0.25
002074.XSHE,2023-03-27,-0.950000000000017
300177.XSHE,2023-03-27,0.4899999999999949
002745.XSHE,2023-03-27,0.379999999999999
600210.XSHG,2023-03-27,0.7800000000000011
600696.XSHG,2023-03-27,1.25
600340.XSHG,2023-03-27,1.2199999999999989
002179.XSHE,2023-03-27,-5.730000000000018
600662.XSHG,2023-03-27,1.8999999999999773
601518.XSHG,2023-03-27,0.040000000000000036
002239.XSHE,2023-03-27,0.2699999999999996
300917.XSHE,2023-03-27,0.6199999999999974
603958.XSHG,2023-03-27,0.040000000000000036
688038.XSHG,2023-03-27,0.33000000000000185
000011.XSHE,2023-03-27,1.7899999999999991
601608.XSHG,2023-03-27,0.0600000000000005
002551.XSHE,2023-03-27,0.0
600729.XSHG,2023-03-27,0.8999999999999915
002240.XSHE,2023-03-27,0.8100000000000023
603519.XSHG,2023-03-27,-0.740000000000002
002389.XSHE,2023-03-27,3.3499999999999943
001278.XSHE,2023-03-27,-0.2699999999999996
600101.XSHG,2023-03-27,1.1000000000000014
603499.XSHG,2023-03-27,1.0
300118.XSHE,2023-03-27,-2.6700000000000017
002089.XSHE,2023-03-27,0.6499999999999986
600246.XSHG,2023-03-27,-3.1099999999999994
300545.XSHE,2023-03-27,-0.3299999999999983
002831.XSHE,2023-03-27,0.7199999999999989
002510.XSHE,2023-03-27,0.17999999999999972
000056.XSHE,2023-03-27,0.23999999999999844
301439.XSHE,2023-03-27,0.019999999999999574
688388.XSHG,2023-03-27,0.4299999999999997
300979.XSHE,2023-03-27,0.6500000000000057
300739.XSHE,2023-03-27,-0.28999999999999915
600975.XSHG,2023-03-27,-4.780000000000001
601098.XSHG,2023-03-27,-0.5199999999999996
600651.XSHG,2023-03-27,112.47000000000116
300632.XSHE,2023-03-27,0.03999999999999915
603893.XSHG,2023-03-27,1.4500000000000028
600863.XSHG,2023-03-27,0.6000000000000085
300533.XSHE,2023-03-27,1.0
002425.XSHE,2023-03-27,-0.3099999999999987
301187.XSHE,2023-03-27,-0.10000000000000142
600713.XSHG,2023-03-27,1.0799999999999983
688677.XSHG,2023-03-27,-0.539999999999992
002721.XSHE,2023-03-27,-0.4499999999999993
688502.XSHG,2023-03-27,13.280000000000001
301226.XSHE,2023-03-27,-0.740000000000002
000861.XSHE,2023-03-27,-0.8099999999999952
688392.XSHG,2023-03-27,3.1700000000000017
601965.XSHG,2023-03-27,1.0899999999999963
605138.XSHG,2023-03-27,0.10999999999999943
601669.XSHG,2023-03-27,0.21999999999999886
688082.XSHG,2023-03-27,-1.1400000000000006
600678.XSHG,2023-03-27,0.5100000000000016
300455.XSHE,2023-03-27,-1.0799999999999983
600162.XSHG,2023-03-27,0.259999999999998
688772.XSHG,2023-03-27,0.05000000000000071
688556.XSHG,2023-03-27,-3.030000000000001
688595.XSHG,2023-03-27,1.0300000000000011
601615.XSHG,2023-03-27,-0.2900000000000027
002171.XSHE,2023-03-27,0.11000000000000654
000863.XSHE,2023-03-27,0.28999999999999915
601077.XSHG,2023-03-27,0.040000000000000036
300301.XSHE,2023-03-27,-0.3899999999999988
000926.XSHE,2023-03-27,0.2400000000000002
300625.XSHE,2023-03-27,0.20999999999999908
300803.XSHE,2023-03-27,-1.490000000000002
600689.XSHG,2023-03-27,0.5
000055.XSHE,2023-03-27,0.09999999999999432
002044.XSHE,2023-03-27,-1.3500000000000085
002377.XSHE,2023-03-27,0.2599999999999998
600339.XSHG,2023-03-27,-0.040000000000000924
000952.XSHE,2023-03-27,0.20000000000000284
300343.XSHE,2023-03-27,-0.6899999999999977
300659.XSHE,2023-03-27,0.6799999999999926
688073.XSHG,2023-03-27,-6.8700000000000045
002517.XSHE,2023-03-27,-0.9399999999999977
301177.XSHE,2023-03-27,1.0799999999999983
688283.XSHG,2023-03-27,0.5899999999999963
600867.XSHG,2023-03-27,0.7300000000000182
600935.XSHG,2023-03-27,0.03000000000000025
300846.XSHE,2023-03-27,-1.1300000000000008
300143.XSHE,2023-03-27,-1.1499999999999986
603171.XSHG,2023-03-27,-0.10000000000000142
002545.XSHE,2023-03-27,0.75
002885.XSHE,2023-03-27,0.5900000000000034
301001.XSHE,2023-03-27,-0.490000000000002
600221.XSHG,2023-03-27,0.040000000000000036
300757.XSHE,2023-03-27,-1.5400000000000063
000967.XSHE,2023-03-27,0.16000000000000014
603081.XSHG,2023-03-27,0.6899999999999977
603693.XSHG,2023-03-27,0.33000000000000185
601857.XSHG,2023-03-27,0.02999999999999936
688002.XSHG,2023-03-27,0.7199999999999989
300209.XSHE,2023-03-27,0.0
301083.XSHE,2023-03-27,0.27999999999999936
300081.XSHE,2023-03-27,0.3999999999999986
600478.XSHG,2023-03-27,-0.7099999999999937
600666.XSHG,2023-03-27,2.229999999999997
600783.XSHG,2023-03-27,-1.710000000000008
002128.XSHE,2023-03-27,0.11999999999999744
300681.XSHE,2023-03-27,0.37000000000000455
001299.XSHE,2023-03-27,-0.08999999999999986
688098.XSHG,2023-03-27,0.009999999999999787
603323.XSHG,2023-03-27,0.05999999999999961
300228.XSHE,2023-03-27,-0.5100000000000051
300315.XSHE,2023-03-27,-0.240000000000002
300451.XSHE,2023-03-27,-8.410000000000025
300151.XSHE,2023-03-27,-4.140000000000015
300032.XSHE,2023-03-27,-0.03999999999999915
601872.XSHG,2023-03-27,0.010000000000001563
600699.XSHG,2023-03-27,-0.7199999999999989
603679.XSHG,2023-03-27,-0.509999999999998
688120.XSHG,2023-03-27,-2.7099999999999795
605066.XSHG,2023-03-27,0.030000000000001137
300139.XSHE,2023-03-27,-0.35999999999999943
603201.XSHG,2023-03-27,-0.10000000000000142
002479.XSHE,2023-03-27,0.2900000000000027
001872.XSHE,2023-03-27,0.6400000000000006
002187.XSHE,2023-03-27,0.25
600426.XSHG,2023-03-27,-6.189999999999998
300907.XSHE,2023-03-27,-0.10000000000000142
688336.XSHG,2023-03-27,-1.1099999999999994
002527.XSHE,2023-03-27,-0.35999999999999943
688171.XSHG,2023-03-27,-0.07000000000000028
605018.XSHG,2023-03-27,-0.07000000000000028
600500.XSHG,2023-03-27,0.4399999999999977
300855.XSHE,2023-03-27,0.25
300276.XSHE,2023-03-27,-2.1400000000000006
601198.XSHG,2023-03-27,-0.13000000000000078
600749.XSHG,2023-03-27,-0.25
002671.XSHE,2023-03-27,0.3299999999999983
600725.XSHG,2023-03-27,0.41000000000000014
300424.XSHE,2023-03-27,0.21999999999999886
600132.XSHG,2023-03-27,9.17999999999995
300260.XSHE,2023-03-27,-3.890000000000015
600983.XSHG,2023-03-27,0.21999999999999886
301111.XSHE,2023-03-27,-0.3200000000000003
002955.XSHE,2023-03-27,6.6299999999999955
603708.XSHG,2023-03-27,0.28000000000000114
603398.XSHG,2023-03-27,0.28000000000000114
002230.XSHE,2023-03-27,-17.220000000000027
001298.XSHE,2023-03-27,0.9200000000000017
300173.XSHE,2023-03-27,-0.4799999999999969
002967.XSHE,2023-03-27,-0.21000000000000085
000900.XSHE,2023-03-27,1.1299999999999955
002145.XSHE,2023-03-27,0.3999999999999986
600620.XSHG,2023-03-27,68.63000000000011
300837.XSHE,2023-03-27,2.9199999999999946
300263.XSHE,2023-03-27,-1.009999999999991
002456.XSHE,2023-03-27,1.0200000000000102
601218.XSHG,2023-03-27,-0.19000000000000128
000791.XSHE,2023-03-27,0.2699999999999996
603203.XSHG,2023-03-27,0.6799999999999926
002638.XSHE,2023-03-27,-0.25
300836.XSHE,2023-03-27,0.8600000000000065
300737.XSHE,2023-03-27,-0.0400000000000027
002204.XSHE,2023-03-27,0.0
603179.XSHG,2023-03-27,-0.9200000000000017
600550.XSHG,2023-03-27,0.9899999999999949
002213.XSHE,2023-03-27,0.360000000000003
688686.XSHG,2023-03-27,-2.3499999999999943
002333.XSHE,2023-03-27,0.15000000000000213
301273.XSHE,2023-03-27,1.4799999999999969
002696.XSHE,2023-03-27,0.8399999999999999
605167.XSHG,2023-03-27,-0.030000000000001137
600410.XSHG,2023-03-27,1.3900000000000006
002908.XSHE,2023-03-27,0.6300000000000026
600477.XSHG,2023-03-27,-3.549999999999983
603709.XSHG,2023-03-27,0.0
605255.XSHG,2023-03-27,0.16000000000000014
003012.XSHE,2023-03-27,0.07000000000000028
603963.XSHG,2023-03-27,-0.030000000000001137
300817.XSHE,2023-03-27,-0.7800000000000011
300957.XSHE,2023-03-27,-0.9199999999999875
600288.XSHG,2023-03-27,0.09000000000000341
600085.XSHG,2023-03-27,-0.5799999999999272
300444.XSHE,2023-03-27,0.0
000158.XSHE,2023-03-27,0.0
002398.XSHE,2023-03-27,0.5100000000000051
002881.XSHE,2023-03-27,-0.46999999999999886
600060.XSHG,2023-03-27,-0.7199999999999989
603183.XSHG,2023-03-27,0.28000000000000114
002268.XSHE,2023-03-27,4.350000000000023
002404.XSHE,2023-03-27,0.30999999999999517
002494.XSHE,2023-03-27,0.16000000000000014
688375.XSHG,2023-03-27,1.5600000000000023
600067.XSHG,2023-03-27,1.3400000000000034
002562.XSHE,2023-03-27,-0.05999999999999517
603126.XSHG,2023-03-27,0.17999999999999972
600007.XSHG,2023-03-27,1.4500000000000028
301171.XSHE,2023-03-27,-1.3599999999999994
600505.XSHG,2023-03-27,0.8599999999999994
601011.XSHG,2023-03-27,0.02999999999999936
300344.XSHE,2023-03-27,-0.990000000000002
301268.XSHE,2023-03-27,-0.4199999999999946
603279.XSHG,2023-03-27,0.6999999999999957
300853.XSHE,2023-03-27,-0.5800000000000054
002600.XSHE,2023-03-27,0.4700000000000024
000901.XSHE,2023-03-27,1.1199999999999903
000761.XSHE,2023-03-27,-0.14000000000000057
688290.XSHG,2023-03-27,-5.150000000000006
688311.XSHG,2023-03-27,0.060000000000002274
300964.XSHE,2023-03-27,-1.6899999999999977
688607.XSHG,2023-03-27,-0.5500000000000007
000669.XSHE,2023-03-27,-0.3299999999999992
603209.XSHG,2023-03-27,-0.15000000000000568
300015.XSHE,2023-03-27,-10.759999999999991
002053.XSHE,2023-03-27,0.129999999999999
002959.XSHE,2023-03-27,-0.10000000000000853
300886.XSHE,2023-03-27,0.03999999999999915
603029.XSHG,2023-03-27,0.4299999999999997
300404.XSHE,2023-03-27,-1.3400000000000034
600115.XSHG,2023-03-27,0.05999999999999961
301100.XSHE,2023-03-27,0.21000000000000085
002400.XSHE,2023-03-27,-11.14
600600.XSHG,2023-03-27,2.6100000000000136
301331.XSHE,2023-03-27,0.05999999999999517
603214.XSHG,2023-03-27,0.48999999999999844
000796.XSHE,2023-03-27,-0.48999999999999844
002876.XSHE,2023-03-27,0.23999999999999488
002487.XSHE,2023-03-27,-11.23999999999998
002737.XSHE,2023-03-27,2.739999999999995
600039.XSHG,2023-03-27,-0.2600000000000051
688373.XSHG,2023-03-27,0.02999999999999936
002434.XSHE,2023-03-27,-0.7800000000000011
688701.XSHG,2023-03-27,-0.009999999999999787
002841.XSHE,2023-03-27,5.75
300067.XSHE,2023-03-27,0.1700000000000017
000996.XSHE,2023-03-27,-0.03999999999999915
300487.XSHE,2023-03-27,-1.1999999999999886
600897.XSHG,2023-03-27,1.2999999999999972
300620.XSHE,2023-03-27,-1.25
002168.XSHE,2023-03-27,0.75
600348.XSHG,2023-03-27,-2.259999999999991
300982.XSHE,2023-03-27,2.1600000000000037
002486.XSHE,2023-03-27,0.13000000000000078
300332.XSHE,2023-03-27,-0.10000000000000142
002103.XSHE,2023-03-27,-0.11999999999999922
300717.XSHE,2023-03-27,0.20000000000000284
600854.XSHG,2023-03-27,0.259999999999998
600724.XSHG,2023-03-27,0.8599999999999994
300355.XSHE,2023-03-27,0.0
002272.XSHE,2023-03-27,-0.16999999999999815
600707.XSHG,2023-03-27,0.21999999999999886
600823.XSHG,2023-03-27,2.7700000000000102
300306.XSHE,2023-03-27,0.44000000000000483
603011.XSHG,2023-03-27,-0.019999999999999574
600368.XSHG,2023-03-27,0.22000000000000064
300551.XSHE,2023-03-27,-1.1400000000000006
600597.XSHG,2023-03-27,0.030000000000001137
603993.XSHG,2023-03-27,-0.030000000000001137
001313.XSHE,2023-03-27,-0.040000000000000924
603050.XSHG,2023-03-27,0.18999999999999773
002307.XSHE,2023-03-27,0.38000000000000256
600536.XSHG,2023-03-27,13.329999999999984
000028.XSHE,2023-03-27,0.9200000000000159
603008.XSHG,2023-03-27,1.2199999999999989
000635.XSHE,2023-03-27,0.44999999999999574
002628.XSHE,2023-03-27,0.22000000000000064
000423.XSHE,2023-03-27,-11.400000000000034
000961.XSHE,2023-03-27,0.1899999999999995
300033.XSHE,2023-03-27,-91.24000000000001
600161.XSHG,2023-03-27,-0.46999999999997044
300199.XSHE,2023-03-27,-0.8299999999999983
600190.XSHG,2023-03-27,-0.05999999999999872
000046.XSHE,2023-03-27,0.6799999999999997
603887.XSHG,2023-03-27,-0.259999999999998
300007.XSHE,2023-03-27,-0.5900000000000034
002271.XSHE,2023-03-27,16.579999999999927
601089.XSHG,2023-03-27,0.17999999999999972
600185.XSHG,2023-03-27,-0.6599999999999966
603881.XSHG,2023-03-27,-3.0900000000000034
605500.XSHG,2023-03-27,0.14000000000000057
605166.XSHG,2023-03-27,0.15000000000000036
605589.XSHG,2023-03-27,0.1999999999999993
002046.XSHE,2023-03-27,0.05000000000000426
000782.XSHE,2023-03-27,0.14000000000000057
600861.XSHG,2023-03-27,-1.0700000000000003
000978.XSHE,2023-03-27,-0.370000000000001
605399.XSHG,2023-03-27,-0.23000000000000398
688269.XSHG,2023-03-27,1.9200000000000017
688325.XSHG,2023-03-27,0.39000000000000057
000701.XSHE,2023-03-27,-0.1700000000000017
300888.XSHE,2023-03-27,-0.37000000000000455
600379.XSHG,2023-03-27,0.05000000000000071
600545.XSHG,2023-03-27,-0.08999999999999986
002252.XSHE,2023-03-27,1.2199999999999989
300867.XSHE,2023-03-27,-0.870000000000001
300899.XSHE,2023-03-27,0.34999999999999787
605099.XSHG,2023-03-27,-0.09999999999999787
600309.XSHG,2023-03-27,36.51999999999998
688378.XSHG,2023-03-27,-1.5999999999999943
002115.XSHE,2023-03-27,-1.6200000000000045
300635.XSHE,2023-03-27,0.21000000000000085
301075.XSHE,2023-03-27,-0.05999999999999872
600184.XSHG,2023-03-27,1.1199999999999974
000001.XSHE,2023-03-27,24.779999999999973
603721.XSHG,2023-03-27,0.19000000000000128
002960.XSHE,2023-03-27,0.28000000000000114
603501.XSHG,2023-03-27,5.709999999999994
000717.XSHE,2023-03-27,0.27000000000000135
002086.XSHE,2023-03-27,-0.33000000000000007
688307.XSHG,2023-03-27,-0.04999999999999716
301178.XSHE,2023-03-27,-3.0
600918.XSHG,2023-03-27,-0.04999999999999982
688625.XSHG,2023-03-27,1.740000000000002
300902.XSHE,2023-03-27,0.03999999999999915
600418.XSHG,2023-03-27,-0.6299999999999955
600613.XSHG,2023-03-27,-0.5699999999999932
301296.XSHE,2023-03-27,0.19000000000000128
603737.XSHG,2023-03-27,6.2900000000000205
300587.XSHE,2023-03-27,1.210000000000008
000498.XSHE,2023-03-27,0.1999999999999993
001318.XSHE,2023-03-27,0.16000000000000014
600939.XSHG,2023-03-27,0.06999999999999984
600882.XSHG,2023-03-27,1.1899999999999977
600624.XSHG,2023-03-27,-0.9300000000000068
603339.XSHG,2023-03-27,-0.3299999999999983
603980.XSHG,2023-03-27,-0.02000000000000135
300492.XSHE,2023-03-27,-2.3500000000000085
600479.XSHG,2023-03-27,0.4300000000000068
301246.XSHE,2023-03-27,0.8100000000000023
688316.XSHG,2023-03-27,-14.39
600826.XSHG,2023-03-27,0.25
600578.XSHG,2023-03-27,0.2900000000000027
300061.XSHE,2023-03-27,0.4299999999999997
600015.XSHG,2023-03-27,0.21000000000000085
000153.XSHE,2023-03-27,0.28999999999999915
000591.XSHE,2023-03-27,0.14000000000000057
301130.XSHE,2023-03-27,-0.1999999999999993
600841.XSHG,2023-03-27,0.33999999999999986
600369.XSHG,2023-03-27,0.05000000000000071
688332.XSHG,2023-03-27,2.5799999999999983
688639.XSHG,2023-03-27,2.7299999999999898
002254.XSHE,2023-03-27,3.819999999999993
000818.XSHE,2023-03-27,-0.3399999999999892
600167.XSHG,2023-03-27,0.16000000000000014
301301.XSHE,2023-03-27,-0.4399999999999995
600302.XSHG,2023-03-27,0.030000000000001137
002462.XSHE,2023-03-27,0.23999999999999844
000514.XSHE,2023-03-27,0.2099999999999973
300438.XSHE,2023-03-27,-3.009999999999991
002759.XSHE,2023-03-27,-1.0300000000000011
300828.XSHE,2023-03-27,-0.1999999999999993
300885.XSHE,2023-03-27,0.07000000000000028
301106.XSHE,2023-03-27,0.46000000000000085
300528.XSHE,2023-03-27,0.019999999999999574
600643.XSHG,2023-03-27,0.36000000000000654
603885.XSHG,2023-03-27,0.0
300504.XSHE,2023-03-27,-0.35999999999999943
002806.XSHE,2023-03-27,0.08999999999999986
300350.XSHE,2023-03-27,-0.029999999999997584
000705.XSHE,2023-03-27,0.5600000000000023
000545.XSHE,2023-03-27,0.15000000000000213
603687.XSHG,2023-03-27,-0.049999999999998934
688665.XSHG,2023-03-27,3.010000000000005
600061.XSHG,2023-03-27,0.18999999999999773
002877.XSHE,2023-03-27,0.060000000000002274
600586.XSHG,2023-03-27,-3.8200000000000074
600548.XSHG,2023-03-27,1.3099999999999987
688480.XSHG,2023-03-27,-0.4100000000000037
605366.XSHG,2023-03-27,0.14000000000000057
605001.XSHG,2023-03-27,-0.03999999999999915
688518.XSHG,2023-03-27,0.14000000000000057
601375.XSHG,2023-03-27,0.0
600649.XSHG,2023-03-27,1.1299999999999955
000400.XSHE,2023-03-27,2.390000000000015
301322.XSHE,2023-03-27,-5.8500000000000085
601298.XSHG,2023-03-27,0.010000000000000675
688139.XSHG,2023-03-27,1.289999999999992
301038.XSHE,2023-03-27,-0.14000000000000057
600976.XSHG,2023-03-27,-4.8799999999999955
603949.XSHG,2023-03-27,-1.3499999999999979
002911.XSHE,2023-03-27,-0.48999999999999844
601827.XSHG,2023-03-27,0.0699999999999994
002564.XSHE,2023-03-27,0.23000000000000043
301201.XSHE,2023-03-27,-1.5499999999999972
301266.XSHE,2023-03-27,0.4399999999999977
600178.XSHG,2023-03-27,0.11000000000000121
601390.XSHG,2023-03-27,0.1899999999999995
688733.XSHG,2023-03-27,-0.020000000000003126
300767.XSHE,2023-03-27,2.1200000000000045
603357.XSHG,2023-03-27,-1.0599999999999987
601918.XSHG,2023-03-27,0.05999999999999961
603988.XSHG,2023-03-27,-0.36999999999999744
688238.XSHG,2023-03-27,-2.719999999999999
605069.XSHG,2023-03-27,-0.05000000000000071
601865.XSHG,2023-03-27,0.45000000000000284
688420.XSHG,2023-03-27,0.010000000000005116
301133.XSHE,2023-03-27,-0.29999999999999716
002375.XSHE,2023-03-27,-0.3099999999999987
600416.XSHG,2023-03-27,0.4700000000000131
603866.XSHG,2023-03-27,0.28000000000000114
002427.XSHE,2023-03-27,0.2400000000000002
600909.XSHG,2023-03-27,-0.020000000000000462
300747.XSHE,2023-03-27,1.0999999999999943
603919.XSHG,2023-03-27,1.3200000000000003
000026.XSHE,2023-03-27,1.6700000000000017
600469.XSHG,2023-03-27,0.1899999999999995
002442.XSHE,2023-03-27,-0.05000000000000071
600028.XSHG,2023-03-27,0.0
300229.XSHE,2023-03-27,-3.1599999999999966
300640.XSHE,2023-03-27,0.10999999999999943
300079.XSHE,2023-03-27,-0.12999999999999545
001201.XSHE,2023-03-27,-0.8100000000000023
603707.XSHG,2023-03-27,-0.07000000000000028
002341.XSHE,2023-03-27,0.9099999999999966
300285.XSHE,2023-03-27,7.2099999999999795
603311.XSHG,2023-03-27,-0.07000000000000028
301047.XSHE,2023-03-27,-4.9599999999999795
603307.XSHG,2023-03-27,0.46000000000000085
600933.XSHG,2023-03-27,-0.39000000000000057
300690.XSHE,2023-03-27,-1.8300000000000054
603358.XSHG,2023-03-27,-0.8099999999999952
688112.XSHG,2023-03-27,-4.439999999999998
002364.XSHE,2023-03-27,-0.20000000000000284
603517.XSHG,2023-03-27,1.5
300149.XSHE,2023-03-27,-3.4200000000000017
301090.XSHE,2023-03-27,0.040000000000000924
000685.XSHE,2023-03-27,1.4199999999999875
002634.XSHE,2023-03-27,-1.1999999999999957
002118.XSHE,2023-03-27,0.379999999999999
688586.XSHG,2023-03-27,0.379999999999999
002063.XSHE,2023-03-27,3.259999999999991
002025.XSHE,2023-03-27,8.699999999999989
002430.XSHE,2023-03-27,0.4299999999999926
300594.XSHE,2023-03-27,-0.34999999999999787
603458.XSHG,2023-03-27,0.030000000000001137
301186.XSHE,2023-03-27,-0.07000000000000028
600405.XSHG,2023-03-27,0.4199999999999946
301046.XSHE,2023-03-27,-0.14999999999999858
002502.XSHE,2023-03-27,-0.2699999999999996
688569.XSHG,2023-03-27,0.25
688793.XSHG,2023-03-27,0.17999999999999972
000666.XSHE,2023-03-27,0.41000000000000014
300658.XSHE,2023-03-27,0.23999999999999844
002928.XSHE,2023-03-27,0.1999999999999993
600265.XSHG,2023-03-27,0.1999999999999993
300282.XSHE,2023-03-27,-0.09000000000000341
688111.XSHG,2023-03-27,-2.9600000000000364
001301.XSHE,2023-03-27,-0.4700000000000131
002901.XSHE,2023-03-27,-0.6000000000000014
300049.XSHE,2023-03-27,-1.6599999999999966
600423.XSHG,2023-03-27,0.10999999999999943
601258.XSHG,2023-03-27,0.04999999999999982
300584.XSHE,2023-03-27,-0.19999999999999574
002888.XSHE,2023-03-27,-1.7100000000000009
603686.XSHG,2023-03-27,0.15000000000000213
000403.XSHE,2023-03-27,-2.8799999999999955
600235.XSHG,2023-03-27,0.1999999999999993
603066.XSHG,2023-03-27,-1.0700000000000003
605098.XSHG,2023-03-27,-0.37000000000000455
601022.XSHG,2023-03-27,-0.02000000000000135
301156.XSHE,2023-03-27,0.75
001227.XSHE,2023-03-27,0.04999999999999982
002922.XSHE,2023-03-27,0.03999999999999915
000572.XSHE,2023-03-27,0.5600000000000023
300132.XSHE,2023-03-27,0.490000000000002
603127.XSHG,2023-03-27,-8.410000000000025
300270.XSHE,2023-03-27,0.5399999999999991
000768.XSHE,2023-03-27,4.099999999999994
000905.XSHE,2023-03-27,0.14999999999999858
002402.XSHE,2023-03-27,0.12000000000000455
603324.XSHG,2023-03-27,-0.12999999999999545
002598.XSHE,2023-03-27,-0.36999999999999744
688555.XSHG,2023-03-27,0.2400000000000002
688565.XSHG,2023-03-27,0.20000000000000107
002328.XSHE,2023-03-27,0.060000000000002274
600775.XSHG,2023-03-27,0.11000000000000298
688255.XSHG,2023-03-27,-1.0200000000000031
688505.XSHG,2023-03-27,-0.0600000000000005
002009.XSHE,2023-03-27,-0.37000000000000455
688219.XSHG,2023-03-27,0.009999999999999787
688234.XSHG,2023-03-27,-2.4199999999999875
300083.XSHE,2023-03-27,0.3299999999999983
002576.XSHE,2023-03-27,-0.4400000000000013
002208.XSHE,2023-03-27,-0.38000000000000256
002319.XSHE,2023-03-27,1.5100000000000016
603020.XSHG,2023-03-27,0.3100000000000023
002033.XSHE,2023-03-27,-0.730000000000004
688190.XSHG,2023-03-27,-0.28000000000000114
002281.XSHE,2023-03-27,-4.909999999999997
301163.XSHE,2023-03-27,-0.2699999999999996
601616.XSHG,2023-03-27,0.08000000000000007
688768.XSHG,2023-03-27,-10.139999999999986
000715.XSHE,2023-03-27,-0.1599999999999966
300162.XSHE,2023-03-27,0.36999999999999744
300870.XSHE,2023-03-27,-0.28000000000000114
688019.XSHG,2023-03-27,2.6200000000000045
301049.XSHE,2023-03-27,0.11999999999999744
002075.XSHE,2023-03-27,0.17999999999999972
300480.XSHE,2023-03-27,-0.789999999999992
603666.XSHG,2023-03-27,-0.6399999999999864
300129.XSHE,2023-03-27,-8.529999999999994
000676.XSHE,2023-03-27,2.4399999999999977
002868.XSHE,2023-03-27,-0.36999999999999744
002141.XSHE,2023-03-27,-0.1599999999999966
300054.XSHE,2023-03-27,3.6100000000000136
600539.XSHG,2023-03-27,0.11000000000000121
600460.XSHG,2023-03-27,8.210000000000036
603606.XSHG,2023-03-27,-2.5100000000000193
300180.XSHE,2023-03-27,0.2099999999999973
000554.XSHE,2023-03-27,0.46999999999999886
000786.XSHE,2023-03-27,5.939999999999998
002237.XSHE,2023-03-27,0.5
002808.XSHE,2023-03-27,0.39000000000000057
603527.XSHG,2023-03-27,0.16999999999999815
603960.XSHG,2023-03-27,-0.25
002277.XSHE,2023-03-27,0.26000000000000156
300967.XSHE,2023-03-27,-0.4200000000000017
000802.XSHE,2023-03-27,-0.09999999999999787
600455.XSHG,2023-03-27,-0.15000000000000213
605108.XSHG,2023-03-27,0.8299999999999983
688006.XSHG,2023-03-27,0.3400000000000034
003033.XSHE,2023-03-27,-0.07000000000000028
603843.XSHG,2023-03-27,0.0699999999999994
603272.XSHG,2023-03-27,0.15000000000000213
300819.XSHE,2023-03-27,0.16999999999999815
603261.XSHG,2023-03-27,0.21000000000000085
688169.XSHG,2023-03-27,5.569999999999936
688022.XSHG,2023-03-27,-1.2800000000000011
300521.XSHE,2023-03-27,-0.40000000000000213
603712.XSHG,2023-03-27,0.37000000000000455
300488.XSHE,2023-03-27,-0.17999999999999972
600071.XSHG,2023-03-27,1.4399999999999977
605089.XSHG,2023-03-27,1.8700000000000045
300473.XSHE,2023-03-27,0.08000000000000185
002549.XSHE,2023-03-27,0.1700000000000017
688396.XSHG,2023-03-27,1.1300000000000026
301128.XSHE,2023-03-27,0.8399999999999999
600355.XSHG,2023-03-27,-0.120000000000001
002148.XSHE,2023-03-27,-0.20999999999999375
002825.XSHE,2023-03-27,-0.28000000000000114
002768.XSHE,2023-03-27,1.3100000000000023
688210.XSHG,2023-03-27,0.25
601169.XSHG,2023-03-27,0.21000000000000085
605259.XSHG,2023-03-27,-0.2600000000000051
600928.XSHG,2023-03-27,0.0699999999999994
603385.XSHG,2023-03-27,0.28000000000000114
300277.XSHE,2023-03-27,0.36999999999999744
688425.XSHG,2023-03-27,0.20000000000000018
002751.XSHE,2023-03-27,-0.0799999999999983
000620.XSHE,2023-03-27,0.15999999999999837
300634.XSHE,2023-03-27,-0.5799999999999983
600583.XSHG,2023-03-27,4.11999999999999
601360.XSHG,2023-03-27,-1.3899999999999935
603700.XSHG,2023-03-27,-0.019999999999999574
688127.XSHG,2023-03-27,0.7699999999999996
600168.XSHG,2023-03-27,0.17999999999999972
603348.XSHG,2023-03-27,0.3400000000000034
605303.XSHG,2023-03-27,0.05999999999999872
002470.XSHE,2023-03-27,0.05000000000000071
600400.XSHG,2023-03-27,0.9099999999999966
603098.XSHG,2023-03-27,0.759999999999998
688027.XSHG,2023-03-27,-6.309999999999974
600561.XSHG,2023-03-27,0.3100000000000023
002201.XSHE,2023-03-27,0.8900000000000006
603396.XSHG,2023-03-27,-2.8799999999999955
300951.XSHE,2023-03-27,0.7700000000000102
001215.XSHE,2023-03-27,2.739999999999995
600519.XSHG,2023-03-27,78.67000000000007
603900.XSHG,2023-03-27,0.2400000000000002
600875.XSHG,2023-03-27,-2.289999999999999
605296.XSHG,2023-03-27,-0.21999999999999886
002100.XSHE,2023-03-27,-3.980000000000004
603085.XSHG,2023-03-27,0.41999999999999815
000918.XSHE,2023-03-27,0.15000000000000036
002167.XSHE,2023-03-27,-2.1200000000000045
600759.XSHG,2023-03-27,0.14000000000000057
688500.XSHG,2023-03-27,-1.139999999999997
688258.XSHG,2023-03-27,-4.3700000000000045
002971.XSHE,2023-03-27,0.0
600335.XSHG,2023-03-27,1.2199999999999989
002165.XSHE,2023-03-27,0.16000000000000014
300225.XSHE,2023-03-27,-2.6099999999999994
300496.XSHE,2023-03-27,16.189999999999998
002407.XSHE,2023-03-27,1.1400000000000148
600452.XSHG,2023-03-27,4.1699999999999875
688459.XSHG,2023-03-27,0.0600000000000005
600532.XSHG,2023-03-27,0.0
002422.XSHE,2023-03-27,-0.14000000000001478
002889.XSHE,2023-03-27,-0.9699999999999989
600895.XSHG,2023-03-27,7.0
603169.XSHG,2023-03-27,-0.5400000000000009
002943.XSHE,2023-03-27,-0.36999999999999744
002309.XSHE,2023-03-27,-0.5300000000000011
600058.XSHG,2023-03-27,-3.440000000000005
603616.XSHG,2023-03-27,0.14000000000000057
600847.XSHG,2023-03-27,0.28000000000000114
002467.XSHE,2023-03-27,1.3799999999999955
605136.XSHG,2023-03-27,-0.7400000000000002
002695.XSHE,2023-03-27,0.970000000000006
003025.XSHE,2023-03-27,-1.1300000000000026
300823.XSHE,2023-03-27,0.5299999999999976
002496.XSHE,2023-03-27,0.8500000000000014
688353.XSHG,2023-03-27,1.039999999999992
688606.XSHG,2023-03-27,-1.2600000000000051
688377.XSHG,2023-03-27,0.3100000000000023
600375.XSHG,2023-03-27,-0.5300000000000011
603353.XSHG,2023-03-27,0.2099999999999973
603486.XSHG,2023-03-27,-0.3299999999999983
300851.XSHE,2023-03-27,0.5500000000000007
600803.XSHG,2023-03-27,6.469999999999999
301235.XSHE,2023-03-27,-1.0799999999999983
688279.XSHG,2023-03-27,0.37999999999999545
601118.XSHG,2023-03-27,0.020000000000000462
688170.XSHG,2023-03-27,-1.5899999999999963
300385.XSHE,2023-03-27,-0.120000000000001
301022.XSHE,2023-03-27,0.21999999999999886
301218.XSHE,2023-03-27,-2.049999999999997
603365.XSHG,2023-03-27,0.16000000000000014
603758.XSHG,2023-03-27,0.22999999999999865
301127.XSHE,2023-03-27,0.08000000000000007
300771.XSHE,2023-03-27,-0.5499999999999972
603327.XSHG,2023-03-27,-0.05999999999999872
000430.XSHE,2023-03-27,-0.6899999999999977
603043.XSHG,2023-03-27,1.0500000000000043
603019.XSHG,2023-03-27,2.819999999999993
688026.XSHG,2023-03-27,-0.4200000000000017
601229.XSHG,2023-03-27,0.240000000000002
300862.XSHE,2023-03-27,0.4800000000000004
603768.XSHG,2023-03-27,-0.16999999999999815
000778.XSHE,2023-03-27,1.230000000000004
000913.XSHE,2023-03-27,-0.14000000000000057
300100.XSHE,2023-03-27,0.14000000000000057
605117.XSHG,2023-03-27,-5.359999999999957
600365.XSHG,2023-03-27,0.129999999999999
600415.XSHG,2023-03-27,-5.410000000000025
601099.XSHG,2023-03-27,0.0
688408.XSHG,2023-03-27,-1.7900000000000063
688475.XSHG,2023-03-27,0.22999999999999687
301105.XSHE,2023-03-27,-0.05999999999999517
300234.XSHE,2023-03-27,0.240000000000002
600448.XSHG,2023-03-27,0.08999999999999986
688088.XSHG,2023-03-27,-1.1199999999999974
603007.XSHG,2023-03-27,0.6699999999999999
605180.XSHG,2023-03-27,0.28000000000000114
002890.XSHE,2023-03-27,0.020000000000003126
600066.XSHG,2023-03-27,-19.309999999999945
600999.XSHG,2023-03-27,0.0799999999999983
600862.XSHG,2023-03-27,3.219999999999999
300955.XSHE,2023-03-27,0.2099999999999973
301148.XSHE,2023-03-27,-0.0400000000000027
300462.XSHE,2023-03-27,0.5300000000000011
603229.XSHG,2023-03-27,-0.5500000000000043
603159.XSHG,2023-03-27,-0.0799999999999983
300668.XSHE,2023-03-27,0.28999999999999915
688363.XSHG,2023-03-27,0.45999999999999375
002132.XSHE,2023-03-27,0.34999999999999787
002981.XSHE,2023-03-27,-0.25
002755.XSHE,2023-03-27,0.240000000000002
002817.XSHE,2023-03-27,0.4299999999999997
603379.XSHG,2023-03-27,-0.22999999999999687
688100.XSHG,2023-03-27,-0.8399999999999999
300751.XSHE,2023-03-27,-4.730000000000018
688113.XSHG,2023-03-27,1.1599999999999966
300423.XSHE,2023-03-27,-0.23999999999999488
002589.XSHE,2023-03-27,0.38000000000000256
002818.XSHE,2023-03-27,0.03999999999999915
002862.XSHE,2023-03-27,-0.08999999999999986
002661.XSHE,2023-03-27,0.46000000000000085
600213.XSHG,2023-03-27,0.14000000000000057
300537.XSHE,2023-03-27,-0.7899999999999991
603863.XSHG,2023-03-27,-0.19000000000000128
000838.XSHE,2023-03-27,7.469999999999999
002540.XSHE,2023-03-27,0.6799999999999997
300022.XSHE,2023-03-27,-0.120000000000001
002041.XSHE,2023-03-27,1.2300000000000182
603657.XSHG,2023-03-27,-0.19000000000000128
301279.XSHE,2023-03-27,0.5200000000000031
301280.XSHE,2023-03-27,-0.740000000000002
600726.XSHG,2023-03-27,0.07000000000000028
300882.XSHE,2023-03-27,-0.23999999999999844
300391.XSHE,2023-03-27,-0.19000000000000483
600982.XSHG,2023-03-27,0.13000000000000256
601288.XSHG,2023-03-27,0.0
300497.XSHE,2023-03-27,-2.6099999999999994
300782.XSHE,2023-03-27,5.330000000000041
688017.XSHG,2023-03-27,-9.550000000000011
688517.XSHG,2023-03-27,0.6799999999999997
300619.XSHE,2023-03-27,0.3500000000000014
301373.XSHE,2023-03-27,-0.7899999999999991
600730.XSHG,2023-03-27,0.39000000000000057
002961.XSHE,2023-03-27,-0.1700000000000017
001230.XSHE,2023-03-27,0.17999999999999972
002222.XSHE,2023-03-27,-0.46000000000000085
002610.XSHE,2023-03-27,0.0
300679.XSHE,2023-03-27,1.8900000000000006
301159.XSHE,2023-03-27,1.009999999999998
600482.XSHG,2023-03-27,-0.5499999999999972
605122.XSHG,2023-03-27,0.370000000000001
603618.XSHG,2023-03-27,-0.05999999999999872
301042.XSHE,2023-03-27,0.23000000000000398
688577.XSHG,2023-03-27,0.21000000000000085
002701.XSHE,2023-03-27,-0.480000000000004
601717.XSHG,2023-03-27,-0.14999999999999858
300522.XSHE,2023-03-27,0.03999999999999915
600360.XSHG,2023-03-27,-0.15000000000000568
601279.XSHG,2023-03-27,0.0
002891.XSHE,2023-03-27,0.21000000000000085
603505.XSHG,2023-03-27,1.3999999999999915
000925.XSHE,2023-03-27,0.240000000000002
688302.XSHG,2023-03-27,0.6899999999999977
603309.XSHG,2023-03-27,0.22000000000000597
600084.XSHG,2023-03-27,0.21999999999999886
605599.XSHG,2023-03-27,-0.009999999999999787
600748.XSHG,2023-03-27,0.6699999999999982
300822.XSHE,2023-03-27,0.2699999999999996
002530.XSHE,2023-03-27,0.4299999999999997
600259.XSHG,2023-03-27,0.09000000000000341
603267.XSHG,2023-03-27,-0.6099999999999994
000982.XSHE,2023-03-27,0.1700000000000017
001338.XSHE,2023-03-27,0.25
688102.XSHG,2023-03-27,-0.8499999999999996
002105.XSHE,2023-03-27,0.03999999999999915
600444.XSHG,2023-03-27,0.35999999999999943
002689.XSHE,2023-03-27,-1.5799999999999983
600573.XSHG,2023-03-27,0.20000000000000107
000722.XSHE,2023-03-27,0.35999999999999943
002062.XSHE,2023-03-27,0.6000000000000014
600059.XSHG,2023-03-27,2.5900000000000034
601059.XSHG,2023-03-27,0.049999999999998934
301183.XSHE,2023-03-27,0.4299999999999997
603030.XSHG,2023-03-27,0.20999999999999996
688551.XSHG,2023-03-27,0.5799999999999983
605118.XSHG,2023-03-27,0.22000000000000064
301115.XSHE,2023-03-27,0.17999999999999972
301286.XSHE,2023-03-27,-1.1699999999999982
688312.XSHG,2023-03-27,0.28000000000000114
000014.XSHE,2023-03-27,0.8900000000000006
002640.XSHE,2023-03-27,-2.3300000000000054
300702.XSHE,2023-03-27,-0.8699999999999903
300814.XSHE,2023-03-27,-0.259999999999998
300792.XSHE,2023-03-27,2.9599999999999937
600318.XSHG,2023-03-27,0.07000000000000028
601186.XSHG,2023-03-27,0.3099999999999987
603551.XSHG,2023-03-27,0.16000000000000014
000551.XSHE,2023-03-27,-0.1600000000000108
688376.XSHG,2023-03-27,1.2000000000000028
603368.XSHG,2023-03-27,0.3200000000000074
300266.XSHE,2023-03-27,-0.7700000000000102
301180.XSHE,2023-03-27,-0.10000000000000142
300321.XSHE,2023-03-27,0.10999999999999943
688244.XSHG,2023-03-27,1.509999999999991
605319.XSHG,2023-03-27,-0.3200000000000003
688114.XSHG,2023-03-27,-11.489999999999995
300988.XSHE,2023-03-27,-0.7000000000000028
600795.XSHG,2023-03-27,8.129999999999995
000885.XSHE,2023-03-27,0.33999999999999986
301196.XSHE,2023-03-27,-0.3399999999999963
603009.XSHG,2023-03-27,0.21000000000000085
600462.XSHG,2023-03-27,0.14000000000000057
300349.XSHE,2023-03-27,2.019999999999996
000690.XSHE,2023-03-27,4.3799999999999955
000531.XSHE,2023-03-27,1.2800000000000011
605003.XSHG,2023-03-27,0.14000000000000057
300483.XSHE,2023-03-27,0.17999999999999972
301057.XSHE,2023-03-27,0.16000000000000014
002029.XSHE,2023-03-27,0.9000000000000057
002234.XSHE,2023-03-27,-0.6600000000000037
600183.XSHG,2023-03-27,5.489999999999981
300043.XSHE,2023-03-27,2.319999999999993
300452.XSHE,2023-03-27,-2.490000000000009
000567.XSHE,2023-03-27,-2.030000000000001
601236.XSHG,2023-03-27,-0.13000000000000078
603121.XSHG,2023-03-27,0.5599999999999987
300552.XSHE,2023-03-27,0.0
688123.XSHG,2023-03-27,3.719999999999999
605266.XSHG,2023-03-27,0.910000000000025
600637.XSHG,2023-03-27,0.4299999999999997
002088.XSHE,2023-03-27,2.8100000000000023
300380.XSHE,2023-03-27,-0.1599999999999966
600802.XSHG,2023-03-27,0.28999999999999915
688488.XSHG,2023-03-27,-0.03999999999999915
603359.XSHG,2023-03-27,-0.5299999999999976
603528.XSHG,2023-03-27,-0.6899999999999977
002440.XSHE,2023-03-27,0.5500000000000043
600765.XSHG,2023-03-27,4.349999999999966
600754.XSHG,2023-03-27,-6.409999999999997
002503.XSHE,2023-03-27,0.0
688699.XSHG,2023-03-27,1.4300000000000068
002535.XSHE,2023-03-27,-0.15000000000000036
000088.XSHE,2023-03-27,0.3199999999999932
000596.XSHE,2023-03-27,12.789999999999964
600192.XSHG,2023-03-27,0.07000000000000028
300707.XSHE,2023-03-27,-0.14000000000000057
300557.XSHE,2023-03-27,0.6799999999999997
002218.XSHE,2023-03-27,-0.6799999999999997
600022.XSHG,2023-03-27,0.16999999999999993
688275.XSHG,2023-03-27,-2.5200000000000102
000528.XSHE,2023-03-27,-1.0300000000000011
600791.XSHG,2023-03-27,0.7999999999999972
300877.XSHE,2023-03-27,0.16999999999999815
603605.XSHG,2023-03-27,-1.2299999999999898
603823.XSHG,2023-03-27,-0.22000000000000242
002945.XSHE,2023-03-27,-0.7600000000000016
000976.XSHE,2023-03-27,0.120000000000001
300900.XSHE,2023-03-27,0.769999999999996
000506.XSHE,2023-03-27,-0.21000000000000085
301109.XSHE,2023-03-27,-0.9400000000000013
688125.XSHG,2023-03-27,-0.8100000000000023
601116.XSHG,2023-03-27,-0.16999999999999993
002127.XSHE,2023-03-27,-0.30999999999999517
000993.XSHE,2023-03-27,0.1999999999999993
688253.XSHG,2023-03-27,0.379999999999999
600391.XSHG,2023-03-27,0.8900000000000006
000034.XSHE,2023-03-27,-2.980000000000004
688597.XSHG,2023-03-27,-0.33000000000000007
000619.XSHE,2023-03-27,1.7800000000000011
605287.XSHG,2023-03-27,-0.16000000000000014
000035.XSHE,2023-03-27,-1.120000000000001
002792.XSHE,2023-03-27,0.23000000000000398
002021.XSHE,2023-03-27,0.17999999999999972
300232.XSHE,2023-03-27,0.18999999999999773
000595.XSHE,2023-03-27,0.4099999999999966
600819.XSHG,2023-03-27,-0.13999999999999702
600207.XSHG,2023-03-27,0.010000000000001563
000040.XSHE,2023-03-27,0.3200000000000003
002311.XSHE,2023-03-27,8.240000000000009
688362.XSHG,2023-03-27,0.9299999999999997
002585.XSHE,2023-03-27,0.0
301176.XSHE,2023-03-27,0.28999999999999915
002155.XSHE,2023-03-27,-0.3500000000000014
600436.XSHG,2023-03-27,16.300000000000182
603638.XSHG,2023-03-27,-5.25
002774.XSHE,2023-03-27,-0.23000000000000043
301207.XSHE,2023-03-27,-0.30999999999999517
600598.XSHG,2023-03-27,-0.0799999999999983
603165.XSHG,2023-03-27,1.769999999999996
002245.XSHE,2023-03-27,-8.77000000000001
300963.XSHE,2023-03-27,-0.19000000000000128
000990.XSHE,2023-03-27,-0.18999999999999773
603200.XSHG,2023-03-27,-2.239999999999995
605507.XSHG,2023-03-27,-0.09999999999999787
300948.XSHE,2023-03-27,0.120000000000001
600639.XSHG,2023-03-27,2.3299999999999983
688678.XSHG,2023-03-27,-1.1000000000000014
300347.XSHE,2023-03-27,-52.0
300602.XSHE,2023-03-27,2.469999999999999
603916.XSHG,2023-03-27,0.6199999999999974
002489.XSHE,2023-03-27,0.490000000000002
300978.XSHE,2023-03-27,0.0600000000000005
688550.XSHG,2023-03-27,1.1099999999999994
002725.XSHE,2023-03-27,-0.08999999999999986
300912.XSHE,2023-03-27,1.6500000000000021
003015.XSHE,2023-03-27,-0.009999999999999787
003028.XSHE,2023-03-27,0.35999999999999943
300865.XSHE,2023-03-27,0.08999999999999986
300656.XSHE,2023-03-27,0.20000000000000284
300884.XSHE,2023-03-27,-1.0100000000000016
603219.XSHG,2023-03-27,0.1999999999999993
002120.XSHE,2023-03-27,1.9000000000000057
688310.XSHG,2023-03-27,0.509999999999998
000415.XSHE,2023-03-27,0.0
300542.XSHE,2023-03-27,-0.29999999999999716
600776.XSHG,2023-03-27,0.0
301179.XSHE,2023-03-27,-1.1199999999999974
002491.XSHE,2023-03-27,-0.379999999999999
603903.XSHG,2023-03-27,0.28999999999999915
600343.XSHG,2023-03-27,0.36999999999999744
000902.XSHE,2023-03-27,1.1700000000000017
688025.XSHG,2023-03-27,1.1899999999999977
002012.XSHE,2023-03-27,-0.10000000000000142
600109.XSHG,2023-03-27,-0.2600000000000051
300520.XSHE,2023-03-27,0.0899999999999963
600242.XSHG,2023-03-27,0.05999999999999983
002350.XSHE,2023-03-27,-1.0399999999999991
688162.XSHG,2023-03-27,-0.6499999999999986
002771.XSHE,2023-03-27,1.259999999999998
301298.XSHE,2023-03-27,0.46999999999999886
600588.XSHG,2023-03-27,45.48000000000002
600698.XSHG,2023-03-27,0.11999999999999744
688166.XSHG,2023-03-27,0.13000000000000256
001288.XSHE,2023-03-27,0.28999999999999915
002124.XSHE,2023-03-27,-0.9899999999999949
600215.XSHG,2023-03-27,-0.10999999999999943
300655.XSHE,2023-03-27,-11.199999999999989
000930.XSHE,2023-03-27,0.8900000000000006
301092.XSHE,2023-03-27,0.23999999999999844
002357.XSHE,2023-03-27,0.40000000000000213
002485.XSHE,2023-03-27,-0.08999999999999986
002446.XSHE,2023-03-27,-0.5899999999999963
300299.XSHE,2023-03-27,0.0799999999999983
688008.XSHG,2023-03-27,1.7199999999999989
600112.XSHG,2023-03-27,0.0
002437.XSHE,2023-03-27,0.0
601567.XSHG,2023-03-27,-0.7400000000000091
688468.XSHG,2023-03-27,0.2699999999999996
603360.XSHG,2023-03-27,0.3999999999999986
000608.XSHE,2023-03-27,0.6899999999999977
603677.XSHG,2023-03-27,0.269999999999996
002449.XSHE,2023-03-27,-0.07000000000000028
300866.XSHE,2023-03-27,5.009999999999991
301136.XSHE,2023-03-27,-0.15000000000000036
688636.XSHG,2023-03-27,-1.3299999999999983
300197.XSHE,2023-03-27,0.6299999999999955
603722.XSHG,2023-03-27,1.769999999999996
603351.XSHG,2023-03-27,-0.5200000000000031
300965.XSHE,2023-03-27,0.5200000000000031
000661.XSHE,2023-03-27,-10.970000000000027
002102.XSHE,2023-03-27,-0.08999999999999986
002548.XSHE,2023-03-27,-0.240000000000002
603217.XSHG,2023-03-27,0.28999999999999204
688180.XSHG,2023-03-27,-0.9799999999999969
300863.XSHE,2023-03-27,-0.7199999999999989
603260.XSHG,2023-03-27,-0.6199999999999903
688168.XSHG,2023-03-27,-0.970000000000006
000909.XSHE,2023-03-27,0.23000000000000043
300984.XSHE,2023-03-27,0.03999999999999915
002739.XSHE,2023-03-27,-0.1600000000000037
002370.XSHE,2023-03-27,0.07000000000000028
300189.XSHE,2023-03-27,-0.07000000000000028
600150.XSHG,2023-03-27,-0.1599999999999966
002717.XSHE,2023-03-27,-2.559999999999995
688528.XSHG,2023-03-27,0.09999999999999964
300044.XSHE,2023-03-27,1.6799999999999997
301309.XSHE,2023-03-27,1.0100000000000016
300684.XSHE,2023-03-27,0.9099999999999966
600738.XSHG,2023-03-27,-2.259999999999998
603936.XSHG,2023-03-27,0.6000000000000014
301151.XSHE,2023-03-27,0.13999999999999702
601222.XSHG,2023-03-27,-0.05000000000000426
002299.XSHE,2023-03-27,-1.0
600468.XSHG,2023-03-27,-1.2299999999999969
603757.XSHG,2023-03-27,-0.5399999999999991
688679.XSHG,2023-03-27,0.27999999999999936
300692.XSHE,2023-03-27,0.41000000000000014
300608.XSHE,2023-03-27,-0.8100000000000023
600993.XSHG,2023-03-27,3.6399999999999864
688575.XSHG,2023-03-27,-0.5700000000000003
002438.XSHE,2023-03-27,0.4200000000000017
603689.XSHG,2023-03-27,0.02999999999999936
300854.XSHE,2023-03-27,-0.3500000000000014
603617.XSHG,2023-03-27,0.23000000000000043
600129.XSHG,2023-03-27,-2.769999999999996
600963.XSHG,2023-03-27,0.4099999999999966
600396.XSHG,2023-03-27,0.0
603318.XSHG,2023-03-27,0.14999999999999858
688001.XSHG,2023-03-27,-1.0700000000000003
003030.XSHE,2023-03-27,0.1999999999999993
600359.XSHG,2023-03-27,-0.05999999999999872
002225.XSHE,2023-03-27,0.019999999999999574
002227.XSHE,2023-03-27,-0.3500000000000014
301077.XSHE,2023-03-27,0.4899999999999949
688003.XSHG,2023-03-27,-0.03999999999999915
002197.XSHE,2023-03-27,-0.1599999999999966
600820.XSHG,2023-03-27,1.2299999999999898
603059.XSHG,2023-03-27,-0.019999999999999574
002338.XSHE,2023-03-27,-2.680000000000007
601002.XSHG,2023-03-27,0.05999999999999961
600797.XSHG,2023-03-27,-4.929999999999993
600198.XSHG,2023-03-27,-0.33000000000000007
688235.XSHG,2023-03-27,-0.6800000000000068
300317.XSHE,2023-03-27,-1.5300000000000011
000908.XSHE,2023-03-27,0.0
601700.XSHG,2023-03-27,0.060000000000002274
002358.XSHE,2023-03-27,1.3599999999999994
603895.XSHG,2023-03-27,-0.5500000000000043
603258.XSHG,2023-03-27,-0.05999999999999872
688676.XSHG,2023-03-27,0.8800000000000026
300340.XSHE,2023-03-27,-1.4799999999999969
688339.XSHG,2023-03-27,-4.829999999999998
600256.XSHG,2023-03-27,-10.220000000000027
688660.XSHG,2023-03-27,0.05000000000000071
002951.XSHE,2023-03-27,0.08000000000000007
003041.XSHE,2023-03-27,0.09000000000000341
600230.XSHG,2023-03-27,-0.28999999999999915
002816.XSHE,2023-03-27,0.10999999999999943
002306.XSHE,2023-03-27,-0.11999999999999744
300152.XSHE,2023-03-27,0.2699999999999996
688133.XSHG,2023-03-27,-2.269999999999996
688301.XSHG,2023-03-27,1.2100000000000364
300195.XSHE,2023-03-27,0.2699999999999996
603315.XSHG,2023-03-27,-0.5200000000000031
688630.XSHG,2023-03-27,2.5700000000000074
300820.XSHE,2023-03-27,-2.469999999999999
601808.XSHG,2023-03-27,0.4499999999999993
002629.XSHE,2023-03-27,0.41000000000000014
002812.XSHE,2023-03-27,0.9800000000000182
603602.XSHG,2023-03-27,-0.6099999999999994
688203.XSHG,2023-03-27,0.370000000000001
688600.XSHG,2023-03-27,0.33000000000000185
600035.XSHG,2023-03-27,0.23000000000000043
002691.XSHE,2023-03-27,-0.019999999999999574
688568.XSHG,2023-03-27,-0.730000000000004
601028.XSHG,2023-03-27,-0.120000000000001
600367.XSHG,2023-03-27,0.5200000000000102
002762.XSHE,2023-03-27,0.6700000000000017
603319.XSHG,2023-03-27,-0.5100000000000051
600217.XSHG,2023-03-27,-0.35999999999999943
002852.XSHE,2023-03-27,0.4000000000000057
300615.XSHE,2023-03-27,-0.19000000000000483
000008.XSHE,2023-03-27,0.5400000000000063
300922.XSHE,2023-03-27,0.4200000000000017
600971.XSHG,2023-03-27,0.6199999999999903
300565.XSHE,2023-03-27,-0.3500000000000014
300826.XSHE,2023-03-27,0.3299999999999983
600141.XSHG,2023-03-27,0.3100000000000023
000422.XSHE,2023-03-27,1.3600000000000136
002037.XSHE,2023-03-27,0.03999999999999915
301065.XSHE,2023-03-27,0.259999999999998
600770.XSHG,2023-03-27,0.4199999999999875
605009.XSHG,2023-03-27,0.12000000000000455
300923.XSHE,2023-03-27,0.10999999999999943
600438.XSHG,2023-03-27,-1.5699999999999932
300002.XSHE,2023-03-27,-8.650000000000006
600421.XSHG,2023-03-27,0.28999999999999915
002345.XSHE,2023-03-27,1.4099999999999966
600255.XSHG,2023-03-27,0.13000000000000256
002860.XSHE,2023-03-27,0.03999999999999915
002613.XSHE,2023-03-27,0.14999999999999858
688319.XSHG,2023-03-27,0.5500000000000007
688155.XSHG,2023-03-27,0.5799999999999983
300433.XSHE,2023-03-27,0.060000000000002274
600525.XSHG,2023-03-27,-1.4000000000000057
688306.XSHG,2023-03-27,0.0
601127.XSHG,2023-03-27,0.519999999999996
603927.XSHG,2023-03-27,-1.1099999999999994
603999.XSHG,2023-03-27,-0.120000000000001
603667.XSHG,2023-03-27,-0.07000000000000028
000751.XSHE,2023-03-27,0.16999999999999993
300026.XSHE,2023-03-27,-1.4600000000000364
301132.XSHE,2023-03-27,0.5499999999999972
601566.XSHG,2023-03-27,-0.07000000000000028
600070.XSHG,2023-03-27,0.7000000000000028
300288.XSHE,2023-03-27,2.1400000000000006
300387.XSHE,2023-03-27,0.0799999999999983
301070.XSHE,2023-03-27,-1.9400000000000048
600888.XSHG,2023-03-27,1.019999999999996
688687.XSHG,2023-03-27,-0.08999999999999986
601456.XSHG,2023-03-27,-0.0600000000000005
000995.XSHE,2023-03-27,-0.120000000000001
300427.XSHE,2023-03-27,1.2999999999999972
002224.XSHE,2023-03-27,0.21000000000000085
300369.XSHE,2023-03-27,-5.3999999999999915
600336.XSHG,2023-03-27,-0.08999999999999986
600117.XSHG,2023-03-27,0.11000000000000121
600290.XSHG,2023-03-27,0.05000000000000071
002686.XSHE,2023-03-27,-0.22999999999999687
002559.XSHE,2023-03-27,-0.21999999999999886
300088.XSHE,2023-03-27,1.230000000000004
301059.XSHE,2023-03-27,-1.3299999999999983
002296.XSHE,2023-03-27,-0.36000000000000654
002329.XSHE,2023-03-27,0.240000000000002
300109.XSHE,2023-03-27,-1.2999999999999972
300246.XSHE,2023-03-27,-1.9199999999999946
600231.XSHG,2023-03-27,0.9200000000000017
000738.XSHE,2023-03-27,1.3900000000000006
002827.XSHE,2023-03-27,-0.11999999999999744
002248.XSHE,2023-03-27,-0.21999999999999886
000670.XSHE,2023-03-27,0.5300000000000011
002019.XSHE,2023-03-27,0.7399999999999807
