code,date,open_close_diff
000049.XSHE,2023-07-18,-2.9399999999999977
603636.XSHG,2023-07-18,1.6600000000000108
000538.XSHE,2023-07-18,5.710000000000036
300798.XSHE,2023-07-18,-0.020000000000000462
688110.XSHG,2023-07-18,1.7600000000000051
002668.XSHE,2023-07-18,0.45000000000000284
001202.XSHE,2023-07-18,-0.21000000000000085
601326.XSHG,2023-07-18,0.0
600980.XSHG,2023-07-18,-0.5999999999999979
300582.XSHE,2023-07-18,-0.5100000000000016
603039.XSHG,2023-07-18,-0.8600000000000136
603298.XSHG,2023-07-18,-0.7000000000000028
002851.XSHE,2023-07-18,1.019999999999996
000421.XSHE,2023-07-18,-0.5300000000000011
000523.XSHE,2023-07-18,-0.07000000000000028
600238.XSHG,2023-07-18,0.1599999999999966
301091.XSHE,2023-07-18,0.17999999999999972
002840.XSHE,2023-07-18,-1.0
600869.XSHG,2023-07-18,-0.3200000000000003
002376.XSHE,2023-07-18,-0.09000000000000341
300076.XSHE,2023-07-18,-0.1699999999999946
002820.XSHE,2023-07-18,-0.029999999999997584
300290.XSHE,2023-07-18,1.25
002912.XSHE,2023-07-18,3.6799999999999926
600152.XSHG,2023-07-18,-0.17999999999999972
002553.XSHE,2023-07-18,0.04999999999999716
300775.XSHE,2023-07-18,-0.1600000000000037
300430.XSHE,2023-07-18,-0.27000000000001023
002756.XSHE,2023-07-18,12.399999999999977
688052.XSHG,2023-07-18,-1.8700000000000045
002699.XSHE,2023-07-18,-0.33000000000000007
003018.XSHE,2023-07-18,-0.07000000000000028
688122.XSHG,2023-07-18,0.20999999999999375
002060.XSHE,2023-07-18,0.120000000000001
688298.XSHG,2023-07-18,0.4399999999999977
603556.XSHG,2023-07-18,-0.23000000000000398
000529.XSHE,2023-07-18,-0.030000000000001137
603158.XSHG,2023-07-18,-0.25
603055.XSHG,2023-07-18,0.07000000000000028
000584.XSHE,2023-07-18,0.6799999999999997
600027.XSHG,2023-07-18,0.16999999999999993
301419.XSHE,2023-07-18,3.520000000000003
300501.XSHE,2023-07-18,0.0899999999999963
000811.XSHE,2023-07-18,-22.840000000000032
600763.XSHG,2023-07-18,4.060000000000002
688622.XSHG,2023-07-18,-0.21000000000000085
601003.XSHG,2023-07-18,0.389999999999997
601066.XSHG,2023-07-18,-0.05999999999999872
300959.XSHE,2023-07-18,0.3300000000000054
001339.XSHE,2023-07-18,0.5
301029.XSHE,2023-07-18,-0.0799999999999983
300603.XSHE,2023-07-18,0.5199999999999996
301099.XSHE,2023-07-18,1.8399999999999963
688232.XSHG,2023-07-18,0.1599999999999966
002078.XSHE,2023-07-18,-1.0699999999999932
605007.XSHG,2023-07-18,-0.16000000000000014
300743.XSHE,2023-07-18,0.0
300996.XSHE,2023-07-18,2.0600000000000023
300829.XSHE,2023-07-18,0.17999999999999972
002648.XSHE,2023-07-18,0.9899999999999807
002886.XSHE,2023-07-18,-0.730000000000004
002289.XSHE,2023-07-18,0.0
601858.XSHG,2023-07-18,2.009999999999998
603888.XSHG,2023-07-18,6.929999999999993
603848.XSHG,2023-07-18,-0.21000000000000085
600113.XSHG,2023-07-18,-0.05000000000000426
688048.XSHG,2023-07-18,-2.030000000000001
002777.XSHE,2023-07-18,3.509999999999991
000713.XSHE,2023-07-18,2.1399999999999935
688372.XSHG,2023-07-18,-10.810000000000002
300068.XSHE,2023-07-18,0.9799999999999969
002910.XSHE,2023-07-18,0.20000000000000107
002896.XSHE,2023-07-18,-0.769999999999996
000301.XSHE,2023-07-18,-0.08999999999999986
300971.XSHE,2023-07-18,-0.03999999999999915
603025.XSHG,2023-07-18,-0.7100000000000009
003022.XSHE,2023-07-18,-0.3200000000000003
002480.XSHE,2023-07-18,-0.20000000000000284
300412.XSHE,2023-07-18,0.1700000000000017
688095.XSHG,2023-07-18,1.1699999999999875
002594.XSHE,2023-07-18,-0.2400000000000091
600075.XSHG,2023-07-18,-0.5499999999999972
603182.XSHG,2023-07-18,-0.09999999999999964
688135.XSHG,2023-07-18,-1.2299999999999969
301300.XSHE,2023-07-18,0.17999999999999972
001229.XSHE,2023-07-18,0.5600000000000023
600389.XSHG,2023-07-18,-3.780000000000001
002865.XSHE,2023-07-18,2.710000000000008
002942.XSHE,2023-07-18,-0.03999999999999915
603639.XSHG,2023-07-18,-0.6400000000000006
603596.XSHG,2023-07-18,-2.6700000000000017
601818.XSHG,2023-07-18,0.019999999999999574
600237.XSHG,2023-07-18,-0.30000000000000426
300616.XSHE,2023-07-18,-0.8000000000000043
002907.XSHE,2023-07-18,0.14999999999999858
688981.XSHG,2023-07-18,-0.7000000000000028
000903.XSHE,2023-07-18,-0.4800000000000004
002267.XSHE,2023-07-18,0.05999999999999872
600757.XSHG,2023-07-18,1.759999999999991
603103.XSHG,2023-07-18,1.0499999999999972
603612.XSHG,2023-07-18,-0.1999999999999993
000607.XSHE,2023-07-18,0.26000000000000156
002206.XSHE,2023-07-18,-0.8100000000000023
301121.XSHE,2023-07-18,-0.3999999999999986
603021.XSHG,2023-07-18,-0.129999999999999
688379.XSHG,2023-07-18,0.17999999999999972
001217.XSHE,2023-07-18,-0.16999999999999993
600605.XSHG,2023-07-18,-91.42999999999995
000663.XSHE,2023-07-18,-0.7100000000000009
002740.XSHE,2023-07-18,-0.33000000000000007
300047.XSHE,2023-07-18,0.5700000000000003
600312.XSHG,2023-07-18,1.7199999999999989
301025.XSHE,2023-07-18,0.16000000000000014
300813.XSHE,2023-07-18,0.5499999999999972
002386.XSHE,2023-07-18,-0.3100000000000005
600327.XSHG,2023-07-18,-1.0699999999999932
603380.XSHG,2023-07-18,-0.3200000000000003
000636.XSHE,2023-07-18,-1.8199999999999932
601838.XSHG,2023-07-18,-0.07000000000000028
000576.XSHE,2023-07-18,-0.3100000000000023
601949.XSHG,2023-07-18,0.6499999999999986
600630.XSHG,2023-07-18,-0.14999999999999858
002505.XSHE,2023-07-18,-1.0700000000000003
300474.XSHE,2023-07-18,0.14999999999997726
600096.XSHG,2023-07-18,-1.5200000000000031
002855.XSHE,2023-07-18,-0.040000000000000924
300171.XSHE,2023-07-18,1.9699999999999989
002097.XSHE,2023-07-18,-0.25
300432.XSHE,2023-07-18,-0.8900000000000006
002094.XSHE,2023-07-18,-0.259999999999998
600956.XSHG,2023-07-18,-0.030000000000001137
688509.XSHG,2023-07-18,0.08000000000000007
603717.XSHG,2023-07-18,-0.009999999999999787
300337.XSHE,2023-07-18,0.5800000000000018
688337.XSHG,2023-07-18,0.23999999999999488
300617.XSHE,2023-07-18,0.5900000000000034
002746.XSHE,2023-07-18,-0.4799999999999969
600188.XSHG,2023-07-18,0.7099999999999937
688369.XSHG,2023-07-18,3.240000000000009
300559.XSHE,2023-07-18,4.239999999999995
301153.XSHE,2023-07-18,2.829999999999984
603577.XSHG,2023-07-18,0.129999999999999
601008.XSHG,2023-07-18,0.0
603215.XSHG,2023-07-18,0.21000000000000085
300154.XSHE,2023-07-18,0.21000000000000085
688315.XSHG,2023-07-18,-0.029999999999997584
002508.XSHE,2023-07-18,-0.7800000000000011
300883.XSHE,2023-07-18,-0.040000000000000036
301032.XSHE,2023-07-18,-0.13000000000000078
002452.XSHE,2023-07-18,0.22999999999999687
300053.XSHE,2023-07-18,2.719999999999999
600110.XSHG,2023-07-18,-0.7199999999999989
002077.XSHE,2023-07-18,-0.7399999999999984
300849.XSHE,2023-07-18,-0.18999999999999773
301370.XSHE,2023-07-18,0.23999999999999844
603330.XSHG,2023-07-18,-0.1599999999999966
300073.XSHE,2023-07-18,0.960000000000008
002966.XSHE,2023-07-18,-0.019999999999999574
688520.XSHG,2023-07-18,0.03999999999999915
688277.XSHG,2023-07-18,0.21999999999999886
001914.XSHE,2023-07-18,-0.7800000000000011
600220.XSHG,2023-07-18,0.0
002337.XSHE,2023-07-18,-0.16000000000000014
002775.XSHE,2023-07-18,-0.05000000000000071
603053.XSHG,2023-07-18,-0.10000000000000142
688499.XSHG,2023-07-18,0.519999999999996
300468.XSHE,2023-07-18,0.6400000000000006
688621.XSHG,2023-07-18,1.4499999999999886
600328.XSHG,2023-07-18,-0.6100000000000065
603637.XSHG,2023-07-18,-0.129999999999999
600872.XSHG,2023-07-18,7.21999999999997
002189.XSHE,2023-07-18,-0.26000000000000156
002985.XSHE,2023-07-18,-0.8299999999999983
688172.XSHG,2023-07-18,0.030000000000001137
300245.XSHE,2023-07-18,0.7000000000000028
601992.XSHG,2023-07-18,0.0
300250.XSHE,2023-07-18,0.7099999999999937
688031.XSHG,2023-07-18,1.9100000000000108
300092.XSHE,2023-07-18,-0.0799999999999983
301002.XSHE,2023-07-18,0.05000000000000071
603668.XSHG,2023-07-18,-0.05000000000000071
300651.XSHE,2023-07-18,0.6899999999999977
300267.XSHE,2023-07-18,-0.10999999999999943
002656.XSHE,2023-07-18,0.0
300825.XSHE,2023-07-18,0.6199999999999974
002870.XSHE,2023-07-18,2.5
601600.XSHG,2023-07-18,-0.040000000000000036
300622.XSHE,2023-07-18,1.2899999999999991
002988.XSHE,2023-07-18,-0.28999999999999915
300894.XSHE,2023-07-18,-0.2799999999999976
300388.XSHE,2023-07-18,0.060000000000002274
301330.XSHE,2023-07-18,0.9699999999999989
603511.XSHG,2023-07-18,-0.0400000000000027
301290.XSHE,2023-07-18,-0.02999999999999403
301237.XSHE,2023-07-18,-0.2099999999999973
000037.XSHE,2023-07-18,3.1700000000000017
300265.XSHE,2023-07-18,0.0799999999999983
600663.XSHG,2023-07-18,-1.5600000000000023
301030.XSHE,2023-07-18,-1.3299999999999983
002984.XSHE,2023-07-18,-0.740000000000002
600390.XSHG,2023-07-18,0.19999999999999574
603115.XSHG,2023-07-18,-0.08999999999999986
603439.XSHG,2023-07-18,0.3099999999999987
002569.XSHE,2023-07-18,-0.0600000000000005
600744.XSHG,2023-07-18,0.08000000000000007
301320.XSHE,2023-07-18,-0.8099999999999987
002883.XSHE,2023-07-18,0.14999999999999858
600694.XSHG,2023-07-18,-2.1700000000000017
603987.XSHG,2023-07-18,0.03999999999999915
002138.XSHE,2023-07-18,-2.3799999999999955
000623.XSHE,2023-07-18,0.6899999999999977
002826.XSHE,2023-07-18,-0.02999999999999936
300517.XSHE,2023-07-18,-0.129999999999999
603226.XSHG,2023-07-18,-0.25
000586.XSHE,2023-07-18,1.3599999999999994
300259.XSHE,2023-07-18,-0.779999999999994
301004.XSHE,2023-07-18,-0.240000000000002
605158.XSHG,2023-07-18,-0.03999999999999915
001209.XSHE,2023-07-18,-0.04999999999999716
300222.XSHE,2023-07-18,1.279999999999994
300881.XSHE,2023-07-18,0.060000000000002274
002658.XSHE,2023-07-18,-0.04999999999999716
688265.XSHG,2023-07-18,-0.3400000000000034
002466.XSHE,2023-07-18,9.490000000000009
000965.XSHE,2023-07-18,-0.019999999999999574
300045.XSHE,2023-07-18,0.3299999999999983
603901.XSHG,2023-07-18,-0.6000000000000014
688213.XSHG,2023-07-18,0.10000000000000142
600250.XSHG,2023-07-18,-0.10999999999999943
002156.XSHE,2023-07-18,-1.1600000000000108
000686.XSHE,2023-07-18,-0.14000000000000057
300509.XSHE,2023-07-18,0.3000000000000007
300624.XSHE,2023-07-18,2.469999999999999
603221.XSHG,2023-07-18,-0.08999999999999986
002199.XSHE,2023-07-18,0.4700000000000024
002848.XSHE,2023-07-18,0.23000000000000043
000029.XSHE,2023-07-18,-0.019999999999999574
603839.XSHG,2023-07-18,-0.08000000000000007
600300.XSHG,2023-07-18,-0.14999999999999858
300939.XSHE,2023-07-18,3.770000000000003
600919.XSHG,2023-07-18,0.08000000000000007
688633.XSHG,2023-07-18,-0.39000000000000057
301066.XSHE,2023-07-18,-0.16000000000000014
603017.XSHG,2023-07-18,0.14000000000000057
600702.XSHG,2023-07-18,3.099999999999966
002529.XSHE,2023-07-18,-0.3099999999999987
603855.XSHG,2023-07-18,0.10999999999999943
300809.XSHE,2023-07-18,-0.5100000000000051
600989.XSHG,2023-07-18,-0.019999999999999574
300722.XSHE,2023-07-18,-1.3999999999999915
601100.XSHG,2023-07-18,-0.10999999999998522
300606.XSHE,2023-07-18,4.009999999999998
601718.XSHG,2023-07-18,-0.020000000000000018
002603.XSHE,2023-07-18,1.8699999999999903
002592.XSHE,2023-07-18,-0.3100000000000005
300244.XSHE,2023-07-18,5.310000000000002
002214.XSHE,2023-07-18,-0.3100000000000023
002250.XSHE,2023-07-18,-1.1600000000000037
002524.XSHE,2023-07-18,0.14000000000000057
300941.XSHE,2023-07-18,0.6000000000000014
600559.XSHG,2023-07-18,1.0600000000000023
300106.XSHE,2023-07-18,-0.13000000000000078
300478.XSHE,2023-07-18,-0.6199999999999974
603931.XSHG,2023-07-18,2.8400000000000034
301337.XSHE,2023-07-18,0.2600000000000051
601952.XSHG,2023-07-18,0.16000000000000014
300133.XSHE,2023-07-18,3.8500000000000227
688511.XSHG,2023-07-18,-0.030000000000001137
000006.XSHE,2023-07-18,-3.609999999999985
300237.XSHE,2023-07-18,-0.1700000000000017
300114.XSHE,2023-07-18,-6.2099999999999795
301048.XSHE,2023-07-18,0.379999999999999
603136.XSHG,2023-07-18,1.8400000000000034
600487.XSHG,2023-07-18,4.939999999999998
688128.XSHG,2023-07-18,0.21000000000000085
603860.XSHG,2023-07-18,0.07000000000000028
002580.XSHE,2023-07-18,-0.1600000000000037
688613.XSHG,2023-07-18,0.05000000000000071
601665.XSHG,2023-07-18,0.0
600996.XSHG,2023-07-18,0.15000000000000036
601319.XSHG,2023-07-18,0.009999999999999787
603173.XSHG,2023-07-18,0.10000000000000142
600857.XSHG,2023-07-18,-0.8100000000000023
688626.XSHG,2023-07-18,0.9400000000000048
000032.XSHE,2023-07-18,4.340000000000003
688116.XSHG,2023-07-18,0.5900000000000034
600684.XSHG,2023-07-18,0.14000000000000057
300046.XSHE,2023-07-18,-0.21999999999999886
300211.XSHE,2023-07-18,0.9099999999999966
002935.XSHE,2023-07-18,0.4399999999999977
000785.XSHE,2023-07-18,-0.28000000000000114
000800.XSHE,2023-07-18,-0.41000000000000014
301391.XSHE,2023-07-18,-0.4300000000000068
688718.XSHG,2023-07-18,-0.5700000000000003
600671.XSHG,2023-07-18,0.07000000000000028
603909.XSHG,2023-07-18,-0.20000000000000284
002779.XSHE,2023-07-18,-0.17999999999999972
600026.XSHG,2023-07-18,0.18000000000000327
002750.XSHE,2023-07-18,-0.12000000000000455
601208.XSHG,2023-07-18,-0.030000000000001137
300660.XSHE,2023-07-18,-2.7900000000000063
688561.XSHG,2023-07-18,0.9100000000000037
600094.XSHG,2023-07-18,-0.03999999999999915
001367.XSHE,2023-07-18,0.020000000000003126
002780.XSHE,2023-07-18,-0.33999999999999986
002445.XSHE,2023-07-18,-0.07000000000000028
600527.XSHG,2023-07-18,0.0
002586.XSHE,2023-07-18,0.3099999999999987
688401.XSHG,2023-07-18,0.6300000000000026
688141.XSHG,2023-07-18,-0.3299999999999983
002716.XSHE,2023-07-18,-0.11000000000000121
601908.XSHG,2023-07-18,0.5600000000000023
002599.XSHE,2023-07-18,0.23999999999999844
301239.XSHE,2023-07-18,2.710000000000008
000709.XSHE,2023-07-18,0.23000000000000043
603876.XSHG,2023-07-18,-0.37999999999999545
000860.XSHE,2023-07-18,2.5600000000000023
300217.XSHE,2023-07-18,-1.8400000000000034
600225.XSHG,2023-07-18,0.5600000000000005
603833.XSHG,2023-07-18,-2.75
603867.XSHG,2023-07-18,-0.10999999999999943
002139.XSHE,2023-07-18,0.5100000000000193
000518.XSHE,2023-07-18,-0.16999999999999815
002212.XSHE,2023-07-18,0.2900000000000027
000711.XSHE,2023-07-18,-0.5
003029.XSHE,2023-07-18,1.1400000000000006
600565.XSHG,2023-07-18,-0.25
000735.XSHE,2023-07-18,0.12000000000000455
688314.XSHG,2023-07-18,1.3000000000000043
688146.XSHG,2023-07-18,0.4199999999999946
002016.XSHE,2023-07-18,0.06999999999999318
002161.XSHE,2023-07-18,-0.4199999999999946
605081.XSHG,2023-07-18,-0.3299999999999983
300314.XSHE,2023-07-18,-0.12000000000000455
603308.XSHG,2023-07-18,0.09999999999999787
688326.XSHG,2023-07-18,-2.469999999999999
301228.XSHE,2023-07-18,-0.4399999999999995
600057.XSHG,2023-07-18,-1.7900000000000063
688338.XSHG,2023-07-18,0.7999999999999972
300470.XSHE,2023-07-18,2.530000000000001
601330.XSHG,2023-07-18,0.019999999999999574
301313.XSHE,2023-07-18,1.2199999999999989
002483.XSHE,2023-07-18,-0.13000000000000256
688317.XSHG,2023-07-18,0.259999999999998
688318.XSHG,2023-07-18,1.8799999999999955
300004.XSHE,2023-07-18,0.48999999999999844
605567.XSHG,2023-07-18,0.02999999999999936
605228.XSHG,2023-07-18,-0.030000000000001137
688176.XSHG,2023-07-18,0.02000000000000135
002861.XSHE,2023-07-18,-0.030000000000001137
000795.XSHE,2023-07-18,-0.17999999999999972
301338.XSHE,2023-07-18,-10.320000000000007
688576.XSHG,2023-07-18,1.3599999999999994
603986.XSHG,2023-07-18,13.009999999999991
603291.XSHG,2023-07-18,-0.20000000000000284
000021.XSHE,2023-07-18,7.930000000000007
600422.XSHG,2023-07-18,6.329999999999984
603836.XSHG,2023-07-18,-0.25
688711.XSHG,2023-07-18,-0.7000000000000028
002917.XSHE,2023-07-18,0.3000000000000007
002420.XSHE,2023-07-18,-0.04999999999999982
600581.XSHG,2023-07-18,0.07000000000000028
002666.XSHE,2023-07-18,-0.23000000000000043
000632.XSHE,2023-07-18,-0.14999999999999858
000949.XSHE,2023-07-18,-0.08999999999999986
002324.XSHE,2023-07-18,0.25
301317.XSHE,2023-07-18,0.4299999999999997
603056.XSHG,2023-07-18,-0.4499999999999993
688786.XSHG,2023-07-18,-2.4099999999999966
600688.XSHG,2023-07-18,0.0
603321.XSHG,2023-07-18,0.05000000000000071
000813.XSHE,2023-07-18,-0.03999999999999915
603216.XSHG,2023-07-18,-0.09999999999999964
002681.XSHE,2023-07-18,0.6400000000000006
600306.XSHG,2023-07-18,0.3200000000000003
688596.XSHG,2023-07-18,0.21000000000000085
002578.XSHE,2023-07-18,-0.21000000000000085
301270.XSHE,2023-07-18,1.4699999999999989
300030.XSHE,2023-07-18,0.16000000000000014
688345.XSHG,2023-07-18,-0.060000000000002274
300414.XSHE,2023-07-18,2.1000000000000014
603829.XSHG,2023-07-18,0.28000000000000114
002819.XSHE,2023-07-18,0.9799999999999969
002335.XSHE,2023-07-18,-0.5900000000000034
688722.XSHG,2023-07-18,0.3500000000000014
688560.XSHG,2023-07-18,0.6499999999999986
601061.XSHG,2023-07-18,-0.009999999999999787
600513.XSHG,2023-07-18,-0.05999999999998806
300818.XSHE,2023-07-18,-0.10999999999999943
002241.XSHE,2023-07-18,3.7399999999999523
603615.XSHG,2023-07-18,-0.030000000000001137
300410.XSHE,2023-07-18,-1.4699999999999989
605339.XSHG,2023-07-18,-0.060000000000002274
603388.XSHG,2023-07-18,-0.490000000000002
603051.XSHG,2023-07-18,0.8200000000000003
300395.XSHE,2023-07-18,-7.0400000000000205
002655.XSHE,2023-07-18,-0.6700000000000017
601015.XSHG,2023-07-18,0.0
603726.XSHG,2023-07-18,-0.8399999999999999
002909.XSHE,2023-07-18,-0.18000000000000327
002992.XSHE,2023-07-18,1.9699999999999989
002732.XSHE,2023-07-18,-0.07000000000000028
300506.XSHE,2023-07-18,-3.9700000000000024
603018.XSHG,2023-07-18,0.30000000000001137
000759.XSHE,2023-07-18,-1.3099999999999952
002582.XSHE,2023-07-18,0.14000000000000057
603759.XSHG,2023-07-18,-0.0799999999999983
000510.XSHE,2023-07-18,0.45999999999999375
600708.XSHG,2023-07-18,-0.129999999999999
301219.XSHE,2023-07-18,-0.7600000000000051
000592.XSHE,2023-07-18,0.07000000000000028
600908.XSHG,2023-07-18,0.020000000000000462
600785.XSHG,2023-07-18,-1.6899999999999977
300326.XSHE,2023-07-18,-0.3299999999999983
300262.XSHE,2023-07-18,0.26000000000000156
600076.XSHG,2023-07-18,-0.0600000000000005
002849.XSHE,2023-07-18,-0.39000000000000057
600408.XSHG,2023-07-18,-0.040000000000000924
002043.XSHE,2023-07-18,-1.9500000000000028
600743.XSHG,2023-07-18,-1.3200000000000003
000025.XSHE,2023-07-18,-0.25
301045.XSHE,2023-07-18,1.1799999999999997
002298.XSHE,2023-07-18,0.029999999999997584
300342.XSHE,2023-07-18,2.25
605151.XSHG,2023-07-18,-0.16000000000000014
605499.XSHG,2023-07-18,0.8100000000000023
301122.XSHE,2023-07-18,0.5700000000000003
000010.XSHE,2023-07-18,-0.5300000000000011
002151.XSHE,2023-07-18,0.6400000000000148
002209.XSHE,2023-07-18,0.030000000000001137
300095.XSHE,2023-07-18,0.5
688313.XSHG,2023-07-18,0.10999999999999943
600886.XSHG,2023-07-18,5.560000000000059
600595.XSHG,2023-07-18,-0.3200000000000003
600010.XSHG,2023-07-18,0.0
002003.XSHE,2023-07-18,-0.4900000000000091
300322.XSHE,2023-07-18,0.7999999999999972
300709.XSHE,2023-07-18,-1.9300000000000068
300586.XSHE,2023-07-18,-0.13000000000000966
002106.XSHE,2023-07-18,-0.2600000000000051
300393.XSHE,2023-07-18,0.5
600884.XSHG,2023-07-18,0.0
300654.XSHE,2023-07-18,1.5899999999999963
002980.XSHE,2023-07-18,-0.20000000000000284
600815.XSHG,2023-07-18,0.0
002692.XSHE,2023-07-18,0.0
300857.XSHE,2023-07-18,0.8100000000000023
688261.XSHG,2023-07-18,1.6100000000000136
300566.XSHE,2023-07-18,0.5700000000000003
002803.XSHE,2023-07-18,1.0300000000000011
002630.XSHE,2023-07-18,0.05999999999999872
002424.XSHE,2023-07-18,1.6199999999999903
300510.XSHE,2023-07-18,0.5600000000000023
301360.XSHE,2023-07-18,-1.25
601816.XSHG,2023-07-18,-0.02999999999999936
300463.XSHE,2023-07-18,-0.5499999999999972
688393.XSHG,2023-07-18,-0.09999999999999787
000725.XSHE,2023-07-18,0.16000000000000014
688105.XSHG,2023-07-18,0.0799999999999983
300532.XSHE,2023-07-18,1.289999999999992
603609.XSHG,2023-07-18,-0.05000000000000071
002800.XSHE,2023-07-18,-0.010000000000001563
300872.XSHE,2023-07-18,0.20000000000000284
600216.XSHG,2023-07-18,0.2599999999999909
603015.XSHG,2023-07-18,-0.3299999999999983
301212.XSHE,2023-07-18,-0.5600000000000023
002635.XSHE,2023-07-18,-0.20000000000000284
002624.XSHE,2023-07-18,1.0
002326.XSHE,2023-07-18,0.75
002583.XSHE,2023-07-18,0.5600000000000023
301211.XSHE,2023-07-18,0.35999999999999943
603073.XSHG,2023-07-18,-0.1999999999999993
002278.XSHE,2023-07-18,-0.05000000000000071
605336.XSHG,2023-07-18,-0.5300000000000011
002123.XSHE,2023-07-18,0.37000000000000455
300353.XSHE,2023-07-18,1.3100000000000023
300148.XSHE,2023-07-18,0.759999999999998
600905.XSHG,2023-07-18,0.03000000000000025
300540.XSHE,2023-07-18,-0.4199999999999946
301041.XSHE,2023-07-18,0.5699999999999932
600594.XSHG,2023-07-18,2.700000000000003
300168.XSHE,2023-07-18,1.3199999999999932
002413.XSHE,2023-07-18,-1.4899999999999984
002474.XSHE,2023-07-18,3.450000000000003
605183.XSHG,2023-07-18,-0.21000000000000085
000600.XSHE,2023-07-18,1.6700000000000017
300016.XSHE,2023-07-18,0.0799999999999983
002022.XSHE,2023-07-18,0.9300000000000068
300805.XSHE,2023-07-18,0.21000000000000085
688099.XSHG,2023-07-18,1.5499999999999972
002713.XSHE,2023-07-18,-0.03999999999999915
300816.XSHE,2023-07-18,-0.6799999999999997
600171.XSHG,2023-07-18,-0.1700000000000017
300541.XSHE,2023-07-18,0.6600000000000037
002498.XSHE,2023-07-18,0.0799999999999983
300897.XSHE,2023-07-18,0.44000000000000483
300568.XSHE,2023-07-18,-0.06999999999999318
600435.XSHG,2023-07-18,-0.539999999999992
600764.XSHG,2023-07-18,-0.7600000000000193
002176.XSHE,2023-07-18,0.9099999999999966
301232.XSHE,2023-07-18,0.730000000000004
300925.XSHE,2023-07-18,0.75
688305.XSHG,2023-07-18,2.9200000000000017
002211.XSHE,2023-07-18,0.2599999999999998
603225.XSHG,2023-07-18,-0.17999999999999972
002342.XSHE,2023-07-18,-0.02000000000000135
300669.XSHE,2023-07-18,0.060000000000002274
000998.XSHE,2023-07-18,0.7800000000000011
600967.XSHG,2023-07-18,-1.5399999999999991
301376.XSHE,2023-07-18,-0.08999999999999986
002916.XSHE,2023-07-18,-1.0100000000000193
601138.XSHG,2023-07-18,0.6000000000000014
002083.XSHE,2023-07-18,-0.09999999999999964
603567.XSHG,2023-07-18,1.1199999999999974
300311.XSHE,2023-07-18,1.3200000000000003
601568.XSHG,2023-07-18,-0.020000000000000462
301056.XSHE,2023-07-18,0.009999999999999787
689009.XSHG,2023-07-18,-0.10999999999999943
300892.XSHE,2023-07-18,-0.09999999999999787
688021.XSHG,2023-07-18,-0.6300000000000026
603038.XSHG,2023-07-18,0.0
603078.XSHG,2023-07-18,-0.20999999999999375
688153.XSHG,2023-07-18,-0.5200000000000102
300685.XSHE,2023-07-18,0.0
688506.XSHG,2023-07-18,0.14000000000000057
002028.XSHE,2023-07-18,2.4300000000000637
002354.XSHE,2023-07-18,0.34999999999999787
300860.XSHE,2023-07-18,0.19000000000001194
600917.XSHG,2023-07-18,-0.020000000000000462
000812.XSHE,2023-07-18,0.28999999999999915
300563.XSHE,2023-07-18,0.14000000000000057
000831.XSHE,2023-07-18,-0.12999999999999545
600202.XSHG,2023-07-18,0.33999999999999986
301397.XSHE,2023-07-18,1.4299999999999997
605389.XSHG,2023-07-18,0.269999999999996
300035.XSHE,2023-07-18,-0.5999999999999943
300419.XSHE,2023-07-18,1.4699999999999989
600992.XSHG,2023-07-18,-0.07000000000000028
688119.XSHG,2023-07-18,-0.019999999999999574
688198.XSHG,2023-07-18,0.6499999999999773
300127.XSHE,2023-07-18,-3.019999999999996
688091.XSHG,2023-07-18,-0.1700000000000017
300687.XSHE,2023-07-18,2.759999999999991
002079.XSHE,2023-07-18,-0.4399999999999977
000983.XSHE,2023-07-18,0.5300000000000011
688131.XSHG,2023-07-18,0.4200000000000017
688359.XSHG,2023-07-18,0.25
603917.XSHG,2023-07-18,-1.2300000000000004
688296.XSHG,2023-07-18,0.5700000000000003
002116.XSHE,2023-07-18,2.0800000000000054
001324.XSHE,2023-07-18,-0.3000000000000007
300472.XSHE,2023-07-18,0.3200000000000003
688165.XSHG,2023-07-18,0.17999999999999972
300255.XSHE,2023-07-18,0.0
301098.XSHE,2023-07-18,-0.030000000000001137
002423.XSHE,2023-07-18,0.030000000000001137
002108.XSHE,2023-07-18,-0.8900000000000006
688247.XSHG,2023-07-18,0.16000000000000014
600674.XSHG,2023-07-18,0.660000000000025
300531.XSHE,2023-07-18,0.3200000000000003
002968.XSHE,2023-07-18,-0.030000000000001137
600029.XSHG,2023-07-18,-0.3100000000000005
002051.XSHE,2023-07-18,-0.05000000000000426
000762.XSHE,2023-07-18,2.430000000000007
603688.XSHG,2023-07-18,3.039999999999992
601199.XSHG,2023-07-18,0.08999999999999986
002550.XSHE,2023-07-18,0.0
300567.XSHE,2023-07-18,1.990000000000009
600530.XSHG,2023-07-18,-0.2599999999999998
300120.XSHE,2023-07-18,-0.5199999999999996
002380.XSHE,2023-07-18,2.719999999999999
300633.XSHE,2023-07-18,0.8500000000000014
301398.XSHE,2023-07-18,-14.779999999999994
000850.XSHE,2023-07-18,-0.38000000000000256
000411.XSHE,2023-07-18,-0.6700000000000017
300013.XSHE,2023-07-18,-0.10000000000000142
300253.XSHE,2023-07-18,2.1200000000000045
600378.XSHG,2023-07-18,1.1799999999999784
688217.XSHG,2023-07-18,-0.13000000000000256
002958.XSHE,2023-07-18,-0.009999999999999787
688222.XSHG,2023-07-18,-0.05000000000000071
601928.XSHG,2023-07-18,0.33000000000000007
600051.XSHG,2023-07-18,0.0
600491.XSHG,2023-07-18,-2.299999999999997
688251.XSHG,2023-07-18,-0.370000000000001
688370.XSHG,2023-07-18,0.21000000000000085
002493.XSHE,2023-07-18,-0.1599999999999966
301282.XSHE,2023-07-18,0.4299999999999997
000957.XSHE,2023-07-18,0.04999999999999716
002080.XSHE,2023-07-18,0.37000000000000455
002202.XSHE,2023-07-18,-0.4900000000000091
002697.XSHE,2023-07-18,0.0
603189.XSHG,2023-07-18,0.2900000000000009
603680.XSHG,2023-07-18,-0.21000000000000085
688016.XSHG,2023-07-18,-0.3499999999999943
301015.XSHE,2023-07-18,-0.13000000000000256
300799.XSHE,2023-07-18,10.480000000000018
300070.XSHE,2023-07-18,0.75
300911.XSHE,2023-07-18,-0.3200000000000003
001207.XSHE,2023-07-18,-0.5399999999999991
600793.XSHG,2023-07-18,-0.39000000000000057
600483.XSHG,2023-07-18,0.46000000000000085
600831.XSHG,2023-07-18,0.5200000000000031
600295.XSHG,2023-07-18,-0.6800000000000068
688084.XSHG,2023-07-18,0.0799999999999983
002235.XSHE,2023-07-18,0.35999999999999943
300847.XSHE,2023-07-18,-0.129999999999999
600518.XSHG,2023-07-18,0.0
688248.XSHG,2023-07-18,1.4199999999999946
688608.XSHG,2023-07-18,-0.7600000000000193
000612.XSHE,2023-07-18,-0.09999999999999432
300562.XSHE,2023-07-18,-0.030000000000001137
688011.XSHG,2023-07-18,-0.03999999999999915
688285.XSHG,2023-07-18,0.08000000000000007
603366.XSHG,2023-07-18,0.15000000000000036
002458.XSHE,2023-07-18,-4.890000000000001
002643.XSHE,2023-07-18,-3.200000000000003
605086.XSHG,2023-07-18,-0.129999999999999
300071.XSHE,2023-07-18,1.1099999999999994
300341.XSHE,2023-07-18,-0.1699999999999946
603233.XSHG,2023-07-18,0.28999999999999204
300281.XSHE,2023-07-18,0.13000000000000256
300680.XSHE,2023-07-18,0.6199999999999974
000333.XSHE,2023-07-18,3.3899999999999864
600222.XSHG,2023-07-18,0.129999999999999
000665.XSHE,2023-07-18,0.17999999999999972
300880.XSHE,2023-07-18,3.049999999999997
600874.XSHG,2023-07-18,0.03999999999999915
002726.XSHE,2023-07-18,0.28000000000000114
600420.XSHG,2023-07-18,0.5600000000000023
002036.XSHE,2023-07-18,-1.7000000000000028
601163.XSHG,2023-07-18,-0.46000000000000085
000726.XSHE,2023-07-18,0.0
002383.XSHE,2023-07-18,0.529999999999994
300875.XSHE,2023-07-18,0.8200000000000003
600476.XSHG,2023-07-18,0.1599999999999966
601228.XSHG,2023-07-18,0.010000000000000231
002172.XSHE,2023-07-18,-0.05999999999999872
300987.XSHE,2023-07-18,0.41000000000000014
603628.XSHG,2023-07-18,0.00999999999999801
688057.XSHG,2023-07-18,-0.060000000000002274
001333.XSHE,2023-07-18,-0.16000000000000014
688147.XSHG,2023-07-18,2.0400000000000063
688270.XSHG,2023-07-18,1.7099999999999937
688779.XSHG,2023-07-18,-0.049999999999998934
301278.XSHE,2023-07-18,1.759999999999991
603429.XSHG,2023-07-18,-4.700000000000003
600859.XSHG,2023-07-18,-0.9499999999999886
301323.XSHE,2023-07-18,1.2199999999999989
300493.XSHE,2023-07-18,-1.7899999999999991
603289.XSHG,2023-07-18,-0.2599999999999998
600193.XSHG,2023-07-18,0.2600000000000051
600346.XSHG,2023-07-18,0.539999999999992
300986.XSHE,2023-07-18,-1.1500000000000057
002384.XSHE,2023-07-18,-4.319999999999993
000833.XSHE,2023-07-18,0.08999999999999986
600739.XSHG,2023-07-18,-4.089999999999975
600751.XSHG,2023-07-18,-0.19000000000000128
605090.XSHG,2023-07-18,-0.18999999999999773
300365.XSHE,2023-07-18,1.5600000000000023
688609.XSHG,2023-07-18,0.1899999999999995
600866.XSHG,2023-07-18,-0.14000000000000057
300293.XSHE,2023-07-18,-0.480000000000004
301170.XSHE,2023-07-18,-0.45000000000000284
002809.XSHE,2023-07-18,-0.08000000000000185
000955.XSHE,2023-07-18,-0.11999999999999922
600893.XSHG,2023-07-18,-1.0299999999999727
600301.XSHG,2023-07-18,0.019999999999999574
688737.XSHG,2023-07-18,0.21999999999999886
002566.XSHE,2023-07-18,0.16000000000000014
601727.XSHG,2023-07-18,0.0
300498.XSHE,2023-07-18,0.4200000000000017
600853.XSHG,2023-07-18,-0.05999999999999872
002614.XSHE,2023-07-18,-0.21000000000000085
300318.XSHE,2023-07-18,0.0
300738.XSHE,2023-07-18,1.5699999999999932
301055.XSHE,2023-07-18,-0.13000000000000078
603598.XSHG,2023-07-18,0.16000000000000014
301013.XSHE,2023-07-18,0.23999999999999844
000703.XSHE,2023-07-18,-0.6799999999999926
688035.XSHG,2023-07-18,0.5400000000000063
603818.XSHG,2023-07-18,-0.16000000000000014
600159.XSHG,2023-07-18,0.0
300279.XSHE,2023-07-18,0.060000000000002274
601328.XSHG,2023-07-18,0.07000000000000028
300581.XSHE,2023-07-18,-1.1799999999999926
688227.XSHG,2023-07-18,0.3099999999999987
600962.XSHG,2023-07-18,-0.10000000000000142
001331.XSHE,2023-07-18,0.21999999999999886
300319.XSHE,2023-07-18,-1.6799999999999926
605398.XSHG,2023-07-18,1.5
300436.XSHE,2023-07-18,0.6299999999999955
300464.XSHE,2023-07-18,0.22999999999999687
300084.XSHE,2023-07-18,-0.2700000000000031
002651.XSHE,2023-07-18,-0.21999999999999886
002163.XSHE,2023-07-18,-0.0899999999999963
688496.XSHG,2023-07-18,0.10000000000000142
300716.XSHE,2023-07-18,0.22999999999999687
600285.XSHG,2023-07-18,1.6099999999999994
002869.XSHE,2023-07-18,0.509999999999998
002920.XSHE,2023-07-18,-5.2099999999999795
601166.XSHG,2023-07-18,0.25
002542.XSHE,2023-07-18,0.19000000000000483
300153.XSHE,2023-07-18,0.0
001282.XSHE,2023-07-18,-0.3299999999999983
688443.XSHG,2023-07-18,0.5500000000000007
002752.XSHE,2023-07-18,-0.040000000000000924
000573.XSHE,2023-07-18,-0.1700000000000017
002887.XSHE,2023-07-18,0.03999999999999915
603268.XSHG,2023-07-18,0.07000000000000028
301169.XSHE,2023-07-18,0.8000000000000043
002288.XSHE,2023-07-18,-0.22999999999999687
000736.XSHE,2023-07-18,-0.46000000000000085
600533.XSHG,2023-07-18,-0.29999999999999716
603948.XSHG,2023-07-18,-2.5100000000000016
605289.XSHG,2023-07-18,2.3900000000000006
002378.XSHE,2023-07-18,-0.16999999999999815
601658.XSHG,2023-07-18,0.019999999999999574
002649.XSHE,2023-07-18,2.019999999999996
300041.XSHE,2023-07-18,0.7199999999999989
301060.XSHE,2023-07-18,0.5
000571.XSHE,2023-07-18,0.46999999999999886
603590.XSHG,2023-07-18,-0.28999999999999915
600106.XSHG,2023-07-18,-0.0799999999999983
002937.XSHE,2023-07-18,-0.3399999999999963
002421.XSHE,2023-07-18,0.5600000000000094
300913.XSHE,2023-07-18,2.5700000000000074
301087.XSHE,2023-07-18,-0.6999999999999957
300850.XSHE,2023-07-18,1.7399999999999949
002919.XSHE,2023-07-18,0.6800000000000068
300150.XSHE,2023-07-18,0.08999999999999986
601686.XSHG,2023-07-18,-0.05000000000000071
603825.XSHG,2023-07-18,0.39000000000000057
001222.XSHE,2023-07-18,-0.05999999999999872
002347.XSHE,2023-07-18,1.0199999999999996
300910.XSHE,2023-07-18,-7.219999999999999
600176.XSHG,2023-07-18,-0.5600000000000023
002321.XSHE,2023-07-18,-0.0600000000000005
300269.XSHE,2023-07-18,0.08000000000000007
300236.XSHE,2023-07-18,2.180000000000007
300856.XSHE,2023-07-18,2.2099999999999937
300346.XSHE,2023-07-18,-2.5500000000000114
300736.XSHE,2023-07-18,-0.2699999999999996
300879.XSHE,2023-07-18,0.3200000000000003
301168.XSHE,2023-07-18,0.3999999999999986
300607.XSHE,2023-07-18,0.9200000000000017
603801.XSHG,2023-07-18,-4.029999999999994
300638.XSHE,2023-07-18,5.100000000000023
600456.XSHG,2023-07-18,-0.5799999999999983
601156.XSHG,2023-07-18,-0.009999999999999787
000917.XSHE,2023-07-18,1.6700000000000017
000603.XSHE,2023-07-18,1.2800000000000011
002791.XSHE,2023-07-18,-1.1200000000000045
300416.XSHE,2023-07-18,-3.420000000000016
002515.XSHE,2023-07-18,0.4399999999999977
300379.XSHE,2023-07-18,1.2999999999999972
600587.XSHG,2023-07-18,4.52000000000001
300748.XSHE,2023-07-18,-1.0300000000000011
600299.XSHG,2023-07-18,-0.25
601618.XSHG,2023-07-18,0.04999999999999982
301181.XSHE,2023-07-18,-2.039999999999999
688032.XSHG,2023-07-18,-4.220000000000027
002847.XSHE,2023-07-18,-0.5199999999999818
603665.XSHG,2023-07-18,-0.060000000000002274
300074.XSHE,2023-07-18,0.5399999999999991
600807.XSHG,2023-07-18,-0.13999999999999702
688004.XSHG,2023-07-18,1.3000000000000043
301428.XSHE,2023-07-18,-0.28999999999999915
301285.XSHE,2023-07-18,-0.6199999999999992
603255.XSHG,2023-07-18,0.3100000000000023
600526.XSHG,2023-07-18,0.03999999999999915
688297.XSHG,2023-07-18,0.0
002882.XSHE,2023-07-18,-0.21999999999999886
603950.XSHG,2023-07-18,-0.379999999999999
300182.XSHE,2023-07-18,4.930000000000007
688366.XSHG,2023-07-18,0.23000000000000398
301052.XSHE,2023-07-18,0.740000000000002
603800.XSHG,2023-07-18,-1.6300000000000026
300575.XSHE,2023-07-18,-0.8500000000000085
600560.XSHG,2023-07-18,0.4199999999999875
603333.XSHG,2023-07-18,0.02999999999999936
300610.XSHE,2023-07-18,-0.46000000000000085
301040.XSHE,2023-07-18,-0.010000000000001563
300351.XSHE,2023-07-18,1.6599999999999966
301093.XSHE,2023-07-18,-0.3999999999999986
603815.XSHG,2023-07-18,-0.040000000000000036
002667.XSHE,2023-07-18,0.8999999999999986
600509.XSHG,2023-07-18,0.0
603390.XSHG,2023-07-18,-0.0600000000000005
000638.XSHE,2023-07-18,-1.5
300031.XSHE,2023-07-18,2.319999999999993
688067.XSHG,2023-07-18,0.129999999999999
600511.XSHG,2023-07-18,2.009999999999991
000547.XSHE,2023-07-18,0.3400000000000034
688150.XSHG,2023-07-18,0.4400000000000013
300873.XSHE,2023-07-18,-0.3100000000000023
688629.XSHG,2023-07-18,1.0499999999999972
688271.XSHG,2023-07-18,-0.4000000000000057
688109.XSHG,2023-07-18,1.4299999999999997
000788.XSHE,2023-07-18,0.10999999999999943
300998.XSHE,2023-07-18,0.31999999999999673
600197.XSHG,2023-07-18,0.20000000000000284
603755.XSHG,2023-07-18,0.20000000000000284
601188.XSHG,2023-07-18,-0.08000000000000007
603583.XSHG,2023-07-18,1.3500000000000014
300663.XSHE,2023-07-18,0.5700000000000003
300637.XSHE,2023-07-18,0.08000000000000007
688093.XSHG,2023-07-18,0.03999999999999915
600760.XSHG,2023-07-18,-2.259999999999991
688356.XSHG,2023-07-18,1.2800000000000011
301150.XSHE,2023-07-18,0.0
600388.XSHG,2023-07-18,7.5
000707.XSHE,2023-07-18,-0.4200000000000017
000948.XSHE,2023-07-18,0.5799999999999983
300018.XSHE,2023-07-18,0.07000000000000028
300676.XSHE,2023-07-18,-0.35999999999999943
000590.XSHE,2023-07-18,0.10000000000000142
300932.XSHE,2023-07-18,-0.6499999999999986
301031.XSHE,2023-07-18,-0.7800000000000011
600351.XSHG,2023-07-18,0.21999999999999886
301192.XSHE,2023-07-18,0.09999999999999787
002073.XSHE,2023-07-18,-1.2100000000000009
600798.XSHG,2023-07-18,-0.16999999999999815
601233.XSHG,2023-07-18,-0.4099999999999966
600711.XSHG,2023-07-18,-0.6000000000000014
688448.XSHG,2023-07-18,0.019999999999999574
601696.XSHG,2023-07-18,0.0
600858.XSHG,2023-07-18,-0.6300000000000026
002544.XSHE,2023-07-18,1.2299999999999898
002829.XSHE,2023-07-18,0.6899999999999977
300221.XSHE,2023-07-18,0.759999999999998
002793.XSHE,2023-07-18,0.0400000000000027
002622.XSHE,2023-07-18,-0.11999999999999744
300893.XSHE,2023-07-18,-0.22999999999999687
001380.XSHE,2023-07-18,0.21000000000000085
603660.XSHG,2023-07-18,0.16000000000000014
688498.XSHG,2023-07-18,1.6899999999999977
002308.XSHE,2023-07-18,-0.2099999999999973
300069.XSHE,2023-07-18,-0.490000000000002
603190.XSHG,2023-07-18,-0.39000000000000057
688383.XSHG,2023-07-18,-0.27000000000001023
000688.XSHE,2023-07-18,0.3500000000000085
000750.XSHE,2023-07-18,-0.14000000000000057
600779.XSHG,2023-07-18,0.75
600461.XSHG,2023-07-18,-0.1599999999999966
688689.XSHG,2023-07-18,-0.0799999999999983
300413.XSHE,2023-07-18,0.8300000000000054
000963.XSHE,2023-07-18,-1.5400000000000773
688690.XSHG,2023-07-18,0.779999999999994
600206.XSHG,2023-07-18,0.22000000000000597
002742.XSHE,2023-07-18,-0.5199999999999996
000155.XSHE,2023-07-18,-0.08000000000000185
300997.XSHE,2023-07-18,0.049999999999998934
002801.XSHE,2023-07-18,0.9500000000000028
603607.XSHG,2023-07-18,-0.2900000000000027
300693.XSHE,2023-07-18,3.6299999999999955
002572.XSHE,2023-07-18,-4.230000000000018
301260.XSHE,2023-07-18,0.03999999999999915
601333.XSHG,2023-07-18,-0.08000000000000007
603595.XSHG,2023-07-18,-0.9699999999999989
300953.XSHE,2023-07-18,-0.4000000000000057
601101.XSHG,2023-07-18,0.0
300942.XSHE,2023-07-18,0.17999999999999972
603238.XSHG,2023-07-18,0.08000000000000185
601238.XSHG,2023-07-18,-0.509999999999998
002469.XSHE,2023-07-18,-0.17999999999999972
002304.XSHE,2023-07-18,7.409999999999968
688387.XSHG,2023-07-18,0.46999999999999975
600475.XSHG,2023-07-18,-0.6799999999999997
300208.XSHE,2023-07-18,0.0
001270.XSHE,2023-07-18,-1.3500000000000227
300845.XSHE,2023-07-18,0.4299999999999997
600778.XSHG,2023-07-18,-1.4699999999999989
601599.XSHG,2023-07-18,0.23000000000000043
300383.XSHE,2023-07-18,2.240000000000009
600603.XSHG,2023-07-18,-1.849999999999909
300549.XSHE,2023-07-18,0.8100000000000023
000756.XSHE,2023-07-18,0.9400000000000048
000563.XSHE,2023-07-18,0.0
300305.XSHE,2023-07-18,-0.35999999999999943
002217.XSHE,2023-07-18,0.8599999999999994
301033.XSHE,2023-07-18,0.8200000000000003
300960.XSHE,2023-07-18,0.07000000000000028
300378.XSHE,2023-07-18,0.6299999999999955
300715.XSHE,2023-07-18,0.20000000000000284
300316.XSHE,2023-07-18,15.199999999999932
300643.XSHE,2023-07-18,-0.9800000000000004
600123.XSHG,2023-07-18,0.23999999999999488
002048.XSHE,2023-07-18,-1.5699999999999932
603087.XSHG,2023-07-18,-2.789999999999999
603108.XSHG,2023-07-18,2.190000000000012
601006.XSHG,2023-07-18,-0.21000000000000085
600664.XSHG,2023-07-18,-0.10000000000000142
000892.XSHE,2023-07-18,0.3699999999999992
600373.XSHG,2023-07-18,1.769999999999996
002932.XSHE,2023-07-18,-0.37000000000000455
300094.XSHE,2023-07-18,0.0
002596.XSHE,2023-07-18,-0.20000000000000107
603733.XSHG,2023-07-18,-0.4499999999999993
000975.XSHE,2023-07-18,-0.6399999999999864
001300.XSHE,2023-07-18,-0.11999999999999922
000803.XSHE,2023-07-18,1.5900000000000034
300990.XSHE,2023-07-18,1.170000000000016
603367.XSHG,2023-07-18,0.16000000000000014
300025.XSHE,2023-07-18,2.460000000000008
001337.XSHE,2023-07-18,0.259999999999998
002318.XSHE,2023-07-18,0.6100000000000136
688300.XSHG,2023-07-18,11.679999999999993
600496.XSHG,2023-07-18,0.0
000566.XSHE,2023-07-18,0.7000000000000028
600761.XSHG,2023-07-18,-0.3299999999999841
603968.XSHG,2023-07-18,-0.1700000000000017
600358.XSHG,2023-07-18,0.25
002190.XSHE,2023-07-18,-1.0399999999999991
600130.XSHG,2023-07-18,0.35999999999999943
301306.XSHE,2023-07-18,-2.539999999999999
688183.XSHG,2023-07-18,0.11999999999999922
300691.XSHE,2023-07-18,0.45000000000000284
688058.XSHG,2023-07-18,0.4200000000000017
301305.XSHE,2023-07-18,0.28999999999999915
688047.XSHG,2023-07-18,0.5900000000000034
300360.XSHE,2023-07-18,2.8900000000000006
300721.XSHE,2023-07-18,-1.0300000000000047
002259.XSHE,2023-07-18,0.02999999999999936
605155.XSHG,2023-07-18,-0.17999999999999972
688519.XSHG,2023-07-18,0.030000000000001137
002287.XSHE,2023-07-18,0.12999999999999545
603578.XSHG,2023-07-18,-0.14000000000000057
600593.XSHG,2023-07-18,0.46000000000000085
688472.XSHG,2023-07-18,0.11000000000000298
688018.XSHG,2023-07-18,-0.789999999999992
301113.XSHE,2023-07-18,-0.35999999999999943
300124.XSHE,2023-07-18,13.510000000000218
300791.XSHE,2023-07-18,-0.5600000000000023
300280.XSHE,2023-07-18,0.05999999999999517
300376.XSHE,2023-07-18,0.700000000000017
600715.XSHG,2023-07-18,0.120000000000001
600756.XSHG,2023-07-18,1.4200000000000017
688191.XSHG,2023-07-18,0.379999999999999
600569.XSHG,2023-07-18,0.0
002121.XSHE,2023-07-18,2.0200000000000102
000837.XSHE,2023-07-18,0.37000000000000455
002408.XSHE,2023-07-18,-0.7899999999999991
600037.XSHG,2023-07-18,0.5
002997.XSHE,2023-07-18,-2.039999999999999
000519.XSHE,2023-07-18,-0.5800000000000125
000560.XSHE,2023-07-18,0.09999999999999964
002842.XSHE,2023-07-18,-0.060000000000002274
300099.XSHE,2023-07-18,0.0
300123.XSHE,2023-07-18,-1.3900000000000006
300852.XSHE,2023-07-18,-3.1700000000000017
603113.XSHG,2023-07-18,-0.05000000000000071
002893.XSHE,2023-07-18,-0.5399999999999991
605258.XSHG,2023-07-18,-0.6999999999999993
300547.XSHE,2023-07-18,-1.0499999999999972
300027.XSHE,2023-07-18,0.6000000000000014
301073.XSHE,2023-07-18,3.6099999999999994
603002.XSHG,2023-07-18,0.3800000000000008
002388.XSHE,2023-07-18,0.03999999999999915
002059.XSHE,2023-07-18,0.27999999999999936
300486.XSHE,2023-07-18,-0.33999999999999986
603280.XSHG,2023-07-18,-0.35999999999999943
000629.XSHE,2023-07-18,-0.16000000000000014
300019.XSHE,2023-07-18,-1.0600000000000165
002796.XSHE,2023-07-18,0.5500000000000007
300523.XSHE,2023-07-18,1.2000000000000028
301063.XSHE,2023-07-18,-0.05999999999999872
301160.XSHE,2023-07-18,-0.18999999999999773
600804.XSHG,2023-07-18,0.0
002690.XSHE,2023-07-18,1.6000000000000227
688023.XSHG,2023-07-18,2.030000000000001
600261.XSHG,2023-07-18,-0.9099999999999966
002900.XSHE,2023-07-18,0.030000000000001137
000681.XSHE,2023-07-18,2.75
002970.XSHE,2023-07-18,1.0499999999999972
001316.XSHE,2023-07-18,-0.1700000000000017
688192.XSHG,2023-07-18,-0.5399999999999991
600114.XSHG,2023-07-18,-3.0799999999999983
688426.XSHG,2023-07-18,-0.1700000000000017
000045.XSHE,2023-07-18,0.21000000000000085
600063.XSHG,2023-07-18,-0.5799999999999983
002969.XSHE,2023-07-18,-0.0600000000000005
603977.XSHG,2023-07-18,-0.33000000000000185
600673.XSHG,2023-07-18,1.4000000000000057
600338.XSHG,2023-07-18,-0.19000000000000483
600383.XSHG,2023-07-18,-0.9300000000000068
603106.XSHG,2023-07-18,0.09999999999999964
603779.XSHG,2023-07-18,0.20000000000000107
603500.XSHG,2023-07-18,-0.3000000000000007
300749.XSHE,2023-07-18,-0.41000000000000014
002557.XSHE,2023-07-18,1.5
002169.XSHE,2023-07-18,0.46999999999999886
600686.XSHG,2023-07-18,-3.069999999999993
603738.XSHG,2023-07-18,1.519999999999996
688069.XSHG,2023-07-18,0.1599999999999966
600584.XSHG,2023-07-18,-1.2199999999999989
603028.XSHG,2023-07-18,0.03999999999999915
300753.XSHE,2023-07-18,0.5500000000000007
301230.XSHE,2023-07-18,6.510000000000005
603535.XSHG,2023-07-18,-0.7899999999999991
600419.XSHG,2023-07-18,0.9200000000000017
603629.XSHG,2023-07-18,-0.10000000000000142
688078.XSHG,2023-07-18,0.3999999999999986
002270.XSHE,2023-07-18,-0.7399999999999984
002747.XSHE,2023-07-18,3.3499999999999943
603132.XSHG,2023-07-18,-0.16999999999999993
000710.XSHE,2023-07-18,0.45000000000000284
600392.XSHG,2023-07-18,-0.5
300713.XSHE,2023-07-18,1.7800000000000011
002405.XSHE,2023-07-18,0.6400000000000006
300827.XSHE,2023-07-18,1.3500000000000227
601136.XSHG,2023-07-18,-0.5700000000000003
688789.XSHG,2023-07-18,-8.540000000000006
600446.XSHG,2023-07-18,3.6500000000000057
002836.XSHE,2023-07-18,-0.370000000000001
601177.XSHG,2023-07-18,0.15000000000000036
603773.XSHG,2023-07-18,1.470000000000006
002567.XSHE,2023-07-18,-0.5300000000000011
300768.XSHE,2023-07-18,0.8200000000000003
300439.XSHE,2023-07-18,-0.060000000000002274
603239.XSHG,2023-07-18,-2.299999999999997
002371.XSHE,2023-07-18,6.850000000000136
300125.XSHE,2023-07-18,-0.269999999999996
688087.XSHG,2023-07-18,0.05999999999999517
002005.XSHE,2023-07-18,0.5999999999999996
600892.XSHG,2023-07-18,0.5399999999999991
301216.XSHE,2023-07-18,0.3099999999999987
600108.XSHG,2023-07-18,-0.08999999999999986
000721.XSHE,2023-07-18,-0.37999999999999545
600970.XSHG,2023-07-18,-0.7099999999999795
300720.XSHE,2023-07-18,-0.3500000000000014
300358.XSHE,2023-07-18,0.6899999999999977
603033.XSHG,2023-07-18,-1.5499999999999972
301039.XSHE,2023-07-18,-0.17999999999999972
000656.XSHE,2023-07-18,0.22000000000000064
002282.XSHE,2023-07-18,0.019999999999999574
000597.XSHE,2023-07-18,0.05000000000000071
600228.XSHG,2023-07-18,0.5499999999999972
000953.XSHE,2023-07-18,-0.2400000000000002
002397.XSHE,2023-07-18,-0.13000000000000256
002902.XSHE,2023-07-18,1.0600000000000023
603489.XSHG,2023-07-18,0.9399999999999977
688201.XSHG,2023-07-18,2.8800000000000026
300719.XSHE,2023-07-18,-0.04999999999999716
301255.XSHE,2023-07-18,2.1200000000000045
600697.XSHG,2023-07-18,-0.18999999999999773
603331.XSHG,2023-07-18,0.0
688053.XSHG,2023-07-18,0.3500000000000014
300956.XSHE,2023-07-18,0.3200000000000003
605080.XSHG,2023-07-18,0.7100000000000009
002597.XSHE,2023-07-18,-1.3100000000000023
002565.XSHE,2023-07-18,-0.08000000000000185
002822.XSHE,2023-07-18,-0.08000000000000007
603110.XSHG,2023-07-18,-0.3200000000000003
600844.XSHG,2023-07-18,-0.21000000000000085
002292.XSHE,2023-07-18,2.6899999999999977
002593.XSHE,2023-07-18,-0.23000000000000043
603790.XSHG,2023-07-18,0.41000000000000014
605337.XSHG,2023-07-18,-0.10000000000000142
002315.XSHE,2023-07-18,1.6100000000000136
300107.XSHE,2023-07-18,-0.39000000000000057
605162.XSHG,2023-07-18,0.009999999999999787
603058.XSHG,2023-07-18,-0.1800000000000015
300059.XSHE,2023-07-18,-4.0499999999999545
002061.XSHE,2023-07-18,0.0600000000000005
300080.XSHE,2023-07-18,0.08000000000000007
001366.XSHE,2023-07-18,-0.20000000000000107
600032.XSHG,2023-07-18,0.1399999999999988
002733.XSHE,2023-07-18,-0.4299999999999997
000886.XSHE,2023-07-18,-0.10000000000000142
300761.XSHE,2023-07-18,-0.6200000000000045
600203.XSHG,2023-07-18,-0.07000000000000028
688209.XSHG,2023-07-18,0.120000000000001
002098.XSHE,2023-07-18,-0.11999999999999922
688787.XSHG,2023-07-18,2.700000000000003
301363.XSHE,2023-07-18,0.5
600186.XSHG,2023-07-18,-0.10999999999999766
002416.XSHE,2023-07-18,-0.030000000000001137
002455.XSHE,2023-07-18,-0.5100000000000051
002626.XSHE,2023-07-18,1.789999999999992
600988.XSHG,2023-07-18,-0.5499999999999972
002683.XSHE,2023-07-18,-0.3399999999999892
002216.XSHE,2023-07-18,0.589999999999975
600816.XSHG,2023-07-18,-0.9799999999999898
688260.XSHG,2023-07-18,0.26000000000000156
300777.XSHE,2023-07-18,0.21000000000000085
000617.XSHE,2023-07-18,0.5300000000000011
600801.XSHG,2023-07-18,-1.5800000000000125
002262.XSHE,2023-07-18,4.289999999999992
605189.XSHG,2023-07-18,-0.03999999999999915
000951.XSHE,2023-07-18,-0.8599999999999994
000830.XSHE,2023-07-18,-0.0799999999999983
600619.XSHG,2023-07-18,-1.7300000000000182
688179.XSHG,2023-07-18,-0.28000000000000114
002158.XSHE,2023-07-18,-0.960000000000008
000729.XSHE,2023-07-18,1.519999999999996
600579.XSHG,2023-07-18,-0.4299999999999997
603998.XSHG,2023-07-18,1.509999999999998
301102.XSHE,2023-07-18,2.219999999999999
600821.XSHG,2023-07-18,0.240000000000002
603079.XSHG,2023-07-18,-0.23999999999999844
600011.XSHG,2023-07-18,0.3500000000000014
688060.XSHG,2023-07-18,1.490000000000002
688046.XSHG,2023-07-18,-0.03999999999999915
688432.XSHG,2023-07-18,-0.16000000000000014
300756.XSHE,2023-07-18,1.3700000000000045
600179.XSHG,2023-07-18,-0.040000000000000036
000767.XSHE,2023-07-18,0.9799999999999969
603990.XSHG,2023-07-18,0.37000000000000455
688225.XSHG,2023-07-18,0.5899999999999999
603070.XSHG,2023-07-18,-1.1099999999999994
300048.XSHE,2023-07-18,0.0800000000000054
300400.XSHE,2023-07-18,-0.7199999999999989
603211.XSHG,2023-07-18,0.25
002903.XSHE,2023-07-18,0.75
002090.XSHE,2023-07-18,1.1699999999999875
301003.XSHE,2023-07-18,-0.2700000000000031
301231.XSHE,2023-07-18,1.0499999999999972
300476.XSHE,2023-07-18,1.5699999999999932
300993.XSHE,2023-07-18,-0.379999999999999
601888.XSHG,2023-07-18,3.1999999999999886
600734.XSHG,2023-07-18,0.19999999999999574
300401.XSHE,2023-07-18,-0.4199999999999946
600830.XSHG,2023-07-18,0.10999999999999943
002174.XSHE,2023-07-18,0.05999999999999517
300989.XSHE,2023-07-18,-0.25
002231.XSHE,2023-07-18,0.3099999999999987
301319.XSHE,2023-07-18,-1.220000000000006
002325.XSHE,2023-07-18,-0.34999999999999964
688538.XSHG,2023-07-18,-0.010000000000000231
600409.XSHG,2023-07-18,-0.4399999999999977
603045.XSHG,2023-07-18,0.6499999999999986
600125.XSHG,2023-07-18,-0.8699999999999903
300935.XSHE,2023-07-18,0.14000000000000057
002539.XSHE,2023-07-18,-0.5799999999999983
301167.XSHE,2023-07-18,0.08999999999999986
601601.XSHG,2023-07-18,0.9500000000000028
300405.XSHE,2023-07-18,-0.379999999999999
603032.XSHG,2023-07-18,0.07000000000000028
600608.XSHG,2023-07-18,1.0600000000000023
688308.XSHG,2023-07-18,0.490000000000002
301112.XSHE,2023-07-18,0.9600000000000009
300641.XSHE,2023-07-18,-0.009999999999999787
600769.XSHG,2023-07-18,-3.979999999999997
600846.XSHG,2023-07-18,-0.4399999999999977
002300.XSHE,2023-07-18,0.45999999999999375
600345.XSHG,2023-07-18,0.4399999999999977
600981.XSHG,2023-07-18,-0.21000000000000085
601929.XSHG,2023-07-18,0.040000000000000036
300678.XSHE,2023-07-18,5.659999999999997
603713.XSHG,2023-07-18,-0.45999999999999375
600615.XSHG,2023-07-18,-19.170000000000073
603093.XSHG,2023-07-18,-0.19000000000000128
000100.XSHE,2023-07-18,0.17999999999999972
601688.XSHG,2023-07-18,-0.08999999999999986
603230.XSHG,2023-07-18,0.16999999999999993
688668.XSHG,2023-07-18,3.049999999999997
002670.XSHE,2023-07-18,-0.04999999999999716
600753.XSHG,2023-07-18,-1.1700000000000017
603520.XSHG,2023-07-18,0.0
600170.XSHG,2023-07-18,0.0
002431.XSHE,2023-07-18,-0.1999999999999993
600985.XSHG,2023-07-18,0.6300000000000026
600558.XSHG,2023-07-18,0.07000000000000028
003019.XSHE,2023-07-18,0.10999999999999943
600105.XSHG,2023-07-18,2.430000000000007
601106.XSHG,2023-07-18,-0.010000000000000231
300746.XSHE,2023-07-18,0.08999999999999986
300600.XSHE,2023-07-18,0.35999999999999943
300626.XSHE,2023-07-18,-0.129999999999999
300800.XSHE,2023-07-18,1.2999999999999972
605318.XSHG,2023-07-18,-0.13000000000000078
300055.XSHE,2023-07-18,0.4799999999999969
002913.XSHE,2023-07-18,0.3199999999999932
301155.XSHE,2023-07-18,-0.20000000000000284
601111.XSHG,2023-07-18,-0.35999999999999943
605365.XSHG,2023-07-18,-0.040000000000000924
000157.XSHE,2023-07-18,-4.780000000000086
002082.XSHE,2023-07-18,-0.21000000000000085
300514.XSHE,2023-07-18,0.8900000000000006
601137.XSHG,2023-07-18,-0.46000000000000085
603992.XSHG,2023-07-18,0.0
300442.XSHE,2023-07-18,0.4299999999999997
002266.XSHE,2023-07-18,0.22999999999999687
002999.XSHE,2023-07-18,0.030000000000001137
002936.XSHE,2023-07-18,0.0
003020.XSHE,2023-07-18,1.8099999999999952
002273.XSHE,2023-07-18,1.1699999999999875
603076.XSHG,2023-07-18,-0.4000000000000057
000753.XSHE,2023-07-18,0.10999999999999943
300386.XSHE,2023-07-18,1.2199999999999989
600636.XSHG,2023-07-18,2.039999999999992
000533.XSHE,2023-07-18,-0.2699999999999996
600824.XSHG,2023-07-18,-1.3299999999999983
002884.XSHE,2023-07-18,0.04999999999999716
603777.XSHG,2023-07-18,0.019999999999999574
603626.XSHG,2023-07-18,-0.08999999999999986
300776.XSHE,2023-07-18,0.040000000000020464
300112.XSHE,2023-07-18,-0.8500000000000014
600563.XSHG,2023-07-18,1.8900000000000432
603227.XSHG,2023-07-18,-0.1999999999999993
600320.XSHG,2023-07-18,-1.240000000000002
003007.XSHE,2023-07-18,0.7700000000000031
600812.XSHG,2023-07-18,-0.05000000000000071
002244.XSHE,2023-07-18,-0.5799999999999983
300588.XSHE,2023-07-18,0.370000000000001
600592.XSHG,2023-07-18,-1.0300000000000011
002933.XSHE,2023-07-18,-0.26000000000000156
003042.XSHE,2023-07-18,0.10000000000000142
300778.XSHE,2023-07-18,0.5200000000000031
603982.XSHG,2023-07-18,-0.3800000000000008
002573.XSHE,2023-07-18,0.25
601019.XSHG,2023-07-18,0.11999999999999922
300529.XSHE,2023-07-18,0.8299999999999983
603716.XSHG,2023-07-18,0.17999999999999972
603766.XSHG,2023-07-18,-0.19000000000000128
002344.XSHE,2023-07-18,-0.21999999999999886
002119.XSHE,2023-07-18,-4.6299999999999955
002554.XSHE,2023-07-18,-0.07000000000000028
601698.XSHG,2023-07-18,0.5199999999999996
002736.XSHE,2023-07-18,0.0
688173.XSHG,2023-07-18,0.2900000000000027
300673.XSHE,2023-07-18,-0.04999999999999716
603558.XSHG,2023-07-18,-0.03999999999999915
002872.XSHE,2023-07-18,-0.030000000000001137
002931.XSHE,2023-07-18,-0.4200000000000017
300198.XSHE,2023-07-18,-0.3099999999999987
300116.XSHE,2023-07-18,-0.17999999999999972
600330.XSHG,2023-07-18,0.04999999999999716
002677.XSHE,2023-07-18,-0.269999999999996
605128.XSHG,2023-07-18,-0.75
600386.XSHG,2023-07-18,0.120000000000001
301408.XSHE,2023-07-18,-0.08999999999999986
603681.XSHG,2023-07-18,-0.25
300191.XSHE,2023-07-18,-0.21000000000000796
603300.XSHG,2023-07-18,0.05999999999999517
002728.XSHE,2023-07-18,0.8599999999999994
003010.XSHE,2023-07-18,0.09999999999999787
000517.XSHE,2023-07-18,-0.11999999999999744
300512.XSHE,2023-07-18,-0.030000000000001137
001219.XSHE,2023-07-18,-0.05000000000000426
000601.XSHE,2023-07-18,0.3400000000000034
002294.XSHE,2023-07-18,3.7099999999999795
301258.XSHE,2023-07-18,0.03999999999999915
001208.XSHE,2023-07-18,0.0
601598.XSHG,2023-07-18,0.0
688289.XSHG,2023-07-18,-0.13000000000000256
603585.XSHG,2023-07-18,-0.5300000000000011
000428.XSHE,2023-07-18,-0.12999999999999545
002015.XSHE,2023-07-18,0.7800000000000011
688012.XSHG,2023-07-18,1.0699999999999932
000425.XSHE,2023-07-18,0.46999999999997044
000023.XSHE,2023-07-18,-0.05000000000000071
002468.XSHE,2023-07-18,-0.5799999999999983
002091.XSHE,2023-07-18,-0.6799999999999997
002280.XSHE,2023-07-18,0.5399999999999991
603939.XSHG,2023-07-18,1.0699999999999932
300727.XSHE,2023-07-18,-0.6000000000000014
603206.XSHG,2023-07-18,0.28999999999999915
002995.XSHE,2023-07-18,5.420000000000002
300421.XSHE,2023-07-18,0.0799999999999983
603303.XSHG,2023-07-18,-0.28000000000000114
688367.XSHG,2023-07-18,-0.07000000000000028
000657.XSHE,2023-07-18,-0.5599999999999952
002898.XSHE,2023-07-18,0.009999999999999787
300040.XSHE,2023-07-18,0.17999999999999972
600200.XSHG,2023-07-18,0.3299999999999983
000932.XSHE,2023-07-18,-0.07000000000000028
603170.XSHG,2023-07-18,0.8599999999999994
603703.XSHG,2023-07-18,-0.5999999999999943
603603.XSHG,2023-07-18,0.0
300017.XSHE,2023-07-18,1.9099999999999966
600721.XSHG,2023-07-18,0.05000000000000071
603859.XSHG,2023-07-18,-0.3300000000000054
002334.XSHE,2023-07-18,3.819999999999993
002581.XSHE,2023-07-18,0.3999999999999986
301333.XSHE,2023-07-18,-0.75
601919.XSHG,2023-07-18,-0.28999999999999915
688257.XSHG,2023-07-18,0.20000000000000284
000883.XSHE,2023-07-18,0.16999999999999815
002372.XSHE,2023-07-18,-1.8599999999999852
600284.XSHG,2023-07-18,0.029999999999997584
600936.XSHG,2023-07-18,0.040000000000000036
300396.XSHE,2023-07-18,1.8300000000000125
600864.XSHG,2023-07-18,-0.10999999999999943
001259.XSHE,2023-07-18,-0.16000000000000014
000042.XSHE,2023-07-18,-0.269999999999996
603970.XSHG,2023-07-18,0.09000000000000341
603005.XSHG,2023-07-18,-2.6999999999999957
688348.XSHG,2023-07-18,3.0200000000000102
600562.XSHG,2023-07-18,-1.519999999999996
600387.XSHG,2023-07-18,0.02999999999999936
301061.XSHE,2023-07-18,-4.719999999999999
605188.XSHG,2023-07-18,-0.23000000000000043
688590.XSHG,2023-07-18,-0.8799999999999955
002850.XSHE,2023-07-18,1.960000000000008
002186.XSHE,2023-07-18,0.06999999999999673
688439.XSHG,2023-07-18,-2.549999999999997
000897.XSHE,2023-07-18,-0.5399999999999991
603883.XSHG,2023-07-18,0.0800000000000054
002193.XSHE,2023-07-18,-0.129999999999999
002185.XSHE,2023-07-18,-2.4200000000000017
300389.XSHE,2023-07-18,1.0
300289.XSHE,2023-07-18,-0.049999999999998934
001206.XSHE,2023-07-18,-0.21000000000000085
002159.XSHE,2023-07-18,0.360000000000003
002679.XSHE,2023-07-18,0.019999999999999574
300699.XSHE,2023-07-18,-1.2600000000000051
601777.XSHG,2023-07-18,-0.15000000000000036
688371.XSHG,2023-07-18,-0.16999999999999815
603819.XSHG,2023-07-18,-0.5200000000000031
002391.XSHE,2023-07-18,-0.29999999999999716
002835.XSHE,2023-07-18,1.019999999999996
002526.XSHE,2023-07-18,0.35999999999999943
600535.XSHG,2023-07-18,1.2700000000000102
301368.XSHE,2023-07-18,0.04999999999999716
002987.XSHE,2023-07-18,0.8599999999999994
600683.XSHG,2023-07-18,-0.19000000000000483
002506.XSHE,2023-07-18,-0.19000000000000128
603282.XSHG,2023-07-18,0.27999999999999403
605006.XSHG,2023-07-18,-0.129999999999999
688334.XSHG,2023-07-18,0.370000000000001
300087.XSHE,2023-07-18,4.3300000000000125
300456.XSHE,2023-07-18,-7.2099999999999795
300160.XSHE,2023-07-18,-2.1000000000000014
300384.XSHE,2023-07-18,-0.28999999999999204
300502.XSHE,2023-07-18,35.47000000000003
600851.XSHG,2023-07-18,-0.5900000000000034
601968.XSHG,2023-07-18,-0.040000000000000036
603393.XSHG,2023-07-18,-1.0
301308.XSHE,2023-07-18,3.25
601117.XSHG,2023-07-18,0.05000000000000071
688281.XSHG,2023-07-18,-4.509999999999991
600571.XSHG,2023-07-18,0.21999999999999886
000419.XSHE,2023-07-18,-0.8100000000000023
001226.XSHE,2023-07-18,0.0
301149.XSHE,2023-07-18,-0.08000000000000007
600623.XSHG,2023-07-18,-4.079999999999984
603569.XSHG,2023-07-18,0.4800000000000004
300968.XSHE,2023-07-18,-0.049999999999998934
601860.XSHG,2023-07-18,0.0
688515.XSHG,2023-07-18,-1.710000000000008
603000.XSHG,2023-07-18,9.400000000000006
300689.XSHE,2023-07-18,-0.6899999999999977
605222.XSHG,2023-07-18,0.07000000000000028
605060.XSHG,2023-07-18,0.07000000000000028
600080.XSHG,2023-07-18,-0.14999999999999858
603122.XSHG,2023-07-18,0.09999999999999964
000027.XSHE,2023-07-18,0.6999999999999886
002133.XSHE,2023-07-18,-0.1899999999999995
600382.XSHG,2023-07-18,0.060000000000002274
301265.XSHE,2023-07-18,0.07000000000000028
600361.XSHG,2023-07-18,-0.3299999999999983
300363.XSHE,2023-07-18,0.9099999999999966
000068.XSHE,2023-07-18,-0.1299999999999999
605178.XSHG,2023-07-18,0.21000000000000085
605298.XSHG,2023-07-18,-0.3000000000000007
000557.XSHE,2023-07-18,-0.25
002940.XSHE,2023-07-18,0.45000000000000284
000672.XSHE,2023-07-18,-0.9299999999999926
600794.XSHG,2023-07-18,-2.5400000000000063
002095.XSHE,2023-07-18,1.0700000000000074
688037.XSHG,2023-07-18,-0.4899999999999807
688767.XSHG,2023-07-18,0.0
600055.XSHG,2023-07-18,1.6299999999999955
002639.XSHE,2023-07-18,-0.8999999999999986
603586.XSHG,2023-07-18,-0.04999999999999716
600679.XSHG,2023-07-18,0.129999999999999
301213.XSHE,2023-07-18,-3.3999999999999986
002418.XSHE,2023-07-18,-0.14999999999999858
600796.XSHG,2023-07-18,-0.259999999999998
001266.XSHE,2023-07-18,0.2700000000000031
600827.XSHG,2023-07-18,-0.7000000000000028
600199.XSHG,2023-07-18,0.9000000000000057
300144.XSHE,2023-07-18,-0.3100000000000023
002472.XSHE,2023-07-18,-1.759999999999991
002588.XSHE,2023-07-18,-0.39000000000000057
000564.XSHE,2023-07-18,-0.5499999999999989
003006.XSHE,2023-07-18,0.3099999999999987
601778.XSHG,2023-07-18,0.05999999999999961
688212.XSHG,2023-07-18,0.6000000000000014
600271.XSHG,2023-07-18,4.019999999999982
600449.XSHG,2023-07-18,-0.04999999999999716
301068.XSHE,2023-07-18,0.990000000000002
002419.XSHE,2023-07-18,-0.03999999999999915
002170.XSHE,2023-07-18,-0.0799999999999983
600635.XSHG,2023-07-18,-6.580000000000041
002837.XSHE,2023-07-18,1.1099999999999852
003009.XSHE,2023-07-18,-0.21999999999999886
002301.XSHE,2023-07-18,0.5300000000000011
603328.XSHG,2023-07-18,0.28000000000000114
688126.XSHG,2023-07-18,-0.0400000000000027
688200.XSHG,2023-07-18,-12.620000000000005
300735.XSHE,2023-07-18,0.16000000000000014
600280.XSHG,2023-07-18,-0.5700000000000003
002947.XSHE,2023-07-18,-0.5700000000000003
002957.XSHE,2023-07-18,-0.07000000000000028
300560.XSHE,2023-07-18,0.9600000000000009
002198.XSHE,2023-07-18,-0.25
002797.XSHE,2023-07-18,0.0
300627.XSHE,2023-07-18,-1.6500000000000057
300489.XSHE,2023-07-18,-0.1799999999999926
300157.XSHE,2023-07-18,0.060000000000002274
301043.XSHE,2023-07-18,-0.22999999999999687
000009.XSHE,2023-07-18,1.1099999999999994
301019.XSHE,2023-07-18,-0.38999999999999346
600987.XSHG,2023-07-18,0.4200000000000017
003816.XSHE,2023-07-18,0.020000000000000018
301310.XSHE,2023-07-18,1.2199999999999989
600126.XSHG,2023-07-18,0.0
002052.XSHE,2023-07-18,-0.14000000000000057
300859.XSHE,2023-07-18,0.4799999999999969
300686.XSHE,2023-07-18,0.23000000000000043
000561.XSHE,2023-07-18,0.6699999999999982
301312.XSHE,2023-07-18,-5.150000000000006
600182.XSHG,2023-07-18,-0.5500000000000007
600262.XSHG,2023-07-18,-0.6099999999999994
603135.XSHG,2023-07-18,0.129999999999999
688620.XSHG,2023-07-18,-0.4200000000000017
000877.XSHE,2023-07-18,0.30999999999999517
600703.XSHG,2023-07-18,0.6299999999999955
601007.XSHG,2023-07-18,0.0
688163.XSHG,2023-07-18,-0.010000000000001563
300426.XSHE,2023-07-18,1.3100000000000023
600528.XSHG,2023-07-18,-0.03999999999999915
600650.XSHG,2023-07-18,-0.14000000000000057
603633.XSHG,2023-07-18,0.08000000000000185
600809.XSHG,2023-07-18,4.2199999999998
000836.XSHE,2023-07-18,0.18000000000000327
300029.XSHE,2023-07-18,0.08999999999999986
002560.XSHE,2023-07-18,0.30000000000000426
000682.XSHE,2023-07-18,-3.3700000000000045
300147.XSHE,2023-07-18,0.22000000000000242
300329.XSHE,2023-07-18,-0.08000000000000185
000507.XSHE,2023-07-18,0.0
000859.XSHE,2023-07-18,-0.33999999999999986
300307.XSHE,2023-07-18,-2.8000000000000007
300797.XSHE,2023-07-18,0.0
300915.XSHE,2023-07-18,-0.11999999999999744
000878.XSHE,2023-07-18,0.0
002558.XSHE,2023-07-18,1.9500000000000028
601579.XSHG,2023-07-18,-0.0600000000000005
002700.XSHE,2023-07-18,0.0
002461.XSHE,2023-07-18,-0.05000000000000071
600332.XSHG,2023-07-18,0.2600000000000051
603869.XSHG,2023-07-18,0.5500000000000007
600173.XSHG,2023-07-18,-0.10000000000000142
301157.XSHE,2023-07-18,1.3100000000000023
600517.XSHG,2023-07-18,-0.22000000000001307
601969.XSHG,2023-07-18,0.0
301086.XSHE,2023-07-18,1.5900000000000034
603555.XSHG,2023-07-18,-0.010000000000000009
002708.XSHE,2023-07-18,-0.6899999999999977
002727.XSHE,2023-07-18,0.39000000000000057
002616.XSHE,2023-07-18,0.8800000000000026
600653.XSHG,2023-07-18,-215.51000000000204
603697.XSHG,2023-07-18,-0.13000000000000078
603600.XSHG,2023-07-18,-0.5
688056.XSHG,2023-07-18,-0.3500000000000014
603232.XSHG,2023-07-18,0.990000000000002
600104.XSHG,2023-07-18,-1.2600000000000193
603112.XSHG,2023-07-18,-0.28999999999999915
605168.XSHG,2023-07-18,3.5900000000000034
688077.XSHG,2023-07-18,0.490000000000002
000962.XSHE,2023-07-18,-0.240000000000002
000410.XSHE,2023-07-18,0.120000000000001
000928.XSHE,2023-07-18,0.7100000000000009
603199.XSHG,2023-07-18,0.6300000000000026
600403.XSHG,2023-07-18,0.0
688798.XSHG,2023-07-18,-1.7900000000000063
688543.XSHG,2023-07-18,-0.8299999999999983
603696.XSHG,2023-07-18,0.22999999999999687
603176.XSHG,2023-07-18,0.0
300929.XSHE,2023-07-18,0.0
601963.XSHG,2023-07-18,0.019999999999999574
002810.XSHE,2023-07-18,-0.10999999999999943
002998.XSHE,2023-07-18,-0.11000000000000032
002243.XSHE,2023-07-18,-0.009999999999999787
600512.XSHG,2023-07-18,-0.13000000000000256
002471.XSHE,2023-07-18,0.0
603580.XSHG,2023-07-18,-0.5899999999999999
603989.XSHG,2023-07-18,-0.480000000000004
688320.XSHG,2023-07-18,0.8299999999999983
301205.XSHE,2023-07-18,15.699999999999989
603507.XSHG,2023-07-18,0.259999999999998
002353.XSHE,2023-07-18,-1.5999999999999943
688681.XSHG,2023-07-18,0.13999999999999702
300555.XSHE,2023-07-18,0.05000000000000071
001258.XSHE,2023-07-18,0.129999999999999
000906.XSHE,2023-07-18,-0.060000000000002274
000059.XSHE,2023-07-18,-0.019999999999999574
002177.XSHE,2023-07-18,0.7100000000000009
600157.XSHG,2023-07-18,0.5100000000000051
603529.XSHG,2023-07-18,-0.12999999999999545
688071.XSHG,2023-07-18,0.6599999999999966
002657.XSHE,2023-07-18,0.8400000000000034
000520.XSHE,2023-07-18,-0.4400000000000013
003013.XSHE,2023-07-18,-0.019999999999999574
300194.XSHE,2023-07-18,0.129999999999999
002753.XSHE,2023-07-18,-0.19000000000000128
600083.XSHG,2023-07-18,0.10000000000000053
601798.XSHG,2023-07-18,-0.05000000000000071
002160.XSHE,2023-07-18,-0.0600000000000005
688157.XSHG,2023-07-18,-0.9399999999999977
300042.XSHE,2023-07-18,1.8499999999999943
601339.XSHG,2023-07-18,-0.14999999999999858
002772.XSHE,2023-07-18,0.1999999999999993
603006.XSHG,2023-07-18,0.7600000000000016
601010.XSHG,2023-07-18,-0.3000000000000007
603928.XSHG,2023-07-18,0.02000000000000135
600984.XSHG,2023-07-18,-0.3800000000000008
688197.XSHG,2023-07-18,-0.30999999999999517
688581.XSHG,2023-07-18,1.8199999999999932
300573.XSHE,2023-07-18,-1.5900000000000034
600307.XSHG,2023-07-18,0.040000000000000036
601577.XSHG,2023-07-18,-0.07000000000000028
000062.XSHE,2023-07-18,-1.1600000000000108
688601.XSHG,2023-07-18,-0.07000000000000739
603125.XSHG,2023-07-18,-0.08999999999999986
600177.XSHG,2023-07-18,-0.9500000000000455
601766.XSHG,2023-07-18,0.08000000000000007
300219.XSHE,2023-07-18,-0.1599999999999966
688390.XSHG,2023-07-18,10.03000000000003
000890.XSHE,2023-07-18,-0.03999999999999915
000017.XSHE,2023-07-18,0.07000000000000028
603010.XSHG,2023-07-18,-0.14000000000000057
002463.XSHE,2023-07-18,1.1299999999999955
000626.XSHE,2023-07-18,-1.0699999999999932
000652.XSHE,2023-07-18,-1.1200000000000045
301327.XSHE,2023-07-18,-0.8400000000000034
000622.XSHE,2023-07-18,-0.629999999999999
002475.XSHE,2023-07-18,2.050000000000182
002293.XSHE,2023-07-18,1.0100000000000051
002433.XSHE,2023-07-18,0.040000000000000924
300126.XSHE,2023-07-18,-0.23000000000000043
300435.XSHE,2023-07-18,-0.759999999999998
600503.XSHG,2023-07-18,0.0600000000000005
300706.XSHE,2023-07-18,0.35999999999999943
000966.XSHE,2023-07-18,0.5500000000000007
600326.XSHG,2023-07-18,1.480000000000004
688055.XSHG,2023-07-18,-0.040000000000000036
002978.XSHE,2023-07-18,-1.1600000000000037
301202.XSHE,2023-07-18,-1.4200000000000017
688381.XSHG,2023-07-18,0.4099999999999966
600316.XSHG,2023-07-18,-2.430000000000007
300140.XSHE,2023-07-18,0.46000000000000085
300672.XSHE,2023-07-18,0.5099999999999909
600163.XSHG,2023-07-18,0.120000000000001
300494.XSHE,2023-07-18,1.259999999999998
603798.XSHG,2023-07-18,-0.39000000000000057
000063.XSHE,2023-07-18,25.399999999999977
600750.XSHG,2023-07-18,1.1100000000000136
002519.XSHE,2023-07-18,1.1700000000000017
301078.XSHE,2023-07-18,-0.05999999999999872
603729.XSHG,2023-07-18,0.4499999999999993
601168.XSHG,2023-07-18,-0.22000000000000064
688516.XSHG,2023-07-18,9.839999999999975
300167.XSHE,2023-07-18,-0.2799999999999976
603922.XSHG,2023-07-18,0.16999999999999815
000050.XSHE,2023-07-18,-0.7600000000000051
605100.XSHG,2023-07-18,-0.1700000000000017
002436.XSHE,2023-07-18,-0.9399999999999977
002181.XSHE,2023-07-18,0.040000000000000924
300508.XSHE,2023-07-18,-0.5300000000000011
003026.XSHE,2023-07-18,-2.1099999999999994
601005.XSHG,2023-07-18,0.0
600621.XSHG,2023-07-18,-3.8400000000001455
600495.XSHG,2023-07-18,-0.22999999999999687
603153.XSHG,2023-07-18,-0.5700000000000003
603336.XSHG,2023-07-18,-0.33999999999999986
002410.XSHE,2023-07-18,8.809999999999945
300824.XSHE,2023-07-18,-0.20000000000000107
002511.XSHE,2023-07-18,-1.3999999999999915
601880.XSHG,2023-07-18,0.0
600787.XSHG,2023-07-18,-2.280000000000001
688501.XSHG,2023-07-18,0.5
300220.XSHE,2023-07-18,-1.0399999999999991
600172.XSHG,2023-07-18,0.18999999999999773
688669.XSHG,2023-07-18,-0.10999999999999943
002758.XSHE,2023-07-18,-0.4100000000000037
300397.XSHE,2023-07-18,0.3299999999999983
688033.XSHG,2023-07-18,-0.3100000000000023
688458.XSHG,2023-07-18,-1.1099999999999994
600898.XSHG,2023-07-18,0.02999999999999936
688707.XSHG,2023-07-18,0.14000000000000057
600278.XSHG,2023-07-18,-0.16999999999999815
600095.XSHG,2023-07-18,0.0
300352.XSHE,2023-07-18,1.3499999999999943
000889.XSHE,2023-07-18,-0.370000000000001
300906.XSHE,2023-07-18,0.23999999999999844
000559.XSHE,2023-07-18,-4.030000000000001
000702.XSHE,2023-07-18,-0.16000000000000014
688558.XSHG,2023-07-18,-0.5
300762.XSHE,2023-07-18,0.5799999999999983
301076.XSHE,2023-07-18,-3.559999999999995
600459.XSHG,2023-07-18,-0.5800000000000125
600735.XSHG,2023-07-18,0.0
603117.XSHG,2023-07-18,0.0
300519.XSHE,2023-07-18,0.030000000000001137
300530.XSHE,2023-07-18,0.1600000000000037
300950.XSHE,2023-07-18,0.36000000000000654
600838.XSHG,2023-07-18,-2.489999999999995
002892.XSHE,2023-07-18,-0.29999999999999716
002349.XSHE,2023-07-18,0.6400000000000006
301222.XSHE,2023-07-18,0.07000000000000028
002087.XSHE,2023-07-18,0.0
605338.XSHG,2023-07-18,-0.07000000000000028
300286.XSHE,2023-07-18,0.3499999999999943
000338.XSHE,2023-07-18,-1.240000000000009
600137.XSHG,2023-07-18,0.5999999999999979
002394.XSHE,2023-07-18,-0.04999999999999716
600777.XSHG,2023-07-18,0.6099999999999994
600099.XSHG,2023-07-18,-0.240000000000002
000070.XSHE,2023-07-18,0.620000000000001
300364.XSHE,2023-07-18,-0.25
603929.XSHG,2023-07-18,-0.120000000000001
600731.XSHG,2023-07-18,-0.6700000000000017
002385.XSHE,2023-07-18,0.0
000019.XSHE,2023-07-18,0.4199999999999946
000959.XSHE,2023-07-18,-0.06999999999999851
301020.XSHE,2023-07-18,-0.129999999999999
002276.XSHE,2023-07-18,0.8399999999999963
301381.XSHE,2023-07-18,0.9499999999999957
300726.XSHE,2023-07-18,0.3200000000000003
300621.XSHE,2023-07-18,-0.02000000000000135
300511.XSHE,2023-07-18,-0.23999999999999844
600883.XSHG,2023-07-18,-0.529999999999994
002693.XSHE,2023-07-18,0.10999999999999943
300804.XSHE,2023-07-18,-0.4200000000000017
301248.XSHE,2023-07-18,0.2700000000000031
000868.XSHE,2023-07-18,-1.1600000000000001
300239.XSHE,2023-07-18,-0.6000000000000014
300732.XSHE,2023-07-18,0.490000000000002
603908.XSHG,2023-07-18,0.4200000000000017
003017.XSHE,2023-07-18,-0.03999999999999915
600507.XSHG,2023-07-18,0.0
002399.XSHE,2023-07-18,0.3399999999999963
688489.XSHG,2023-07-18,2.0700000000000074
601636.XSHG,2023-07-18,-0.490000000000002
301137.XSHE,2023-07-18,0.04999999999999716
002864.XSHE,2023-07-18,0.980000000000004
688663.XSHG,2023-07-18,0.5600000000000023
688365.XSHG,2023-07-18,0.2400000000000002
605169.XSHG,2023-07-18,-0.019999999999999574
300973.XSHE,2023-07-18,0.5899999999999963
600881.XSHG,2023-07-18,0.0
300005.XSHE,2023-07-18,1.5799999999999983
300535.XSHE,2023-07-18,-0.35999999999999943
603898.XSHG,2023-07-18,-0.38000000000000256
601619.XSHG,2023-07-18,0.040000000000000036
603160.XSHG,2023-07-18,-1.019999999999996
300731.XSHE,2023-07-18,-0.9499999999999993
600337.XSHG,2023-07-18,-0.269999999999996
600582.XSHG,2023-07-18,2.539999999999992
300190.XSHE,2023-07-18,0.240000000000002
002662.XSHE,2023-07-18,-0.33999999999999986
002724.XSHE,2023-07-18,-0.09999999999999787
300742.XSHE,2023-07-18,-0.41000000000000014
603237.XSHG,2023-07-18,0.05000000000000426
002602.XSHE,2023-07-18,1.9299999999999997
603682.XSHG,2023-07-18,-0.0600000000000005
300779.XSHE,2023-07-18,-1.1000000000000014
000599.XSHE,2023-07-18,-0.370000000000001
301108.XSHE,2023-07-18,-0.17999999999999972
300224.XSHE,2023-07-18,-1.0200000000000031
603877.XSHG,2023-07-18,-0.07000000000000028
300327.XSHE,2023-07-18,-0.6499999999999915
301188.XSHE,2023-07-18,-0.25
000069.XSHE,2023-07-18,-0.9699999999999989
301302.XSHE,2023-07-18,0.740000000000002
300558.XSHE,2023-07-18,-0.7299999999999969
300909.XSHE,2023-07-18,-1.019999999999996
601633.XSHG,2023-07-18,-1.6500000000000057
002501.XSHE,2023-07-18,-0.08000000000000007
002002.XSHE,2023-07-18,-0.5399999999999991
002962.XSHE,2023-07-18,0.23000000000000043
600540.XSHG,2023-07-18,-0.10999999999999943
300724.XSHE,2023-07-18,0.9299999999999926
000728.XSHE,2023-07-18,0.029999999999997584
301361.XSHE,2023-07-18,1.5
000404.XSHE,2023-07-18,-0.2099999999999973
003016.XSHE,2023-07-18,0.129999999999999
002290.XSHE,2023-07-18,-0.8200000000000003
300440.XSHE,2023-07-18,0.21000000000000085
300898.XSHE,2023-07-18,-0.40000000000000213
300564.XSHE,2023-07-18,0.6799999999999997
301131.XSHE,2023-07-18,-0.2600000000000051
000532.XSHE,2023-07-18,0.04999999999999716
300331.XSHE,2023-07-18,2.0400000000000063
301269.XSHE,2023-07-18,3.1099999999999994
603027.XSHG,2023-07-18,6.049999999999997
300001.XSHE,2023-07-18,2.3600000000000136
000792.XSHE,2023-07-18,-1.0999999999999943
301357.XSHE,2023-07-18,1.8800000000000026
600609.XSHG,2023-07-18,-1.3899999999999864
603587.XSHG,2023-07-18,-0.16000000000000014
600648.XSHG,2023-07-18,-0.36999999999999034
688335.XSHG,2023-07-18,-0.09000000000000341
600691.XSHG,2023-07-18,-0.28000000000000114
603305.XSHG,2023-07-18,-2.530000000000001
605218.XSHG,2023-07-18,0.029999999999997584
301367.XSHE,2023-07-18,0.12000000000000455
600233.XSHG,2023-07-18,-0.9500000000000028
300134.XSHE,2023-07-18,1.0399999999999991
688351.XSHG,2023-07-18,-0.259999999999998
300251.XSHE,2023-07-18,4.539999999999992
300453.XSHE,2023-07-18,0.060000000000002274
600958.XSHG,2023-07-18,0.0
000848.XSHE,2023-07-18,0.0
300415.XSHE,2023-07-18,-3.6099999999999994
600490.XSHG,2023-07-18,-1.6900000000000048
002534.XSHE,2023-07-18,0.29999999999999716
300786.XSHE,2023-07-18,0.09000000000000341
002191.XSHE,2023-07-18,0.740000000000002
600523.XSHG,2023-07-18,-0.490000000000002
002490.XSHE,2023-07-18,-0.06999999999999851
002773.XSHE,2023-07-18,-0.09999999999999432
300141.XSHE,2023-07-18,1.2299999999999969
600398.XSHG,2023-07-18,0.20000000000000284
600590.XSHG,2023-07-18,-0.3999999999999986
001212.XSHE,2023-07-18,-0.35999999999999943
600506.XSHG,2023-07-18,0.009999999999999787
002448.XSHE,2023-07-18,-1.0
601108.XSHG,2023-07-18,-0.05000000000000071
002330.XSHE,2023-07-18,-0.08000000000000007
601388.XSHG,2023-07-18,-0.05000000000000071
002157.XSHE,2023-07-18,0.1600000000000037
300339.XSHE,2023-07-18,2.780000000000001
301095.XSHE,2023-07-18,2.0799999999999983
301336.XSHE,2023-07-18,-0.46000000000000085
300460.XSHE,2023-07-18,0.16999999999999815
601886.XSHG,2023-07-18,-0.46000000000000085
603185.XSHG,2023-07-18,2.269999999999982
002615.XSHE,2023-07-18,0.7700000000000031
002183.XSHE,2023-07-18,0.6099999999999994
000797.XSHE,2023-07-18,-0.2799999999999976
300589.XSHE,2023-07-18,-0.4799999999999969
601126.XSHG,2023-07-18,-0.2700000000000031
600814.XSHG,2023-07-18,-0.519999999999996
600900.XSHG,2023-07-18,0.20000000000000284
001322.XSHE,2023-07-18,-0.0799999999999983
688739.XSHG,2023-07-18,0.00999999999999801
300296.XSHE,2023-07-18,0.20000000000000284
600481.XSHG,2023-07-18,2.4200000000000017
002242.XSHE,2023-07-18,-1.1000000000000085
002805.XSHE,2023-07-18,0.36000000000000654
688186.XSHG,2023-07-18,0.8099999999999987
300443.XSHE,2023-07-18,0.37000000000000455
300471.XSHE,2023-07-18,-5.180000000000007
002233.XSHE,2023-07-18,-0.22000000000000242
000776.XSHE,2023-07-18,0.12000000000000455
001296.XSHE,2023-07-18,0.4800000000000004
002956.XSHE,2023-07-18,-0.35999999999999943
002627.XSHE,2023-07-18,-0.029999999999997584
600160.XSHG,2023-07-18,0.3300000000000125
688567.XSHG,2023-07-18,-0.07000000000000028
300012.XSHE,2023-07-18,6.639999999999986
001228.XSHE,2023-07-18,-1.1699999999999946
301276.XSHE,2023-07-18,0.05000000000000071
601699.XSHG,2023-07-18,1.1300000000000097
002556.XSHE,2023-07-18,-0.6400000000000006
301393.XSHE,2023-07-18,-4.539999999999992
000582.XSHE,2023-07-18,-0.6299999999999955
300230.XSHE,2023-07-18,-0.07000000000000028
300556.XSHE,2023-07-18,0.3999999999999986
300513.XSHE,2023-07-18,0.8299999999999983
301139.XSHE,2023-07-18,0.16999999999999815
002136.XSHE,2023-07-18,-0.21000000000000085
002297.XSHE,2023-07-18,-0.08999999999999986
300525.XSHE,2023-07-18,0.7300000000000182
002568.XSHE,2023-07-18,2.1299999999999955
601825.XSHG,2023-07-18,0.009999999999999787
301005.XSHE,2023-07-18,-1.7800000000000011
300482.XSHE,2023-07-18,-0.5900000000000034
300962.XSHE,2023-07-18,0.3100000000000023
002663.XSHE,2023-07-18,-0.08000000000000007
600098.XSHG,2023-07-18,0.11999999999999744
001216.XSHE,2023-07-18,-0.2900000000000009
601900.XSHG,2023-07-18,1.2100000000000009
000553.XSHE,2023-07-18,-0.509999999999998
603897.XSHG,2023-07-18,-0.19000000000000128
603506.XSHG,2023-07-18,-0.15000000000000213
002973.XSHE,2023-07-18,-0.009999999999999787
688512.XSHG,2023-07-18,-0.3000000000000007
002173.XSHE,2023-07-18,0.0
300103.XSHE,2023-07-18,-0.7600000000000016
300477.XSHE,2023-07-18,0.0
688503.XSHG,2023-07-18,2.530000000000001
688685.XSHG,2023-07-18,-0.10000000000000142
600836.XSHG,2023-07-18,-0.5200000000000102
000852.XSHE,2023-07-18,-0.5499999999999972
603533.XSHG,2023-07-18,0.3099999999999987
603086.XSHG,2023-07-18,-0.28999999999999915
001317.XSHE,2023-07-18,-0.3999999999999986
002465.XSHE,2023-07-18,0.07000000000000739
605196.XSHG,2023-07-18,-0.129999999999999
301191.XSHE,2023-07-18,5.510000000000005
688138.XSHG,2023-07-18,0.16000000000000014
603236.XSHG,2023-07-18,2.9799999999999898
603610.XSHG,2023-07-18,-0.21000000000000085
300142.XSHE,2023-07-18,-2.8799999999999955
301189.XSHE,2023-07-18,0.1700000000000017
301182.XSHE,2023-07-18,0.3000000000000007
601368.XSHG,2023-07-18,-0.040000000000000036
600354.XSHG,2023-07-18,0.4499999999999993
002451.XSHE,2023-07-18,0.08999999999999986
000530.XSHE,2023-07-18,-2.25
002500.XSHE,2023-07-18,-0.040000000000000036
300580.XSHE,2023-07-18,-1.8699999999999974
002591.XSHE,2023-07-18,0.3100000000000023
002748.XSHE,2023-07-18,-0.5899999999999999
600655.XSHG,2023-07-18,-2.8199999999999363
002286.XSHE,2023-07-18,0.11000000000000298
002915.XSHE,2023-07-18,-0.46000000000000085
000065.XSHE,2023-07-18,2.840000000000032
300428.XSHE,2023-07-18,-8.280000000000001
600266.XSHG,2023-07-18,-0.12999999999999545
603838.XSHG,2023-07-18,0.0
000755.XSHE,2023-07-18,-0.14000000000000057
000627.XSHE,2023-07-18,0.29999999999999716
300206.XSHE,2023-07-18,0.3400000000000034
000899.XSHE,2023-07-18,0.39000000000000057
301012.XSHE,2023-07-18,-3.8900000000000006
600596.XSHG,2023-07-18,-2.7700000000000102
603299.XSHG,2023-07-18,-0.14000000000000057
003001.XSHE,2023-07-18,0.28999999999999915
688428.XSHG,2023-07-18,0.22000000000000064
000505.XSHE,2023-07-18,0.16000000000000014
603031.XSHG,2023-07-18,0.4200000000000017
688246.XSHG,2023-07-18,0.9299999999999997
000151.XSHE,2023-07-18,-0.1699999999999946
300310.XSHE,2023-07-18,0.3100000000000023
002409.XSHE,2023-07-18,12.360000000000014
300406.XSHE,2023-07-18,-0.29999999999999716
300429.XSHE,2023-07-18,-0.9099999999999966
300539.XSHE,2023-07-18,0.17999999999999972
002131.XSHE,2023-07-18,2.1999999999999886
300334.XSHE,2023-07-18,0.5
603788.XSHG,2023-07-18,0.26000000000000156
600810.XSHG,2023-07-18,-0.10000000000000142
600822.XSHG,2023-07-18,1.1999999999999957
300187.XSHE,2023-07-18,0.28999999999999915
300527.XSHE,2023-07-18,-0.09999999999999787
000615.XSHE,2023-07-18,-0.19000000000000128
300916.XSHE,2023-07-18,3.1599999999999966
600227.XSHG,2023-07-18,0.120000000000001
688485.XSHG,2023-07-18,0.23000000000000043
300572.XSHE,2023-07-18,0.4399999999999977
605028.XSHG,2023-07-18,0.41000000000000014
300008.XSHE,2023-07-18,0.5800000000000054
001211.XSHE,2023-07-18,-0.120000000000001
688588.XSHG,2023-07-18,0.25
300115.XSHE,2023-07-18,1.7199999999999989
603151.XSHG,2023-07-18,-0.06999999999999673
603090.XSHG,2023-07-18,0.41000000000000014
601866.XSHG,2023-07-18,0.0
000933.XSHE,2023-07-18,0.6999999999999886
300795.XSHE,2023-07-18,0.19000000000000483
301456.XSHE,2023-07-18,1.5799999999999983
688117.XSHG,2023-07-18,0.3200000000000003
001210.XSHE,2023-07-18,-0.29999999999999716
603966.XSHG,2023-07-18,-0.16999999999999815
603955.XSHG,2023-07-18,0.14000000000000057
002426.XSHE,2023-07-18,0.0
603868.XSHG,2023-07-18,-4.969999999999999
002478.XSHE,2023-07-18,0.0
000503.XSHE,2023-07-18,0.6800000000000068
000633.XSHE,2023-07-18,-1.5700000000000003
603662.XSHG,2023-07-18,1.039999999999992
000639.XSHE,2023-07-18,-1.8500000000000014
300969.XSHE,2023-07-18,0.45000000000000284
002481.XSHE,2023-07-18,-2.230000000000004
603356.XSHG,2023-07-18,0.05999999999999872
000911.XSHE,2023-07-18,0.10000000000000142
002833.XSHE,2023-07-18,0.0
002926.XSHE,2023-07-18,0.0
002072.XSHE,2023-07-18,-0.08999999999999986
601211.XSHG,2023-07-18,-0.07000000000000028
300258.XSHE,2023-07-18,-2.3599999999999994
003023.XSHE,2023-07-18,-0.3500000000000014
002541.XSHE,2023-07-18,0.3399999999999892
300274.XSHE,2023-07-18,3.060000000000059
603655.XSHG,2023-07-18,-0.17999999999999972
300248.XSHE,2023-07-18,1.6400000000000006
300647.XSHE,2023-07-18,-0.5199999999999996
600366.XSHG,2023-07-18,-0.6099999999999994
603810.XSHG,2023-07-18,-0.4299999999999997
300645.XSHE,2023-07-18,0.03999999999999915
600033.XSHG,2023-07-18,-0.5500000000000007
603080.XSHG,2023-07-18,-0.05000000000000071
688536.XSHG,2023-07-18,3.92999999999995
688185.XSHG,2023-07-18,-0.1799999999999926
600792.XSHG,2023-07-18,-0.21000000000000085
605288.XSHG,2023-07-18,-1.529999999999994
000839.XSHE,2023-07-18,0.25
603488.XSHG,2023-07-18,0.019999999999999574
601179.XSHG,2023-07-18,-0.019999999999999574
300382.XSHE,2023-07-18,1.5200000000000102
000766.XSHE,2023-07-18,0.240000000000002
002369.XSHE,2023-07-18,0.1700000000000017
300788.XSHE,2023-07-18,1.2000000000000028
600612.XSHG,2023-07-18,210.89000000000124
300357.XSHE,2023-07-18,2.25
300323.XSHE,2023-07-18,0.21000000000000085
600191.XSHG,2023-07-18,0.23000000000000043
603613.XSHG,2023-07-18,2.8000000000000114
301215.XSHE,2023-07-18,-0.020000000000000462
688800.XSHG,2023-07-18,-0.29000000000000625
002767.XSHE,2023-07-18,-0.16999999999999815
000521.XSHE,2023-07-18,-1.0300000000000011
001965.XSHE,2023-07-18,0.3000000000000007
002247.XSHE,2023-07-18,0.0
300553.XSHE,2023-07-18,0.09000000000000341
301339.XSHE,2023-07-18,0.38000000000000256
688419.XSHG,2023-07-18,-2.1200000000000045
300895.XSHE,2023-07-18,1.519999999999996
603383.XSHG,2023-07-18,1.7000000000000028
002180.XSHE,2023-07-18,4.170000000000016
300985.XSHE,2023-07-18,-1.5599999999999987
601916.XSHG,2023-07-18,0.020000000000000018
301067.XSHE,2023-07-18,-1.009999999999998
603920.XSHG,2023-07-18,0.34999999999999787
300578.XSHE,2023-07-18,0.9799999999999969
301051.XSHE,2023-07-18,0.020000000000010232
000558.XSHE,2023-07-18,0.25
600693.XSHG,2023-07-18,-0.6099999999999994
600873.XSHG,2023-07-18,-0.09000000000000341
601989.XSHG,2023-07-18,0.019999999999999574
300057.XSHE,2023-07-18,0.26000000000000156
002149.XSHE,2023-07-18,-0.6499999999999986
002112.XSHE,2023-07-18,0.8000000000000043
002356.XSHE,2023-07-18,-0.22000000000000242
002584.XSHE,2023-07-18,-0.05000000000000071
603871.XSHG,2023-07-18,-4.8799999999999955
300858.XSHE,2023-07-18,1.7199999999999989
000609.XSHE,2023-07-18,0.4200000000000017
002983.XSHE,2023-07-18,-0.09000000000000341
002284.XSHE,2023-07-18,-0.7199999999999989
600310.XSHG,2023-07-18,0.8299999999999983
000637.XSHE,2023-07-18,-0.1700000000000017
000525.XSHE,2023-07-18,-1.240000000000009
300403.XSHE,2023-07-18,-1.019999999999996
603235.XSHG,2023-07-18,0.33000000000000185
002856.XSHE,2023-07-18,-0.05999999999999872
600236.XSHG,2023-07-18,0.07000000000000028
600036.XSHG,2023-07-18,1.079999999999984
300215.XSHE,2023-07-18,0.18999999999999773
688106.XSHG,2023-07-18,0.08999999999999986
688552.XSHG,2023-07-18,0.16000000000000014
001268.XSHE,2023-07-18,0.030000000000001137
600248.XSHG,2023-07-18,-0.0799999999999983
601678.XSHG,2023-07-18,-0.16999999999999815
002722.XSHE,2023-07-18,-0.16000000000000014
002035.XSHE,2023-07-18,-0.6900000000000119
688195.XSHG,2023-07-18,0.5
688230.XSHG,2023-07-18,2.3999999999999915
002729.XSHE,2023-07-18,-0.23000000000000398
600618.XSHG,2023-07-18,-2.7200000000000273
600151.XSHG,2023-07-18,0.05000000000000426
601020.XSHG,2023-07-18,-0.2599999999999998
002390.XSHE,2023-07-18,-0.10999999999999943
603808.XSHG,2023-07-18,0.4499999999999993
000972.XSHE,2023-07-18,0.0
002570.XSHE,2023-07-18,-0.05000000000000071
000668.XSHE,2023-07-18,0.37999999999999545
300796.XSHE,2023-07-18,-0.10000000000000142
600903.XSHG,2023-07-18,-0.129999999999999
600251.XSHG,2023-07-18,-1.9300000000000068
688435.XSHG,2023-07-18,1.6200000000000045
300930.XSHE,2023-07-18,-0.3200000000000003
600834.XSHG,2023-07-18,-0.3100000000000023
688216.XSHG,2023-07-18,-1.3399999999999999
600789.XSHG,2023-07-18,-0.14000000000000057
688330.XSHG,2023-07-18,-0.259999999999998
688079.XSHG,2023-07-18,0.10999999999999943
300597.XSHE,2023-07-18,0.15000000000000036
600397.XSHG,2023-07-18,-0.08000000000000007
001269.XSHE,2023-07-18,4.0
300466.XSHE,2023-07-18,0.05999999999999517
001373.XSHE,2023-07-18,-4.689999999999998
300618.XSHE,2023-07-18,-0.6200000000000045
300335.XSHE,2023-07-18,0.08000000000000007
300842.XSHE,2023-07-18,2.319999999999993
600323.XSHG,2023-07-18,0.9500000000000028
603650.XSHG,2023-07-18,0.25
301257.XSHE,2023-07-18,2.4499999999999957
600710.XSHG,2023-07-18,-0.7500000000000071
002993.XSHE,2023-07-18,-0.10999999999999943
600741.XSHG,2023-07-18,-21.139999999999986
001323.XSHE,2023-07-18,-0.03999999999999915
300096.XSHE,2023-07-18,0.6099999999999994
600195.XSHG,2023-07-18,-0.12000000000000455
688291.XSHG,2023-07-18,7.310000000000002
002210.XSHE,2023-07-18,0.11000000000000298
300247.XSHE,2023-07-18,-0.19000000000000128
002749.XSHE,2023-07-18,-1.7800000000000011
688013.XSHG,2023-07-18,0.23000000000000043
000698.XSHE,2023-07-18,-0.13000000000000078
300338.XSHE,2023-07-18,0.75
600887.XSHG,2023-07-18,21.190000000000055
301152.XSHE,2023-07-18,-2.0400000000000063
002182.XSHE,2023-07-18,-2.1200000000000045
688418.XSHG,2023-07-18,0.120000000000001
603906.XSHG,2023-07-18,0.14000000000000057
002020.XSHE,2023-07-18,0.25
600103.XSHG,2023-07-18,0.0
301088.XSHE,2023-07-18,-0.21999999999999886
301283.XSHE,2023-07-18,0.3200000000000003
603177.XSHG,2023-07-18,-0.33999999999999986
002030.XSHE,2023-07-18,-0.5900000000000318
002714.XSHE,2023-07-18,2.840000000000032
688303.XSHG,2023-07-18,-0.21000000000000085
300399.XSHE,2023-07-18,0.21999999999999886
301387.XSHE,2023-07-18,1.2399999999999949
603658.XSHG,2023-07-18,0.8499999999999943
600926.XSHG,2023-07-18,0.23999999999999844
300769.XSHE,2023-07-18,5.8700000000000045
300609.XSHE,2023-07-18,0.05000000000000071
300740.XSHE,2023-07-18,0.04999999999999716
688049.XSHG,2023-07-18,0.28000000000000114
002531.XSHE,2023-07-18,1.0700000000000074
301328.XSHE,2023-07-18,1.8100000000000023
300561.XSHE,2023-07-18,0.8499999999999943
600425.XSHG,2023-07-18,-0.879999999999999
603167.XSHG,2023-07-18,-0.009999999999999787
688788.XSHG,2023-07-18,0.00999999999999801
300240.XSHE,2023-07-18,-0.03999999999999915
688599.XSHG,2023-07-18,0.240000000000002
301082.XSHE,2023-07-18,0.23000000000000043
600118.XSHG,2023-07-18,17.400000000000034
601021.XSHG,2023-07-18,-0.3500000000000085
600546.XSHG,2023-07-18,1.740000000000009
301295.XSHE,2023-07-18,0.9699999999999989
603269.XSHG,2023-07-18,-0.5100000000000016
000066.XSHE,2023-07-18,2.549999999999983
002137.XSHE,2023-07-18,0.07000000000000028
301297.XSHE,2023-07-18,-0.7200000000000024
002632.XSHE,2023-07-18,0.0
688368.XSHG,2023-07-18,6.360000000000014
688009.XSHG,2023-07-18,-0.08000000000000007
000970.XSHE,2023-07-18,1.6200000000000045
000999.XSHE,2023-07-18,0.9899999999999949
601200.XSHG,2023-07-18,0.08999999999999986
301071.XSHE,2023-07-18,1.5699999999999932
688682.XSHG,2023-07-18,-0.6599999999999966
300158.XSHE,2023-07-18,0.46999999999999886
605208.XSHG,2023-07-18,-0.6400000000000006
000099.XSHE,2023-07-18,0.5899999999999963
002332.XSHE,2023-07-18,0.4299999999999997
000881.XSHE,2023-07-18,0.10000000000000142
300642.XSHE,2023-07-18,-0.45000000000000284
301135.XSHE,2023-07-18,0.379999999999999
300097.XSHE,2023-07-18,0.3999999999999986
002065.XSHE,2023-07-18,1.579999999999984
300961.XSHE,2023-07-18,0.22999999999999865
300261.XSHE,2023-07-18,-1.1099999999999994
600293.XSHG,2023-07-18,0.09999999999999964
000921.XSHE,2023-07-18,0.509999999999998
603879.XSHG,2023-07-18,-1.2100000000000009
300058.XSHE,2023-07-18,5.199999999999989
603036.XSHG,2023-07-18,-0.040000000000000924
002674.XSHE,2023-07-18,-0.08999999999999986
600520.XSHG,2023-07-18,-0.07000000000000028
300425.XSHE,2023-07-18,-0.5100000000000051
605268.XSHG,2023-07-18,-0.15000000000000036
002675.XSHE,2023-07-18,-0.9899999999999949
002979.XSHE,2023-07-18,0.4299999999999997
300650.XSHE,2023-07-18,0.5700000000000003
300458.XSHE,2023-07-18,1.460000000000008
300844.XSHE,2023-07-18,0.1700000000000017
300787.XSHE,2023-07-18,0.0799999999999983
600965.XSHG,2023-07-18,-0.040000000000000924
301017.XSHE,2023-07-18,0.3200000000000003
600848.XSHG,2023-07-18,-0.4899999999999949
300082.XSHE,2023-07-18,-0.8299999999999983
300366.XSHE,2023-07-18,2.4299999999999926
600377.XSHG,2023-07-18,-0.3900000000000041
603817.XSHG,2023-07-18,-0.009999999999999787
688202.XSHG,2023-07-18,0.5599999999999739
600243.XSHG,2023-07-18,-0.1200000000000001
301118.XSHE,2023-07-18,-0.5199999999999996
002092.XSHE,2023-07-18,-0.41999999999999815
603096.XSHG,2023-07-18,0.4299999999999997
603566.XSHG,2023-07-18,0.04999999999999716
301185.XSHE,2023-07-18,0.35999999999999943
301079.XSHE,2023-07-18,-0.46999999999999886
002612.XSHE,2023-07-18,-0.1700000000000017
688508.XSHG,2023-07-18,-1.029999999999987
002146.XSHE,2023-07-18,0.120000000000001
301023.XSHE,2023-07-18,0.960000000000008
600489.XSHG,2023-07-18,-1.7800000000000011
000020.XSHE,2023-07-18,-1.4199999999999982
600549.XSHG,2023-07-18,1.1000000000000227
603568.XSHG,2023-07-18,-0.03999999999999915
603678.XSHG,2023-07-18,-1.3700000000000045
600727.XSHG,2023-07-18,-0.21999999999999886
601877.XSHG,2023-07-18,0.6599999999999966
300871.XSHE,2023-07-18,-0.3200000000000003
300905.XSHE,2023-07-18,0.28000000000000114
000777.XSHE,2023-07-18,1.7099999999999937
002125.XSHE,2023-07-18,-0.5
002374.XSHE,2023-07-18,0.0
000829.XSHE,2023-07-18,0.8199999999999932
301325.XSHE,2023-07-18,2.4299999999999926
300249.XSHE,2023-07-18,-1.5899999999999963
300546.XSHE,2023-07-18,0.20000000000000284
301386.XSHE,2023-07-18,0.6300000000000026
300981.XSHE,2023-07-18,-0.17999999999999972
601677.XSHG,2023-07-18,-0.5800000000000018
603320.XSHG,2023-07-18,0.21999999999999886
301021.XSHE,2023-07-18,-0.2699999999999996
000810.XSHE,2023-07-18,-0.5
000631.XSHE,2023-07-18,-0.8499999999999943
300952.XSHE,2023-07-18,-0.9199999999999982
603676.XSHG,2023-07-18,0.08999999999999986
301062.XSHE,2023-07-18,-0.019999999999999574
603778.XSHG,2023-07-18,0.0
002880.XSHE,2023-07-18,-1.8199999999999932
301197.XSHE,2023-07-18,0.21999999999999886
000058.XSHE,2023-07-18,-0.46999999999999886
001287.XSHE,2023-07-18,-0.2699999999999996
002899.XSHE,2023-07-18,0.14000000000000057
600979.XSHG,2023-07-18,-0.05999999999999872
688571.XSHG,2023-07-18,-0.08999999999999986
688108.XSHG,2023-07-18,0.4599999999999991
300947.XSHE,2023-07-18,0.38000000000000256
300843.XSHE,2023-07-18,-0.34999999999999787
002166.XSHE,2023-07-18,1.1000000000000014
688661.XSHG,2023-07-18,2.6400000000000006
600995.XSHG,2023-07-18,0.5400000000000063
002203.XSHE,2023-07-18,-0.11999999999999744
300639.XSHE,2023-07-18,1.7800000000000011
000420.XSHE,2023-07-18,-0.21000000000000085
300138.XSHE,2023-07-18,0.5100000000000051
603933.XSHG,2023-07-18,0.9400000000000048
300921.XSHE,2023-07-18,0.6700000000000017
688107.XSHG,2023-07-18,0.03999999999999915
300976.XSHE,2023-07-18,0.010000000000005116
300507.XSHE,2023-07-18,-1.3000000000000114
688182.XSHG,2023-07-18,0.18999999999999773
601128.XSHG,2023-07-18,0.009999999999999787
000737.XSHE,2023-07-18,-0.16000000000000014
603212.XSHG,2023-07-18,0.4400000000000013
002229.XSHE,2023-07-18,3.539999999999992
300093.XSHE,2023-07-18,0.8200000000000003
301008.XSHE,2023-07-18,-0.21999999999999886
600056.XSHG,2023-07-18,0.28000000000000114
600566.XSHG,2023-07-18,0.3500000000000014
002521.XSHE,2023-07-18,0.09999999999999787
301382.XSHE,2023-07-18,-0.8500000000000014
600166.XSHG,2023-07-18,-3.1499999999999915
002096.XSHE,2023-07-18,-0.04999999999999716
002312.XSHE,2023-07-18,-3.180000000000007
300459.XSHE,2023-07-18,1.240000000000009
601187.XSHG,2023-07-18,0.0
601999.XSHG,2023-07-18,0.1200000000000001
603444.XSHG,2023-07-18,10.970000000000027
688199.XSHG,2023-07-18,-0.10000000000000142
600929.XSHG,2023-07-18,-0.040000000000000924
300348.XSHE,2023-07-18,1.8700000000000045
002184.XSHE,2023-07-18,1.240000000000002
300135.XSHE,2023-07-18,-0.5
300226.XSHE,2023-07-18,4.0800000000000125
601988.XSHG,2023-07-18,0.16000000000000014
000407.XSHE,2023-07-18,0.11999999999999744
600429.XSHG,2023-07-18,-0.08000000000000007
000858.XSHE,2023-07-18,24.740000000000236
600082.XSHG,2023-07-18,-0.23999999999999844
300570.XSHE,2023-07-18,4.6200000000000045
688395.XSHG,2023-07-18,0.6600000000000001
301380.XSHE,2023-07-18,1.8599999999999994
600252.XSHG,2023-07-18,-0.39000000000000057
603579.XSHG,2023-07-18,0.0
688429.XSHG,2023-07-18,0.4400000000000013
300661.XSHE,2023-07-18,9.329999999999927
600675.XSHG,2023-07-18,-3.4799999999999898
600538.XSHG,2023-07-18,-0.1899999999999995
600758.XSHG,2023-07-18,-0.08000000000000007
300928.XSHE,2023-07-18,1.1499999999999986
002601.XSHE,2023-07-18,-1.1800000000000068
688350.XSHG,2023-07-18,0.07000000000000028
002140.XSHE,2023-07-18,-0.4399999999999977
688399.XSHG,2023-07-18,0.3500000000000014
300037.XSHE,2023-07-18,-1.349999999999966
002953.XSHE,2023-07-18,0.379999999999999
002608.XSHE,2023-07-18,0.35999999999999943
600877.XSHG,2023-07-18,0.269999999999996
603706.XSHG,2023-07-18,-0.240000000000002
688137.XSHG,2023-07-18,-1.259999999999998
001203.XSHE,2023-07-18,0.0
003036.XSHE,2023-07-18,-0.20999999999999908
600704.XSHG,2023-07-18,-0.6900000000000119
301175.XSHE,2023-07-18,0.020000000000000462
000417.XSHE,2023-07-18,-2.1200000000000045
002064.XSHE,2023-07-18,-1.4300000000000068
001267.XSHE,2023-07-18,0.040000000000000036
000598.XSHE,2023-07-18,0.30000000000001137
301123.XSHE,2023-07-18,1.4800000000000004
600239.XSHG,2023-07-18,0.9500000000000028
605277.XSHG,2023-07-18,-0.75
300284.XSHE,2023-07-18,-0.0799999999999983
002518.XSHE,2023-07-18,0.5800000000000125
600428.XSHG,2023-07-18,-0.18999999999999773
600568.XSHG,2023-07-18,0.0
603181.XSHG,2023-07-18,-0.529999999999994
002950.XSHE,2023-07-18,-0.04999999999999716
605050.XSHG,2023-07-18,-0.379999999999999
300146.XSHE,2023-07-18,-8.450000000000045
003003.XSHE,2023-07-18,0.0
002219.XSHE,2023-07-18,3.7700000000000102
300469.XSHE,2023-07-18,0.3999999999999915
002607.XSHE,2023-07-18,0.0799999999999983
300665.XSHE,2023-07-18,-0.08999999999999986
688557.XSHG,2023-07-18,0.12000000000000455
000692.XSHE,2023-07-18,0.0
300611.XSHE,2023-07-18,-0.16000000000000014
300636.XSHE,2023-07-18,0.46999999999999886
300021.XSHE,2023-07-18,0.0
300696.XSHE,2023-07-18,-2.010000000000005
603228.XSHG,2023-07-18,0.37999999999999545
300119.XSHE,2023-07-18,-0.060000000000002274
603035.XSHG,2023-07-18,-0.509999999999998
002652.XSHE,2023-07-18,-0.09999999999999964
002642.XSHE,2023-07-18,0.5500000000000007
600100.XSHG,2023-07-18,2.5500000000000114
688007.XSHG,2023-07-18,-0.26000000000000156
603105.XSHG,2023-07-18,0.5400000000000027
002706.XSHE,2023-07-18,0.4800000000000182
605555.XSHG,2023-07-18,-1.1400000000000006
002150.XSHE,2023-07-18,3.7900000000000063
300287.XSHE,2023-07-18,0.6199999999999974
002228.XSHE,2023-07-18,-0.3200000000000003
301377.XSHE,2023-07-18,0.21000000000000085
301503.XSHE,2023-07-18,2.8599999999999994
688160.XSHG,2023-07-18,-0.060000000000002274
603037.XSHG,2023-07-18,-0.8000000000000043
000004.XSHE,2023-07-18,-1.5699999999999932
300723.XSHE,2023-07-18,1.5300000000000011
688349.XSHG,2023-07-18,-0.5300000000000011
601609.XSHG,2023-07-18,-0.019999999999999574
300302.XSHE,2023-07-18,4.560000000000002
002348.XSHE,2023-07-18,0.21000000000000085
000968.XSHE,2023-07-18,-0.040000000000000924
600000.XSHG,2023-07-18,0.4399999999999977
300184.XSHE,2023-07-18,0.17999999999999972
600148.XSHG,2023-07-18,-0.3400000000000034
600973.XSHG,2023-07-18,-0.259999999999998
002647.XSHE,2023-07-18,-0.1700000000000017
002982.XSHE,2023-07-18,-0.5800000000000054
300062.XSHE,2023-07-18,0.2700000000000031
002939.XSHE,2023-07-18,0.009999999999999787
000752.XSHE,2023-07-18,0.3000000000000007
600025.XSHG,2023-07-18,0.0
603811.XSHG,2023-07-18,0.21000000000000085
688030.XSHG,2023-07-18,0.5500000000000007
002787.XSHE,2023-07-18,-0.13000000000000078
000570.XSHE,2023-07-18,-0.240000000000002
301356.XSHE,2023-07-18,-0.5700000000000003
600223.XSHG,2023-07-18,0.05999999999999872
600654.XSHG,2023-07-18,-24.699999999999818
603266.XSHG,2023-07-18,-0.0799999999999983
000920.XSHE,2023-07-18,-0.45000000000000284
601901.XSHG,2023-07-18,0.020000000000000462
002261.XSHE,2023-07-18,6.889999999999986
600641.XSHG,2023-07-18,3.140000000000043
601069.XSHG,2023-07-18,0.03999999999999915
605016.XSHG,2023-07-18,-0.8299999999999983
688323.XSHG,2023-07-18,0.14000000000000057
688526.XSHG,2023-07-18,0.2799999999999976
688766.XSHG,2023-07-18,12.680000000000007
002571.XSHE,2023-07-18,0.240000000000002
603277.XSHG,2023-07-18,0.7799999999999976
603097.XSHG,2023-07-18,-0.08999999999999986
000537.XSHE,2023-07-18,-0.480000000000004
688386.XSHG,2023-07-18,-0.3499999999999943
605058.XSHG,2023-07-18,-0.05999999999999872
603156.XSHG,2023-07-18,0.3400000000000034
688521.XSHG,2023-07-18,-0.75
002782.XSHE,2023-07-18,0.21000000000000085
002577.XSHE,2023-07-18,0.6600000000000037
301080.XSHE,2023-07-18,-1.740000000000009
603278.XSHG,2023-07-18,0.259999999999998
603991.XSHG,2023-07-18,-0.38999999999999346
002853.XSHE,2023-07-18,-0.7299999999999969
300683.XSHE,2023-07-18,2.6299999999999955
600463.XSHG,2023-07-18,-0.9399999999999977
300977.XSHE,2023-07-18,0.4200000000000017
600064.XSHG,2023-07-18,-0.27000000000001023
600331.XSHG,2023-07-18,0.17999999999999972
002859.XSHE,2023-07-18,-1.5900000000000034
603589.XSHG,2023-07-18,0.17999999999999972
301024.XSHE,2023-07-18,0.03999999999999915
300176.XSHE,2023-07-18,-0.41000000000000014
002925.XSHE,2023-07-18,-0.30000000000000426
688066.XSHG,2023-07-18,-1.1700000000000017
000691.XSHE,2023-07-18,-0.7400000000000002
300283.XSHE,2023-07-18,-0.25
603068.XSHG,2023-07-18,-0.07000000000000028
603416.XSHG,2023-07-18,-0.21000000000000085
603730.XSHG,2023-07-18,-6.390000000000001
002246.XSHE,2023-07-18,-0.15000000000000036
688598.XSHG,2023-07-18,-5.939999999999998
300252.XSHE,2023-07-18,0.8899999999999935
002719.XSHE,2023-07-18,-0.030000000000001137
002807.XSHE,2023-07-18,-0.04999999999999982
002352.XSHE,2023-07-18,0.46000000000000796
300454.XSHE,2023-07-18,1.039999999999992
600052.XSHG,2023-07-18,0.39000000000000057
300790.XSHE,2023-07-18,0.09000000000000341
300536.XSHE,2023-07-18,0.1599999999999966
600968.XSHG,2023-07-18,0.03000000000000025
600315.XSHG,2023-07-18,1.8899999999999864
300750.XSHE,2023-07-18,4.190000000000055
300831.XSHE,2023-07-18,0.009999999999999787
600138.XSHG,2023-07-18,0.0
002285.XSHE,2023-07-18,-0.15000000000000568
002392.XSHE,2023-07-18,-0.4299999999999997
688096.XSHG,2023-07-18,-0.07000000000000028
300612.XSHE,2023-07-18,-0.4200000000000017
000700.XSHE,2023-07-18,-1.8999999999999915
002194.XSHE,2023-07-18,0.9600000000000009
603699.XSHG,2023-07-18,0.16000000000000014
605378.XSHG,2023-07-18,-0.08999999999999986
688409.XSHG,2023-07-18,-2.1299999999999955
301085.XSHE,2023-07-18,1.1899999999999977
600054.XSHG,2023-07-18,-0.17999999999999972
601001.XSHG,2023-07-18,0.2799999999999976
603882.XSHG,2023-07-18,1.8100000000000023
002688.XSHE,2023-07-18,-0.35999999999999943
601113.XSHG,2023-07-18,0.0
600567.XSHG,2023-07-18,-0.08999999999999986
600927.XSHG,2023-07-18,-0.05999999999999872
688616.XSHG,2023-07-18,-0.05999999999999872
601519.XSHG,2023-07-18,0.11000000000000298
002669.XSHE,2023-07-18,-0.620000000000001
603281.XSHG,2023-07-18,-0.10000000000000142
603456.XSHG,2023-07-18,0.18999999999999773
002644.XSHE,2023-07-18,1.309999999999988
000882.XSHE,2023-07-18,-0.0600000000000005
688400.XSHG,2023-07-18,0.4299999999999997
688272.XSHG,2023-07-18,-0.16999999999999815
688090.XSHG,2023-07-18,0.23999999999999488
300505.XSHE,2023-07-18,-3.769999999999996
000409.XSHE,2023-07-18,0.6400000000000006
000825.XSHE,2023-07-18,-0.09000000000000341
601995.XSHG,2023-07-18,-0.04000000000000625
688510.XSHG,2023-07-18,-0.48999999999999844
002734.XSHE,2023-07-18,-0.19999999999999574
001225.XSHE,2023-07-18,-0.020000000000003126
001223.XSHE,2023-07-18,3.230000000000004
600277.XSHG,2023-07-18,-0.33000000000000185
000987.XSHE,2023-07-18,-0.0800000000000054
603816.XSHG,2023-07-18,0.6599999999999966
688698.XSHG,2023-07-18,0.5200000000000031
300949.XSHE,2023-07-18,0.5499999999999972
002522.XSHE,2023-07-18,-0.4299999999999997
600855.XSHG,2023-07-18,0.16999999999999815
688159.XSHG,2023-07-18,0.39000000000000057
600521.XSHG,2023-07-18,0.37999999999999545
600551.XSHG,2023-07-18,0.5900000000000034
603162.XSHG,2023-07-18,0.07000000000000028
688020.XSHG,2023-07-18,0.03999999999999915
300601.XSHE,2023-07-18,-0.0799999999999983
601366.XSHG,2023-07-18,-0.05999999999999961
301166.XSHE,2023-07-18,0.03999999999999915
300583.XSHE,2023-07-18,0.14000000000000057
000039.XSHE,2023-07-18,-4.4599999999999795
600575.XSHG,2023-07-18,0.18999999999999773
688523.XSHG,2023-07-18,0.14000000000000057
001213.XSHE,2023-07-18,-0.019999999999999574
603102.XSHG,2023-07-18,-0.44999999999999574
002343.XSHE,2023-07-18,0.7100000000000009
601811.XSHG,2023-07-18,0.17999999999999972
300214.XSHE,2023-07-18,-0.07000000000000028
600053.XSHG,2023-07-18,0.05000000000000071
002660.XSHE,2023-07-18,0.0799999999999983
300085.XSHE,2023-07-18,6.159999999999997
603208.XSHG,2023-07-18,-2.5600000000000023
603077.XSHG,2023-07-18,-1.1400000000000006
301488.XSHE,2023-07-18,-1.0300000000000011
300569.XSHE,2023-07-18,0.519999999999996
002760.XSHE,2023-07-18,0.240000000000002
301396.XSHE,2023-07-18,0.19999999999999574
688223.XSHG,2023-07-18,0.25
603040.XSHG,2023-07-18,-1.5799999999999983
688015.XSHG,2023-07-18,0.16000000000000014
688181.XSHG,2023-07-18,0.9699999999999989
600845.XSHG,2023-07-18,6.690000000000055
300701.XSHE,2023-07-18,0.21000000000000085
600399.XSHG,2023-07-18,-0.4200000000000017
000923.XSHE,2023-07-18,-0.11999999999999744
002516.XSHE,2023-07-18,-1.259999999999998
301288.XSHE,2023-07-18,0.030000000000001137
688196.XSHG,2023-07-18,0.05999999999999517
000821.XSHE,2023-07-18,-0.9600000000000009
688566.XSHG,2023-07-18,1.0499999999999972
002040.XSHE,2023-07-18,-0.07000000000000028
300437.XSHE,2023-07-18,-2.1099999999999994
600755.XSHG,2023-07-18,-1.039999999999992
002460.XSHE,2023-07-18,6.2999999999999545
603728.XSHG,2023-07-18,-0.4900000000000091
000610.XSHE,2023-07-18,0.6400000000000006
002875.XSHE,2023-07-18,0.5199999999999996
301126.XSHE,2023-07-18,0.1899999999999995
002232.XSHE,2023-07-18,2.5899999999999963
603155.XSHG,2023-07-18,0.0
603116.XSHG,2023-07-18,-0.019999999999999574
688070.XSHG,2023-07-18,0.19999999999999574
002828.XSHE,2023-07-18,0.0
002444.XSHE,2023-07-18,-0.44000000000001194
688522.XSHG,2023-07-18,-1.1499999999999986
002164.XSHE,2023-07-18,-0.08999999999999986
000719.XSHE,2023-07-18,0.5900000000000034
300759.XSHE,2023-07-18,-0.4399999999999977
601133.XSHG,2023-07-18,-0.09999999999999964
601966.XSHG,2023-07-18,-0.019999999999999574
600658.XSHG,2023-07-18,0.0
688282.XSHG,2023-07-18,-0.06999999999999318
301036.XSHE,2023-07-18,-0.07000000000000028
002081.XSHE,2023-07-18,-0.6100000000000136
300781.XSHE,2023-07-18,0.370000000000001
002283.XSHE,2023-07-18,-0.26000000000000156
002313.XSHE,2023-07-18,0.16000000000000014
688083.XSHG,2023-07-18,6.269999999999982
000555.XSHE,2023-07-18,0.4399999999999977
002396.XSHE,2023-07-18,1.3100000000000023
001314.XSHE,2023-07-18,0.44999999999999574
603041.XSHG,2023-07-18,-0.03999999999999915
002611.XSHE,2023-07-18,-0.28000000000000114
603813.XSHG,2023-07-18,-0.049999999999998934
300770.XSHE,2023-07-18,1.3100000000000023
603536.XSHG,2023-07-18,-0.19000000000000128
600120.XSHG,2023-07-18,-2.410000000000025
002789.XSHE,2023-07-18,-0.38000000000000256
300371.XSHE,2023-07-18,-4.47999999999999
600556.XSHG,2023-07-18,0.45000000000000284
000820.XSHE,2023-07-18,0.1200000000000001
301321.XSHE,2023-07-18,-0.2799999999999976
300233.XSHE,2023-07-18,0.8999999999999986
300264.XSHE,2023-07-18,-0.6599999999999966
300810.XSHE,2023-07-18,0.21000000000000085
601399.XSHG,2023-07-18,-0.020000000000000018
601975.XSHG,2023-07-18,0.040000000000000036
300303.XSHE,2023-07-18,0.8199999999999932
000565.XSHE,2023-07-18,-0.30999999999999517
002215.XSHE,2023-07-18,-1.269999999999996
605388.XSHG,2023-07-18,0.0
300869.XSHE,2023-07-18,0.120000000000001
688005.XSHG,2023-07-18,-0.3999999999999986
603669.XSHG,2023-07-18,-0.34999999999999964
000568.XSHE,2023-07-18,57.30000000000018
600657.XSHG,2023-07-18,0.1700000000000017
300811.XSHE,2023-07-18,-1.7800000000000011
003043.XSHE,2023-07-18,-0.1700000000000017
000625.XSHE,2023-07-18,-3.1200000000000045
301349.XSHE,2023-07-18,-1.9399999999999977
002824.XSHE,2023-07-18,-0.9299999999999997
603959.XSHG,2023-07-18,0.019999999999999574
301027.XSHE,2023-07-18,0.08000000000000007
002776.XSHE,2023-07-18,0.1399999999999988
300688.XSHE,2023-07-18,0.9599999999999937
688215.XSHG,2023-07-18,1.0399999999999991
603466.XSHG,2023-07-18,1.5799999999999983
000935.XSHE,2023-07-18,-1.3300000000000054
300789.XSHE,2023-07-18,0.2700000000000031
002664.XSHE,2023-07-18,-0.7299999999999969
603799.XSHG,2023-07-18,-3.5799999999999983
600499.XSHG,2023-07-18,-2.5500000000000114
600282.XSHG,2023-07-18,0.16000000000000014
605333.XSHG,2023-07-18,-0.03999999999999915
002625.XSHE,2023-07-18,0.7400000000000091
000880.XSHE,2023-07-18,-0.509999999999998
300515.XSHE,2023-07-18,-0.05000000000000426
000801.XSHE,2023-07-18,0.5900000000000034
002482.XSHE,2023-07-18,0.25
600736.XSHG,2023-07-18,-0.28000000000000114
002339.XSHE,2023-07-18,0.7199999999999989
603259.XSHG,2023-07-18,-3.8799999999999955
688391.XSHG,2023-07-18,-1.9300000000000068
003004.XSHE,2023-07-18,0.4499999999999993
002054.XSHE,2023-07-18,0.0
300304.XSHE,2023-07-18,0.25
600876.XSHG,2023-07-18,-0.48999999999999844
300752.XSHE,2023-07-18,0.23999999999999488
600107.XSHG,2023-07-18,-0.09999999999999964
002715.XSHE,2023-07-18,-0.08999999999999986
002694.XSHE,2023-07-18,-0.5
601318.XSHG,2023-07-18,1.8900000000000148
688658.XSHG,2023-07-18,0.41999999999999815
300490.XSHE,2023-07-18,0.7099999999999937
300210.XSHE,2023-07-18,-0.8399999999999999
603565.XSHG,2023-07-18,-0.03999999999999915
601225.XSHG,2023-07-18,0.3999999999999986
601311.XSHG,2023-07-18,0.030000000000001137
300448.XSHE,2023-07-18,0.39000000000000057
300946.XSHE,2023-07-18,1.1299999999999955
300592.XSHE,2023-07-18,0.10000000000000142
300238.XSHE,2023-07-18,1.8299999999999983
603937.XSHG,2023-07-18,0.019999999999999574
603377.XSHG,2023-07-18,-0.16000000000000014
300077.XSHE,2023-07-18,-1.3900000000000006
301200.XSHE,2023-07-18,-0.259999999999998
300890.XSHE,2023-07-18,0.19000000000000483
600201.XSHG,2023-07-18,-1.2699999999999818
600381.XSHG,2023-07-18,-0.05999999999999872
002871.XSHE,2023-07-18,-0.14999999999999858
300710.XSHE,2023-07-18,0.3999999999999986
002738.XSHE,2023-07-18,5.789999999999992
600640.XSHG,2023-07-18,1.789999999999992
600189.XSHG,2023-07-18,0.05999999999999872
001255.XSHE,2023-07-18,-0.259999999999998
600880.XSHG,2023-07-18,3.5600000000000023
603630.XSHG,2023-07-18,-0.16000000000000014
601155.XSHG,2023-07-18,-0.20000000000000284
300275.XSHE,2023-07-18,-1.1599999999999966
300604.XSHE,2023-07-18,-2.009999999999991
688578.XSHG,2023-07-18,0.23000000000000043
600073.XSHG,2023-07-18,-0.029999999999997584
688161.XSHG,2023-07-18,-0.5799999999999983
300201.XSHE,2023-07-18,0.4299999999999997
000552.XSHE,2023-07-18,0.0
300499.XSHE,2023-07-18,1.25
601933.XSHG,2023-07-18,0.08999999999999986
301229.XSHE,2023-07-18,-1.1300000000000026
300373.XSHE,2023-07-18,-0.5300000000000011
688700.XSHG,2023-07-18,2.8499999999999943
002645.XSHE,2023-07-18,0.8300000000000054
300841.XSHE,2023-07-18,2.329999999999984
601377.XSHG,2023-07-18,0.0
601668.XSHG,2023-07-18,0.10999999999999943
600287.XSHG,2023-07-18,0.5799999999999983
603421.XSHG,2023-07-18,0.4599999999999991
300766.XSHE,2023-07-18,0.379999999999999
301107.XSHE,2023-07-18,-0.1700000000000017
603701.XSHG,2023-07-18,-4.780000000000001
301217.XSHE,2023-07-18,0.11000000000000121
601398.XSHG,2023-07-18,0.07000000000000028
600916.XSHG,2023-07-18,0.03999999999999915
601016.XSHG,2023-07-18,0.02000000000000135
300700.XSHE,2023-07-18,1.1300000000000026
603985.XSHG,2023-07-18,-6.769999999999996
300931.XSHE,2023-07-18,-0.1200000000000001
000048.XSHE,2023-07-18,-10.399999999999977
000915.XSHE,2023-07-18,0.6400000000000006
300011.XSHE,2023-07-18,0.0799999999999983
000548.XSHE,2023-07-18,-0.10999999999999943
000783.XSHE,2023-07-18,-0.45000000000000284
300172.XSHE,2023-07-18,-0.15000000000000568
601890.XSHG,2023-07-18,-0.10999999999999943
301210.XSHE,2023-07-18,0.6899999999999977
002303.XSHE,2023-07-18,0.0
300485.XSHE,2023-07-18,0.21000000000000085
600155.XSHG,2023-07-18,-0.019999999999999574
000875.XSHE,2023-07-18,0.03000000000000025
002178.XSHE,2023-07-18,-0.129999999999999
002718.XSHE,2023-07-18,-0.5600000000000023
601369.XSHG,2023-07-18,-0.019999999999999574
688158.XSHG,2023-07-18,0.5
688045.XSHG,2023-07-18,0.9399999999999977
600486.XSHG,2023-07-18,-11.519999999999982
300648.XSHE,2023-07-18,0.11999999999999744
600078.XSHG,2023-07-18,-0.13000000000000256
600088.XSHG,2023-07-18,2.3799999999999955
603386.XSHG,2023-07-18,0.0400000000000027
300179.XSHE,2023-07-18,-0.8900000000000006
000524.XSHE,2023-07-18,1.9299999999999997
688728.XSHG,2023-07-18,-0.08000000000000185
300108.XSHE,2023-07-18,0.3099999999999987
300970.XSHE,2023-07-18,-0.4299999999999997
002274.XSHE,2023-07-18,-0.41999999999999815
002795.XSHE,2023-07-18,0.36999999999999744
000739.XSHE,2023-07-18,2.8499999999999943
600136.XSHG,2023-07-18,0.07000000000000028
600622.XSHG,2023-07-18,5.899999999999977
688456.XSHG,2023-07-18,0.21999999999999886
300009.XSHE,2023-07-18,0.37999999999999545
002636.XSHE,2023-07-18,0.23999999999999844
300278.XSHE,2023-07-18,0.259999999999998
600706.XSHG,2023-07-18,0.4099999999999966
300806.XSHE,2023-07-18,-2.5400000000000063
300835.XSHE,2023-07-18,-1.509999999999998
300056.XSHE,2023-07-18,0.9600000000000009
002785.XSHE,2023-07-18,-0.879999999999999
301007.XSHE,2023-07-18,-0.2799999999999976
601515.XSHG,2023-07-18,-0.08999999999999986
300994.XSHE,2023-07-18,-0.13000000000000256
688239.XSHG,2023-07-18,1.0900000000000034
603912.XSHG,2023-07-18,0.120000000000001
002552.XSHE,2023-07-18,-0.25
301359.XSHE,2023-07-18,1.4700000000000024
300465.XSHE,2023-07-18,0.5500000000000007
002617.XSHE,2023-07-18,-1.7199999999999989
300887.XSHE,2023-07-18,2.280000000000001
600292.XSHG,2023-07-18,0.0
688655.XSHG,2023-07-18,-0.14999999999999858
002068.XSHE,2023-07-18,-1.9699999999999989
300808.XSHE,2023-07-18,-0.16000000000000014
688659.XSHG,2023-07-18,0.6799999999999997
688167.XSHG,2023-07-18,3.980000000000004
688656.XSHG,2023-07-18,0.2700000000000031
600628.XSHG,2023-07-18,-3.3999999999999773
603089.XSHG,2023-07-18,-0.019999999999999574
605598.XSHG,2023-07-18,0.8900000000000006
600692.XSHG,2023-07-18,-0.8099999999999881
000096.XSHE,2023-07-18,-0.23000000000000043
603301.XSHG,2023-07-18,0.05000000000000426
300066.XSHE,2023-07-18,-0.21000000000000796
301162.XSHE,2023-07-18,1.8599999999999994
600212.XSHG,2023-07-18,0.46000000000000085
605186.XSHG,2023-07-18,-0.00999999999999801
688628.XSHG,2023-07-18,-0.25
600313.XSHG,2023-07-18,1.2999999999999972
600352.XSHG,2023-07-18,-1.1999999999999886
688357.XSHG,2023-07-18,-1.5999999999999943
300295.XSHE,2023-07-18,1.009999999999998
601555.XSHG,2023-07-18,-0.08999999999999986
600660.XSHG,2023-07-18,-41.23000000000002
002495.XSHE,2023-07-18,-0.28999999999999915
000630.XSHE,2023-07-18,-0.3100000000000023
605377.XSHG,2023-07-18,-0.1999999999999993
002631.XSHE,2023-07-18,-0.1700000000000017
002533.XSHE,2023-07-18,-0.269999999999996
301335.XSHE,2023-07-18,-0.11999999999999744
603828.XSHG,2023-07-18,-0.09999999999999964
603727.XSHG,2023-07-18,0.05000000000000071
301010.XSHE,2023-07-18,-0.21000000000000085
002641.XSHE,2023-07-18,-0.4399999999999977
301388.XSHE,2023-07-18,1.6600000000000001
603690.XSHG,2023-07-18,0.3500000000000014
300298.XSHE,2023-07-18,0.18999999999999773
600589.XSHG,2023-07-18,0.6899999999999995
300422.XSHE,2023-07-18,0.10000000000000142
002056.XSHE,2023-07-18,1.289999999999992
002153.XSHE,2023-07-18,11.519999999999982
002783.XSHE,2023-07-18,-0.6099999999999994
002457.XSHE,2023-07-18,0.1700000000000017
600728.XSHG,2023-07-18,1.809999999999988
300695.XSHE,2023-07-18,0.12999999999999545
688286.XSHG,2023-07-18,1.4500000000000028
000826.XSHE,2023-07-18,0.16999999999999815
002863.XSHE,2023-07-18,-0.2599999999999998
301277.XSHE,2023-07-18,0.1999999999999993
300554.XSHE,2023-07-18,-0.0899999999999963
300733.XSHE,2023-07-18,0.05000000000000071
601611.XSHG,2023-07-18,0.0
600717.XSHG,2023-07-18,-0.6699999999999875
300377.XSHE,2023-07-18,0.3199999999999932
600829.XSHG,2023-07-18,-0.18999999999999773
002269.XSHE,2023-07-18,-0.040000000000000036
603186.XSHG,2023-07-18,-0.39000000000000057
002646.XSHE,2023-07-18,0.11000000000000121
000807.XSHE,2023-07-18,-1.3299999999999983
688256.XSHG,2023-07-18,11.949999999999989
002946.XSHE,2023-07-18,0.05999999999999872
688278.XSHG,2023-07-18,-0.04999999999999716
001308.XSHE,2023-07-18,0.0
002414.XSHE,2023-07-18,1.730000000000004
001205.XSHE,2023-07-18,-0.07000000000000028
601009.XSHG,2023-07-18,0.3200000000000003
301096.XSHE,2023-07-18,-0.0800000000000054
300163.XSHE,2023-07-18,-0.18999999999999773
002620.XSHE,2023-07-18,-0.0799999999999983
300933.XSHE,2023-07-18,0.040000000000000924
605055.XSHG,2023-07-18,-0.0600000000000005
300652.XSHE,2023-07-18,0.0400000000000027
300773.XSHE,2023-07-18,0.46000000000000085
300623.XSHE,2023-07-18,-0.5
300896.XSHE,2023-07-18,-9.480000000000018
002815.XSHE,2023-07-18,0.129999999999999
002126.XSHE,2023-07-18,-2.030000000000001
603016.XSHG,2023-07-18,0.20000000000000284
002381.XSHE,2023-07-18,-0.4200000000000017
601528.XSHG,2023-07-18,-0.05999999999999961
002454.XSHE,2023-07-18,-0.4400000000000013
301395.XSHE,2023-07-18,-0.03999999999999915
600372.XSHG,2023-07-18,-1.0300000000000011
601588.XSHG,2023-07-18,0.0
603191.XSHG,2023-07-18,-0.9200000000000017
001256.XSHE,2023-07-18,0.3000000000000007
000822.XSHE,2023-07-18,-0.04999999999999716
002682.XSHE,2023-07-18,0.0
601000.XSHG,2023-07-18,0.1999999999999993
002665.XSHE,2023-07-18,-0.5499999999999972
301262.XSHE,2023-07-18,0.9800000000000004
002731.XSHE,2023-07-18,-0.28000000000000114
600733.XSHG,2023-07-18,-0.8999999999999986
003008.XSHE,2023-07-18,0.120000000000001
301220.XSHE,2023-07-18,-1.1099999999999994
688343.XSHG,2023-07-18,0.4200000000000017
600780.XSHG,2023-07-18,0.6899999999999977
001289.XSHE,2023-07-18,0.39000000000000057
000937.XSHE,2023-07-18,0.4399999999999977
300449.XSHE,2023-07-18,0.870000000000001
600273.XSHG,2023-07-18,-0.21000000000000085
688618.XSHG,2023-07-18,3.030000000000001
300745.XSHE,2023-07-18,-1.0
603161.XSHG,2023-07-18,-0.0799999999999983
002735.XSHE,2023-07-18,0.3100000000000023
600257.XSHG,2023-07-18,0.269999999999996
603335.XSHG,2023-07-18,-0.019999999999999574
300670.XSHE,2023-07-18,0.21999999999999886
002705.XSHE,2023-07-18,0.6800000000000068
300682.XSHE,2023-07-18,0.9099999999999966
600626.XSHG,2023-07-18,-0.5700000000000003
603776.XSHG,2023-07-18,-0.7100000000000009
300579.XSHE,2023-07-18,3.2900000000000063
601898.XSHG,2023-07-18,0.08999999999999986
300940.XSHE,2023-07-18,-0.14000000000000057
002672.XSHE,2023-07-18,-0.12000000000000455
300137.XSHE,2023-07-18,-0.14000000000000057
300110.XSHE,2023-07-18,0.05000000000000071
688036.XSHG,2023-07-18,2.960000000000008
601107.XSHG,2023-07-18,-0.07000000000000028
603739.XSHG,2023-07-18,-0.16999999999999815
300821.XSHE,2023-07-18,-0.030000000000001137
301011.XSHE,2023-07-18,0.8699999999999974
601606.XSHG,2023-07-18,-0.16999999999999993
002441.XSHE,2023-07-18,1.0300000000000011
002340.XSHE,2023-07-18,0.0
688680.XSHG,2023-07-18,2.779999999999987
000541.XSHE,2023-07-18,-0.9599999999999795
002443.XSHE,2023-07-18,-0.0400000000000027
603133.XSHG,2023-07-18,-0.03000000000000025
688061.XSHG,2023-07-18,-1.3599999999999994
688237.XSHG,2023-07-18,0.6099999999999994
001319.XSHE,2023-07-18,-0.5199999999999996
301233.XSHE,2023-07-18,-0.04999999999999716
600969.XSHG,2023-07-18,0.14000000000000057
000546.XSHE,2023-07-18,-0.21999999999999886
300671.XSHE,2023-07-18,-0.12999999999999545
600229.XSHG,2023-07-18,0.39000000000000057
600645.XSHG,2023-07-18,-0.4200000000000159
000723.XSHE,2023-07-18,-1.4600000000000009
300175.XSHE,2023-07-18,0.04999999999999716
300975.XSHE,2023-07-18,0.7400000000000002
600510.XSHG,2023-07-18,-0.25
000089.XSHE,2023-07-18,-0.5900000000000034
300861.XSHE,2023-07-18,-0.990000000000002
300308.XSHE,2023-07-18,41.33000000000004
600023.XSHG,2023-07-18,0.08999999999999986
603290.XSHG,2023-07-18,2.75
001231.XSHE,2023-07-18,-0.26000000000000156
688207.XSHG,2023-07-18,1.1299999999999955
600685.XSHG,2023-07-18,0.14000000000000057
601991.XSHG,2023-07-18,0.08999999999999986
603130.XSHG,2023-07-18,-2.129999999999999
301158.XSHE,2023-07-18,0.1999999999999993
300390.XSHE,2023-07-18,6.109999999999957
603100.XSHG,2023-07-18,2.0
605577.XSHG,2023-07-18,0.27999999999999936
300938.XSHE,2023-07-18,-0.46999999999999886
301291.XSHE,2023-07-18,-0.020000000000003126
600502.XSHG,2023-07-18,0.0
603516.XSHG,2023-07-18,-0.23000000000000398
603719.XSHG,2023-07-18,0.019999999999999574
000790.XSHE,2023-07-18,1.269999999999996
300450.XSHE,2023-07-18,8.07000000000005
000061.XSHE,2023-07-18,-0.9099999999999966
600537.XSHG,2023-07-18,0.2699999999999996
603725.XSHG,2023-07-18,-0.22000000000000064
300543.XSHE,2023-07-18,0.27999999999999403
301069.XSHE,2023-07-18,-0.6600000000000001
300644.XSHE,2023-07-18,-0.11000000000000654
002327.XSHE,2023-07-18,-1.4899999999999949
603601.XSHG,2023-07-18,-0.6700000000000017
688382.XSHG,2023-07-18,0.040000000000000924
600004.XSHG,2023-07-18,-0.5200000000000031
300417.XSHE,2023-07-18,-0.21999999999999886
600169.XSHG,2023-07-18,0.0
600128.XSHG,2023-07-18,0.11999999999999744
600531.XSHG,2023-07-18,-0.45000000000000284
600642.XSHG,2023-07-18,0.6799999999999926
603826.XSHG,2023-07-18,1.0
688085.XSHG,2023-07-18,0.5299999999999976
600835.XSHG,2023-07-18,0.6700000000000017
301289.XSHE,2023-07-18,-0.4100000000000037
000708.XSHE,2023-07-18,-0.3299999999999983
300111.XSHE,2023-07-18,0.0
002698.XSHE,2023-07-18,0.259999999999998
688097.XSHG,2023-07-18,0.509999999999998
600329.XSHG,2023-07-18,3.640000000000015
000156.XSHE,2023-07-18,0.21999999999999886
002659.XSHE,2023-07-18,0.08000000000000007
601882.XSHG,2023-07-18,0.4299999999999997
300407.XSHE,2023-07-18,0.0
300381.XSHE,2023-07-18,-1.1499999999999986
601666.XSHG,2023-07-18,0.0
600281.XSHG,2023-07-18,0.0
603168.XSHG,2023-07-18,0.8100000000000023
002707.XSHE,2023-07-18,0.6099999999999994
600180.XSHG,2023-07-18,-0.17999999999999972
300591.XSHE,2023-07-18,0.049999999999998934
603137.XSHG,2023-07-18,-0.28000000000000114
605488.XSHG,2023-07-18,-0.07000000000000028
002152.XSHE,2023-07-18,-0.18000000000000682
688580.XSHG,2023-07-18,1.9299999999999926
688293.XSHG,2023-07-18,0.37999999999999545
000413.XSHE,2023-07-18,-0.09000000000000075
300102.XSHE,2023-07-18,0.0
603979.XSHG,2023-07-18,-0.6700000000000017
002320.XSHE,2023-07-18,0.269999999999996
601058.XSHG,2023-07-18,-2.6600000000000037
002590.XSHE,2023-07-18,2.1700000000000017
002637.XSHE,2023-07-18,-0.35999999999999943
600165.XSHG,2023-07-18,-0.10000000000000142
002006.XSHE,2023-07-18,1.7199999999999989
600601.XSHG,2023-07-18,106.21999999999753
300320.XSHE,2023-07-18,-0.3500000000000085
600616.XSHG,2023-07-18,11.460000000000036
601500.XSHG,2023-07-18,-0.03000000000000025
603477.XSHG,2023-07-18,-0.3100000000000023
300596.XSHE,2023-07-18,-0.740000000000002
003011.XSHE,2023-07-18,-3.030000000000001
300550.XSHE,2023-07-18,0.02999999999999403
600488.XSHG,2023-07-18,0.07000000000000028
300272.XSHE,2023-07-18,-0.46999999999999886
601800.XSHG,2023-07-18,0.40000000000000036
600547.XSHG,2023-07-18,-2.6399999999999864
002918.XSHE,2023-07-18,-1.75
300667.XSHE,2023-07-18,-0.7399999999999949
002039.XSHE,2023-07-18,0.0
000543.XSHE,2023-07-18,0.8599999999999994
688010.XSHG,2023-07-18,0.39000000000000057
300131.XSHE,2023-07-18,0.0
002360.XSHE,2023-07-18,-0.6300000000000026
000078.XSHE,2023-07-18,-0.21000000000000085
001336.XSHE,2023-07-18,0.05000000000000071
002154.XSHE,2023-07-18,3.680000000000007
300461.XSHE,2023-07-18,0.8699999999999974
600768.XSHG,2023-07-18,-0.3299999999999983
603197.XSHG,2023-07-18,0.6600000000000108
000971.XSHE,2023-07-18,-0.040000000000000036
300479.XSHE,2023-07-18,0.5899999999999963
003031.XSHE,2023-07-18,10.139999999999986
300548.XSHE,2023-07-18,4.719999999999999
300394.XSHE,2023-07-18,4.460000000000036
600577.XSHG,2023-07-18,0.25
600682.XSHG,2023-07-18,-0.269999999999996
002104.XSHE,2023-07-18,0.5399999999999991
601958.XSHG,2023-07-18,0.019999999999999574
300457.XSHE,2023-07-18,3.0999999999999943
300628.XSHE,2023-07-18,1.8199999999999363
300783.XSHE,2023-07-18,0.05000000000000071
600552.XSHG,2023-07-18,0.3400000000000034
601789.XSHG,2023-07-18,0.05000000000000071
300324.XSHE,2023-07-18,0.7599999999999909
688433.XSHG,2023-07-18,0.519999999999996
000534.XSHE,2023-07-18,0.0
300086.XSHE,2023-07-18,0.23999999999999844
300765.XSHE,2023-07-18,1.1099999999999994
300703.XSHE,2023-07-18,0.029999999999997584
002821.XSHE,2023-07-18,1.9700000000000273
002429.XSHE,2023-07-18,-0.5399999999999991
603995.XSHG,2023-07-18,-0.519999999999996
605020.XSHG,2023-07-18,0.36999999999999744
301110.XSHE,2023-07-18,1.3499999999999943
301365.XSHE,2023-07-18,0.1999999999999993
605088.XSHG,2023-07-18,-0.3099999999999987
603518.XSHG,2023-07-18,-0.009999999999999787
603003.XSHG,2023-07-18,0.0600000000000005
600020.XSHG,2023-07-18,-0.08000000000000007
600860.XSHG,2023-07-18,-2.1999999999999993
603599.XSHG,2023-07-18,-0.8799999999999955
300063.XSHE,2023-07-18,0.46999999999999886
002930.XSHE,2023-07-18,-0.22999999999999687
600362.XSHG,2023-07-18,-0.04999999999999716
600048.XSHG,2023-07-18,-3.6899999999999977
603515.XSHG,2023-07-18,0.13999999999999702
000429.XSHE,2023-07-18,-0.4200000000000017
002843.XSHE,2023-07-18,0.5899999999999963
300598.XSHE,2023-07-18,-2.5700000000000074
002846.XSHE,2023-07-18,-0.4199999999999946
600580.XSHG,2023-07-18,-0.6700000000000017
600576.XSHG,2023-07-18,0.41000000000000014
000526.XSHE,2023-07-18,-0.3400000000000034
600665.XSHG,2023-07-18,0.05000000000000071
000007.XSHE,2023-07-18,0.240000000000002
603337.XSHG,2023-07-18,-0.39000000000000057
300020.XSHE,2023-07-18,0.4099999999999966
688218.XSHG,2023-07-18,0.23000000000000043
688623.XSHG,2023-07-18,0.7199999999999989
000166.XSHE,2023-07-18,0.010000000000000675
002403.XSHE,2023-07-18,0.25
301016.XSHE,2023-07-18,0.08999999999999986
301116.XSHE,2023-07-18,-0.05000000000000071
300467.XSHE,2023-07-18,1.6500000000000057
605005.XSHG,2023-07-18,0.2799999999999976
300105.XSHE,2023-07-18,-0.46000000000000085
300901.XSHE,2023-07-18,0.4900000000000002
301318.XSHE,2023-07-18,-0.3500000000000014
000697.XSHE,2023-07-18,0.11000000000000298
601828.XSHG,2023-07-18,-0.16999999999999993
688670.XSHG,2023-07-18,0.15000000000000568
301028.XSHE,2023-07-18,-0.1899999999999995
002367.XSHE,2023-07-18,-0.8699999999999903
002322.XSHE,2023-07-18,0.509999999999998
600031.XSHG,2023-07-18,-6.150000000000091
002949.XSHE,2023-07-18,0.11999999999999922
301195.XSHE,2023-07-18,-0.4099999999999966
603139.XSHG,2023-07-18,0.0
600319.XSHG,2023-07-18,0.0
688327.XSHG,2023-07-18,0.5899999999999999
002023.XSHE,2023-07-18,1.7399999999999949
301161.XSHE,2023-07-18,0.23000000000000043
002476.XSHE,2023-07-18,-0.5800000000000018
600153.XSHG,2023-07-18,-1.789999999999992
000651.XSHE,2023-07-18,-71.66000000000076
000798.XSHE,2023-07-18,-0.14000000000000057
603329.XSHG,2023-07-18,-0.2400000000000002
002129.XSHE,2023-07-18,3.0800000000000125
600283.XSHG,2023-07-18,0.3500000000000014
300354.XSHE,2023-07-18,1.2199999999999989
688486.XSHG,2023-07-18,6.25
601998.XSHG,2023-07-18,0.16000000000000014
603408.XSHG,2023-07-18,-0.1999999999999993
002575.XSHE,2023-07-18,-0.08999999999999986
301261.XSHE,2023-07-18,-0.02999999999999403
300812.XSHE,2023-07-18,-2.789999999999999
002067.XSHE,2023-07-18,-0.049999999999998934
601689.XSHG,2023-07-18,-3.769999999999996
603069.XSHG,2023-07-18,0.0799999999999983
002368.XSHE,2023-07-18,-2.9399999999999977
000401.XSHE,2023-07-18,-0.5
688039.XSHG,2023-07-18,-0.38000000000000256
600119.XSHG,2023-07-18,-0.3200000000000003
600276.XSHG,2023-07-18,12.929999999999836
688535.XSHG,2023-07-18,4.510000000000005
603332.XSHG,2023-07-18,0.0
300117.XSHE,2023-07-18,-0.129999999999999
300402.XSHE,2023-07-18,-0.3200000000000003
002093.XSHE,2023-07-18,1.7099999999999937
600006.XSHG,2023-07-18,-0.639999999999997
603150.XSHG,2023-07-18,-0.33000000000000185
002101.XSHE,2023-07-18,-3.8900000000000006
000539.XSHE,2023-07-18,2.8400000000000034
002897.XSHE,2023-07-18,0.37999999999999545
300192.XSHE,2023-07-18,0.25
601038.XSHG,2023-07-18,-0.3800000000000008
688062.XSHG,2023-07-18,0.14000000000000057
300577.XSHE,2023-07-18,-0.6400000000000006
002024.XSHE,2023-07-18,0.0
688080.XSHG,2023-07-18,0.4399999999999977
301072.XSHE,2023-07-18,0.4800000000000004
688059.XSHG,2023-07-18,4.109999999999999
600498.XSHG,2023-07-18,1.0800000000000125
000593.XSHE,2023-07-18,-0.6300000000000026
002878.XSHE,2023-07-18,0.4399999999999977
300445.XSHE,2023-07-18,-0.09999999999999432
300595.XSHE,2023-07-18,1.6299999999999955
300966.XSHE,2023-07-18,-0.17999999999999972
300072.XSHE,2023-07-18,-0.4099999999999966
002365.XSHE,2023-07-18,-0.3399999999999963
300370.XSHE,2023-07-18,0.8200000000000003
300908.XSHE,2023-07-18,0.17999999999999972
600901.XSHG,2023-07-18,0.009999999999999787
603718.XSHG,2023-07-18,0.05000000000000071
300078.XSHE,2023-07-18,1.009999999999998
600719.XSHG,2023-07-18,-0.5
600370.XSHG,2023-07-18,-0.14999999999999858
605368.XSHG,2023-07-18,-0.21000000000000085
603109.XSHG,2023-07-18,0.2699999999999996
603648.XSHG,2023-07-18,-0.02999999999999936
002537.XSHE,2023-07-18,-0.21000000000000085
300653.XSHE,2023-07-18,-0.030000000000001137
000650.XSHE,2023-07-18,-0.5099999999999909
300121.XSHE,2023-07-18,-0.25
601121.XSHG,2023-07-18,-0.009999999999999787
603659.XSHG,2023-07-18,-0.5
605305.XSHG,2023-07-18,0.2700000000000031
600081.XSHG,2023-07-18,0.29000000000000625
600746.XSHG,2023-07-18,-1.0799999999999983
002595.XSHE,2023-07-18,-1.6100000000000136
300891.XSHE,2023-07-18,-0.14999999999999858
000779.XSHE,2023-07-18,-0.09999999999999787
688478.XSHG,2023-07-18,-0.05999999999999517
688208.XSHG,2023-07-18,0.5899999999999999
300839.XSHE,2023-07-18,0.28999999999999915
000757.XSHE,2023-07-18,-0.3000000000000007
300629.XSHE,2023-07-18,-0.5399999999999991
002412.XSHE,2023-07-18,0.46000000000000085
601231.XSHG,2023-07-18,0.259999999999998
600599.XSHG,2023-07-18,0.4200000000000017
600111.XSHG,2023-07-18,-2.410000000000025
300200.XSHE,2023-07-18,-0.3200000000000003
301223.XSHE,2023-07-18,0.33000000000000185
688175.XSHG,2023-07-18,0.990000000000002
603656.XSHG,2023-07-18,-0.0400000000000027
688041.XSHG,2023-07-18,2.769999999999996
605299.XSHG,2023-07-18,0.17999999999999972
603026.XSHG,2023-07-18,-1.4600000000000009
301009.XSHE,2023-07-18,-0.1800000000000015
600516.XSHG,2023-07-18,-0.269999999999996
603890.XSHG,2023-07-18,-0.05999999999999872
605566.XSHG,2023-07-18,0.25
600811.XSHG,2023-07-18,-0.1599999999999966
688029.XSHG,2023-07-18,-1.3399999999999892
605376.XSHG,2023-07-18,0.10000000000000142
600529.XSHG,2023-07-18,-2.8000000000000114
603111.XSHG,2023-07-18,-0.049999999999998934
000727.XSHE,2023-07-18,-0.120000000000001
600072.XSHG,2023-07-18,-1.2800000000000011
688220.XSHG,2023-07-18,-0.8799999999999955
600009.XSHG,2023-07-18,0.9499999999999886
600977.XSHG,2023-07-18,0.21000000000000085
603222.XSHG,2023-07-18,0.629999999999999
688136.XSHG,2023-07-18,-0.2699999999999996
000856.XSHE,2023-07-18,0.09999999999999787
601878.XSHG,2023-07-18,-0.010000000000001563
300995.XSHE,2023-07-18,0.17999999999999972
603822.XSHG,2023-07-18,-0.09000000000000341
000938.XSHE,2023-07-18,5.52000000000001
002676.XSHE,2023-07-18,-0.14000000000000057
603288.XSHG,2023-07-18,5.589999999999975
301053.XSHE,2023-07-18,1.379999999999999
600602.XSHG,2023-07-18,398.96000000000004
603399.XSHG,2023-07-18,-0.1999999999999993
002857.XSHE,2023-07-18,0.39000000000000057
301089.XSHE,2023-07-18,2.1400000000000006
600158.XSHG,2023-07-18,1.9599999999999937
688389.XSHG,2023-07-18,-0.5299999999999976
600062.XSHG,2023-07-18,1.0300000000000011
301358.XSHE,2023-07-18,0.9299999999999997
300991.XSHE,2023-07-18,1.4500000000000028
300475.XSHE,2023-07-18,4.390000000000001
000893.XSHE,2023-07-18,-0.03999999999999915
300918.XSHE,2023-07-18,-0.07000000000000028
301345.XSHE,2023-07-18,-2.3599999999999994
002532.XSHE,2023-07-18,0.240000000000002
300128.XSHE,2023-07-18,-0.6000000000000014
603213.XSHG,2023-07-18,-0.22000000000000064
300630.XSHE,2023-07-18,-0.3199999999999932
002004.XSHE,2023-07-18,-0.8999999999999915
600790.XSHG,2023-07-18,-0.38000000000000256
301236.XSHE,2023-07-18,1.1799999999999997
300500.XSHE,2023-07-18,0.0799999999999983
688295.XSHG,2023-07-18,0.21000000000000085
688089.XSHG,2023-07-18,0.26000000000000156
002373.XSHE,2023-07-18,3.289999999999999
002453.XSHE,2023-07-18,-0.21000000000000085
300711.XSHE,2023-07-18,0.509999999999998
002264.XSHE,2023-07-18,-0.2799999999999976
300936.XSHE,2023-07-18,0.6099999999999994
605300.XSHG,2023-07-18,0.019999999999999574
603297.XSHG,2023-07-18,0.09999999999999432
000989.XSHE,2023-07-18,0.04999999999999716
603218.XSHG,2023-07-18,0.060000000000002274
002484.XSHE,2023-07-18,-0.9099999999999966
688184.XSHG,2023-07-18,-0.00999999999999801
603880.XSHG,2023-07-18,0.0600000000000005
301120.XSHE,2023-07-18,-0.5799999999999983
000655.XSHE,2023-07-18,0.11999999999999744
301272.XSHE,2023-07-18,4.390000000000001
300188.XSHE,2023-07-18,7.399999999999977
603878.XSHG,2023-07-18,0.28000000000000114
688189.XSHG,2023-07-18,0.060000000000002274
000501.XSHE,2023-07-18,-0.9000000000000057
603663.XSHG,2023-07-18,-0.08999999999999986
002830.XSHE,2023-07-18,0.0
300300.XSHE,2023-07-18,0.40000000000000213
000060.XSHE,2023-07-18,-3.2099999999999795
300170.XSHE,2023-07-18,1.0600000000000023
002459.XSHE,2023-07-18,1.8400000000000034
600322.XSHG,2023-07-18,-0.08999999999999986
688249.XSHG,2023-07-18,-0.05999999999999872
301293.XSHE,2023-07-18,0.8799999999999955
001368.XSHE,2023-07-18,0.129999999999999
300649.XSHE,2023-07-18,-1.0700000000000003
600501.XSHG,2023-07-18,-0.6200000000000045
000680.XSHE,2023-07-18,0.0
002226.XSHE,2023-07-18,-0.269999999999996
300705.XSHE,2023-07-18,1.2399999999999949
601628.XSHG,2023-07-18,0.1699999999999946
688148.XSHG,2023-07-18,0.02999999999999936
300495.XSHE,2023-07-18,-0.08000000000000007
300576.XSHE,2023-07-18,1.25
600480.XSHG,2023-07-18,-0.6400000000000006
300945.XSHE,2023-07-18,-0.019999999999999574
688205.XSHG,2023-07-18,2.6500000000000057
300169.XSHE,2023-07-18,-0.41000000000000014
301190.XSHE,2023-07-18,-0.09999999999999787
603619.XSHG,2023-07-18,0.4599999999999973
301006.XSHE,2023-07-18,-0.019999999999999574
000416.XSHE,2023-07-18,-1.0100000000000016
002122.XSHE,2023-07-18,1.1099999999999994
002435.XSHE,2023-07-18,-0.08999999999999986
688589.XSHG,2023-07-18,-0.4100000000000037
603088.XSHG,2023-07-18,-0.8900000000000006
600557.XSHG,2023-07-18,3.3500000000000227
002845.XSHE,2023-07-18,0.46000000000000085
603387.XSHG,2023-07-18,0.46000000000000085
300203.XSHE,2023-07-18,-0.33999999999999986
300375.XSHE,2023-07-18,-0.4800000000000004
600837.XSHG,2023-07-18,0.23999999999998067
603138.XSHG,2023-07-18,2.0600000000000023
688697.XSHG,2023-07-18,0.4799999999999969
600249.XSHG,2023-07-18,0.0
600515.XSHG,2023-07-18,-0.09999999999999964
688262.XSHG,2023-07-18,-0.21999999999999886
000950.XSHE,2023-07-18,0.03999999999999915
603099.XSHG,2023-07-18,-0.620000000000001
688539.XSHG,2023-07-18,0.0
605198.XSHG,2023-07-18,0.10000000000000142
002991.XSHE,2023-07-18,0.04000000000000625
300368.XSHE,2023-07-18,1.3900000000000006
300760.XSHE,2023-07-18,3.759999999999991
002291.XSHE,2023-07-18,0.33000000000000185
600303.XSHG,2023-07-18,-0.8599999999999994
688103.XSHG,2023-07-18,1.4199999999999875
300662.XSHE,2023-07-18,0.5399999999999991
000718.XSHE,2023-07-18,-0.08999999999999986
000895.XSHE,2023-07-18,3.2099999999999227
002555.XSHE,2023-07-18,10.549999999999955
300159.XSHE,2023-07-18,-0.7299999999999969
300834.XSHE,2023-07-18,-0.2099999999999973
688619.XSHG,2023-07-18,0.3600000000000012
002921.XSHE,2023-07-18,-0.3000000000000007
600350.XSHG,2023-07-18,-0.46000000000000085
600782.XSHG,2023-07-18,-0.269999999999996
300256.XSHE,2023-07-18,-0.05000000000000071
603313.XSHG,2023-07-18,-0.6899999999999977
002972.XSHE,2023-07-18,0.10999999999999943
001234.XSHE,2023-07-18,0.3500000000000014
600871.XSHG,2023-07-18,0.0
600305.XSHG,2023-07-18,-0.4099999999999966
600008.XSHG,2023-07-18,-0.08999999999999986
300161.XSHE,2023-07-18,0.8400000000000034
688268.XSHG,2023-07-18,-0.2599999999999909
600439.XSHG,2023-07-18,0.1599999999999966
600906.XSHG,2023-07-18,0.040000000000000036
002085.XSHE,2023-07-18,-1.6099999999999994
603767.XSHG,2023-07-18,0.1999999999999993
002346.XSHE,2023-07-18,-0.17999999999999972
000936.XSHE,2023-07-18,2.3900000000000006
688410.XSHG,2023-07-18,-0.19999999999999574
002031.XSHE,2023-07-18,-3.269999999999996
688050.XSHG,2023-07-18,-0.8799999999999955
002026.XSHE,2023-07-18,0.7100000000000009
301209.XSHE,2023-07-18,-0.259999999999998
603187.XSHG,2023-07-18,-0.6099999999999994
002633.XSHE,2023-07-18,0.03999999999999915
000678.XSHE,2023-07-18,-0.75
603013.XSHG,2023-07-18,-0.240000000000002
000969.XSHE,2023-07-18,-0.8200000000000074
002858.XSHE,2023-07-18,1.7700000000000031
300889.XSHE,2023-07-18,0.0
300039.XSHE,2023-07-18,0.9399999999999977
600267.XSHG,2023-07-18,0.21000000000000796
301315.XSHE,2023-07-18,1.7299999999999969
688778.XSHG,2023-07-18,-0.03999999999999204
688156.XSHG,2023-07-18,0.10999999999999943
000980.XSHE,2023-07-18,-0.6500000000000004
688559.XSHG,2023-07-18,-0.6300000000000026
002014.XSHE,2023-07-18,-1.2600000000000051
002045.XSHE,2023-07-18,0.7599999999999909
301165.XSHE,2023-07-18,2.1799999999999997
300840.XSHE,2023-07-18,0.0
002765.XSHE,2023-07-18,-0.39000000000000057
002047.XSHE,2023-07-18,0.09999999999999964
002654.XSHE,2023-07-18,2.6700000000000017
600617.XSHG,2023-07-18,0.8599999999999852
301206.XSHE,2023-07-18,0.6400000000000006
603022.XSHG,2023-07-18,-0.05000000000000071
603188.XSHG,2023-07-18,0.0
688380.XSHG,2023-07-18,-0.25
002905.XSHE,2023-07-18,1.0899999999999999
600030.XSHG,2023-07-18,0.5499999999999972
603611.XSHG,2023-07-18,0.030000000000001137
002249.XSHE,2023-07-18,-1.289999999999992
603786.XSHG,2023-07-18,-3.700000000000003
002007.XSHE,2023-07-18,11.980000000000018
603178.XSHG,2023-07-18,-0.17999999999999972
688152.XSHG,2023-07-18,4.069999999999993
300155.XSHE,2023-07-18,-0.3300000000000054
600272.XSHG,2023-07-18,-0.0600000000000005
000516.XSHE,2023-07-18,13.75
300243.XSHE,2023-07-18,-0.35999999999999943
000898.XSHE,2023-07-18,0.02999999999999936
605068.XSHG,2023-07-18,-0.0799999999999983
688525.XSHG,2023-07-18,2.719999999999999
002788.XSHE,2023-07-18,0.18999999999999773
601868.XSHG,2023-07-18,0.010000000000000231
603938.XSHG,2023-07-18,2.039999999999992
688696.XSHG,2023-07-18,-1.2199999999999989
605011.XSHG,2023-07-18,0.29999999999999716
003027.XSHE,2023-07-18,-0.030000000000001137
002263.XSHE,2023-07-18,-0.08999999999999986
000679.XSHE,2023-07-18,-0.3500000000000014
605369.XSHG,2023-07-18,3.700000000000003
002563.XSHE,2023-07-18,0.39000000000000057
600097.XSHG,2023-07-18,-0.1399999999999988
688236.XSHG,2023-07-18,0.21999999999999886
600805.XSHG,2023-07-18,-0.35999999999999943
300091.XSHE,2023-07-18,-0.8599999999999994
000793.XSHE,2023-07-18,0.26000000000000156
603129.XSHG,2023-07-18,-0.8299999999999841
002058.XSHE,2023-07-18,-0.07000000000000028
002832.XSHE,2023-07-18,1.6599999999999966
300868.XSHE,2023-07-18,-1.3599999999999994
301000.XSHE,2023-07-18,1.1799999999999926
688352.XSHG,2023-07-18,0.040000000000000924
002790.XSHE,2023-07-18,0.030000000000001137
600817.XSHG,2023-07-18,-0.9099999999999966
002938.XSHE,2023-07-18,-0.060000000000002274
002528.XSHE,2023-07-18,0.8299999999999983
002977.XSHE,2023-07-18,0.21999999999999886
000712.XSHE,2023-07-18,-0.6599999999999966
000005.XSHE,2023-07-18,-0.09999999999999964
000816.XSHE,2023-07-18,-0.45000000000000284
300333.XSHE,2023-07-18,0.10000000000000142
002107.XSHE,2023-07-18,-0.22999999999999687
301018.XSHE,2023-07-18,0.8000000000000043
300411.XSHE,2023-07-18,0.03999999999999915
301299.XSHE,2023-07-18,2.5400000000000063
002011.XSHE,2023-07-18,-2.719999999999999
301314.XSHE,2023-07-18,1.4099999999999966
600629.XSHG,2023-07-18,0.9699999999999989
001236.XSHE,2023-07-18,0.009999999999999787
002547.XSHE,2023-07-18,-0.19000000000000128
600865.XSHG,2023-07-18,-0.28999999999999915
603067.XSHG,2023-07-18,-0.129999999999999
000031.XSHE,2023-07-18,-0.37999999999999545
002963.XSHE,2023-07-18,-0.07000000000000028
600990.XSHG,2023-07-18,-1.0
688513.XSHG,2023-07-18,-0.10999999999999943
002838.XSHE,2023-07-18,-0.3999999999999915
002839.XSHE,2023-07-18,0.0
600850.XSHG,2023-07-18,4.25
002207.XSHE,2023-07-18,-0.1399999999999988
603355.XSHG,2023-07-18,-0.6600000000000037
002336.XSHE,2023-07-18,-0.23000000000000043
300833.XSHE,2023-07-18,1.5799999999999983
002867.XSHE,2023-07-18,0.8399999999999963
603683.XSHG,2023-07-18,0.33999999999999986
600543.XSHG,2023-07-18,0.0
600258.XSHG,2023-07-18,0.4399999999999977
300698.XSHE,2023-07-18,0.5400000000000027
301378.XSHE,2023-07-18,2.1700000000000017
603316.XSHG,2023-07-18,-0.20999999999999908
300036.XSHE,2023-07-18,1.009999999999991
603166.XSHG,2023-07-18,-0.10999999999999943
301208.XSHE,2023-07-18,0.9200000000000017
001360.XSHE,2023-07-18,0.129999999999999
003032.XSHE,2023-07-18,0.4499999999999993
688799.XSHG,2023-07-18,0.8500000000000014
300774.XSHE,2023-07-18,0.05999999999999872
300937.XSHE,2023-07-18,-0.00999999999999801
603969.XSHG,2023-07-18,-0.08999999999999986
688075.XSHG,2023-07-18,0.75
601088.XSHG,2023-07-18,0.04999999999999716
688072.XSHG,2023-07-18,-2.8899999999999864
688533.XSHG,2023-07-18,-0.7199999999999989
688333.XSHG,2023-07-18,0.0
600333.XSHG,2023-07-18,-0.0799999999999983
600522.XSHG,2023-07-18,2.5800000000000125
002579.XSHE,2023-07-18,-0.8999999999999986
603326.XSHG,2023-07-18,-0.19000000000000128
603685.XSHG,2023-07-18,0.07000000000000028
300034.XSHE,2023-07-18,-1.9899999999999807
002703.XSHE,2023-07-18,-1.269999999999996
300164.XSHE,2023-07-18,0.19000000000000128
000809.XSHE,2023-07-18,0.23000000000000043
000819.XSHE,2023-07-18,-1.1200000000000045
002428.XSHE,2023-07-18,-0.09999999999999432
002188.XSHE,2023-07-18,0.08000000000000007
600149.XSHG,2023-07-18,0.120000000000001
002439.XSHE,2023-07-18,6.210000000000008
603389.XSHG,2023-07-18,-0.05000000000000071
301198.XSHE,2023-07-18,-0.06999999999999673
603001.XSHG,2023-07-18,-0.0600000000000005
300181.XSHE,2023-07-18,3.1700000000000017
688211.XSHG,2023-07-18,0.2700000000000031
300174.XSHE,2023-07-18,1.8100000000000023
002049.XSHE,2023-07-18,-1.240000000000009
002238.XSHE,2023-07-18,0.2700000000000031
603048.XSHG,2023-07-18,0.08999999999999986
300697.XSHE,2023-07-18,-0.21000000000000085
600089.XSHG,2023-07-18,13.269999999999982
600808.XSHG,2023-07-18,0.0
688292.XSHG,2023-07-18,2.730000000000004
301050.XSHE,2023-07-18,-0.1700000000000017
301234.XSHE,2023-07-18,-0.7399999999999984
002650.XSHE,2023-07-18,-0.1599999999999966
301292.XSHE,2023-07-18,0.7199999999999989
605116.XSHG,2023-07-18,-0.08999999999999986
688276.XSHG,2023-07-18,0.6099999999999994
600406.XSHG,2023-07-18,-8.86999999999989
300830.XSHE,2023-07-18,0.3200000000000003
603886.XSHG,2023-07-18,-0.14999999999999858
002265.XSHE,2023-07-18,-1.1699999999999982
600467.XSHG,2023-07-18,-0.17999999999999972
301238.XSHE,2023-07-18,0.0799999999999983
300780.XSHE,2023-07-18,-0.2799999999999976
300481.XSHE,2023-07-18,-0.7599999999999909
600016.XSHG,2023-07-18,-0.3199999999999932
603789.XSHG,2023-07-18,-1.1799999999999997
603042.XSHG,2023-07-18,0.5399999999999991
300534.XSHE,2023-07-18,1.7899999999999991
002351.XSHE,2023-07-18,2.3499999999999943
300920.XSHE,2023-07-18,0.029999999999997584
600353.XSHG,2023-07-18,2.3299999999999983
002055.XSHE,2023-07-18,-0.29999999999999716
300268.XSHE,2023-07-18,0.7899999999999991
600766.XSHG,2023-07-18,-0.3399999999999963
300204.XSHE,2023-07-18,0.8699999999999903
600218.XSHG,2023-07-18,-0.34999999999999787
601012.XSHG,2023-07-18,9.75
002965.XSHE,2023-07-18,-0.0899999999999963
300291.XSHE,2023-07-18,2.1200000000000045
603061.XSHG,2023-07-18,-0.9799999999999898
688151.XSHG,2023-07-18,0.07000000000000028
000581.XSHE,2023-07-18,-2.3100000000000023
300758.XSHE,2023-07-18,-0.6600000000000037
002110.XSHE,2023-07-18,-0.05000000000000071
002109.XSHE,2023-07-18,-0.23999999999999844
002144.XSHE,2023-07-18,0.0
603588.XSHG,2023-07-18,-0.060000000000002274
603538.XSHG,2023-07-18,0.2099999999999973
688355.XSHG,2023-07-18,-0.7600000000000016
300014.XSHE,2023-07-18,8.399999999999977
002279.XSHE,2023-07-18,1.3999999999999986
002952.XSHE,2023-07-18,1.1000000000000014
002323.XSHE,2023-07-18,-0.46000000000000085
000973.XSHE,2023-07-18,-0.14999999999999858
300614.XSHE,2023-07-18,1.1799999999999997
002927.XSHE,2023-07-18,-0.29999999999999716
002976.XSHE,2023-07-18,-0.6499999999999986
001311.XSHE,2023-07-18,-4.049999999999997
600998.XSHG,2023-07-18,-0.120000000000001
300712.XSHE,2023-07-18,-0.7800000000000011
000929.XSHE,2023-07-18,0.16999999999999815
600732.XSHG,2023-07-18,2.9099999999999966
001238.XSHE,2023-07-18,-0.8500000000000014
600690.XSHG,2023-07-18,0.0
601728.XSHG,2023-07-18,0.040000000000000036
003038.XSHE,2023-07-18,-1.1899999999999977
600784.XSHG,2023-07-18,-0.9499999999999957
600644.XSHG,2023-07-18,0.45999999999999375
688398.XSHG,2023-07-18,0.3399999999999963
600868.XSHG,2023-07-18,0.7199999999999989
002050.XSHE,2023-07-18,-7.939999999999998
688638.XSHG,2023-07-18,0.3299999999999983
300196.XSHE,2023-07-18,-0.17999999999999972
300927.XSHE,2023-07-18,-0.07000000000000028
600121.XSHG,2023-07-18,0.05000000000000071
600508.XSHG,2023-07-18,0.3999999999999986
600038.XSHG,2023-07-18,-1.2800000000000011
002685.XSHE,2023-07-18,0.15000000000000036
603123.XSHG,2023-07-18,0.05999999999999872
600604.XSHG,2023-07-18,-1.0500000000000114
002314.XSHE,2023-07-18,-0.07000000000000028
002008.XSHE,2023-07-18,-1.1899999999999977
603392.XSHG,2023-07-18,-0.5199999999999818
002382.XSHE,2023-07-18,-0.07000000000000028
301227.XSHE,2023-07-18,1.1400000000000006
600773.XSHG,2023-07-18,-0.36999999999999034
600308.XSHG,2023-07-18,-0.10999999999999943
002653.XSHE,2023-07-18,-0.28999999999999204
002236.XSHE,2023-07-18,13.32000000000005
688777.XSHG,2023-07-18,0.010000000000005116
605199.XSHG,2023-07-18,0.120000000000001
601139.XSHG,2023-07-18,0.019999999999999574
001896.XSHE,2023-07-18,0.07000000000000028
601086.XSHG,2023-07-18,-0.1200000000000001
600232.XSHG,2023-07-18,0.13000000000000256
601956.XSHG,2023-07-18,-0.019999999999999574
000815.XSHE,2023-07-18,1.0
002786.XSHE,2023-07-18,-0.35999999999999943
000536.XSHE,2023-07-18,0.0
002514.XSHE,2023-07-18,4.929999999999993
300571.XSHE,2023-07-18,2.269999999999996
300010.XSHE,2023-07-18,-0.47000000000000064
600363.XSHG,2023-07-18,-0.0899999999999892
603317.XSHG,2023-07-18,0.19999999999999574
603163.XSHG,2023-07-18,-0.6799999999999997
002609.XSHE,2023-07-18,0.7800000000000011
688611.XSHG,2023-07-18,2.030000000000001
000408.XSHE,2023-07-18,-1.039999999999992
000589.XSHE,2023-07-18,-1.1999999999999957
002799.XSHE,2023-07-18,0.28000000000000114
688051.XSHG,2023-07-18,1.0200000000000031
301129.XSHE,2023-07-18,1.759999999999991
002873.XSHE,2023-07-18,0.03999999999999915
600116.XSHG,2023-07-18,0.12999999999999545
603363.XSHG,2023-07-18,-0.08999999999999986
688358.XSHG,2023-07-18,3.0500000000000043
688081.XSHG,2023-07-18,0.4399999999999977
600705.XSHG,2023-07-18,0.0
002310.XSHE,2023-07-18,0.0
002823.XSHE,2023-07-18,-0.379999999999999
605177.XSHG,2023-07-18,0.05000000000000071
002766.XSHE,2023-07-18,0.019999999999999574
300725.XSHE,2023-07-18,-0.4399999999999977
600268.XSHG,2023-07-18,1.25
600833.XSHG,2023-07-18,-0.29000000000000625
603711.XSHG,2023-07-18,0.00999999999999801
603198.XSHG,2023-07-18,0.4100000000000108
600497.XSHG,2023-07-18,0.23000000000000398
002099.XSHE,2023-07-18,1.1700000000000017
603956.XSHG,2023-07-18,-0.009999999999999787
002513.XSHE,2023-07-18,0.5400000000000027
603322.XSHG,2023-07-18,0.8900000000000006
000960.XSHE,2023-07-18,-0.3100000000000023
301058.XSHE,2023-07-18,0.16000000000000014
688585.XSHG,2023-07-18,-0.40000000000000036
300098.XSHE,2023-07-18,0.9200000000000017
000887.XSHE,2023-07-18,-5.1299999999999955
300434.XSHE,2023-07-18,1.2199999999999989
688273.XSHG,2023-07-18,0.060000000000002274
300593.XSHE,2023-07-18,-0.12000000000000455
001260.XSHE,2023-07-18,-0.3000000000000007
300218.XSHE,2023-07-18,-0.14000000000000057
002990.XSHE,2023-07-18,2.4000000000000057
603095.XSHG,2023-07-18,0.030000000000001137
600818.XSHG,2023-07-18,-0.8500000000000014
688455.XSHG,2023-07-18,-0.049999999999998934
300101.XSHE,2023-07-18,-2.700000000000017
600742.XSHG,2023-07-18,-2.2700000000000102
300980.XSHE,2023-07-18,-0.030000000000001137
002175.XSHE,2023-07-18,0.1999999999999993
301326.XSHE,2023-07-18,0.9599999999999937
688553.XSHG,2023-07-18,0.09000000000000163
603286.XSHG,2023-07-18,-0.8299999999999983
002305.XSHE,2023-07-18,-0.03000000000000025
600208.XSHG,2023-07-18,-0.07000000000000028
002741.XSHE,2023-07-18,0.28000000000000114
002948.XSHE,2023-07-18,0.0
002130.XSHE,2023-07-18,2.0800000000000125
300878.XSHE,2023-07-18,0.09000000000000341
600196.XSHG,2023-07-18,-0.7099999999999795
301287.XSHE,2023-07-18,0.7000000000000028
603926.XSHG,2023-07-18,-0.28999999999999915
300398.XSHE,2023-07-18,0.9500000000000028
300838.XSHE,2023-07-18,-0.16000000000000014
300864.XSHE,2023-07-18,0.5499999999999972
603557.XSHG,2023-07-18,0.0
002879.XSHE,2023-07-18,-0.21000000000000085
688385.XSHG,2023-07-18,0.3400000000000034
688130.XSHG,2023-07-18,-0.3500000000000014
002605.XSHE,2023-07-18,3.1599999999999966
603369.XSHG,2023-07-18,0.44999999999998863
605111.XSHG,2023-07-18,-0.3100000000000023
688403.XSHG,2023-07-18,-0.8300000000000001
600800.XSHG,2023-07-18,-0.12999999999999545
002761.XSHE,2023-07-18,0.5499999999999972
603012.XSHG,2023-07-18,-0.10999999999999943
603899.XSHG,2023-07-18,0.6200000000000045
600997.XSHG,2023-07-18,0.0
002802.XSHE,2023-07-18,-0.31999999999999673
603861.XSHG,2023-07-18,0.0
605588.XSHG,2023-07-18,1.7899999999999991
002387.XSHE,2023-07-18,0.389999999999997
688028.XSHG,2023-07-18,0.060000000000002274
600021.XSHG,2023-07-18,0.41000000000000014
002111.XSHE,2023-07-18,-0.519999999999996
603057.XSHG,2023-07-18,-0.879999999999999
300052.XSHE,2023-07-18,0.6500000000000057
688562.XSHG,2023-07-18,0.120000000000001
688187.XSHG,2023-07-18,-0.259999999999998
300657.XSHE,2023-07-18,-2.0
600187.XSHG,2023-07-18,0.08999999999999986
600279.XSHG,2023-07-18,0.0
000828.XSHE,2023-07-18,-0.1599999999999966
301389.XSHE,2023-07-18,0.259999999999998
300585.XSHE,2023-07-18,-4.650000000000006
600959.XSHG,2023-07-18,0.03000000000000025
601702.XSHG,2023-07-18,-0.19000000000000128
301332.XSHE,2023-07-18,-0.08000000000000007
601068.XSHG,2023-07-18,0.0
603220.XSHG,2023-07-18,-1.379999999999999
002606.XSHE,2023-07-18,0.38000000000000256
300772.XSHE,2023-07-18,-0.3099999999999987
603378.XSHG,2023-07-18,-0.259999999999998
300675.XSHE,2023-07-18,0.14000000000000057
301193.XSHE,2023-07-18,-0.08000000000000185
600825.XSHG,2023-07-18,1.1300000000000026
600925.XSHG,2023-07-18,-0.009999999999999787
688531.XSHG,2023-07-18,-2.5500000000000114
002366.XSHE,2023-07-18,0.10999999999999943
300024.XSHE,2023-07-18,11.629999999999995
688287.XSHG,2023-07-18,0.030000000000001137
000977.XSHE,2023-07-18,3.859999999999957
301119.XSHE,2023-07-18,-0.8000000000000043
603787.XSHG,2023-07-18,-0.11000000000000298
301303.XSHE,2023-07-18,0.16999999999999815
003037.XSHE,2023-07-18,-0.07000000000000028
603306.XSHG,2023-07-18,0.23000000000000398
300972.XSHE,2023-07-18,0.45999999999999375
600321.XSHG,2023-07-18,0.0
002561.XSHE,2023-07-18,-0.6500000000000004
000823.XSHE,2023-07-18,-0.19000000000000128
688063.XSHG,2023-07-18,0.30000000000001137
603797.XSHG,2023-07-18,0.049999999999998934
000789.XSHE,2023-07-18,-0.21000000000000085
002432.XSHE,2023-07-18,0.0
301256.XSHE,2023-07-18,-0.15000000000000036
603559.XSHG,2023-07-18,-0.0600000000000005
000912.XSHE,2023-07-18,-0.20000000000000107
300227.XSHE,2023-07-18,1.1599999999999966
300447.XSHE,2023-07-18,2.1099999999999994
688331.XSHG,2023-07-18,1.9799999999999969
000012.XSHE,2023-07-18,-2.4000000000000057
301267.XSHE,2023-07-18,0.6800000000000068
688231.XSHG,2023-07-18,0.10999999999999943
300926.XSHE,2023-07-18,-0.9299999999999997
300165.XSHE,2023-07-18,-0.6700000000000017
688267.XSHG,2023-07-18,0.10999999999999943
600647.XSHG,2023-07-18,-0.2699999999999818
600938.XSHG,2023-07-18,0.16000000000000014
300297.XSHE,2023-07-18,-0.08999999999999986
688416.XSHG,2023-07-18,4.6299999999999955
002162.XSHE,2023-07-18,-0.05000000000000071
002275.XSHE,2023-07-18,0.5399999999999991
002362.XSHE,2023-07-18,0.6200000000000045
300729.XSHE,2023-07-18,-0.9500000000000028
301101.XSHE,2023-07-18,0.46000000000000085
300631.XSHE,2023-07-18,0.22999999999999687
002069.XSHE,2023-07-18,-0.2700000000000031
300832.XSHE,2023-07-18,6.450000000000003
603223.XSHG,2023-07-18,-0.07000000000000028
600572.XSHG,2023-07-18,0.6500000000000057
600960.XSHG,2023-07-18,-0.17999999999999972
300212.XSHE,2023-07-18,6.930000000000007
002895.XSHE,2023-07-18,-1.490000000000002
300755.XSHE,2023-07-18,0.09000000000000341
000550.XSHE,2023-07-18,-4.460000000000001
688667.XSHG,2023-07-18,-1.8100000000000023
000988.XSHE,2023-07-18,20.79000000000002
600493.XSHG,2023-07-18,0.8500000000000014
688321.XSHG,2023-07-18,-0.05999999999999872
000799.XSHE,2023-07-18,1.6000000000000227
600380.XSHG,2023-07-18,-0.5699999999999932
301329.XSHE,2023-07-18,2.2300000000000004
688115.XSHG,2023-07-18,0.6899999999999977
002492.XSHE,2023-07-18,0.03999999999999915
002730.XSHE,2023-07-18,0.07000000000000028
300999.XSHE,2023-07-18,-0.07000000000000028
600638.XSHG,2023-07-18,-1.0400000000000063
688683.XSHG,2023-07-18,-0.17999999999999972
000402.XSHE,2023-07-18,-0.7399999999999807
603195.XSHG,2023-07-18,0.09999999999999432
688132.XSHG,2023-07-18,0.6999999999999993
002488.XSHE,2023-07-18,-0.7999999999999972
600211.XSHG,2023-07-18,-0.1700000000000017
603083.XSHG,2023-07-18,6.810000000000002
002989.XSHE,2023-07-18,-0.11000000000000298
000919.XSHE,2023-07-18,-0.029999999999997584
002512.XSHE,2023-07-18,1.0299999999999976
603508.XSHG,2023-07-18,-0.07000000000000028
600661.XSHG,2023-07-18,0.3100000000000023
600737.XSHG,2023-07-18,0.0
600955.XSHG,2023-07-18,-0.3299999999999983
002316.XSHE,2023-07-18,0.2699999999999996
300207.XSHE,2023-07-18,-0.20000000000000284
601607.XSHG,2023-07-18,-0.05999999999999872
001696.XSHE,2023-07-18,-1.6599999999999966
603180.XSHG,2023-07-18,-0.9000000000000057
600012.XSHG,2023-07-18,-0.7699999999999996
300484.XSHE,2023-07-18,0.0
002142.XSHE,2023-07-18,0.8500000000000014
605008.XSHG,2023-07-18,-0.10999999999999943
600714.XSHG,2023-07-18,0.0799999999999983
000628.XSHE,2023-07-18,0.21999999999999886
688259.XSHG,2023-07-18,0.06999999999999318
300590.XSHE,2023-07-18,1.3599999999999994
002923.XSHE,2023-07-18,1.0300000000000011
688582.XSHG,2023-07-18,-1.9000000000000057
300802.XSHE,2023-07-18,0.8300000000000054
300294.XSHE,2023-07-18,1.740000000000009
300903.XSHE,2023-07-18,0.40000000000000213
603196.XSHG,2023-07-18,0.38000000000000256
301316.XSHE,2023-07-18,0.19000000000000128
300223.XSHE,2023-07-18,4.819999999999993
605033.XSHG,2023-07-18,-0.14000000000000057
688065.XSHG,2023-07-18,0.980000000000004
301448.XSHE,2023-07-18,0.8000000000000007
688299.XSHG,2023-07-18,0.0
301221.XSHE,2023-07-18,1.7399999999999949
002256.XSHE,2023-07-18,-3.0500000000000043
600570.XSHG,2023-07-18,15.63000000000011
300242.XSHE,2023-07-18,0.3099999999999987
300254.XSHE,2023-07-18,0.15000000000000036
002251.XSHE,2023-07-18,-2.0799999999999983
601158.XSHG,2023-07-18,-0.03999999999999915
300943.XSHE,2023-07-18,-0.20000000000000284
601226.XSHG,2023-07-18,-0.16000000000000014
601996.XSHG,2023-07-18,-0.049999999999998934
600610.XSHG,2023-07-18,-4.630000000000109
002975.XSHE,2023-07-18,-0.5499999999999972
603052.XSHG,2023-07-18,0.75
600966.XSHG,2023-07-18,-0.5799999999999983
002032.XSHE,2023-07-18,-5.96999999999997
300491.XSHE,2023-07-18,0.730000000000004
000731.XSHE,2023-07-18,-1.5
605133.XSHG,2023-07-18,-2.6899999999999977
688092.XSHG,2023-07-18,-0.19000000000000128
600050.XSHG,2023-07-18,-0.16999999999999993
600986.XSHG,2023-07-18,0.46999999999999886
000910.XSHE,2023-07-18,-0.4200000000000017
600885.XSHG,2023-07-18,-3.480000000000018
605580.XSHG,2023-07-18,0.889999999999997
002134.XSHE,2023-07-18,0.23000000000000043
600289.XSHG,2023-07-18,-0.6600000000000001
002042.XSHE,2023-07-18,0.0
300113.XSHE,2023-07-18,0.6999999999999886
002253.XSHE,2023-07-18,1.7299999999999969
300122.XSHE,2023-07-18,-3.5299999999999727
301379.XSHE,2023-07-18,-1.990000000000002
300516.XSHE,2023-07-18,1.0300000000000011
688121.XSHG,2023-07-18,-1.7999999999999972
600241.XSHG,2023-07-18,0.07000000000000028
300807.XSHE,2023-07-18,0.9200000000000017
002929.XSHE,2023-07-18,1.259999999999998
301081.XSHE,2023-07-18,0.0
300130.XSHE,2023-07-18,3.930000000000007
002415.XSHE,2023-07-18,2.2399999999998954
300185.XSHE,2023-07-18,-0.08000000000000185
002195.XSHE,2023-07-18,0.6099999999999994
002546.XSHE,2023-07-18,1.279999999999987
002192.XSHE,2023-07-18,2.3799999999999955
000513.XSHE,2023-07-18,5.399999999999977
300205.XSHE,2023-07-18,0.8599999999999994
000659.XSHE,2023-07-18,-1.5200000000000031
600135.XSHG,2023-07-18,-0.08999999999999986
300136.XSHE,2023-07-18,2.5
300075.XSHE,2023-07-18,3.3799999999999955
688479.XSHG,2023-07-18,0.7899999999999991
603918.XSHG,2023-07-18,3.969999999999999
603065.XSHG,2023-07-18,-0.09999999999999964
688579.XSHG,2023-07-18,0.33999999999999986
603283.XSHG,2023-07-18,-0.03999999999999915
603101.XSHG,2023-07-18,-0.6400000000000006
601899.XSHG,2023-07-18,-0.120000000000001
600722.XSHG,2023-07-18,-0.23000000000000043
000030.XSHE,2023-07-18,-0.23000000000000043
300359.XSHE,2023-07-18,0.0799999999999983
600667.XSHG,2023-07-18,-0.45000000000000284
002295.XSHE,2023-07-18,-0.05000000000000071
600718.XSHG,2023-07-18,0.6899999999999977
300801.XSHE,2023-07-18,-0.4200000000000017
600356.XSHG,2023-07-18,-0.08999999999999986
002520.XSHE,2023-07-18,-0.3500000000000014
603967.XSHG,2023-07-18,-0.08999999999999986
688617.XSHG,2023-07-18,6.590000000000032
000016.XSHE,2023-07-18,-0.480000000000004
300193.XSHE,2023-07-18,-0.23000000000000043
002057.XSHE,2023-07-18,-0.240000000000002
002114.XSHE,2023-07-18,-0.10999999999999943
600269.XSHG,2023-07-18,-0.259999999999998
603060.XSHG,2023-07-18,-0.8900000000000006
300006.XSHE,2023-07-18,-0.08000000000000185
002743.XSHE,2023-07-18,-0.03999999999999915
600017.XSHG,2023-07-18,-0.040000000000000924
688328.XSHG,2023-07-18,-1.8100000000000023
688329.XSHG,2023-07-18,0.16000000000000014
688529.XSHG,2023-07-18,0.41999999999999815
300441.XSHE,2023-07-18,-0.5499999999999972
300241.XSHE,2023-07-18,-0.16000000000000014
301263.XSHE,2023-07-18,0.6300000000000026
601162.XSHG,2023-07-18,0.0
002587.XSHE,2023-07-18,0.21999999999999886
600298.XSHG,2023-07-18,2.1899999999999977
600143.XSHG,2023-07-18,-1.6899999999999977
301369.XSHE,2023-07-18,-13.97999999999999
601799.XSHG,2023-07-18,1.2800000000000011
601869.XSHG,2023-07-18,1.0900000000000034
300848.XSHE,2023-07-18,-1.230000000000004
000876.XSHE,2023-07-18,-1.450000000000017
600828.XSHG,2023-07-18,-0.9799999999999969
301311.XSHE,2023-07-18,-0.7199999999999989
601881.XSHG,2023-07-18,-0.08000000000000007
300374.XSHE,2023-07-18,0.39000000000000057
605358.XSHG,2023-07-18,-0.75
000677.XSHE,2023-07-18,-0.5499999999999972
600079.XSHG,2023-07-18,5.329999999999984
600712.XSHG,2023-07-18,-0.3099999999999987
000862.XSHE,2023-07-18,0.13999999999999702
600585.XSHG,2023-07-18,0.5699999999999932
300231.XSHE,2023-07-18,8.679999999999993
003002.XSHE,2023-07-18,-0.3000000000000007
300313.XSHE,2023-07-18,0.2400000000000002
301026.XSHE,2023-07-18,0.3299999999999983
600668.XSHG,2023-07-18,-0.09000000000000341
002317.XSHE,2023-07-18,2.670000000000016
688076.XSHG,2023-07-18,-0.030000000000001137
688226.XSHG,2023-07-18,0.23999999999999844
601985.XSHG,2023-07-18,0.08999999999999986
603071.XSHG,2023-07-18,0.030000000000001137
601018.XSHG,2023-07-18,-0.010000000000000675
600771.XSHG,2023-07-18,2.5999999999999943
000426.XSHE,2023-07-18,-1.6999999999999886
300674.XSHE,2023-07-18,0.4399999999999977
002906.XSHE,2023-07-18,-0.4200000000000017
600839.XSHG,2023-07-18,3.6100000000000136
601336.XSHG,2023-07-18,0.46999999999999886
000090.XSHE,2023-07-18,-0.17999999999999972
000036.XSHE,2023-07-18,-0.18999999999999773
301366.XSHE,2023-07-18,-5.429999999999993
002507.XSHE,2023-07-18,1.1199999999999761
300420.XSHE,2023-07-18,0.0
000888.XSHE,2023-07-18,-0.2600000000000051
600297.XSHG,2023-07-18,-0.20000000000000107
300408.XSHE,2023-07-18,1.1299999999999955
603530.XSHG,2023-07-18,0.14000000000000057
301035.XSHE,2023-07-18,-0.9399999999999977
300983.XSHE,2023-07-18,-0.14999999999999858
000488.XSHE,2023-07-18,-0.39000000000000057
001332.XSHE,2023-07-18,-1.4799999999999969
002258.XSHE,2023-07-18,-0.3200000000000074
002196.XSHE,2023-07-18,-0.33999999999999986
600371.XSHG,2023-07-18,1.0600000000000023
600843.XSHG,2023-07-18,0.05000000000000071
002702.XSHE,2023-07-18,-0.07000000000000028
601801.XSHG,2023-07-18,0.509999999999998
600720.XSHG,2023-07-18,-0.6299999999999955
301125.XSHE,2023-07-18,0.33000000000000185
003039.XSHE,2023-07-18,-0.07000000000000028
002813.XSHE,2023-07-18,-0.07000000000000028
601512.XSHG,2023-07-18,-0.08000000000000007
601939.XSHG,2023-07-18,0.11000000000000121
002223.XSHE,2023-07-18,5.900000000000034
603496.XSHG,2023-07-18,3.989999999999995
603983.XSHG,2023-07-18,0.07000000000000028
001283.XSHE,2023-07-18,0.00999999999999801
300815.XSHE,2023-07-18,-0.05999999999999517
300065.XSHE,2023-07-18,1.4899999999999949
603131.XSHG,2023-07-18,-0.6099999999999994
300183.XSHE,2023-07-18,0.8799999999999955
300958.XSHE,2023-07-18,-0.10999999999999943
603809.XSHG,2023-07-18,-0.44999999999999574
002393.XSHE,2023-07-18,-0.08000000000000185
002986.XSHE,2023-07-18,-0.17999999999999972
688233.XSHG,2023-07-18,-0.030000000000001137
002355.XSHE,2023-07-18,0.27999999999999936
000605.XSHE,2023-07-18,0.07000000000000028
002205.XSHE,2023-07-18,-0.120000000000001
300271.XSHE,2023-07-18,1.4500000000000028
603803.XSHG,2023-07-18,0.28999999999999915
300145.XSHE,2023-07-18,-0.19999999999999574
300677.XSHE,2023-07-18,1.6699999999999875
002866.XSHE,2023-07-18,0.7600000000000051
600941.XSHG,2023-07-18,-0.23000000000000398
000716.XSHE,2023-07-18,-0.629999999999999
605179.XSHG,2023-07-18,0.0
001309.XSHE,2023-07-18,3.9299999999999926
688229.XSHG,2023-07-18,0.3500000000000014
000544.XSHE,2023-07-18,0.4399999999999977
002621.XSHE,2023-07-18,0.41000000000000014
300235.XSHE,2023-07-18,1.3400000000000034
601212.XSHG,2023-07-18,0.0
002395.XSHE,2023-07-18,-0.10000000000000142
600458.XSHG,2023-07-18,0.25
688309.XSHG,2023-07-18,-0.33999999999999986
002066.XSHE,2023-07-18,-0.39000000000000057
002811.XSHE,2023-07-18,0.03999999999999915
603338.XSHG,2023-07-18,-2.7099999999999795
002034.XSHE,2023-07-18,0.46999999999999886
301103.XSHE,2023-07-18,0.759999999999998
300876.XSHE,2023-07-18,-0.240000000000002
300605.XSHE,2023-07-18,0.759999999999998
300050.XSHE,2023-07-18,0.0800000000000054
000958.XSHE,2023-07-18,0.13999999999999702
300003.XSHE,2023-07-18,0.6800000000000068
002623.XSHE,2023-07-18,-1.4400000000000013
002687.XSHE,2023-07-18,-0.060000000000002274
688288.XSHG,2023-07-18,-0.4299999999999997
688193.XSHG,2023-07-18,-0.030000000000001137
002076.XSHE,2023-07-18,0.07000000000000028
688129.XSHG,2023-07-18,-0.03999999999999915
688662.XSHG,2023-07-18,-2.0700000000000003
603856.XSHG,2023-07-18,-0.3200000000000003
300166.XSHE,2023-07-18,5.600000000000023
002673.XSHE,2023-07-18,0.0
603889.XSHG,2023-07-18,1.0500000000000043
300666.XSHE,2023-07-18,-0.39000000000000057
003021.XSHE,2023-07-18,-5.700000000000017
603896.XSHG,2023-07-18,0.6700000000000017
688466.XSHG,2023-07-18,0.379999999999999
300503.XSHE,2023-07-18,2.9199999999999946
002769.XSHE,2023-07-18,-0.46999999999999886
688068.XSHG,2023-07-18,-0.10000000000000142
301037.XSHE,2023-07-18,0.4700000000000024
300257.XSHE,2023-07-18,-1.0900000000000034
688221.XSHG,2023-07-18,0.08999999999999986
002996.XSHE,2023-07-18,-0.1999999999999993
688206.XSHG,2023-07-18,-0.08000000000000185
000985.XSHE,2023-07-18,-0.14000000000000057
600219.XSHG,2023-07-18,0.0
300538.XSHE,2023-07-18,-0.9699999999999989
002401.XSHE,2023-07-18,3.8400000000000034
600156.XSHG,2023-07-18,0.0
300992.XSHE,2023-07-18,-0.3100000000000023
000504.XSHE,2023-07-18,0.5500000000000043
002038.XSHE,2023-07-18,2.219999999999999
600716.XSHG,2023-07-18,-0.10000000000000142
301199.XSHE,2023-07-18,0.9299999999999997
300446.XSHE,2023-07-18,-0.8400000000000034
688228.XSHG,2023-07-18,1.2700000000000031
300741.XSHE,2023-07-18,0.8099999999999987
600961.XSHG,2023-07-18,-0.11999999999999922
002723.XSHE,2023-07-18,3.059999999999995
002331.XSHE,2023-07-18,0.22000000000000597
002709.XSHE,2023-07-18,3.2700000000000387
600606.XSHG,2023-07-18,-3.3000000000000114
688776.XSHG,2023-07-18,0.5600000000000023
601788.XSHG,2023-07-18,-0.05999999999999872
605123.XSHG,2023-07-18,-0.9200000000000017
688118.XSHG,2023-07-18,0.9199999999999982
000851.XSHE,2023-07-18,0.2699999999999996
600676.XSHG,2023-07-18,-0.730000000000004
603661.XSHG,2023-07-18,-0.5599999999999952
000695.XSHE,2023-07-18,0.7000000000000028
600774.XSHG,2023-07-18,0.0
000159.XSHE,2023-07-18,0.0
601921.XSHG,2023-07-18,0.1899999999999995
301259.XSHE,2023-07-18,-0.8599999999999994
603976.XSHG,2023-07-18,-0.14999999999999858
600019.XSHG,2023-07-18,0.129999999999999
601216.XSHG,2023-07-18,-0.8099999999999881
002712.XSHE,2023-07-18,0.5700000000000003
600740.XSHG,2023-07-18,-0.4200000000000017
688322.XSHG,2023-07-18,-0.5900000000000034
600376.XSHG,2023-07-18,-0.8500000000000014
603128.XSHG,2023-07-18,-0.4800000000000004
603858.XSHG,2023-07-18,0.2700000000000031
600325.XSHG,2023-07-18,-3.839999999999989
300708.XSHE,2023-07-18,0.21000000000000085
600395.XSHG,2023-07-18,-0.060000000000002274
000869.XSHE,2023-07-18,1.259999999999991
002361.XSHE,2023-07-18,0.0899999999999963
001218.XSHE,2023-07-18,-0.37999999999999545
600433.XSHG,2023-07-18,-0.13999999999999702
300213.XSHE,2023-07-18,0.3200000000000003
300409.XSHE,2023-07-18,-0.3999999999999915
601065.XSHG,2023-07-18,-0.09999999999999964
300730.XSHE,2023-07-18,0.7800000000000011
300664.XSHE,2023-07-18,0.019999999999999574
002941.XSHE,2023-07-18,-0.5300000000000011
002084.XSHE,2023-07-18,-0.2400000000000002
603192.XSHG,2023-07-18,-0.240000000000002
688178.XSHG,2023-07-18,-0.14999999999999858
002778.XSHE,2023-07-18,0.129999999999999
600681.XSHG,2023-07-18,-0.35999999999999943
688819.XSHG,2023-07-18,-0.6899999999999977
600226.XSHG,2023-07-18,-1.4299999999999926
002027.XSHE,2023-07-18,0.5900000000000034
600127.XSHG,2023-07-18,0.5499999999999972
000720.XSHE,2023-07-18,0.14000000000000057
002017.XSHE,2023-07-18,2.980000000000004
300418.XSHE,2023-07-18,-1.259999999999991
300718.XSHE,2023-07-18,1.230000000000004
002363.XSHE,2023-07-18,-0.25
601997.XSHG,2023-07-18,0.02000000000000135
603915.XSHG,2023-07-18,-0.39000000000000057
601595.XSHG,2023-07-18,1.240000000000002
002001.XSHE,2023-07-18,-4.8700000000000045
002543.XSHE,2023-07-18,-0.21999999999999886
002379.XSHE,2023-07-18,-1.0399999999999991
003005.XSHE,2023-07-18,0.9399999999999977
603997.XSHG,2023-07-18,-1.8200000000000003
688177.XSHG,2023-07-18,0.1999999999999993
000927.XSHE,2023-07-18,-0.0600000000000005
002406.XSHE,2023-07-18,-0.48999999999999844
003000.XSHE,2023-07-18,0.23000000000000043
300793.XSHE,2023-07-18,0.4400000000000013
600018.XSHG,2023-07-18,0.0
603608.XSHG,2023-07-18,-0.040000000000000036
300599.XSHE,2023-07-18,-0.08000000000000007
600131.XSHG,2023-07-18,1.1200000000000045
688143.XSHG,2023-07-18,0.8199999999999932
000509.XSHE,2023-07-18,-0.3299999999999983
301486.XSHE,2023-07-18,2.6899999999999977
301117.XSHE,2023-07-18,1.8000000000000114
301138.XSHE,2023-07-18,-0.07000000000000028
300919.XSHE,2023-07-18,0.4299999999999997
003035.XSHE,2023-07-18,0.1900000000000004
003040.XSHE,2023-07-18,0.19000000000000128
001330.XSHE,2023-07-18,0.08000000000000007
600889.XSHG,2023-07-18,0.0
600611.XSHG,2023-07-18,-27.58999999999969
002536.XSHE,2023-07-18,1.25
688266.XSHG,2023-07-18,0.6299999999999955
605286.XSHG,2023-07-18,0.28000000000000114
603978.XSHG,2023-07-18,-0.38000000000000256
001979.XSHE,2023-07-18,-0.20000000000000107
688360.XSHG,2023-07-18,-0.10000000000000142
000683.XSHE,2023-07-18,-0.3200000000000003
000002.XSHE,2023-07-18,1.599999999999909
002200.XSHE,2023-07-18,0.019999999999999574
002255.XSHE,2023-07-18,-0.8300000000000018
002523.XSHE,2023-07-18,0.0
600234.XSHG,2023-07-18,-0.2400000000000002
301097.XSHE,2023-07-18,-0.12999999999999545
603256.XSHG,2023-07-18,0.16999999999999993
688101.XSHG,2023-07-18,0.030000000000001137
603172.XSHG,2023-07-18,-0.4299999999999997
601990.XSHG,2023-07-18,-0.02000000000000135
002497.XSHE,2023-07-18,0.6800000000000068
605056.XSHG,2023-07-18,0.17999999999999972
000931.XSHE,2023-07-18,0.0
002221.XSHE,2023-07-18,-0.8399999999999963
002763.XSHE,2023-07-18,0.08000000000000185
300345.XSHE,2023-07-18,-0.13000000000000256
002798.XSHE,2023-07-18,-0.4299999999999997
300763.XSHE,2023-07-18,6.7900000000000205
600633.XSHG,2023-07-18,4.960000000000008
002302.XSHE,2023-07-18,-0.39000000000000057
000922.XSHE,2023-07-18,-1.0700000000000003
300292.XSHE,2023-07-18,0.28000000000000114
300613.XSHE,2023-07-18,-0.26000000000004775
603118.XSHG,2023-07-18,0.9499999999999957
603698.XSHG,2023-07-18,-0.14000000000000057
600745.XSHG,2023-07-18,-0.37999999999999545
300518.XSHE,2023-07-18,0.6199999999999974
603345.XSHG,2023-07-18,-0.8499999999999943
600879.XSHG,2023-07-18,0.0
688188.XSHG,2023-07-18,-10.020000000000039
000997.XSHE,2023-07-18,10.299999999999983
300785.XSHE,2023-07-18,0.269999999999996
603063.XSHG,2023-07-18,-0.5500000000000007
002010.XSHE,2023-07-18,-0.2600000000000051
002135.XSHE,2023-07-18,0.07000000000000028
600133.XSHG,2023-07-18,-0.3200000000000003
603806.XSHG,2023-07-18,1.6599999999999966
002538.XSHE,2023-07-18,-0.39000000000000057
600894.XSHG,2023-07-18,-0.0400000000000027
000733.XSHE,2023-07-18,-2.0500000000000114
002678.XSHE,2023-07-18,0.5299999999999976
002574.XSHE,2023-07-18,0.14999999999999858
000758.XSHE,2023-07-18,-0.3400000000000034
300051.XSHE,2023-07-18,0.8800000000000097
605077.XSHG,2023-07-18,-0.9100000000000037
688280.XSHG,2023-07-18,-0.049999999999998934
600470.XSHG,2023-07-18,-0.9000000000000004
300694.XSHE,2023-07-18,-0.009999999999999787
300328.XSHE,2023-07-18,-0.7800000000000011
000981.XSHE,2023-07-18,-0.11999999999999922
002757.XSHE,2023-07-18,0.4099999999999966
688252.XSHG,2023-07-18,-0.17999999999999972
002117.XSHE,2023-07-18,1.5300000000000011
002074.XSHE,2023-07-18,0.03999999999999204
300177.XSHE,2023-07-18,1.1099999999999994
002745.XSHE,2023-07-18,-0.019999999999999574
600210.XSHG,2023-07-18,-0.3500000000000014
600696.XSHG,2023-07-18,0.27000000000001023
600340.XSHG,2023-07-18,0.25
002179.XSHE,2023-07-18,0.0
600662.XSHG,2023-07-18,1.9099999999999682
601518.XSHG,2023-07-18,-0.07000000000000028
002239.XSHE,2023-07-18,-0.5499999999999972
300917.XSHE,2023-07-18,0.1600000000000037
603958.XSHG,2023-07-18,0.049999999999998934
688038.XSHG,2023-07-18,-0.019999999999999574
000011.XSHE,2023-07-18,0.0899999999999963
601608.XSHG,2023-07-18,-0.009999999999999787
002551.XSHE,2023-07-18,-0.0799999999999983
600729.XSHG,2023-07-18,-1.0900000000000034
002240.XSHE,2023-07-18,0.5799999999999983
603519.XSHG,2023-07-18,-0.45000000000000284
002389.XSHE,2023-07-18,-3.299999999999983
001278.XSHE,2023-07-18,-0.3099999999999987
301225.XSHE,2023-07-18,-0.8100000000000023
600101.XSHG,2023-07-18,0.21999999999999886
688507.XSHG,2023-07-18,2.030000000000001
603499.XSHG,2023-07-18,-0.23999999999999844
300118.XSHE,2023-07-18,2.1099999999999994
002089.XSHE,2023-07-18,-0.6400000000000006
600246.XSHG,2023-07-18,-0.8700000000000045
300545.XSHE,2023-07-18,1.0599999999999952
002831.XSHE,2023-07-18,0.09000000000000341
002510.XSHE,2023-07-18,-0.4399999999999977
000056.XSHE,2023-07-18,0.14000000000000057
301439.XSHE,2023-07-18,0.08999999999999986
688388.XSHG,2023-07-18,0.5500000000000043
300979.XSHE,2023-07-18,1.509999999999998
300739.XSHE,2023-07-18,-0.4200000000000017
600975.XSHG,2023-07-18,-1.4699999999999989
601098.XSHG,2023-07-18,0.6900000000000013
600651.XSHG,2023-07-18,-112.45999999999913
300632.XSHE,2023-07-18,-0.34999999999999787
603893.XSHG,2023-07-18,0.029999999999986926
600863.XSHG,2023-07-18,2.6000000000000085
300533.XSHE,2023-07-18,2.3400000000000034
002425.XSHE,2023-07-18,0.13000000000000256
301281.XSHE,2023-07-18,0.14999999999999858
301187.XSHE,2023-07-18,-0.5700000000000003
600713.XSHG,2023-07-18,0.1599999999999966
688677.XSHG,2023-07-18,0.5999999999999943
002721.XSHE,2023-07-18,0.08999999999999986
688502.XSHG,2023-07-18,-5.009999999999991
301226.XSHE,2023-07-18,0.5800000000000054
000861.XSHE,2023-07-18,-1.009999999999998
688392.XSHG,2023-07-18,2.130000000000024
601965.XSHG,2023-07-18,-0.5899999999999963
605138.XSHG,2023-07-18,-0.08999999999999986
601669.XSHG,2023-07-18,0.04999999999999982
688082.XSHG,2023-07-18,-0.5
600678.XSHG,2023-07-18,-0.16999999999999815
300455.XSHE,2023-07-18,1.6900000000000048
600162.XSHG,2023-07-18,-0.17999999999999972
688772.XSHG,2023-07-18,-0.25
688556.XSHG,2023-07-18,2.239999999999995
688595.XSHG,2023-07-18,-0.259999999999998
601615.XSHG,2023-07-18,0.10999999999999943
002171.XSHE,2023-07-18,-0.04999999999999716
000863.XSHE,2023-07-18,0.21999999999999886
601077.XSHG,2023-07-18,0.020000000000000462
300301.XSHE,2023-07-18,0.0
000926.XSHE,2023-07-18,-0.1399999999999988
300625.XSHE,2023-07-18,-0.030000000000001137
300803.XSHE,2023-07-18,0.28000000000000114
600689.XSHG,2023-07-18,-0.10000000000000142
000055.XSHE,2023-07-18,-0.29999999999999716
002044.XSHE,2023-07-18,1.9300000000000068
002377.XSHE,2023-07-18,-0.08999999999999986
600339.XSHG,2023-07-18,0.16999999999999815
000952.XSHE,2023-07-18,-0.29999999999999716
300343.XSHE,2023-07-18,-2.0700000000000074
300659.XSHE,2023-07-18,1.5100000000000051
688073.XSHG,2023-07-18,2.75
002517.XSHE,2023-07-18,-1.4299999999999926
301177.XSHE,2023-07-18,-0.03999999999999915
688283.XSHG,2023-07-18,-0.9700000000000131
600867.XSHG,2023-07-18,1.1200000000000045
600935.XSHG,2023-07-18,-0.050000000000000266
300846.XSHE,2023-07-18,0.3200000000000003
300143.XSHE,2023-07-18,0.6400000000000006
603171.XSHG,2023-07-18,1.240000000000002
002545.XSHE,2023-07-18,-0.22999999999999687
002885.XSHE,2023-07-18,0.8599999999999994
301001.XSHE,2023-07-18,0.1999999999999993
600221.XSHG,2023-07-18,0.0
300757.XSHE,2023-07-18,3.9200000000000017
000967.XSHE,2023-07-18,0.2099999999999973
603081.XSHG,2023-07-18,0.9100000000000001
603693.XSHG,2023-07-18,-0.08000000000000185
601857.XSHG,2023-07-18,0.129999999999999
688002.XSHG,2023-07-18,-0.1600000000000037
300209.XSHE,2023-07-18,-0.0600000000000005
301083.XSHE,2023-07-18,-0.28000000000000114
300081.XSHE,2023-07-18,0.6600000000000037
600478.XSHG,2023-07-18,-1.1200000000000045
600666.XSHG,2023-07-18,-0.4099999999999966
600783.XSHG,2023-07-18,-0.19999999999998863
002128.XSHE,2023-07-18,0.0
300681.XSHE,2023-07-18,0.28999999999999915
001299.XSHE,2023-07-18,-0.030000000000001137
688098.XSHG,2023-07-18,-0.09000000000000075
301399.XSHE,2023-07-18,0.75
603323.XSHG,2023-07-18,-0.019999999999999574
300228.XSHE,2023-07-18,-1.2399999999999949
300315.XSHE,2023-07-18,1.3499999999999943
300451.XSHE,2023-07-18,1.6099999999999852
300151.XSHE,2023-07-18,-0.5099999999999909
300032.XSHE,2023-07-18,-0.7600000000000016
601872.XSHG,2023-07-18,-0.05000000000000071
600699.XSHG,2023-07-18,1.7800000000000011
603679.XSHG,2023-07-18,-0.3200000000000003
688120.XSHG,2023-07-18,8.160000000000025
605066.XSHG,2023-07-18,0.009999999999999787
300139.XSHE,2023-07-18,0.10000000000000142
603201.XSHG,2023-07-18,-0.5199999999999996
002479.XSHE,2023-07-18,0.0799999999999983
001872.XSHE,2023-07-18,-0.710000000000008
002187.XSHE,2023-07-18,-0.28000000000000114
600426.XSHG,2023-07-18,-3.490000000000009
300907.XSHE,2023-07-18,0.16999999999999815
688336.XSHG,2023-07-18,-1.2200000000000024
002527.XSHE,2023-07-18,1.1099999999999994
688171.XSHG,2023-07-18,0.629999999999999
605018.XSHG,2023-07-18,-0.08999999999999986
600500.XSHG,2023-07-18,-0.6199999999999974
301390.XSHE,2023-07-18,2.3900000000000006
300855.XSHE,2023-07-18,0.29999999999999716
300276.XSHE,2023-07-18,0.1600000000000108
601198.XSHG,2023-07-18,-0.009999999999999787
600749.XSHG,2023-07-18,0.5399999999999991
002671.XSHE,2023-07-18,-0.03999999999999915
600725.XSHG,2023-07-18,-0.1700000000000017
300424.XSHE,2023-07-18,0.15000000000000213
600132.XSHG,2023-07-18,1.9600000000000364
300260.XSHE,2023-07-18,2.8700000000000045
600983.XSHG,2023-07-18,0.0
301111.XSHE,2023-07-18,0.08999999999999986
002955.XSHE,2023-07-18,0.44999999999999574
603708.XSHG,2023-07-18,-0.34999999999999787
603398.XSHG,2023-07-18,-1.7199999999999989
002230.XSHE,2023-07-18,40.32000000000005
001298.XSHE,2023-07-18,-0.240000000000002
300173.XSHE,2023-07-18,-0.21000000000000085
002967.XSHE,2023-07-18,0.259999999999998
000900.XSHE,2023-07-18,-0.29000000000000625
002145.XSHE,2023-07-18,-0.18000000000000327
600620.XSHG,2023-07-18,102.9399999999996
300837.XSHE,2023-07-18,0.19000000000000483
300263.XSHE,2023-07-18,0.6700000000000017
002456.XSHE,2023-07-18,-1.0200000000000102
601218.XSHG,2023-07-18,-0.019999999999999574
000791.XSHE,2023-07-18,0.03999999999999915
603203.XSHG,2023-07-18,0.6899999999999977
002638.XSHE,2023-07-18,0.10000000000000142
300836.XSHE,2023-07-18,1.1700000000000017
300737.XSHE,2023-07-18,-0.019999999999999574
002204.XSHE,2023-07-18,-0.08999999999999986
603179.XSHG,2023-07-18,-4.329999999999998
600550.XSHG,2023-07-18,-0.46000000000000085
002213.XSHE,2023-07-18,-1.0700000000000003
688686.XSHG,2023-07-18,4.740000000000009
002333.XSHE,2023-07-18,-0.030000000000001137
301273.XSHE,2023-07-18,-0.240000000000002
002696.XSHE,2023-07-18,-0.18000000000000327
605167.XSHG,2023-07-18,-0.08000000000000007
600410.XSHG,2023-07-18,2.1499999999999915
002908.XSHE,2023-07-18,1.1400000000000006
600477.XSHG,2023-07-18,-0.3300000000000125
603709.XSHG,2023-07-18,-0.7300000000000004
605255.XSHG,2023-07-18,0.019999999999999574
003012.XSHE,2023-07-18,-0.9000000000000004
603963.XSHG,2023-07-18,-0.03999999999999915
300817.XSHE,2023-07-18,0.01999999999999602
300957.XSHE,2023-07-18,0.6299999999999955
600288.XSHG,2023-07-18,0.18999999999999773
600085.XSHG,2023-07-18,11.740000000000009
300444.XSHE,2023-07-18,-0.6499999999999986
000158.XSHE,2023-07-18,0.620000000000001
002398.XSHE,2023-07-18,-0.19000000000000483
002881.XSHE,2023-07-18,1.1400000000000006
600060.XSHG,2023-07-18,0.47999999999998977
603183.XSHG,2023-07-18,-0.05000000000000071
002268.XSHE,2023-07-18,2.9000000000000057
002404.XSHE,2023-07-18,0.0
002494.XSHE,2023-07-18,0.21000000000000085
688375.XSHG,2023-07-18,0.4300000000000068
600067.XSHG,2023-07-18,0.0
002562.XSHE,2023-07-18,-0.14000000000000057
603126.XSHG,2023-07-18,0.05000000000000071
600007.XSHG,2023-07-18,-0.7800000000000011
301171.XSHE,2023-07-18,0.4200000000000017
600505.XSHG,2023-07-18,0.36999999999999744
601011.XSHG,2023-07-18,0.0
300344.XSHE,2023-07-18,0.8599999999999994
301268.XSHE,2023-07-18,0.8200000000000003
603279.XSHG,2023-07-18,0.07000000000000028
300853.XSHE,2023-07-18,0.6300000000000026
002600.XSHE,2023-07-18,0.1700000000000017
000901.XSHE,2023-07-18,-1.0499999999999972
000761.XSHE,2023-07-18,0.05000000000000071
688290.XSHG,2023-07-18,2.8900000000000006
688311.XSHG,2023-07-18,1.3200000000000003
300964.XSHE,2023-07-18,0.259999999999998
688607.XSHG,2023-07-18,0.060000000000002274
000669.XSHE,2023-07-18,-0.29000000000000004
603209.XSHG,2023-07-18,-0.26000000000000156
300015.XSHE,2023-07-18,-1.2699999999999818
002053.XSHE,2023-07-18,0.10999999999999943
002959.XSHE,2023-07-18,2.2299999999999898
300886.XSHE,2023-07-18,-0.010000000000001563
603029.XSHG,2023-07-18,-0.3200000000000003
300404.XSHE,2023-07-18,1.9100000000000037
600115.XSHG,2023-07-18,-0.1200000000000001
301100.XSHE,2023-07-18,0.03999999999999915
002400.XSHE,2023-07-18,4.680000000000007
600600.XSHG,2023-07-18,0.0
301331.XSHE,2023-07-18,-0.7899999999999991
603214.XSHG,2023-07-18,-0.16000000000000014
000796.XSHE,2023-07-18,-0.08000000000000185
002876.XSHE,2023-07-18,0.30000000000001137
002487.XSHE,2023-07-18,1.1999999999999886
002737.XSHE,2023-07-18,-0.480000000000004
600039.XSHG,2023-07-18,0.9000000000000057
688373.XSHG,2023-07-18,0.20999999999999996
002434.XSHE,2023-07-18,-0.7100000000000009
688701.XSHG,2023-07-18,-0.08999999999999986
002841.XSHE,2023-07-18,1.2099999999999937
300067.XSHE,2023-07-18,-0.23999999999999844
000996.XSHE,2023-07-18,-0.120000000000001
300487.XSHE,2023-07-18,-2.5
600897.XSHG,2023-07-18,-0.8100000000000023
300620.XSHE,2023-07-18,5.339999999999989
002168.XSHE,2023-07-18,1.0500000000000114
600348.XSHG,2023-07-18,1.259999999999991
300982.XSHE,2023-07-18,1.3599999999999994
002486.XSHE,2023-07-18,-0.08999999999999986
300332.XSHE,2023-07-18,0.490000000000002
002103.XSHE,2023-07-18,0.35999999999999943
300717.XSHE,2023-07-18,-0.129999999999999
600854.XSHG,2023-07-18,0.1999999999999993
600724.XSHG,2023-07-18,-0.7200000000000131
300355.XSHE,2023-07-18,0.21000000000000085
002272.XSHE,2023-07-18,-0.030000000000001137
600707.XSHG,2023-07-18,-0.1899999999999995
600823.XSHG,2023-07-18,0.0
300306.XSHE,2023-07-18,0.8100000000000023
603011.XSHG,2023-07-18,-0.10999999999999943
600368.XSHG,2023-07-18,-0.21000000000000085
300551.XSHE,2023-07-18,0.730000000000004
600597.XSHG,2023-07-18,-0.030000000000001137
603993.XSHG,2023-07-18,-0.030000000000001137
001313.XSHE,2023-07-18,-0.10999999999999943
603050.XSHG,2023-07-18,-0.019999999999999574
002307.XSHE,2023-07-18,-0.08999999999999986
600536.XSHG,2023-07-18,6.3799999999999955
688627.XSHG,2023-07-18,-10.5
000028.XSHE,2023-07-18,4.159999999999997
603008.XSHG,2023-07-18,-1.740000000000002
000635.XSHE,2023-07-18,-0.5
002628.XSHE,2023-07-18,0.03999999999999915
000423.XSHE,2023-07-18,2.0399999999999636
000961.XSHE,2023-07-18,0.129999999999999
300033.XSHE,2023-07-18,3.900000000000091
600161.XSHG,2023-07-18,3.4899999999999523
300199.XSHE,2023-07-18,1.75
600190.XSHG,2023-07-18,-0.02999999999999936
000046.XSHE,2023-07-18,-1.3599999999999994
603887.XSHG,2023-07-18,0.490000000000002
300007.XSHE,2023-07-18,-0.21000000000000796
002271.XSHE,2023-07-18,8.5
601089.XSHG,2023-07-18,0.08999999999999986
600185.XSHG,2023-07-18,-0.8799999999999955
603881.XSHG,2023-07-18,0.46000000000000085
605500.XSHG,2023-07-18,-0.07000000000000028
605166.XSHG,2023-07-18,-0.09000000000000163
605589.XSHG,2023-07-18,0.9800000000000004
002046.XSHE,2023-07-18,-0.5599999999999952
000782.XSHE,2023-07-18,0.0
600861.XSHG,2023-07-18,0.14000000000000057
000978.XSHE,2023-07-18,0.0
605399.XSHG,2023-07-18,-0.17999999999999972
688269.XSHG,2023-07-18,-2.200000000000003
688325.XSHG,2023-07-18,-0.07000000000000028
000701.XSHE,2023-07-18,-0.07000000000000028
300888.XSHE,2023-07-18,0.20000000000000284
600379.XSHG,2023-07-18,0.14000000000000057
600545.XSHG,2023-07-18,-0.21000000000000085
002252.XSHE,2023-07-18,-1.2299999999999898
300867.XSHE,2023-07-18,0.0400000000000027
300899.XSHE,2023-07-18,0.0
605099.XSHG,2023-07-18,0.0799999999999983
600309.XSHG,2023-07-18,-9.300000000000182
688378.XSHG,2023-07-18,-4.219999999999999
002115.XSHE,2023-07-18,1.3099999999999952
300635.XSHE,2023-07-18,-0.010000000000001563
301075.XSHE,2023-07-18,0.08000000000000185
600184.XSHG,2023-07-18,-0.490000000000002
000001.XSHE,2023-07-18,5.079999999999927
603721.XSHG,2023-07-18,0.879999999999999
002960.XSHE,2023-07-18,-1.5200000000000031
603501.XSHG,2023-07-18,-2.4399999999999977
000717.XSHE,2023-07-18,-0.10999999999999943
002086.XSHE,2023-07-18,-0.05000000000000071
688307.XSHG,2023-07-18,0.990000000000002
301178.XSHE,2023-07-18,-1.0499999999999972
600918.XSHG,2023-07-18,-0.010000000000000675
688625.XSHG,2023-07-18,0.6000000000000014
300902.XSHE,2023-07-18,0.7800000000000011
600418.XSHG,2023-07-18,-1.5799999999999983
600613.XSHG,2023-07-18,2.8700000000000045
301296.XSHE,2023-07-18,0.14000000000000057
603737.XSHG,2023-07-18,-8.699999999999989
300587.XSHE,2023-07-18,0.1700000000000017
000498.XSHE,2023-07-18,-0.120000000000001
001318.XSHE,2023-07-18,0.019999999999999574
600939.XSHG,2023-07-18,-0.009999999999999787
600882.XSHG,2023-07-18,0.9299999999999997
600624.XSHG,2023-07-18,-0.5600000000000023
603339.XSHG,2023-07-18,-0.21000000000000085
603980.XSHG,2023-07-18,-0.040000000000000036
300492.XSHE,2023-07-18,-0.539999999999992
600479.XSHG,2023-07-18,1.329999999999984
301246.XSHE,2023-07-18,0.19000000000000128
688316.XSHG,2023-07-18,0.7999999999999972
600826.XSHG,2023-07-18,-1.0200000000000102
600578.XSHG,2023-07-18,0.2900000000000027
300061.XSHE,2023-07-18,0.1600000000000037
600015.XSHG,2023-07-18,0.1700000000000017
000153.XSHE,2023-07-18,-0.11999999999999744
000591.XSHE,2023-07-18,1.3199999999999932
301130.XSHE,2023-07-18,0.16000000000000014
600841.XSHG,2023-07-18,-0.3099999999999987
600369.XSHG,2023-07-18,-0.10000000000000142
688332.XSHG,2023-07-18,2.740000000000009
688639.XSHG,2023-07-18,-0.1799999999999784
002254.XSHE,2023-07-18,-1.25
000818.XSHE,2023-07-18,-0.9200000000000017
600167.XSHG,2023-07-18,-0.48999999999999844
301301.XSHE,2023-07-18,-0.05000000000000071
600302.XSHG,2023-07-18,0.030000000000001137
002462.XSHE,2023-07-18,0.07000000000000028
000514.XSHE,2023-07-18,-0.21000000000000085
300438.XSHE,2023-07-18,-1.5500000000000114
002759.XSHE,2023-07-18,-0.15000000000000568
300828.XSHE,2023-07-18,-0.4399999999999977
300885.XSHE,2023-07-18,0.26000000000000156
301106.XSHE,2023-07-18,1.5999999999999943
300528.XSHE,2023-07-18,0.4599999999999991
600643.XSHG,2023-07-18,-0.17999999999999972
603885.XSHG,2023-07-18,-0.6499999999999986
300504.XSHE,2023-07-18,0.16000000000000014
002806.XSHE,2023-07-18,0.07000000000000028
300350.XSHE,2023-07-18,-0.22000000000000064
000705.XSHE,2023-07-18,-0.10999999999999943
000545.XSHE,2023-07-18,-0.25
603687.XSHG,2023-07-18,-0.28000000000000114
688665.XSHG,2023-07-18,0.030000000000001137
600061.XSHG,2023-07-18,-0.28999999999999204
002877.XSHE,2023-07-18,-3.780000000000001
600586.XSHG,2023-07-18,-0.28000000000000114
600548.XSHG,2023-07-18,-0.23000000000000043
688480.XSHG,2023-07-18,0.08000000000000185
605366.XSHG,2023-07-18,0.019999999999999574
605001.XSHG,2023-07-18,-0.06999999999999851
688518.XSHG,2023-07-18,-0.15000000000000213
601375.XSHG,2023-07-18,0.020000000000000018
600649.XSHG,2023-07-18,-0.45000000000000284
000400.XSHE,2023-07-18,0.6400000000000148
301322.XSHE,2023-07-18,-2.4200000000000017
601298.XSHG,2023-07-18,-0.009999999999999787
688139.XSHG,2023-07-18,0.3399999999999963
301038.XSHE,2023-07-18,-0.4800000000000004
600976.XSHG,2023-07-18,5.810000000000002
603949.XSHG,2023-07-18,-0.3400000000000034
002911.XSHE,2023-07-18,-0.120000000000001
601827.XSHG,2023-07-18,0.040000000000000924
002564.XSHE,2023-07-18,-0.39000000000000057
301201.XSHE,2023-07-18,0.0799999999999983
301266.XSHE,2023-07-18,0.5499999999999972
600178.XSHG,2023-07-18,-0.129999999999999
601390.XSHG,2023-07-18,0.08999999999999986
688733.XSHG,2023-07-18,-1.6400000000000006
300767.XSHE,2023-07-18,-0.8900000000000006
603357.XSHG,2023-07-18,0.4200000000000017
601918.XSHG,2023-07-18,-0.02999999999999936
603988.XSHG,2023-07-18,-0.10000000000000142
688238.XSHG,2023-07-18,-0.11999999999999922
605069.XSHG,2023-07-18,-0.08999999999999986
601865.XSHG,2023-07-18,0.25
688420.XSHG,2023-07-18,1.6199999999999974
301133.XSHE,2023-07-18,-0.14000000000000057
002375.XSHE,2023-07-18,0.0
600416.XSHG,2023-07-18,1.4099999999999966
603866.XSHG,2023-07-18,1.8400000000000034
002427.XSHE,2023-07-18,0.060000000000002274
600909.XSHG,2023-07-18,0.0
300747.XSHE,2023-07-18,2.3400000000000034
603919.XSHG,2023-07-18,0.14999999999999858
000026.XSHE,2023-07-18,0.6599999999999966
600469.XSHG,2023-07-18,0.030000000000001137
002442.XSHE,2023-07-18,-0.11000000000000121
600028.XSHG,2023-07-18,0.3999999999999986
300229.XSHE,2023-07-18,3.6500000000000057
300640.XSHE,2023-07-18,-0.1700000000000017
300079.XSHE,2023-07-18,0.8800000000000097
001201.XSHE,2023-07-18,-0.9399999999999977
603707.XSHG,2023-07-18,0.10999999999999943
002341.XSHE,2023-07-18,0.33000000000000185
300285.XSHE,2023-07-18,-11.600000000000023
603311.XSHG,2023-07-18,-0.11999999999999922
301047.XSHE,2023-07-18,-2.9299999999999784
603307.XSHG,2023-07-18,0.46999999999999886
600933.XSHG,2023-07-18,-0.7300000000000004
300690.XSHE,2023-07-18,-0.269999999999996
603358.XSHG,2023-07-18,-0.4099999999999966
688112.XSHG,2023-07-18,0.8700000000000045
002364.XSHE,2023-07-18,-0.060000000000002274
603517.XSHG,2023-07-18,0.6400000000000006
300149.XSHE,2023-07-18,0.3299999999999983
301090.XSHE,2023-07-18,-0.08000000000000007
000685.XSHE,2023-07-18,0.0
002634.XSHE,2023-07-18,0.06999999999999318
688586.XSHG,2023-07-18,0.019999999999999574
002063.XSHE,2023-07-18,0.710000000000008
002025.XSHE,2023-07-18,-2.0499999999999545
002430.XSHE,2023-07-18,0.6700000000000017
300594.XSHE,2023-07-18,0.25
603458.XSHG,2023-07-18,-0.3200000000000003
301186.XSHE,2023-07-18,0.730000000000004
600405.XSHG,2023-07-18,0.35999999999999943
301046.XSHE,2023-07-18,0.990000000000002
002502.XSHE,2023-07-18,0.0
688569.XSHG,2023-07-18,-0.11999999999999744
688793.XSHG,2023-07-18,-0.04999999999999716
000666.XSHE,2023-07-18,0.08000000000000185
300658.XSHE,2023-07-18,-0.11999999999999744
002928.XSHE,2023-07-18,-0.26000000000000156
600265.XSHG,2023-07-18,0.04999999999999716
300282.XSHE,2023-07-18,0.0
688111.XSHG,2023-07-18,3.6300000000000523
001301.XSHE,2023-07-18,0.259999999999998
002901.XSHE,2023-07-18,0.5500000000000043
300049.XSHE,2023-07-18,-0.0799999999999983
600423.XSHG,2023-07-18,-0.17999999999999972
300584.XSHE,2023-07-18,0.38000000000000256
002888.XSHE,2023-07-18,-1.1799999999999997
301353.XSHE,2023-07-18,2.0799999999999983
603686.XSHG,2023-07-18,-0.3499999999999943
000403.XSHE,2023-07-18,-0.07999999999998408
600235.XSHG,2023-07-18,-0.049999999999998934
603066.XSHG,2023-07-18,-0.28000000000000114
301429.XSHE,2023-07-18,0.5300000000000011
605098.XSHG,2023-07-18,-1.990000000000009
601022.XSHG,2023-07-18,-0.05999999999999872
301156.XSHE,2023-07-18,-0.41000000000000014
001227.XSHE,2023-07-18,0.0
002922.XSHE,2023-07-18,-2.41
000572.XSHE,2023-07-18,-0.4700000000000024
300132.XSHE,2023-07-18,-0.240000000000002
603127.XSHG,2023-07-18,-6.930000000000007
300270.XSHE,2023-07-18,1.6000000000000014
000768.XSHE,2023-07-18,-1.8799999999999955
000905.XSHE,2023-07-18,-0.4800000000000004
002402.XSHE,2023-07-18,0.0
603324.XSHG,2023-07-18,-0.14999999999999858
002598.XSHE,2023-07-18,-0.7100000000000009
301252.XSHE,2023-07-18,1.9499999999999957
688565.XSHG,2023-07-18,-0.14000000000000057
001328.XSHE,2023-07-18,0.0899999999999963
002328.XSHE,2023-07-18,-0.9499999999999993
600775.XSHG,2023-07-18,0.3099999999999987
688255.XSHG,2023-07-18,0.28999999999999915
688505.XSHG,2023-07-18,-0.1999999999999993
002009.XSHE,2023-07-18,-0.10999999999999943
688219.XSHG,2023-07-18,-0.009999999999999787
688234.XSHG,2023-07-18,0.6099999999999994
300083.XSHE,2023-07-18,-0.5700000000000003
002576.XSHE,2023-07-18,0.4299999999999997
002208.XSHE,2023-07-18,-0.1700000000000017
688603.XSHG,2023-07-18,0.5799999999999983
002319.XSHE,2023-07-18,-0.060000000000002274
603020.XSHG,2023-07-18,0.019999999999999574
002033.XSHE,2023-07-18,0.46000000000000085
688190.XSHG,2023-07-18,-6.609999999999999
002281.XSHE,2023-07-18,1.8299999999999983
301163.XSHE,2023-07-18,-0.7099999999999973
601616.XSHG,2023-07-18,-0.020000000000000462
688768.XSHG,2023-07-18,2.9099999999999966
000715.XSHE,2023-07-18,-1.7100000000000009
300162.XSHE,2023-07-18,0.0
300870.XSHE,2023-07-18,0.8399999999999963
688019.XSHG,2023-07-18,1.3100000000000023
301049.XSHE,2023-07-18,0.5
002075.XSHE,2023-07-18,0.02999999999999936
300480.XSHE,2023-07-18,-1.4699999999999989
603666.XSHG,2023-07-18,0.730000000000004
300129.XSHE,2023-07-18,0.6799999999999997
000676.XSHE,2023-07-18,1.980000000000004
002868.XSHE,2023-07-18,0.44000000000000483
002141.XSHE,2023-07-18,0.33000000000000185
300054.XSHE,2023-07-18,8.660000000000025
600539.XSHG,2023-07-18,-0.08999999999999986
600460.XSHG,2023-07-18,-1.3500000000000227
603606.XSHG,2023-07-18,4.030000000000001
300180.XSHE,2023-07-18,-0.14000000000000057
000554.XSHE,2023-07-18,-0.12000000000000455
001286.XSHE,2023-07-18,0.0
000786.XSHE,2023-07-18,-2.3899999999999864
002237.XSHE,2023-07-18,-1.25
002808.XSHE,2023-07-18,0.3200000000000003
603527.XSHG,2023-07-18,0.04999999999999716
603960.XSHG,2023-07-18,-0.5399999999999991
002277.XSHE,2023-07-18,-0.379999999999999
300967.XSHE,2023-07-18,-0.3600000000000012
000802.XSHE,2023-07-18,1.75
600455.XSHG,2023-07-18,0.0
605108.XSHG,2023-07-18,0.3400000000000034
688006.XSHG,2023-07-18,-0.21999999999999886
003033.XSHE,2023-07-18,-0.5799999999999983
603843.XSHG,2023-07-18,-0.009999999999999787
603272.XSHG,2023-07-18,-0.03999999999999915
300819.XSHE,2023-07-18,-0.03999999999999915
603261.XSHG,2023-07-18,-0.29999999999999716
688169.XSHG,2023-07-18,3.0
688022.XSHG,2023-07-18,-0.7800000000000011
300521.XSHE,2023-07-18,1.3200000000000003
603712.XSHG,2023-07-18,0.4499999999999993
300488.XSHE,2023-07-18,0.7600000000000051
600071.XSHG,2023-07-18,1.0999999999999943
605089.XSHG,2023-07-18,0.259999999999998
300473.XSHE,2023-07-18,0.010000000000001563
002549.XSHE,2023-07-18,-0.75
688396.XSHG,2023-07-18,-0.21999999999999886
301128.XSHE,2023-07-18,0.9400000000000048
600355.XSHG,2023-07-18,0.17999999999999972
002148.XSHE,2023-07-18,1.0499999999999972
002825.XSHE,2023-07-18,-0.3000000000000007
002768.XSHE,2023-07-18,-0.45000000000000284
688210.XSHG,2023-07-18,1.1400000000000006
301141.XSHE,2023-07-18,-11.030000000000001
601169.XSHG,2023-07-18,0.16999999999999815
605259.XSHG,2023-07-18,-0.28000000000000114
600928.XSHG,2023-07-18,-0.02999999999999936
603385.XSHG,2023-07-18,-0.20000000000000107
300277.XSHE,2023-07-18,0.9099999999999966
688425.XSHG,2023-07-18,0.02999999999999936
000620.XSHE,2023-07-18,-0.10000000000000053
300634.XSHE,2023-07-18,-0.4499999999999993
600583.XSHG,2023-07-18,-0.21000000000000796
601360.XSHG,2023-07-18,0.41000000000000014
603700.XSHG,2023-07-18,-0.120000000000001
688127.XSHG,2023-07-18,0.120000000000001
688570.XSHG,2023-07-18,0.08000000000000185
600168.XSHG,2023-07-18,-0.16000000000000014
603348.XSHG,2023-07-18,-4.790000000000006
605303.XSHG,2023-07-18,0.009999999999999787
002470.XSHE,2023-07-18,0.46999999999999886
600400.XSHG,2023-07-18,0.13000000000000256
603098.XSHG,2023-07-18,-0.28999999999999915
688027.XSHG,2023-07-18,3.9399999999999977
600561.XSHG,2023-07-18,-0.27999999999999936
002201.XSHE,2023-07-18,-0.6700000000000017
603396.XSHG,2023-07-18,1.1200000000000045
300951.XSHE,2023-07-18,0.30999999999998806
001215.XSHE,2023-07-18,1.8299999999999983
600519.XSHG,2023-07-18,79.65999999999985
603900.XSHG,2023-07-18,-0.02999999999999936
600875.XSHG,2023-07-18,1.1099999999999994
605296.XSHG,2023-07-18,-0.6300000000000026
002100.XSHE,2023-07-18,-1.6099999999999994
603085.XSHG,2023-07-18,-0.5499999999999972
002167.XSHE,2023-07-18,0.14999999999999858
600759.XSHG,2023-07-18,-0.22000000000000064
688500.XSHG,2023-07-18,0.3099999999999987
688258.XSHG,2023-07-18,0.21999999999999886
002971.XSHE,2023-07-18,0.21999999999999886
600335.XSHG,2023-07-18,-0.6699999999999946
002165.XSHE,2023-07-18,-0.39000000000000057
300225.XSHE,2023-07-18,1.6600000000000037
300496.XSHE,2023-07-18,2.0
002407.XSHE,2023-07-18,-0.4099999999999966
600452.XSHG,2023-07-18,5.4199999999999875
688459.XSHG,2023-07-18,-0.009999999999999787
002422.XSHE,2023-07-18,2.280000000000001
002889.XSHE,2023-07-18,-0.00999999999999801
600895.XSHG,2023-07-18,-7.699999999999989
603169.XSHG,2023-07-18,-0.2599999999999998
002943.XSHE,2023-07-18,0.18999999999999773
002309.XSHE,2023-07-18,-0.02999999999999936
600058.XSHG,2023-07-18,-1.1000000000000014
603616.XSHG,2023-07-18,-0.11999999999999922
600847.XSHG,2023-07-18,-0.21999999999999886
002467.XSHE,2023-07-18,0.480000000000004
605136.XSHG,2023-07-18,-0.02999999999999936
002695.XSHE,2023-07-18,-0.7999999999999972
003025.XSHE,2023-07-18,0.5799999999999983
300823.XSHE,2023-07-18,0.10000000000000142
002496.XSHE,2023-07-18,1.4299999999999997
688353.XSHG,2023-07-18,0.13000000000000256
688606.XSHG,2023-07-18,0.8100000000000023
688377.XSHG,2023-07-18,1.0800000000000018
600375.XSHG,2023-07-18,-0.48999999999999844
603353.XSHG,2023-07-18,-0.6600000000000001
603486.XSHG,2023-07-18,-0.39000000000000057
300851.XSHE,2023-07-18,-0.3299999999999983
600803.XSHG,2023-07-18,0.6100000000000136
301235.XSHE,2023-07-18,-0.010000000000001563
688279.XSHG,2023-07-18,-8.240000000000009
601118.XSHG,2023-07-18,0.020000000000000462
688170.XSHG,2023-07-18,-0.3300000000000054
300385.XSHE,2023-07-18,-0.28000000000000114
301022.XSHE,2023-07-18,0.4899999999999949
301218.XSHE,2023-07-18,2.6199999999999974
603365.XSHG,2023-07-18,-0.46000000000000085
603758.XSHG,2023-07-18,0.02999999999999936
301127.XSHE,2023-07-18,-0.06999999999999851
300771.XSHE,2023-07-18,0.620000000000001
603327.XSHG,2023-07-18,-0.3299999999999983
000430.XSHE,2023-07-18,0.269999999999996
603043.XSHG,2023-07-18,1.2299999999999969
603019.XSHG,2023-07-18,4.1200000000000045
688026.XSHG,2023-07-18,0.05999999999999872
601229.XSHG,2023-07-18,-0.07000000000000028
300862.XSHE,2023-07-18,-0.16999999999999815
603768.XSHG,2023-07-18,-0.16000000000000014
000778.XSHE,2023-07-18,0.6400000000000006
000913.XSHE,2023-07-18,-0.8599999999999994
300100.XSHE,2023-07-18,-0.5700000000000003
605117.XSHG,2023-07-18,9.75
600365.XSHG,2023-07-18,-0.019999999999999574
600415.XSHG,2023-07-18,-1.6800000000000068
601099.XSHG,2023-07-18,-0.04999999999999982
688408.XSHG,2023-07-18,2.1099999999999994
688475.XSHG,2023-07-18,0.18999999999999773
301105.XSHE,2023-07-18,-0.3100000000000023
688361.XSHG,2023-07-18,0.12000000000000455
300234.XSHE,2023-07-18,-0.17999999999999972
600448.XSHG,2023-07-18,0.0
688088.XSHG,2023-07-18,0.36999999999999744
603007.XSHG,2023-07-18,-0.35999999999999943
605180.XSHG,2023-07-18,-0.120000000000001
002890.XSHE,2023-07-18,-0.03999999999999915
600066.XSHG,2023-07-18,0.5399999999999636
600999.XSHG,2023-07-18,0.060000000000002274
600862.XSHG,2023-07-18,-3.4000000000000057
300955.XSHE,2023-07-18,-0.03999999999999915
301148.XSHE,2023-07-18,-0.18000000000000327
300462.XSHE,2023-07-18,0.4800000000000004
603229.XSHG,2023-07-18,1.4399999999999977
603159.XSHG,2023-07-18,-0.05000000000000071
300668.XSHE,2023-07-18,1.4699999999999989
688363.XSHG,2023-07-18,-0.9699999999999989
002132.XSHE,2023-07-18,-0.120000000000001
002981.XSHE,2023-07-18,-0.6800000000000033
002755.XSHE,2023-07-18,0.0
002817.XSHE,2023-07-18,0.07000000000000028
603379.XSHG,2023-07-18,0.28999999999999915
688100.XSHG,2023-07-18,0.5599999999999987
300751.XSHE,2023-07-18,-56.450000000000045
688113.XSHG,2023-07-18,-0.03999999999999915
300423.XSHE,2023-07-18,-1.019999999999996
002589.XSHE,2023-07-18,-0.2799999999999976
002818.XSHE,2023-07-18,-0.6199999999999974
002862.XSHE,2023-07-18,0.14999999999999858
002661.XSHE,2023-07-18,-0.14000000000000057
600213.XSHG,2023-07-18,-0.8100000000000005
300537.XSHE,2023-07-18,0.17999999999999972
603863.XSHG,2023-07-18,0.240000000000002
000838.XSHE,2023-07-18,-0.39000000000000057
002540.XSHE,2023-07-18,-0.5300000000000011
300022.XSHE,2023-07-18,-0.2799999999999976
002041.XSHE,2023-07-18,1.7800000000000011
603657.XSHG,2023-07-18,-0.21000000000000085
301279.XSHE,2023-07-18,-0.14999999999999858
301280.XSHE,2023-07-18,0.00999999999999801
600726.XSHG,2023-07-18,0.07000000000000028
300882.XSHE,2023-07-18,2.0
300391.XSHE,2023-07-18,-0.19000000000000128
600982.XSHG,2023-07-18,0.5799999999999983
601288.XSHG,2023-07-18,0.040000000000000036
688469.XSHG,2023-07-18,-0.009999999999999787
300497.XSHE,2023-07-18,-0.2400000000000091
300782.XSHE,2023-07-18,-7.649999999999977
688017.XSHG,2023-07-18,-3.4000000000000057
688517.XSHG,2023-07-18,0.7600000000000016
300619.XSHE,2023-07-18,0.18000000000000682
301373.XSHE,2023-07-18,0.5300000000000011
600730.XSHG,2023-07-18,0.05999999999999517
002961.XSHE,2023-07-18,0.02999999999999936
001230.XSHE,2023-07-18,0.019999999999999574
002222.XSHE,2023-07-18,0.030000000000001137
002610.XSHE,2023-07-18,-0.25
300679.XSHE,2023-07-18,-2.1899999999999977
301159.XSHE,2023-07-18,0.19999999999999574
600482.XSHG,2023-07-18,0.2599999999999909
605122.XSHG,2023-07-18,-0.33000000000000185
603618.XSHG,2023-07-18,0.19000000000000128
301042.XSHE,2023-07-18,0.5499999999999972
688577.XSHG,2023-07-18,0.990000000000002
002701.XSHE,2023-07-18,-0.20000000000000284
601717.XSHG,2023-07-18,-0.1599999999999966
300522.XSHE,2023-07-18,-0.519999999999996
600360.XSHG,2023-07-18,-0.39000000000000057
688593.XSHG,2023-07-18,-0.10999999999999943
601279.XSHG,2023-07-18,-0.2599999999999998
002891.XSHE,2023-07-18,-0.6199999999999974
603505.XSHG,2023-07-18,-0.46000000000000796
000925.XSHE,2023-07-18,0.379999999999999
688302.XSHG,2023-07-18,0.7199999999999989
603309.XSHG,2023-07-18,0.740000000000002
600084.XSHG,2023-07-18,-0.4299999999999997
605599.XSHG,2023-07-18,-0.47000000000000064
600748.XSHG,2023-07-18,0.0
300822.XSHE,2023-07-18,0.1599999999999966
002530.XSHE,2023-07-18,0.1999999999999993
600259.XSHG,2023-07-18,-0.5
603267.XSHG,2023-07-18,0.769999999999996
000982.XSHE,2023-07-18,0.1700000000000017
001338.XSHE,2023-07-18,0.10000000000000142
688102.XSHG,2023-07-18,-0.3200000000000003
002105.XSHE,2023-07-18,-0.09999999999999964
600444.XSHG,2023-07-18,-0.129999999999999
002689.XSHE,2023-07-18,-0.3099999999999987
600573.XSHG,2023-07-18,-0.019999999999999574
000722.XSHE,2023-07-18,1.2100000000000009
002062.XSHE,2023-07-18,-0.21000000000000085
600059.XSHG,2023-07-18,-0.9300000000000068
601059.XSHG,2023-07-18,-0.23000000000000043
301183.XSHE,2023-07-18,2.950000000000003
603030.XSHG,2023-07-18,-0.05999999999999872
688551.XSHG,2023-07-18,0.14000000000000057
605118.XSHG,2023-07-18,0.5399999999999991
301115.XSHE,2023-07-18,0.0
301286.XSHE,2023-07-18,-0.010000000000001563
688312.XSHG,2023-07-18,0.370000000000001
000014.XSHE,2023-07-18,-1.1200000000000045
002640.XSHE,2023-07-18,0.6099999999999994
300702.XSHE,2023-07-18,0.35999999999999943
300814.XSHE,2023-07-18,-4.350000000000001
301383.XSHE,2023-07-18,0.4099999999999966
300792.XSHE,2023-07-18,1.2399999999999949
600318.XSHG,2023-07-18,-0.21999999999999886
601186.XSHG,2023-07-18,0.08000000000000007
603551.XSHG,2023-07-18,-0.2900000000000009
000551.XSHE,2023-07-18,-0.539999999999992
688376.XSHG,2023-07-18,0.5399999999999991
603368.XSHG,2023-07-18,-0.09000000000000341
300266.XSHE,2023-07-18,0.5700000000000003
301180.XSHE,2023-07-18,0.2699999999999996
300321.XSHE,2023-07-18,-0.29999999999999716
688244.XSHG,2023-07-18,5.460000000000008
605319.XSHG,2023-07-18,-0.22000000000000242
688114.XSHG,2023-07-18,-1.1300000000000097
300988.XSHE,2023-07-18,-0.8299999999999983
600795.XSHG,2023-07-18,11.129999999999995
000885.XSHE,2023-07-18,-0.0799999999999983
301196.XSHE,2023-07-18,0.6300000000000026
603009.XSHG,2023-07-18,-0.10999999999999943
600462.XSHG,2023-07-18,-0.2699999999999996
300349.XSHE,2023-07-18,2.5900000000000034
000690.XSHE,2023-07-18,-2.930000000000007
000531.XSHE,2023-07-18,0.6499999999999915
605003.XSHG,2023-07-18,-0.18999999999999773
300483.XSHE,2023-07-18,0.07000000000000028
301057.XSHE,2023-07-18,-0.240000000000002
002029.XSHE,2023-07-18,-0.19999999999999574
002234.XSHE,2023-07-18,-1.0300000000000011
600183.XSHG,2023-07-18,-1.1799999999999784
300043.XSHE,2023-07-18,1.0600000000000023
300452.XSHE,2023-07-18,0.4900000000000091
000567.XSHE,2023-07-18,1.8899999999999864
601236.XSHG,2023-07-18,0.040000000000000924
603121.XSHG,2023-07-18,-0.08000000000000185
300552.XSHE,2023-07-18,0.509999999999998
688123.XSHG,2023-07-18,1.9599999999999937
605266.XSHG,2023-07-18,0.9900000000000091
600637.XSHG,2023-07-18,0.6000000000000014
002088.XSHE,2023-07-18,-0.5600000000000023
300380.XSHE,2023-07-18,0.7899999999999991
600802.XSHG,2023-07-18,-0.3299999999999983
688488.XSHG,2023-07-18,-0.13000000000000078
603359.XSHG,2023-07-18,0.10999999999999943
603528.XSHG,2023-07-18,0.3200000000000003
002440.XSHE,2023-07-18,-0.3999999999999986
600765.XSHG,2023-07-18,-8.359999999999957
600754.XSHG,2023-07-18,2.9199999999999875
688699.XSHG,2023-07-18,-0.5600000000000023
002535.XSHE,2023-07-18,0.17999999999999972
000088.XSHE,2023-07-18,-0.1700000000000017
000596.XSHE,2023-07-18,9.059999999999945
600192.XSHG,2023-07-18,0.049999999999998934
300707.XSHE,2023-07-18,-2.789999999999999
300557.XSHE,2023-07-18,-0.2700000000000031
002218.XSHE,2023-07-18,0.10999999999999943
600022.XSHG,2023-07-18,0.0
688275.XSHG,2023-07-18,-0.9099999999999966
000528.XSHE,2023-07-18,-1.0499999999999972
600791.XSHG,2023-07-18,-0.36999999999999744
300877.XSHE,2023-07-18,0.0
603605.XSHG,2023-07-18,1.7099999999999795
603823.XSHG,2023-07-18,0.0799999999999983
002945.XSHE,2023-07-18,0.019999999999999574
000976.XSHE,2023-07-18,-0.03000000000000025
300900.XSHE,2023-07-18,-0.09999999999999787
000506.XSHE,2023-07-18,-0.2400000000000002
301109.XSHE,2023-07-18,0.029999999999997584
688125.XSHG,2023-07-18,0.4200000000000017
601116.XSHG,2023-07-18,-0.8200000000000021
002127.XSHE,2023-07-18,0.0
000993.XSHE,2023-07-18,-0.16000000000000014
688253.XSHG,2023-07-18,-0.17999999999999972
600391.XSHG,2023-07-18,-0.259999999999998
000034.XSHE,2023-07-18,1.8800000000000097
688597.XSHG,2023-07-18,-0.16000000000000014
000619.XSHE,2023-07-18,-0.18999999999999773
605287.XSHG,2023-07-18,-0.10999999999999943
000035.XSHE,2023-07-18,-0.5600000000000023
002792.XSHE,2023-07-18,0.9600000000000009
002021.XSHE,2023-07-18,0.08999999999999986
300232.XSHE,2023-07-18,0.29000000000000625
000595.XSHE,2023-07-18,-0.41000000000000014
600819.XSHG,2023-07-18,-0.09999999999999787
600207.XSHG,2023-07-18,0.02999999999999936
000040.XSHE,2023-07-18,-0.03999999999999915
002311.XSHE,2023-07-18,-1.5600000000000023
688362.XSHG,2023-07-18,-0.5999999999999943
002585.XSHE,2023-07-18,-0.19000000000000483
301176.XSHE,2023-07-18,-0.7199999999999989
002155.XSHE,2023-07-18,-0.29999999999999716
600436.XSHG,2023-07-18,-7.920000000000073
603638.XSHG,2023-07-18,-0.6500000000000057
002774.XSHE,2023-07-18,0.05999999999999872
301207.XSHE,2023-07-18,0.7299999999999969
600598.XSHG,2023-07-18,0.10999999999999943
603165.XSHG,2023-07-18,-0.23999999999999488
002245.XSHE,2023-07-18,1.4000000000000057
300963.XSHE,2023-07-18,-0.5700000000000003
000990.XSHE,2023-07-18,-0.09999999999999787
603200.XSHG,2023-07-18,0.35999999999999943
605507.XSHG,2023-07-18,-0.16000000000000014
300948.XSHE,2023-07-18,0.3000000000000007
600639.XSHG,2023-07-18,-1.1799999999999926
688678.XSHG,2023-07-18,-0.23000000000000043
300347.XSHE,2023-07-18,10.220000000000027
300602.XSHE,2023-07-18,1.4300000000000068
603916.XSHG,2023-07-18,-0.010000000000001563
002489.XSHE,2023-07-18,-0.240000000000002
300978.XSHE,2023-07-18,0.5200000000000014
688550.XSHG,2023-07-18,1.6800000000000068
002725.XSHE,2023-07-18,-0.08000000000000185
300912.XSHE,2023-07-18,-0.4700000000000024
003015.XSHE,2023-07-18,0.17999999999999972
003028.XSHE,2023-07-18,0.35999999999999943
300865.XSHE,2023-07-18,-0.09999999999999787
300656.XSHE,2023-07-18,-0.19000000000001194
300884.XSHE,2023-07-18,-0.11000000000000298
603219.XSHG,2023-07-18,-0.35999999999999943
002120.XSHE,2023-07-18,-0.18999999999999773
688310.XSHG,2023-07-18,0.5599999999999952
000415.XSHE,2023-07-18,-0.44999999999999574
301203.XSHE,2023-07-18,1.9100000000000037
300542.XSHE,2023-07-18,0.5100000000000051
600776.XSHG,2023-07-18,2.759999999999998
301179.XSHE,2023-07-18,1.5700000000000003
002491.XSHE,2023-07-18,0.8000000000000007
603903.XSHG,2023-07-18,-0.08999999999999986
600343.XSHG,2023-07-18,-0.2700000000000031
000902.XSHE,2023-07-18,-0.7000000000000028
688025.XSHG,2023-07-18,-2.1300000000000097
002012.XSHE,2023-07-18,0.480000000000004
600109.XSHG,2023-07-18,-0.09000000000000341
300520.XSHE,2023-07-18,1.279999999999994
002350.XSHE,2023-07-18,0.28999999999999915
301307.XSHE,2023-07-18,-2.1599999999999966
688162.XSHG,2023-07-18,0.10000000000000142
002771.XSHE,2023-07-18,0.5
301298.XSHE,2023-07-18,-0.08000000000000185
600588.XSHG,2023-07-18,19.700000000000045
600698.XSHG,2023-07-18,-0.48999999999999844
688166.XSHG,2023-07-18,0.4800000000000004
001288.XSHE,2023-07-18,-0.13999999999999702
002124.XSHE,2023-07-18,-0.8299999999999983
600215.XSHG,2023-07-18,-0.019999999999999574
300655.XSHE,2023-07-18,-0.539999999999992
000930.XSHE,2023-07-18,-1.2800000000000011
301092.XSHE,2023-07-18,0.240000000000002
002357.XSHE,2023-07-18,-0.1700000000000017
002485.XSHE,2023-07-18,-0.16999999999999993
002446.XSHE,2023-07-18,0.5499999999999972
300299.XSHE,2023-07-18,0.8099999999999952
688008.XSHG,2023-07-18,1.1000000000000014
600112.XSHG,2023-07-18,0.16000000000000014
002437.XSHE,2023-07-18,0.0
601567.XSHG,2023-07-18,-2.0600000000000023
688468.XSHG,2023-07-18,0.03999999999999915
603360.XSHG,2023-07-18,-0.6499999999999986
301355.XSHE,2023-07-18,0.240000000000002
000608.XSHE,2023-07-18,0.11999999999999744
603677.XSHG,2023-07-18,0.6799999999999997
002449.XSHE,2023-07-18,-0.2099999999999973
300866.XSHE,2023-07-18,0.8499999999999943
301136.XSHE,2023-07-18,0.16999999999999993
688636.XSHG,2023-07-18,1.0799999999999983
300197.XSHE,2023-07-18,0.3200000000000074
603722.XSHG,2023-07-18,0.8500000000000014
603351.XSHG,2023-07-18,-0.21000000000000085
300965.XSHE,2023-07-18,0.9099999999999966
000661.XSHE,2023-07-18,-1.4200000000000728
002102.XSHE,2023-07-18,0.28000000000000114
002548.XSHE,2023-07-18,0.10000000000000142
603217.XSHG,2023-07-18,0.519999999999996
688180.XSHG,2023-07-18,0.0
300863.XSHE,2023-07-18,0.3199999999999932
603260.XSHG,2023-07-18,-0.539999999999992
688168.XSHG,2023-07-18,1.9200000000000017
000909.XSHE,2023-07-18,-0.019999999999999574
300984.XSHE,2023-07-18,0.5799999999999983
002739.XSHE,2023-07-18,-0.45999999999999375
002370.XSHE,2023-07-18,0.06999999999999851
300189.XSHE,2023-07-18,1.1700000000000017
600150.XSHG,2023-07-18,0.8299999999999983
002717.XSHE,2023-07-18,0.269999999999996
688528.XSHG,2023-07-18,-0.1899999999999995
300044.XSHE,2023-07-18,0.46000000000000085
301309.XSHE,2023-07-18,0.1700000000000017
300684.XSHE,2023-07-18,1.4899999999999949
600738.XSHG,2023-07-18,0.07000000000000028
603936.XSHG,2023-07-18,0.14000000000000057
301151.XSHE,2023-07-18,0.030000000000001137
601222.XSHG,2023-07-18,0.3100000000000023
002299.XSHE,2023-07-18,-0.9899999999999949
600468.XSHG,2023-07-18,0.5
603757.XSHG,2023-07-18,0.9200000000000017
688679.XSHG,2023-07-18,0.08999999999999986
300692.XSHE,2023-07-18,0.15000000000000213
300608.XSHE,2023-07-18,0.8399999999999963
600993.XSHG,2023-07-18,13.979999999999961
688575.XSHG,2023-07-18,0.36999999999999744
002438.XSHE,2023-07-18,0.9600000000000009
603689.XSHG,2023-07-18,-0.0600000000000005
300854.XSHE,2023-07-18,0.33999999999999986
603617.XSHG,2023-07-18,0.21000000000000085
600129.XSHG,2023-07-18,2.3499999999999943
600963.XSHG,2023-07-18,-0.28000000000000114
600396.XSHG,2023-07-18,-0.20000000000000107
603318.XSHG,2023-07-18,-0.16000000000000014
688001.XSHG,2023-07-18,-0.9499999999999957
003030.XSHE,2023-07-18,-0.120000000000001
600359.XSHG,2023-07-18,-0.02999999999999936
002225.XSHE,2023-07-18,-0.04999999999999982
002227.XSHE,2023-07-18,0.19000000000000128
301077.XSHE,2023-07-18,-0.8599999999999994
688003.XSHG,2023-07-18,1.1799999999999997
002197.XSHE,2023-07-18,0.35999999999999943
600820.XSHG,2023-07-18,0.6200000000000045
603059.XSHG,2023-07-18,0.1700000000000017
002338.XSHE,2023-07-18,3.210000000000008
601002.XSHG,2023-07-18,-0.040000000000000036
600797.XSHG,2023-07-18,1.3900000000000006
688631.XSHG,2023-07-18,0.3999999999999986
600198.XSHG,2023-07-18,0.2400000000000002
688235.XSHG,2023-07-18,0.5499999999999972
300317.XSHE,2023-07-18,0.25
000908.XSHE,2023-07-18,0.1200000000000001
601700.XSHG,2023-07-18,-0.3100000000000023
002358.XSHE,2023-07-18,0.9299999999999997
603895.XSHG,2023-07-18,-0.240000000000002
603258.XSHG,2023-07-18,0.6799999999999997
688676.XSHG,2023-07-18,-1.4500000000000028
300340.XSHE,2023-07-18,0.259999999999998
688339.XSHG,2023-07-18,-4.569999999999993
600256.XSHG,2023-07-18,3.980000000000018
688660.XSHG,2023-07-18,-0.010000000000000675
003041.XSHE,2023-07-18,-0.03999999999999915
600230.XSHG,2023-07-18,-0.5
002816.XSHE,2023-07-18,0.019999999999999574
002306.XSHE,2023-07-18,0.120000000000001
300152.XSHE,2023-07-18,-0.07000000000000028
688133.XSHG,2023-07-18,-0.18000000000000682
688301.XSHG,2023-07-18,3.3000000000000114
300195.XSHE,2023-07-18,0.0
603315.XSHG,2023-07-18,-0.05999999999999872
688630.XSHG,2023-07-18,-0.8100000000000023
300820.XSHE,2023-07-18,11.060000000000002
601808.XSHG,2023-07-18,0.120000000000001
002629.XSHE,2023-07-18,-0.07000000000000028
002812.XSHE,2023-07-18,3.259999999999991
603602.XSHG,2023-07-18,0.26000000000000156
688203.XSHG,2023-07-18,0.15999999999999837
688600.XSHG,2023-07-18,0.14999999999999858
600035.XSHG,2023-07-18,-0.09999999999999964
002691.XSHE,2023-07-18,-0.07000000000000028
688568.XSHG,2023-07-18,1.0699999999999932
601028.XSHG,2023-07-18,0.7899999999999991
600367.XSHG,2023-07-18,-0.1700000000000017
002762.XSHE,2023-07-18,-0.3299999999999983
603319.XSHG,2023-07-18,-0.030000000000001137
600217.XSHG,2023-07-18,0.05000000000000071
002852.XSHE,2023-07-18,0.6400000000000006
300615.XSHE,2023-07-18,0.6599999999999966
000008.XSHE,2023-07-18,0.0
300922.XSHE,2023-07-18,-0.38000000000000256
600971.XSHG,2023-07-18,0.12000000000000455
300565.XSHE,2023-07-18,0.25
300826.XSHE,2023-07-18,0.6000000000000014
600141.XSHG,2023-07-18,-1.1099999999999994
000422.XSHE,2023-07-18,-8.189999999999998
002037.XSHE,2023-07-18,-0.03999999999999915
301065.XSHE,2023-07-18,-0.060000000000002274
600770.XSHG,2023-07-18,0.20999999999999375
605009.XSHG,2023-07-18,-0.030000000000001137
300923.XSHE,2023-07-18,0.019999999999999574
600438.XSHG,2023-07-18,1.8199999999999932
300002.XSHE,2023-07-18,3.8700000000000045
600421.XSHG,2023-07-18,0.19000000000000128
002345.XSHE,2023-07-18,2.049999999999997
600255.XSHG,2023-07-18,-0.129999999999999
002860.XSHE,2023-07-18,-2.280000000000001
002613.XSHE,2023-07-18,-0.15000000000000213
688319.XSHG,2023-07-18,0.5
688155.XSHG,2023-07-18,-0.25
300433.XSHE,2023-07-18,0.4099999999999966
600525.XSHG,2023-07-18,-0.39000000000000057
688306.XSHG,2023-07-18,0.0699999999999994
601127.XSHG,2023-07-18,1.1300000000000026
688484.XSHG,2023-07-18,0.1599999999999966
603927.XSHG,2023-07-18,0.7100000000000009
603999.XSHG,2023-07-18,0.3699999999999992
603667.XSHG,2023-07-18,-0.33999999999999986
000751.XSHE,2023-07-18,-0.09999999999999964
300026.XSHE,2023-07-18,1.4799999999999898
301132.XSHE,2023-07-18,0.21000000000000085
601566.XSHG,2023-07-18,0.6799999999999997
600070.XSHG,2023-07-18,-0.5
300288.XSHE,2023-07-18,2.510000000000005
300387.XSHE,2023-07-18,-0.4599999999999973
301070.XSHE,2023-07-18,-0.19000000000000483
600888.XSHG,2023-07-18,-1.3200000000000074
688687.XSHG,2023-07-18,0.2799999999999976
601456.XSHG,2023-07-18,-0.030000000000001137
000995.XSHE,2023-07-18,0.05000000000000071
300427.XSHE,2023-07-18,0.23000000000000043
002224.XSHE,2023-07-18,-0.6299999999999955
300369.XSHE,2023-07-18,3.0799999999999983
600336.XSHG,2023-07-18,-0.2900000000000027
600117.XSHG,2023-07-18,0.0
600290.XSHG,2023-07-18,-0.1999999999999993
002686.XSHE,2023-07-18,-0.4699999999999953
002559.XSHE,2023-07-18,-3.0600000000000023
300088.XSHE,2023-07-18,0.5299999999999869
301059.XSHE,2023-07-18,0.019999999999999574
002296.XSHE,2023-07-18,0.35999999999999943
002329.XSHE,2023-07-18,-0.8299999999999983
300109.XSHE,2023-07-18,0.8199999999999932
300246.XSHE,2023-07-18,0.0
600231.XSHG,2023-07-18,0.0
000738.XSHE,2023-07-18,-0.28999999999999915
002827.XSHE,2023-07-18,-0.16000000000000014
002248.XSHE,2023-07-18,-0.129999999999999
000670.XSHE,2023-07-18,-1.8799999999999955
002019.XSHE,2023-07-18,3.0900000000000034
