code,date,price_amplitude
000887.XSHE,2020-03-16,11.569999999999993
600415.XSHG,2020-03-16,8.069999999999993
600939.XSHG,2020-03-16,0.25
002313.XSHE,2020-03-16,6.32
300532.XSHE,2020-03-16,3.3399999999999963
300002.XSHE,2020-03-16,10.14
000822.XSHE,2020-03-16,0.41999999999999993
002732.XSHE,2020-03-16,0.8900000000000006
300520.XSHE,2020-03-16,4.93
300426.XSHE,2020-03-16,3.1799999999999997
601298.XSHG,2020-03-16,0.3100000000000005
300593.XSHE,2020-03-16,2.879999999999999
002697.XSHE,2020-03-16,5.290000000000006
600997.XSHG,2020-03-16,0.6600000000000001
601198.XSHG,2020-03-16,0.8699999999999992
300540.XSHE,2020-03-16,2.0700000000000003
000719.XSHE,2020-03-16,1.0999999999999979
000806.XSHE,2020-03-16,0.8499999999999979
600238.XSHG,2020-03-16,1.3299999999999983
600469.XSHG,2020-03-16,0.9900000000000002
600211.XSHG,2020-03-16,6.560000000000002
600843.XSHG,2020-03-16,1.4599999999999973
300212.XSHE,2020-03-16,44.74000000000001
002565.XSHE,2020-03-16,4.099999999999994
603232.XSHG,2020-03-16,8.760000000000005
600867.XSHG,2020-03-16,18.00999999999999
603012.XSHG,2020-03-16,0.9199999999999999
601155.XSHG,2020-03-16,3.020000000000003
603688.XSHG,2020-03-16,4.170000000000002
603192.XSHG,2020-03-16,1.1900000000000013
600093.XSHG,2020-03-16,7.1000000000000085
600794.XSHG,2020-03-16,5.790000000000006
600499.XSHG,2020-03-16,10.910000000000025
002722.XSHE,2020-03-16,0.5899999999999999
300779.XSHE,2020-03-16,1.7900000000000027
300428.XSHE,2020-03-16,4.57
601789.XSHG,2020-03-16,0.7400000000000002
002500.XSHE,2020-03-16,0.5899999999999999
600125.XSHG,2020-03-16,3.9000000000000057
300182.XSHE,2020-03-16,11.719999999999999
002970.XSHE,2020-03-16,13.200000000000003
300209.XSHE,2020-03-16,5.8799999999999955
601019.XSHG,2020-03-16,0.20000000000000018
002867.XSHE,2020-03-16,1.8299999999999983
600753.XSHG,2020-03-16,3.519999999999996
002678.XSHE,2020-03-16,1.009999999999998
300142.XSHE,2020-03-16,25.110000000000014
002759.XSHE,2020-03-16,1.2100000000000009
002879.XSHE,2020-03-16,2.919999999999998
688298.XSHG,2020-03-16,5.950000000000003
603083.XSHG,2020-03-16,6.769999999999996
600556.XSHG,2020-03-16,3.1600000000000037
600109.XSHG,2020-03-16,7.929999999999993
300758.XSHE,2020-03-16,2.349999999999998
300202.XSHE,2020-03-16,5.669999999999995
688058.XSHG,2020-03-16,20.0
300021.XSHE,2020-03-16,4.219999999999999
002414.XSHE,2020-03-16,12.699999999999989
600571.XSHG,2020-03-16,10.120000000000005
603779.XSHG,2020-03-16,0.22999999999999954
300487.XSHE,2020-03-16,8.819999999999993
002093.XSHE,2020-03-16,13.989999999999995
000760.XSHE,2020-03-16,0.25
002034.XSHE,2020-03-16,3.460000000000001
300721.XSHE,2020-03-16,1.4699999999999989
000836.XSHE,2020-03-16,3.8900000000000006
600483.XSHG,2020-03-16,0.9400000000000013
300249.XSHE,2020-03-16,4.800000000000004
002440.XSHE,2020-03-16,2.3299999999999983
300666.XSHE,2020-03-16,4.670000000000009
601006.XSHG,2020-03-16,0.21999999999999886
600978.XSHG,2020-03-16,1.3200000000000003
300401.XSHE,2020-03-16,4.519999999999996
000585.XSHE,2020-03-16,0.0900000000000003
002610.XSHE,2020-03-16,1.25
600115.XSHG,2020-03-16,0.2999999999999998
000151.XSHE,2020-03-16,1.7100000000000009
000959.XSHE,2020-03-16,0.21999999999999975
300619.XSHE,2020-03-16,1.5399999999999991
300605.XSHE,2020-03-16,2.5799999999999983
600114.XSHG,2020-03-16,7.8799999999999955
300022.XSHE,2020-03-16,1.7899999999999991
002569.XSHE,2020-03-16,0.8100000000000005
000090.XSHE,2020-03-16,1.8999999999999986
600735.XSHG,2020-03-16,2.0500000000000007
000422.XSHE,2020-03-16,1.490000000000002
600438.XSHG,2020-03-16,18.110000000000014
002370.XSHE,2020-03-16,1.5199999999999996
603683.XSHG,2020-03-16,0.7599999999999998
300077.XSHE,2020-03-16,3.970000000000006
603613.XSHG,2020-03-16,14.100000000000009
000888.XSHE,2020-03-16,1.5500000000000043
601318.XSHG,2020-03-16,6.5400000000000205
603680.XSHG,2020-03-16,1.1400000000000006
300252.XSHE,2020-03-16,7.009999999999998
000016.XSHE,2020-03-16,25.72
002004.XSHE,2020-03-16,4.400000000000006
300033.XSHE,2020-03-16,87.13999999999999
603776.XSHG,2020-03-16,2.8399999999999963
300495.XSHE,2020-03-16,7.489999999999995
600200.XSHG,2020-03-16,5.320000000000007
600642.XSHG,2020-03-16,1.3000000000000043
002384.XSHE,2020-03-16,21.55000000000001
002684.XSHE,2020-03-16,3.5900000000000034
002273.XSHE,2020-03-16,23.24000000000001
000758.XSHE,2020-03-16,5.810000000000002
002071.XSHE,2020-03-16,0.33999999999999986
002619.XSHE,2020-03-16,0.9800000000000004
002009.XSHE,2020-03-16,4.970000000000006
300085.XSHE,2020-03-16,14.52000000000001
600626.XSHG,2020-03-16,4.86999999999999
000498.XSHE,2020-03-16,1.0200000000000014
000571.XSHE,2020-03-16,2.349999999999998
002127.XSHE,2020-03-16,8.89
002514.XSHE,2020-03-16,1.7300000000000004
600299.XSHG,2020-03-16,2.4299999999999997
300114.XSHE,2020-03-16,5.72999999999999
600969.XSHG,2020-03-16,0.5299999999999994
300529.XSHE,2020-03-16,7.439999999999998
300011.XSHE,2020-03-16,4.539999999999999
688016.XSHG,2020-03-16,16.599999999999994
600983.XSHG,2020-03-16,0.3500000000000014
002442.XSHE,2020-03-16,0.8400000000000016
300364.XSHE,2020-03-16,1.2899999999999991
002961.XSHE,2020-03-16,3.450000000000003
688218.XSHG,2020-03-16,2.5
600760.XSHG,2020-03-16,9.52000000000001
600348.XSHG,2020-03-16,0.9500000000000028
002030.XSHE,2020-03-16,29.099999999999994
300496.XSHE,2020-03-16,30.27000000000001
600143.XSHG,2020-03-16,16.620000000000005
000909.XSHE,2020-03-16,2.3099999999999987
300038.XSHE,2020-03-16,5.25
300050.XSHE,2020-03-16,5.340000000000003
300435.XSHE,2020-03-16,2.460000000000001
000591.XSHE,2020-03-16,3.0900000000000034
002438.XSHE,2020-03-16,2.4300000000000033
002271.XSHE,2020-03-16,61.74000000000001
002885.XSHE,2020-03-16,4.770000000000003
600345.XSHG,2020-03-16,4.550000000000004
002653.XSHE,2020-03-16,5.739999999999995
603826.XSHG,2020-03-16,2.6900000000000013
601169.XSHG,2020-03-16,0.4400000000000013
603878.XSHG,2020-03-16,0.6699999999999999
688300.XSHG,2020-03-16,4.640000000000001
300180.XSHE,2020-03-16,2.3200000000000003
600361.XSHG,2020-03-16,1.1600000000000001
600573.XSHG,2020-03-16,0.3199999999999994
002590.XSHE,2020-03-16,2.6299999999999955
603810.XSHG,2020-03-16,1.2699999999999996
300163.XSHE,2020-03-16,1.2699999999999996
300655.XSHE,2020-03-16,7.450000000000003
002845.XSHE,2020-03-16,3.6300000000000026
300059.XSHE,2020-03-16,62.25
000010.XSHE,2020-03-16,1.5900000000000034
002846.XSHE,2020-03-16,2.6400000000000006
300132.XSHE,2020-03-16,4.949999999999989
300662.XSHE,2020-03-16,1.9100000000000037
000923.XSHE,2020-03-16,1.1199999999999974
300139.XSHE,2020-03-16,5.060000000000002
600082.XSHG,2020-03-16,1.9200000000000017
600123.XSHG,2020-03-16,1.3800000000000026
600558.XSHG,2020-03-16,1.1799999999999997
000301.XSHE,2020-03-16,0.45000000000000107
000565.XSHE,2020-03-16,2.210000000000001
002941.XSHE,2020-03-16,1.3000000000000007
600408.XSHG,2020-03-16,0.7200000000000006
002818.XSHE,2020-03-16,0.990000000000002
600169.XSHG,2020-03-16,1.7199999999999989
600456.XSHG,2020-03-16,6.969999999999992
603138.XSHG,2020-03-16,7.550000000000004
300382.XSHE,2020-03-16,6.86999999999999
000156.XSHE,2020-03-16,1.040000000000001
002121.XSHE,2020-03-16,4.190000000000005
603658.XSHG,2020-03-16,9.260000000000005
002192.XSHE,2020-03-16,4.240000000000002
600098.XSHG,2020-03-16,0.759999999999998
603360.XSHG,2020-03-16,3.450000000000003
300027.XSHE,2020-03-16,3.3299999999999983
600716.XSHG,2020-03-16,0.8800000000000026
603681.XSHG,2020-03-16,1.4500000000000028
600797.XSHG,2020-03-16,9.52000000000001
603096.XSHG,2020-03-16,3.210000000000001
002136.XSHE,2020-03-16,0.9499999999999993
601616.XSHG,2020-03-16,0.3200000000000003
002588.XSHE,2020-03-16,1.8900000000000006
002707.XSHE,2020-03-16,7.170000000000002
000895.XSHE,2020-03-16,57.129999999999995
603500.XSHG,2020-03-16,2.3699999999999974
002512.XSHE,2020-03-16,4.289999999999999
300583.XSHE,2020-03-16,1.240000000000002
300770.XSHE,2020-03-16,17.900000000000006
603568.XSHG,2020-03-16,3.8299999999999983
002059.XSHE,2020-03-16,0.4800000000000004
601866.XSHG,2020-03-16,0.1200000000000001
688333.XSHG,2020-03-16,6.43
600119.XSHG,2020-03-16,0.6799999999999997
600219.XSHG,2020-03-16,0.47999999999999865
600929.XSHG,2020-03-16,0.27999999999999936
603569.XSHG,2020-03-16,0.7200000000000006
002253.XSHE,2020-03-16,3.9299999999999997
603977.XSHG,2020-03-16,0.9700000000000006
600272.XSHG,2020-03-16,0.9499999999999993
600736.XSHG,2020-03-16,12.77000000000001
601918.XSHG,2020-03-16,0.16999999999999993
300044.XSHE,2020-03-16,7.930000000000007
600388.XSHG,2020-03-16,3.280000000000001
300723.XSHE,2020-03-16,1.8599999999999994
000811.XSHE,2020-03-16,9.659999999999997
600684.XSHG,2020-03-16,3.240000000000002
600210.XSHG,2020-03-16,3.469999999999999
002029.XSHE,2020-03-16,2.229999999999997
002913.XSHE,2020-03-16,5.239999999999995
600796.XSHG,2020-03-16,2.210000000000001
603365.XSHG,2020-03-16,0.5700000000000003
002317.XSHE,2020-03-16,10.430000000000007
000766.XSHE,2020-03-16,1.1099999999999994
000835.XSHE,2020-03-16,1.8699999999999974
002910.XSHE,2020-03-16,0.6300000000000008
300172.XSHE,2020-03-16,1.2300000000000004
002768.XSHE,2020-03-16,18.439999999999998
603587.XSHG,2020-03-16,1.3299999999999983
002951.XSHE,2020-03-16,1.3000000000000007
600823.XSHG,2020-03-16,7.049999999999983
600853.XSHG,2020-03-16,0.879999999999999
603855.XSHG,2020-03-16,0.34999999999999964
300388.XSHE,2020-03-16,7.779999999999994
300161.XSHE,2020-03-16,5.189999999999998
000046.XSHE,2020-03-16,8.98999999999998
002624.XSHE,2020-03-16,6.179999999999993
600480.XSHG,2020-03-16,1.6000000000000014
002511.XSHE,2020-03-16,9.490000000000009
600775.XSHG,2020-03-16,2.3499999999999996
000606.XSHE,2020-03-16,1.9199999999999982
688086.XSHG,2020-03-16,5.880000000000003
603380.XSHG,2020-03-16,1.4400000000000013
002763.XSHE,2020-03-16,0.9199999999999999
300137.XSHE,2020-03-16,1.8500000000000014
300322.XSHE,2020-03-16,10.489999999999995
600307.XSHG,2020-03-16,0.2599999999999998
600016.XSHG,2020-03-16,3.0900000000000034
300088.XSHE,2020-03-16,18.849999999999994
300347.XSHE,2020-03-16,64.39999999999998
000876.XSHE,2020-03-16,38.069999999999936
600733.XSHG,2020-03-16,3.269999999999996
603737.XSHG,2020-03-16,11.430000000000007
002338.XSHE,2020-03-16,5.450000000000003
300463.XSHE,2020-03-16,7.759999999999991
603609.XSHG,2020-03-16,1.0500000000000007
300271.XSHE,2020-03-16,14.95999999999998
002522.XSHE,2020-03-16,4.230000000000004
000786.XSHE,2020-03-16,24.680000000000007
002883.XSHE,2020-03-16,1.5199999999999996
600030.XSHG,2020-03-16,6.859999999999999
000034.XSHE,2020-03-16,5.859999999999999
601236.XSHG,2020-03-16,2.4700000000000024
300682.XSHE,2020-03-16,3.299999999999997
300756.XSHE,2020-03-16,3.450000000000003
603638.XSHG,2020-03-16,4.25
300683.XSHE,2020-03-16,11.14
000063.XSHE,2020-03-16,50.84000000000003
000830.XSHE,2020-03-16,4.439999999999998
002340.XSHE,2020-03-16,8.060000000000002
002857.XSHE,2020-03-16,1.3099999999999987
688005.XSHG,2020-03-16,4.699999999999996
002496.XSHE,2020-03-16,2.2900000000000063
300118.XSHE,2020-03-16,5.189999999999998
600550.XSHG,2020-03-16,4.200000000000003
300609.XSHE,2020-03-16,5.68
600801.XSHG,2020-03-16,17.349999999999994
603181.XSHG,2020-03-16,1.870000000000001
600449.XSHG,2020-03-16,2.25
603358.XSHG,2020-03-16,2.479999999999997
002298.XSHE,2020-03-16,2.2399999999999984
603363.XSHG,2020-03-16,2.520000000000003
603777.XSHG,2020-03-16,1.2699999999999996
002463.XSHE,2020-03-16,9.399999999999991
603982.XSHG,2020-03-16,1.2199999999999989
603888.XSHG,2020-03-16,5.460000000000001
000683.XSHE,2020-03-16,0.6099999999999977
002003.XSHE,2020-03-16,4.13000000000001
002671.XSHE,2020-03-16,0.8500000000000014
300548.XSHE,2020-03-16,11.849999999999994
002852.XSHE,2020-03-16,1.980000000000004
300074.XSHE,2020-03-16,6.859999999999999
600252.XSHG,2020-03-16,6.650000000000006
600276.XSHG,2020-03-16,184.07999999999993
603933.XSHG,2020-03-16,2.4399999999999977
000711.XSHE,2020-03-16,3.030000000000001
601595.XSHG,2020-03-16,0.6600000000000001
600084.XSHG,2020-03-16,0.8599999999999994
300775.XSHE,2020-03-16,2.2900000000000027
600112.XSHG,2020-03-16,0.41000000000000014
600755.XSHG,2020-03-16,5.909999999999997
002755.XSHE,2020-03-16,1.8099999999999987
300510.XSHE,2020-03-16,3.860000000000003
601058.XSHG,2020-03-16,1.7800000000000011
000851.XSHE,2020-03-16,2.2499999999999982
300620.XSHE,2020-03-16,4.299999999999997
600637.XSHG,2020-03-16,2.469999999999999
002387.XSHE,2020-03-16,4.059999999999995
000631.XSHE,2020-03-16,1.7700000000000031
300127.XSHE,2020-03-16,2.8999999999999986
603060.XSHG,2020-03-16,1.5100000000000016
002945.XSHE,2020-03-16,1.1899999999999977
002276.XSHE,2020-03-16,4.18
600110.XSHG,2020-03-16,6.780000000000001
002400.XSHE,2020-03-16,2.770000000000003
002342.XSHE,2020-03-16,0.6699999999999999
000593.XSHE,2020-03-16,1.7799999999999976
300246.XSHE,2020-03-16,10.64
000404.XSHE,2020-03-16,0.5399999999999991
300669.XSHE,2020-03-16,3.049999999999997
300095.XSHE,2020-03-16,2.379999999999999
600368.XSHG,2020-03-16,0.5600000000000005
603987.XSHG,2020-03-16,2.8000000000000007
300080.XSHE,2020-03-16,1.0300000000000011
002329.XSHE,2020-03-16,2.6400000000000006
600152.XSHG,2020-03-16,1.8699999999999974
002037.XSHE,2020-03-16,1.4200000000000017
300399.XSHE,2020-03-16,3.1999999999999993
300042.XSHE,2020-03-16,6.149999999999999
600804.XSHG,2020-03-16,7.32
600280.XSHG,2020-03-16,1.7199999999999989
002484.XSHE,2020-03-16,4.560000000000002
000799.XSHE,2020-03-16,4.3700000000000045
600372.XSHG,2020-03-16,2.3100000000000023
300634.XSHE,2020-03-16,2.729999999999997
603115.XSHG,2020-03-16,1.5800000000000018
002807.XSHE,2020-03-16,0.27000000000000046
600560.XSHG,2020-03-16,7.490000000000002
688099.XSHG,2020-03-16,5.509999999999998
002635.XSHE,2020-03-16,11.090000000000003
002853.XSHE,2020-03-16,2.8100000000000023
300063.XSHE,2020-03-16,5.590000000000003
000780.XSHE,2020-03-16,0.5600000000000005
600479.XSHG,2020-03-16,4.290000000000006
000980.XSHE,2020-03-16,0.41999999999999993
300820.XSHE,2020-03-16,10.590000000000003
601188.XSHG,2020-03-16,0.10000000000000009
603186.XSHG,2020-03-16,5.390000000000001
600436.XSHG,2020-03-16,42.77999999999997
002975.XSHE,2020-03-16,14.079999999999984
603939.XSHG,2020-03-16,9.539999999999992
603611.XSHG,2020-03-16,6.149999999999999
000948.XSHE,2020-03-16,2.5600000000000023
603388.XSHG,2020-03-16,0.8300000000000018
300090.XSHE,2020-03-16,0.5099999999999998
601766.XSHG,2020-03-16,0.34000000000000075
603315.XSHG,2020-03-16,1.1499999999999986
300365.XSHE,2020-03-16,16.870000000000005
300568.XSHE,2020-03-16,3.8299999999999983
601882.XSHG,2020-03-16,0.3600000000000003
603773.XSHG,2020-03-16,3.3900000000000006
600293.XSHG,2020-03-16,0.9299999999999997
000716.XSHE,2020-03-16,0.9500000000000011
300007.XSHE,2020-03-16,6.390000000000001
600422.XSHG,2020-03-16,5.11999999999999
002410.XSHE,2020-03-16,41.61999999999995
600476.XSHG,2020-03-16,1.870000000000001
600959.XSHG,2020-03-16,0.1899999999999995
300319.XSHE,2020-03-16,11.420000000000002
300713.XSHE,2020-03-16,3.539999999999999
600510.XSHG,2020-03-16,3.960000000000001
000050.XSHE,2020-03-16,11.080000000000013
002493.XSHE,2020-03-16,4.63000000000001
600027.XSHG,2020-03-16,0.14000000000000057
600926.XSHG,2020-03-16,0.7100000000000009
300199.XSHE,2020-03-16,4.009999999999998
603906.XSHG,2020-03-16,0.8499999999999996
688108.XSHG,2020-03-16,1.0700000000000003
000004.XSHE,2020-03-16,24.79000000000002
603718.XSHG,2020-03-16,3.3699999999999974
600156.XSHG,2020-03-16,1.9800000000000004
000663.XSHE,2020-03-16,0.0
603203.XSHG,2020-03-16,4.159999999999997
600900.XSHG,2020-03-16,0.7900000000000063
300115.XSHE,2020-03-16,18.410000000000025
603458.XSHG,2020-03-16,1.2800000000000011
300350.XSHE,2020-03-16,1.2399999999999984
002038.XSHE,2020-03-16,12.75
002579.XSHE,2020-03-16,6.539999999999999
300121.XSHE,2020-03-16,4.059999999999995
002909.XSHE,2020-03-16,1.2399999999999984
300512.XSHE,2020-03-16,1.9200000000000017
002129.XSHE,2020-03-16,9.190000000000012
688399.XSHG,2020-03-16,6.310000000000002
002893.XSHE,2020-03-16,0.9600000000000009
600067.XSHG,2020-03-16,3.75
300632.XSHE,2020-03-16,3.509999999999998
002219.XSHE,2020-03-16,1.9500000000000028
002238.XSHE,2020-03-16,1.0600000000000023
600038.XSHG,2020-03-16,6.779999999999987
600809.XSHG,2020-03-16,19.189999999999998
002753.XSHE,2020-03-16,1.5100000000000016
300341.XSHE,2020-03-16,4.140000000000001
002802.XSHE,2020-03-16,1.1400000000000006
688138.XSHG,2020-03-16,2.129999999999999
002545.XSHE,2020-03-16,3.789999999999999
603726.XSHG,2020-03-16,1.6200000000000045
603636.XSHG,2020-03-16,5.619999999999997
600343.XSHG,2020-03-16,1.870000000000001
002718.XSHE,2020-03-16,1.5399999999999991
601799.XSHG,2020-03-16,9.680000000000007
688018.XSHG,2020-03-16,33.80000000000001
002056.XSHE,2020-03-16,12.730000000000004
603356.XSHG,2020-03-16,0.9800000000000004
002132.XSHE,2020-03-16,1.1500000000000021
002320.XSHE,2020-03-16,9.219999999999999
300755.XSHE,2020-03-16,2.520000000000003
688012.XSHG,2020-03-16,16.25
600121.XSHG,2020-03-16,0.45000000000000107
688186.XSHG,2020-03-16,2.269999999999996
000889.XSHE,2020-03-16,3.349999999999998
603650.XSHG,2020-03-16,1.25
300005.XSHE,2020-03-16,2.759999999999998
002662.XSHE,2020-03-16,1.1900000000000013
002751.XSHE,2020-03-16,3.559999999999995
002142.XSHE,2020-03-16,2.0600000000000023
002799.XSHE,2020-03-16,1.3800000000000026
601999.XSHG,2020-03-16,0.5499999999999998
000409.XSHE,2020-03-16,0.35999999999999943
000667.XSHE,2020-03-16,4.859999999999999
300660.XSHE,2020-03-16,2.6499999999999986
300469.XSHE,2020-03-16,1.5899999999999963
603813.XSHG,2020-03-16,0.6699999999999982
600980.XSHG,2020-03-16,1.5899999999999999
603499.XSHG,2020-03-16,1.25
603377.XSHG,2020-03-16,1.7399999999999984
600168.XSHG,2020-03-16,2.080000000000002
300384.XSHE,2020-03-16,9.159999999999997
603722.XSHG,2020-03-16,3.969999999999999
603963.XSHG,2020-03-16,0.8200000000000003
000637.XSHE,2020-03-16,4.510000000000005
600864.XSHG,2020-03-16,8.129999999999995
603936.XSHG,2020-03-16,2.84
600271.XSHG,2020-03-16,21.920000000000016
603698.XSHG,2020-03-16,0.8699999999999992
600037.XSHG,2020-03-16,2.1499999999999986
002072.XSHE,2020-03-16,0.35999999999999943
600165.XSHG,2020-03-16,1.6899999999999977
002966.XSHE,2020-03-16,0.6799999999999997
600785.XSHG,2020-03-16,3.4099999999999966
601566.XSHG,2020-03-16,0.6300000000000008
603556.XSHG,2020-03-16,1.8000000000000007
300335.XSHE,2020-03-16,0.5800000000000001
600967.XSHG,2020-03-16,2.8500000000000014
603058.XSHG,2020-03-16,0.4200000000000008
002383.XSHE,2020-03-16,4.32
000430.XSHE,2020-03-16,1.1999999999999993
600017.XSHG,2020-03-16,0.3200000000000003
300416.XSHE,2020-03-16,8.149999999999999
002138.XSHE,2020-03-16,16.390000000000015
600227.XSHG,2020-03-16,0.8100000000000023
601228.XSHG,2020-03-16,0.14000000000000012
300796.XSHE,2020-03-16,1.1900000000000013
002406.XSHE,2020-03-16,1.2199999999999989
300278.XSHE,2020-03-16,1.6199999999999974
600380.XSHG,2020-03-16,9.049999999999997
002321.XSHE,2020-03-16,0.6999999999999993
000729.XSHE,2020-03-16,1.9799999999999969
002742.XSHE,2020-03-16,0.0
300368.XSHE,2020-03-16,9.079999999999998
300562.XSHE,2020-03-16,4.340000000000003
603630.XSHG,2020-03-16,0.8099999999999987
603877.XSHG,2020-03-16,0.5899999999999999
300623.XSHE,2020-03-16,8.61
300556.XSHE,2020-03-16,1.3399999999999999
603008.XSHG,2020-03-16,1.5700000000000003
002035.XSHE,2020-03-16,17.22
002443.XSHE,2020-03-16,1.1400000000000006
603998.XSHG,2020-03-16,1.4200000000000017
002840.XSHE,2020-03-16,1.0399999999999991
600580.XSHG,2020-03-16,9.159999999999997
300601.XSHE,2020-03-16,10.809999999999974
600523.XSHG,2020-03-16,2.6099999999999994
300342.XSHE,2020-03-16,9.189999999999998
002542.XSHE,2020-03-16,5.210000000000008
300560.XSHE,2020-03-16,5.259999999999998
002067.XSHE,2020-03-16,0.9899999999999984
300083.XSHE,2020-03-16,7.079999999999998
600825.XSHG,2020-03-16,3.530000000000001
002505.XSHE,2020-03-16,2.129999999999999
601069.XSHG,2020-03-16,0.4800000000000004
000957.XSHE,2020-03-16,3.3299999999999983
000026.XSHE,2020-03-16,5.310000000000002
000608.XSHE,2020-03-16,4.6200000000000045
300293.XSHE,2020-03-16,3.8400000000000034
300736.XSHE,2020-03-16,1.8000000000000007
002829.XSHE,2020-03-16,5.350000000000001
300034.XSHE,2020-03-16,4.479999999999997
603685.XSHG,2020-03-16,1.3000000000000007
000617.XSHE,2020-03-16,2.759999999999998
603118.XSHG,2020-03-16,4.0
600919.XSHG,2020-03-16,0.1900000000000004
601258.XSHG,2020-03-16,0.3600000000000003
002102.XSHE,2020-03-16,1.0199999999999996
000826.XSHE,2020-03-16,7.079999999999998
000573.XSHE,2020-03-16,1.120000000000001
600079.XSHG,2020-03-16,8.840000000000003
603955.XSHG,2020-03-16,1.5199999999999996
002184.XSHE,2020-03-16,2.3800000000000026
002123.XSHE,2020-03-16,13.719999999999999
300577.XSHE,2020-03-16,6.150000000000006
600397.XSHG,2020-03-16,0.4399999999999995
601208.XSHG,2020-03-16,1.0599999999999987
603738.XSHG,2020-03-16,7.3799999999999955
300478.XSHE,2020-03-16,3.110000000000003
002929.XSHE,2020-03-16,3.5600000000000023
002262.XSHE,2020-03-16,5.319999999999993
000635.XSHE,2020-03-16,2.1499999999999986
600196.XSHG,2020-03-16,24.97999999999996
600603.XSHG,2020-03-16,83.16000000000008
603919.XSHG,2020-03-16,0.8900000000000006
000545.XSHE,2020-03-16,0.8399999999999999
002161.XSHE,2020-03-16,11.350000000000009
002647.XSHE,2020-03-16,3.980000000000004
600230.XSHG,2020-03-16,1.4499999999999993
300790.XSHE,2020-03-16,2.510000000000005
600463.XSHG,2020-03-16,1.6999999999999993
601216.XSHG,2020-03-16,1.6400000000000006
603027.XSHG,2020-03-16,4.140000000000001
600936.XSHG,2020-03-16,0.1899999999999995
002115.XSHE,2020-03-16,8.329999999999998
300624.XSHE,2020-03-16,9.179999999999993
600660.XSHG,2020-03-16,74.93000000000006
002215.XSHE,2020-03-16,2.780000000000001
600488.XSHG,2020-03-16,2.039999999999999
600261.XSHG,2020-03-16,4.439999999999998
002927.XSHE,2020-03-16,2.700000000000003
600071.XSHG,2020-03-16,4.039999999999999
300694.XSHE,2020-03-16,0.7099999999999991
600137.XSHG,2020-03-16,1.0899999999999999
600587.XSHG,2020-03-16,7.939999999999998
600787.XSHG,2020-03-16,7.640000000000015
600516.XSHG,2020-03-16,5.909999999999997
300167.XSHE,2020-03-16,4.189999999999998
002217.XSHE,2020-03-16,4.039999999999999
300326.XSHE,2020-03-16,26.620000000000005
002897.XSHE,2020-03-16,5.82
603486.XSHG,2020-03-16,2.5500000000000007
300215.XSHE,2020-03-16,15.350000000000023
601010.XSHG,2020-03-16,0.9399999999999995
603665.XSHG,2020-03-16,0.41000000000000014
300105.XSHE,2020-03-16,1.9000000000000021
002314.XSHE,2020-03-16,0.23000000000000043
002562.XSHE,2020-03-16,3.980000000000004
000519.XSHE,2020-03-16,3.729999999999997
600640.XSHG,2020-03-16,19.72
601880.XSHG,2020-03-16,0.17999999999999972
600928.XSHG,2020-03-16,0.3200000000000003
000705.XSHE,2020-03-16,1.480000000000004
300134.XSHE,2020-03-16,9.150000000000006
002693.XSHE,2020-03-16,0.9100000000000001
002907.XSHE,2020-03-16,0.8399999999999999
600183.XSHG,2020-03-16,43.210000000000036
601127.XSHG,2020-03-16,0.9100000000000001
002499.XSHE,2020-03-16,0.40999999999999837
000011.XSHE,2020-03-16,1.8000000000000007
002148.XSHE,2020-03-16,6.789999999999999
002012.XSHE,2020-03-16,1.7099999999999973
600590.XSHG,2020-03-16,2.990000000000002
603028.XSHG,2020-03-16,0.7899999999999991
002737.XSHE,2020-03-16,2.960000000000001
603860.XSHG,2020-03-16,1.629999999999999
002078.XSHE,2020-03-16,6.420000000000002
002407.XSHE,2020-03-16,7.0
000965.XSHE,2020-03-16,0.9600000000000009
300409.XSHE,2020-03-16,5.490000000000002
002234.XSHE,2020-03-16,4.169999999999995
002319.XSHE,2020-03-16,1.1899999999999995
002605.XSHE,2020-03-16,14.310000000000002
300329.XSHE,2020-03-16,1.5599999999999987
600419.XSHG,2020-03-16,1.5799999999999983
300297.XSHE,2020-03-16,4.390000000000001
300389.XSHE,2020-03-16,3.0700000000000003
600791.XSHG,2020-03-16,1.3200000000000003
002204.XSHE,2020-03-16,0.8000000000000007
002575.XSHE,2020-03-16,1.9699999999999989
002822.XSHE,2020-03-16,2.1900000000000013
601101.XSHG,2020-03-16,0.5399999999999991
002429.XSHE,2020-03-16,4.760000000000005
603103.XSHG,2020-03-16,2.6199999999999974
000723.XSHE,2020-03-16,3.760000000000005
002356.XSHE,2020-03-16,0.6099999999999994
600740.XSHG,2020-03-16,2.210000000000001
603608.XSHG,2020-03-16,2.0200000000000014
603693.XSHG,2020-03-16,0.41000000000000014
300807.XSHE,2020-03-16,4.920000000000002
002337.XSHE,2020-03-16,1.1999999999999993
300418.XSHE,2020-03-16,6.88000000000001
000972.XSHE,2020-03-16,0.4900000000000002
000626.XSHE,2020-03-16,7.480000000000004
300792.XSHE,2020-03-16,19.879999999999995
000926.XSHE,2020-03-16,0.75
300113.XSHE,2020-03-16,23.51000000000002
603259.XSHG,2020-03-16,13.129999999999995
000568.XSHE,2020-03-16,195.98000000000002
000859.XSHE,2020-03-16,1.4200000000000017
603167.XSHG,2020-03-16,0.5499999999999989
002637.XSHE,2020-03-16,0.0
600667.XSHG,2020-03-16,5.949999999999989
002736.XSHE,2020-03-16,0.7599999999999998
002416.XSHE,2020-03-16,1.8900000000000006
002014.XSHE,2020-03-16,4.609999999999999
300699.XSHE,2020-03-16,6.050000000000004
000833.XSHE,2020-03-16,0.3700000000000001
002700.XSHE,2020-03-16,1.6500000000000057
300036.XSHE,2020-03-16,12.029999999999987
002403.XSHE,2020-03-16,0.9399999999999995
600421.XSHG,2020-03-16,1.0399999999999991
002868.XSHE,2020-03-16,0.9500000000000028
600776.XSHG,2020-03-16,8.02000000000001
300731.XSHE,2020-03-16,5.160000000000004
000953.XSHE,2020-03-16,0.5500000000000007
002661.XSHE,2020-03-16,3.270000000000003
601222.XSHG,2020-03-16,2.3900000000000006
002652.XSHE,2020-03-16,1.360000000000003
300357.XSHE,2020-03-16,17.450000000000017
300822.XSHE,2020-03-16,0.0
002155.XSHE,2020-03-16,0.8599999999999994
000507.XSHE,2020-03-16,1.1799999999999997
600973.XSHG,2020-03-16,3.8100000000000023
300047.XSHE,2020-03-16,4.779999999999994
002409.XSHE,2020-03-16,12.080000000000013
300415.XSHE,2020-03-16,3.669999999999998
600826.XSHG,2020-03-16,2.3599999999999994
600377.XSHG,2020-03-16,0.5
603298.XSHG,2020-03-16,0.8499999999999996
002335.XSHE,2020-03-16,9.129999999999995
600241.XSHG,2020-03-16,0.6799999999999997
601969.XSHG,2020-03-16,0.3100000000000005
002494.XSHE,2020-03-16,0.8599999999999994
601166.XSHG,2020-03-16,2.980000000000004
600679.XSHG,2020-03-16,1.3800000000000026
603535.XSHG,2020-03-16,0.9300000000000015
600822.XSHG,2020-03-16,1.120000000000001
603697.XSHG,2020-03-16,0.7800000000000011
300111.XSHE,2020-03-16,0.41999999999999993
002918.XSHE,2020-03-16,6.689999999999998
000531.XSHE,2020-03-16,2.769999999999996
603187.XSHG,2020-03-16,3.3900000000000006
002297.XSHE,2020-03-16,1.870000000000001
300029.XSHE,2020-03-16,0.5199999999999996
603703.XSHG,2020-03-16,4.170000000000002
000897.XSHE,2020-03-16,0.7799999999999994
300255.XSHE,2020-03-16,2.759999999999998
300800.XSHE,2020-03-16,4.349999999999994
002197.XSHE,2020-03-16,6.309999999999995
300013.XSHE,2020-03-16,1.6099999999999994
300275.XSHE,2020-03-16,2.219999999999999
688028.XSHG,2020-03-16,3.5900000000000034
000530.XSHE,2020-03-16,2.740000000000002
603501.XSHG,2020-03-16,17.689999999999998
002630.XSHE,2020-03-16,1.0
000534.XSHE,2020-03-16,2.1199999999999974
300211.XSHE,2020-03-16,4.509999999999998
688198.XSHG,2020-03-16,4.160000000000004
600549.XSHG,2020-03-16,11.419999999999987
002139.XSHE,2020-03-16,9.129999999999995
600015.XSHG,2020-03-16,0.6600000000000001
002611.XSHE,2020-03-16,3.4100000000000037
002328.XSHE,2020-03-16,1.6600000000000001
002354.XSHE,2020-03-16,0.28000000000000025
002436.XSHE,2020-03-16,23.409999999999997
600117.XSHG,2020-03-16,0.5299999999999994
300766.XSHE,2020-03-16,2.700000000000003
300442.XSHE,2020-03-16,0.7999999999999972
688020.XSHG,2020-03-16,9.989999999999995
000862.XSHE,2020-03-16,0.7000000000000011
002968.XSHE,2020-03-16,4.5
300531.XSHE,2020-03-16,3.8999999999999986
600340.XSHG,2020-03-16,20.089999999999975
600781.XSHG,2020-03-16,0.5600000000000005
601877.XSHG,2020-03-16,3.0
002891.XSHE,2020-03-16,4.140000000000001
603126.XSHG,2020-03-16,0.3600000000000003
688159.XSHG,2020-03-16,8.370000000000005
603883.XSHG,2020-03-16,5.319999999999993
300690.XSHE,2020-03-16,2.980000000000004
002485.XSHE,2020-03-16,0.9699999999999989
000633.XSHE,2020-03-16,1.7899999999999991
000813.XSHE,2020-03-16,1.370000000000001
300321.XSHE,2020-03-16,3.3800000000000026
603030.XSHG,2020-03-16,1.0299999999999994
300154.XSHE,2020-03-16,1.8599999999999994
002801.XSHE,2020-03-16,5.560000000000002
002173.XSHE,2020-03-16,1.1899999999999977
000572.XSHE,2020-03-16,0.370000000000001
000767.XSHE,2020-03-16,0.7600000000000016
300079.XSHE,2020-03-16,6.010000000000005
000563.XSHE,2020-03-16,4.460000000000008
000671.XSHE,2020-03-16,14.719999999999999
603021.XSHG,2020-03-16,1.3599999999999994
002786.XSHE,2020-03-16,3.049999999999997
002022.XSHE,2020-03-16,11.860000000000014
000886.XSHE,2020-03-16,1.58
600130.XSHG,2020-03-16,2.120000000000001
600355.XSHG,2020-03-16,2.210000000000001
600988.XSHG,2020-03-16,2.6799999999999997
000679.XSHE,2020-03-16,2.120000000000001
300214.XSHE,2020-03-16,1.5300000000000011
300391.XSHE,2020-03-16,1.9699999999999989
002771.XSHE,2020-03-16,2.8699999999999974
002408.XSHE,2020-03-16,1.4699999999999989
002120.XSHE,2020-03-16,6.640000000000015
002705.XSHE,2020-03-16,4.0
002391.XSHE,2020-03-16,3.5799999999999983
002267.XSHE,2020-03-16,0.41999999999999993
002592.XSHE,2020-03-16,1.8100000000000023
002967.XSHE,2020-03-16,3.8299999999999983
000505.XSHE,2020-03-16,1.5300000000000011
300158.XSHE,2020-03-16,0.8200000000000003
600868.XSHG,2020-03-16,6.420000000000002
601606.XSHG,2020-03-16,0.5099999999999998
002898.XSHE,2020-03-16,0.5199999999999996
002501.XSHE,2020-03-16,0.6099999999999994
300358.XSHE,2020-03-16,3.559999999999995
300476.XSHE,2020-03-16,10.439999999999998
603323.XSHG,2020-03-16,0.3099999999999996
601798.XSHG,2020-03-16,0.2599999999999998
300227.XSHE,2020-03-16,2.3900000000000006
300198.XSHE,2020-03-16,2.240000000000002
600470.XSHG,2020-03-16,0.5400000000000009
603833.XSHG,2020-03-16,6.340000000000003
300808.XSHE,2020-03-16,1.2699999999999996
300206.XSHE,2020-03-16,7.219999999999999
300330.XSHE,2020-03-16,2.210000000000001
000516.XSHE,2020-03-16,9.319999999999993
688026.XSHG,2020-03-16,6.75
002251.XSHE,2020-03-16,1.1000000000000014
600562.XSHG,2020-03-16,10.52000000000001
002389.XSHE,2020-03-16,8.129999999999995
002683.XSHE,2020-03-16,9.14
300507.XSHE,2020-03-16,3.960000000000001
300817.XSHE,2020-03-16,3.2499999999999964
002882.XSHE,2020-03-16,0.5199999999999996
300670.XSHE,2020-03-16,3.0400000000000027
600530.XSHG,2020-03-16,1.4100000000000001
300232.XSHE,2020-03-16,9.920000000000002
002658.XSHE,2020-03-16,1.9399999999999977
002304.XSHE,2020-03-16,18.439999999999998
300274.XSHE,2020-03-16,9.179999999999993
603790.XSHG,2020-03-16,1.0399999999999991
600532.XSHG,2020-03-16,0.47000000000000064
000672.XSHE,2020-03-16,10.5
688358.XSHG,2020-03-16,7.140000000000001
000973.XSHE,2020-03-16,2.219999999999999
002330.XSHE,2020-03-16,0.7099999999999991
002648.XSHE,2020-03-16,7.920000000000009
603489.XSHG,2020-03-16,8.960000000000008
688202.XSHG,2020-03-16,8.540000000000006
000070.XSHE,2020-03-16,4.940000000000005
000825.XSHE,2020-03-16,1.129999999999999
300279.XSHE,2020-03-16,2.950000000000003
300588.XSHE,2020-03-16,1.2800000000000011
601339.XSHG,2020-03-16,0.20999999999999908
002243.XSHE,2020-03-16,2.139999999999997
600582.XSHG,2020-03-16,8.11
002358.XSHE,2020-03-16,6.989999999999995
600795.XSHG,2020-03-16,10.379999999999995
601139.XSHG,2020-03-16,0.8900000000000006
300124.XSHE,2020-03-16,25.08000000000004
601111.XSHG,2020-03-16,0.47000000000000064
300618.XSHE,2020-03-16,13.850000000000009
601012.XSHG,2020-03-16,28.04000000000002
002133.XSHE,2020-03-16,0.5800000000000001
300502.XSHE,2020-03-16,20.880000000000024
603311.XSHG,2020-03-16,1.0
002836.XSHE,2020-03-16,1.5899999999999999
300061.XSHE,2020-03-16,2.6900000000000013
600893.XSHG,2020-03-16,5.75
000702.XSHE,2020-03-16,1.1000000000000014
600557.XSHG,2020-03-16,6.400000000000006
002932.XSHE,2020-03-16,4.460000000000001
000695.XSHE,2020-03-16,1.4500000000000028
000040.XSHE,2020-03-16,2.5
000793.XSHE,2020-03-16,3.8999999999999986
300318.XSHE,2020-03-16,2.129999999999999
002208.XSHE,2020-03-16,2.020000000000003
300776.XSHE,2020-03-16,9.41000000000001
300483.XSHE,2020-03-16,1.6700000000000017
600000.XSHG,2020-03-16,3.5600000000000023
000796.XSHE,2020-03-16,2.4499999999999957
300740.XSHE,2020-03-16,1.4700000000000024
300245.XSHE,2020-03-16,3.809999999999995
600518.XSHG,2020-03-16,6.780000000000001
600026.XSHG,2020-03-16,1.2699999999999996
002380.XSHE,2020-03-16,4.640000000000001
688011.XSHG,2020-03-16,3.009999999999998
001696.XSHE,2020-03-16,15.930000000000007
300514.XSHE,2020-03-16,3.620000000000001
002622.XSHE,2020-03-16,1.3299999999999983
603444.XSHG,2020-03-16,29.92999999999995
300812.XSHE,2020-03-16,5.579999999999998
002901.XSHE,2020-03-16,6.949999999999996
002374.XSHE,2020-03-16,1.3300000000000018
300125.XSHE,2020-03-16,3.020000000000003
300270.XSHE,2020-03-16,6.229999999999997
603890.XSHG,2020-03-16,1.8900000000000006
002861.XSHE,2020-03-16,3.34
002164.XSHE,2020-03-16,0.8899999999999988
300309.XSHE,2020-03-16,1.9800000000000004
600491.XSHG,2020-03-16,5.239999999999995
002724.XSHE,2020-03-16,0.9499999999999993
300102.XSHE,2020-03-16,2.769999999999996
600173.XSHG,2020-03-16,0.47999999999999865
600231.XSHG,2020-03-16,0.9299999999999997
300254.XSHE,2020-03-16,0.4900000000000002
600223.XSHG,2020-03-16,1.3900000000000006
000659.XSHE,2020-03-16,2.530000000000001
603689.XSHG,2020-03-16,0.41000000000000014
000785.XSHE,2020-03-16,3.960000000000001
688310.XSHG,2020-03-16,1.6400000000000006
600221.XSHG,2020-03-16,0.3200000000000003
002741.XSHE,2020-03-16,2.259999999999998
000036.XSHE,2020-03-16,1.389999999999997
600225.XSHG,2020-03-16,0.4500000000000002
300140.XSHE,2020-03-16,4.43
002813.XSHE,2020-03-16,1.9199999999999982
600605.XSHG,2020-03-16,14.400000000000034
600234.XSHG,2020-03-16,0.6099999999999994
002068.XSHE,2020-03-16,1.0299999999999976
000595.XSHE,2020-03-16,0.9799999999999986
000858.XSHE,2020-03-16,143.05999999999995
603881.XSHG,2020-03-16,5.829999999999998
002808.XSHE,2020-03-16,1.4699999999999989
600222.XSHG,2020-03-16,1.879999999999999
600671.XSHG,2020-03-16,1.5499999999999972
000761.XSHE,2020-03-16,0.22999999999999954
603025.XSHG,2020-03-16,1.5799999999999983
300156.XSHE,2020-03-16,0.8300000000000001
300307.XSHE,2020-03-16,1.08
603029.XSHG,2020-03-16,0.7900000000000009
002086.XSHE,2020-03-16,0.5400000000000009
300236.XSHE,2020-03-16,9.639999999999986
600619.XSHG,2020-03-16,26.50999999999999
600004.XSHG,2020-03-16,3.280000000000001
600141.XSHG,2020-03-16,2.080000000000002
000639.XSHE,2020-03-16,3.3800000000000026
600981.XSHG,2020-03-16,1.8999999999999986
002230.XSHE,2020-03-16,37.490000000000066
600503.XSHG,2020-03-16,0.6400000000000006
603006.XSHG,2020-03-16,1.7699999999999996
600091.XSHG,2020-03-16,0.4900000000000002
300757.XSHE,2020-03-16,6.039999999999999
300273.XSHE,2020-03-16,3.1899999999999977
000525.XSHE,2020-03-16,9.329999999999998
300778.XSHE,2020-03-16,2.0700000000000003
300413.XSHE,2020-03-16,5.289999999999992
300491.XSHE,2020-03-16,2.2099999999999973
300650.XSHE,2020-03-16,1.5199999999999996
603041.XSHG,2020-03-16,1.139999999999997
603908.XSHG,2020-03-16,1.370000000000001
600346.XSHG,2020-03-16,8.41000000000001
300819.XSHE,2020-03-16,0.0
300504.XSHE,2020-03-16,3.0199999999999996
600879.XSHG,2020-03-16,19.19999999999999
002733.XSHE,2020-03-16,5.759999999999998
002957.XSHE,2020-03-16,3.6400000000000006
600239.XSHG,2020-03-16,5.550000000000004
000407.XSHE,2020-03-16,1.9299999999999997
000717.XSHE,2020-03-16,1.0299999999999976
600189.XSHG,2020-03-16,0.2400000000000002
000925.XSHE,2020-03-16,3.6400000000000006
300101.XSHE,2020-03-16,9.720000000000013
002557.XSHE,2020-03-16,11.800000000000011
002633.XSHE,2020-03-16,0.7000000000000011
600643.XSHG,2020-03-16,3.549999999999997
601016.XSHG,2020-03-16,0.22999999999999954
002508.XSHE,2020-03-16,14.190000000000026
600638.XSHG,2020-03-16,8.620000000000005
600675.XSHG,2020-03-16,23.95999999999998
600666.XSHG,2020-03-16,1.0199999999999996
000652.XSHE,2020-03-16,30.17999999999995
000333.XSHE,2020-03-16,10.27000000000001
002021.XSHE,2020-03-16,0.9200000000000017
000423.XSHE,2020-03-16,12.240000000000009
002691.XSHE,2020-03-16,0.41000000000000014
600052.XSHG,2020-03-16,0.990000000000002
600337.XSHG,2020-03-16,2.6300000000000026
600298.XSHG,2020-03-16,16.00999999999999
300791.XSHE,2020-03-16,2.520000000000003
600496.XSHG,2020-03-16,2.760000000000005
002299.XSHE,2020-03-16,3.6499999999999986
300527.XSHE,2020-03-16,1.3399999999999999
600176.XSHG,2020-03-16,7.6200000000000045
601199.XSHG,2020-03-16,2.479999999999997
002669.XSHE,2020-03-16,3.0700000000000003
002016.XSHE,2020-03-16,2.8100000000000023
600235.XSHG,2020-03-16,0.6899999999999995
300190.XSHE,2020-03-16,6.579999999999998
600060.XSHG,2020-03-16,6.3700000000000045
002539.XSHE,2020-03-16,1.0500000000000007
000681.XSHE,2020-03-16,5.219999999999999
300797.XSHE,2020-03-16,1.9900000000000002
600559.XSHG,2020-03-16,2.5799999999999983
000539.XSHE,2020-03-16,2.1299999999999955
600725.XSHG,2020-03-16,1.0800000000000018
688169.XSHG,2020-03-16,35.48000000000002
000911.XSHE,2020-03-16,0.7699999999999996
688258.XSHG,2020-03-16,13.5
601933.XSHG,2020-03-16,6.359999999999999
300381.XSHE,2020-03-16,3.8999999999999915
002940.XSHE,2020-03-16,3.6699999999999946
000420.XSHE,2020-03-16,2.3900000000000006
603110.XSHG,2020-03-16,2.0600000000000023
603037.XSHG,2020-03-16,2.490000000000002
600508.XSHG,2020-03-16,0.620000000000001
603016.XSHG,2020-03-16,2.870000000000001
002728.XSHE,2020-03-16,1.8599999999999994
603290.XSHG,2020-03-16,13.149999999999991
300363.XSHE,2020-03-16,3.6200000000000045
600113.XSHG,2020-03-16,3.009999999999998
600848.XSHG,2020-03-16,2.059999999999995
603227.XSHG,2020-03-16,0.4299999999999997
002672.XSHE,2020-03-16,4.490000000000002
002426.XSHE,2020-03-16,0.8399999999999999
600604.XSHG,2020-03-16,26.24000000000001
603668.XSHG,2020-03-16,0.4400000000000013
300220.XSHE,2020-03-16,13.070000000000022
002946.XSHE,2020-03-16,0.6400000000000006
002800.XSHE,2020-03-16,1.4899999999999984
000518.XSHE,2020-03-16,3.1000000000000014
600824.XSHG,2020-03-16,5.170000000000002
603991.XSHG,2020-03-16,1.6099999999999994
000961.XSHE,2020-03-16,2.6000000000000014
603003.XSHG,2020-03-16,1.2700000000000014
300222.XSHE,2020-03-16,8.549999999999997
300724.XSHE,2020-03-16,7.630000000000003
002689.XSHE,2020-03-16,1.0500000000000007
600526.XSHG,2020-03-16,0.6600000000000001
601678.XSHG,2020-03-16,0.9299999999999997
603229.XSHG,2020-03-16,2.1499999999999986
300390.XSHE,2020-03-16,6.359999999999999
300336.XSHE,2020-03-16,3.299999999999997
002890.XSHE,2020-03-16,2.16
688007.XSHG,2020-03-16,1.9699999999999989
002828.XSHE,2020-03-16,0.8400000000000016
603979.XSHG,2020-03-16,0.6799999999999997
601336.XSHG,2020-03-16,3.1400000000000006
000007.XSHE,2020-03-16,6.1499999999999915
002293.XSHE,2020-03-16,3.1099999999999994
300441.XSHE,2020-03-16,3.259999999999998
688068.XSHG,2020-03-16,4.6200000000000045
300685.XSHE,2020-03-16,11.61999999999999
000421.XSHE,2020-03-16,2.190000000000005
002396.XSHE,2020-03-16,12.990000000000009
300073.XSHE,2020-03-16,10.159999999999997
002936.XSHE,2020-03-16,0.1299999999999999
300272.XSHE,2020-03-16,4.060000000000002
300343.XSHE,2020-03-16,2.210000000000001
600020.XSHG,2020-03-16,0.5800000000000001
002756.XSHE,2020-03-16,2.25
603708.XSHG,2020-03-16,3.6299999999999955
300082.XSHE,2020-03-16,2.710000000000001
002769.XSHE,2020-03-16,2.7900000000000063
600608.XSHG,2020-03-16,12.800000000000011
002040.XSHE,2020-03-16,1.4299999999999997
601878.XSHG,2020-03-16,1.2200000000000006
002550.XSHE,2020-03-16,2.1700000000000017
603059.XSHG,2020-03-16,2.729999999999997
603528.XSHG,2020-03-16,2.4299999999999997
300247.XSHE,2020-03-16,3.539999999999999
600803.XSHG,2020-03-16,3.240000000000002
300144.XSHE,2020-03-16,17.05000000000001
600616.XSHG,2020-03-16,52.00999999999999
600677.XSHG,2020-03-16,3.009999999999998
000048.XSHE,2020-03-16,6.2900000000000205
600960.XSHG,2020-03-16,0.6600000000000001
603068.XSHG,2020-03-16,8.719999999999999
600572.XSHG,2020-03-16,4.849999999999994
600375.XSHG,2020-03-16,1.1600000000000001
600594.XSHG,2020-03-16,5.570000000000007
300676.XSHE,2020-03-16,6.11999999999999
600096.XSHG,2020-03-16,0.8100000000000005
000819.XSHE,2020-03-16,4.6299999999999955
688288.XSHG,2020-03-16,3.6099999999999994
002141.XSHE,2020-03-16,1.8599999999999994
003816.XSHE,2020-03-16,0.08999999999999986
600213.XSHG,2020-03-16,0.8499999999999996
002703.XSHE,2020-03-16,0.8899999999999988
603897.XSHG,2020-03-16,1.0
600546.XSHG,2020-03-16,9.239999999999995
300263.XSHE,2020-03-16,8.099999999999994
300470.XSHE,2020-03-16,7.030000000000001
603559.XSHG,2020-03-16,3.1199999999999974
300467.XSHE,2020-03-16,3.819999999999993
000778.XSHE,2020-03-16,1.7899999999999991
600460.XSHG,2020-03-16,21.440000000000026
601898.XSHG,2020-03-16,0.16000000000000014
002185.XSHE,2020-03-16,13.319999999999993
002688.XSHE,2020-03-16,3.460000000000001
300045.XSHE,2020-03-16,10.420000000000002
600163.XSHG,2020-03-16,0.34999999999999964
300444.XSHE,2020-03-16,4.77
300474.XSHE,2020-03-16,8.97999999999999
603488.XSHG,2020-03-16,0.33999999999999986
300201.XSHE,2020-03-16,3.6300000000000026
000985.XSHE,2020-03-16,1.2800000000000011
600769.XSHG,2020-03-16,1.6400000000000006
603309.XSHG,2020-03-16,2.940000000000005
600866.XSHG,2020-03-16,10.649999999999991
603605.XSHG,2020-03-16,11.759999999999991
002094.XSHE,2020-03-16,0.9600000000000009
002100.XSHE,2020-03-16,21.409999999999997
002912.XSHE,2020-03-16,29.75
600381.XSHG,2020-03-16,0.29000000000000004
300607.XSHE,2020-03-16,12.920000000000002
002601.XSHE,2020-03-16,12.280000000000001
600749.XSHG,2020-03-16,1.4399999999999977
601002.XSHG,2020-03-16,0.5600000000000005
600260.XSHG,2020-03-16,10.219999999999999
603996.XSHG,2020-03-16,0.35000000000000053
600232.XSHG,2020-03-16,1.1999999999999993
002169.XSHE,2020-03-16,6.840000000000003
000722.XSHE,2020-03-16,0.9100000000000001
600389.XSHG,2020-03-16,4.810000000000002
002449.XSHE,2020-03-16,3.6799999999999997
002177.XSHE,2020-03-16,3.710000000000001
603179.XSHG,2020-03-16,3.480000000000004
300561.XSHE,2020-03-16,4.810000000000002
600069.XSHG,2020-03-16,1.0299999999999994
600597.XSHG,2020-03-16,1.120000000000001
300269.XSHE,2020-03-16,1.3999999999999986
000917.XSHE,2020-03-16,6.789999999999999
300737.XSHE,2020-03-16,2.4799999999999986
600738.XSHG,2020-03-16,4.859999999999999
000912.XSHE,2020-03-16,0.5800000000000001
600295.XSHG,2020-03-16,1.2899999999999991
002748.XSHE,2020-03-16,0.7300000000000004
002888.XSHE,2020-03-16,1.9499999999999993
300373.XSHE,2020-03-16,10.0
603970.XSHG,2020-03-16,2.1799999999999997
002359.XSHE,2020-03-16,0.8699999999999992
600537.XSHG,2020-03-16,0.8000000000000007
002616.XSHE,2020-03-16,1.720000000000006
603595.XSHG,2020-03-16,7.750000000000007
000526.XSHE,2020-03-16,8.280000000000001
002364.XSHE,2020-03-16,13.190000000000012
600633.XSHG,2020-03-16,4.329999999999998
688111.XSHG,2020-03-16,29.28
600759.XSHG,2020-03-16,1.0699999999999985
300170.XSHE,2020-03-16,8.209999999999994
300446.XSHE,2020-03-16,3.5600000000000023
600150.XSHG,2020-03-16,3.8599999999999994
603678.XSHG,2020-03-16,6.789999999999992
002105.XSHE,2020-03-16,0.5800000000000001
600768.XSHG,2020-03-16,2.1099999999999994
600033.XSHG,2020-03-16,0.4299999999999997
300018.XSHE,2020-03-16,4.090000000000003
002135.XSHE,2020-03-16,1.2800000000000011
600577.XSHG,2020-03-16,4.609999999999999
002218.XSHE,2020-03-16,1.8300000000000018
600036.XSHG,2020-03-16,8.579999999999984
000725.XSHE,2020-03-16,1.8399999999999999
300742.XSHE,2020-03-16,2.0
002795.XSHE,2020-03-16,1.9199999999999982
603226.XSHG,2020-03-16,3.450000000000003
002591.XSHE,2020-03-16,2.25
002430.XSHE,2020-03-16,1.6700000000000017
600197.XSHG,2020-03-16,2.039999999999999
002832.XSHE,2020-03-16,5.57
603378.XSHG,2020-03-16,2.8200000000000003
002240.XSHE,2020-03-16,1.6300000000000008
300725.XSHE,2020-03-16,16.120000000000005
000892.XSHE,2020-03-16,0.9900000000000002
002076.XSHE,2020-03-16,1.5
300234.XSHE,2020-03-16,4.340000000000003
300310.XSHE,2020-03-16,3.469999999999999
000158.XSHE,2020-03-16,3.8900000000000006
300339.XSHE,2020-03-16,7.579999999999998
300054.XSHE,2020-03-16,19.25999999999999
600569.XSHG,2020-03-16,0.2600000000000007
002347.XSHE,2020-03-16,1.240000000000002
603980.XSHG,2020-03-16,0.6999999999999993
603055.XSHG,2020-03-16,0.39000000000000057
600777.XSHG,2020-03-16,2.440000000000005
002906.XSHE,2020-03-16,1.3200000000000003
002517.XSHE,2020-03-16,1.4299999999999997
300782.XSHE,2020-03-16,49.139999999999986
600986.XSHG,2020-03-16,1.509999999999998
600363.XSHG,2020-03-16,4.170000000000002
002576.XSHE,2020-03-16,0.8499999999999996
600022.XSHG,2020-03-16,0.21999999999999975
600774.XSHG,2020-03-16,5.950000000000003
600648.XSHG,2020-03-16,5.969999999999999
002167.XSHE,2020-03-16,3.299999999999997
000839.XSHE,2020-03-16,5.239999999999995
300334.XSHE,2020-03-16,1.4700000000000006
002295.XSHE,2020-03-16,0.7400000000000002
600242.XSHG,2020-03-16,0.5599999999999987
300072.XSHE,2020-03-16,6.300000000000011
688090.XSHG,2020-03-16,4.740000000000002
603076.XSHG,2020-03-16,1.8399999999999999
000045.XSHE,2020-03-16,1.3999999999999986
002331.XSHE,2020-03-16,6.600000000000001
002973.XSHE,2020-03-16,2.9499999999999993
002775.XSHE,2020-03-16,0.9399999999999977
002432.XSHE,2020-03-16,3.210000000000001
600185.XSHG,2020-03-16,2.0100000000000016
600566.XSHG,2020-03-16,3.009999999999998
601328.XSHG,2020-03-16,0.1899999999999995
600350.XSHG,2020-03-16,0.23000000000000043
603829.XSHG,2020-03-16,0.9000000000000004
000401.XSHE,2020-03-16,7.449999999999989
603789.XSHG,2020-03-16,0.490000000000002
600641.XSHG,2020-03-16,47.55000000000001
002903.XSHE,2020-03-16,2.25
600599.XSHG,2020-03-16,1.3200000000000003
000685.XSHE,2020-03-16,4.840000000000003
603385.XSHG,2020-03-16,0.9299999999999997
000504.XSHE,2020-03-16,1.25
002172.XSHE,2020-03-16,0.75
601988.XSHG,2020-03-16,0.11000000000000032
300086.XSHE,2020-03-16,2.3500000000000014
603316.XSHG,2020-03-16,0.5699999999999985
603583.XSHG,2020-03-16,6.000000000000007
300210.XSHE,2020-03-16,1.1999999999999993
300251.XSHE,2020-03-16,16.960000000000008
002969.XSHE,2020-03-16,0.7300000000000004
600650.XSHG,2020-03-16,2.1699999999999946
603530.XSHG,2020-03-16,2.330000000000002
300019.XSHE,2020-03-16,5.310000000000002
002574.XSHE,2020-03-16,0.3000000000000007
002269.XSHE,2020-03-16,0.6700000000000017
300482.XSHE,2020-03-16,19.29000000000002
600481.XSHG,2020-03-16,1.509999999999998
600083.XSHG,2020-03-16,0.8599999999999994
002166.XSHE,2020-03-16,3.8400000000000034
688123.XSHG,2020-03-16,5.240000000000009
601958.XSHG,2020-03-16,0.3800000000000008
300119.XSHE,2020-03-16,5.849999999999994
600170.XSHG,2020-03-16,2.25
300727.XSHE,2020-03-16,0.8699999999999974
601377.XSHG,2020-03-16,1.0199999999999996
002193.XSHE,2020-03-16,1.049999999999999
600482.XSHG,2020-03-16,2.3500000000000014
002163.XSHE,2020-03-16,3.370000000000001
300674.XSHE,2020-03-16,3.4000000000000057
600387.XSHG,2020-03-16,1.259999999999998
002566.XSHE,2020-03-16,1.009999999999998
603327.XSHG,2020-03-16,2.16
600290.XSHG,2020-03-16,0.6500000000000004
000636.XSHE,2020-03-16,39.24000000000001
000628.XSHE,2020-03-16,1.5899999999999999
002250.XSHE,2020-03-16,5.839999999999989
600711.XSHG,2020-03-16,2.3800000000000026
002843.XSHE,2020-03-16,0.629999999999999
603589.XSHG,2020-03-16,2.8599999999999994
300238.XSHE,2020-03-16,11.120000000000005
002001.XSHE,2020-03-16,68.30000000000007
002872.XSHE,2020-03-16,0.5899999999999999
000001.XSHE,2020-03-16,84.28999999999996
002079.XSHE,2020-03-16,4.850000000000001
601696.XSHG,2020-03-16,2.5199999999999996
601900.XSHG,2020-03-16,0.4900000000000002
300096.XSHE,2020-03-16,5.590000000000003
300168.XSHE,2020-03-16,14.25
603838.XSHG,2020-03-16,0.8599999999999994
600161.XSHG,2020-03-16,22.99000000000001
002052.XSHE,2020-03-16,1.2900000000000027
600845.XSHG,2020-03-16,30.75999999999999
601699.XSHG,2020-03-16,0.8100000000000023
600050.XSHG,2020-03-16,0.3800000000000008
603755.XSHG,2020-03-16,3.769999999999996
002673.XSHE,2020-03-16,1.7199999999999989
601669.XSHG,2020-03-16,0.20000000000000018
002362.XSHE,2020-03-16,3.3599999999999994
688010.XSHG,2020-03-16,2.6499999999999986
300616.XSHE,2020-03-16,9.820000000000007
603217.XSHG,2020-03-16,1.8799999999999955
600688.XSHG,2020-03-16,1.6399999999999988
601117.XSHG,2020-03-16,0.5099999999999998
002025.XSHE,2020-03-16,9.389999999999986
300663.XSHE,2020-03-16,5.509999999999998
600025.XSHG,2020-03-16,0.1200000000000001
600383.XSHG,2020-03-16,15.560000000000002
300698.XSHE,2020-03-16,2.370000000000001
600816.XSHG,2020-03-16,6.179999999999993
002639.XSHE,2020-03-16,2.66
002044.XSHE,2020-03-16,9.000000000000014
300294.XSHE,2020-03-16,12.280000000000001
600636.XSHG,2020-03-16,9.629999999999995
600658.XSHG,2020-03-16,1.8900000000000006
600992.XSHG,2020-03-16,0.5600000000000005
300304.XSHE,2020-03-16,2.299999999999997
002473.XSHE,2020-03-16,0.7699999999999996
603520.XSHG,2020-03-16,7.939999999999998
002681.XSHE,2020-03-16,3.3000000000000043
002060.XSHE,2020-03-16,0.3800000000000008
600750.XSHG,2020-03-16,6.170000000000016
600583.XSHG,2020-03-16,5.52000000000001
002656.XSHE,2020-03-16,0.8399999999999999
300786.XSHE,2020-03-16,3.289999999999999
600248.XSHG,2020-03-16,0.9800000000000004
300813.XSHE,2020-03-16,3.740000000000002
603090.XSHG,2020-03-16,1.1499999999999986
000816.XSHE,2020-03-16,0.3099999999999987
603733.XSHG,2020-03-16,1.0899999999999999
000616.XSHE,2020-03-16,6.189999999999998
002351.XSHE,2020-03-16,9.350000000000009
300103.XSHE,2020-03-16,4.310000000000002
600655.XSHG,2020-03-16,56.13999999999987
300473.XSHE,2020-03-16,1.4299999999999997
300370.XSHE,2020-03-16,5.399999999999999
603507.XSHG,2020-03-16,1.3399999999999999
600403.XSHG,2020-03-16,0.8499999999999979
002842.XSHE,2020-03-16,1.8399999999999999
300652.XSHE,2020-03-16,0.8100000000000023
000976.XSHE,2020-03-16,1.6899999999999977
600533.XSHG,2020-03-16,1.9400000000000013
002272.XSHE,2020-03-16,1.5399999999999991
300680.XSHE,2020-03-16,1.5700000000000003
300281.XSHE,2020-03-16,3.020000000000003
600811.XSHG,2020-03-16,2.970000000000006
300147.XSHE,2020-03-16,3.8800000000000026
601015.XSHG,2020-03-16,0.21999999999999975
002104.XSHE,2020-03-16,5.369999999999997
600315.XSHG,2020-03-16,6.889999999999986
300014.XSHE,2020-03-16,63.610000000000014
000882.XSHE,2020-03-16,0.3199999999999994
002117.XSHE,2020-03-16,6.980000000000004
002899.XSHE,2020-03-16,0.879999999999999
600070.XSHG,2020-03-16,10.299999999999997
002054.XSHE,2020-03-16,2.5700000000000003
600352.XSHG,2020-03-16,11.159999999999997
603189.XSHG,2020-03-16,2.4499999999999993
002441.XSHE,2020-03-16,3.1499999999999986
000550.XSHE,2020-03-16,2.059999999999995
688268.XSHG,2020-03-16,3.6000000000000014
000710.XSHE,2020-03-16,20.98999999999998
002679.XSHE,2020-03-16,2.84
002357.XSHE,2020-03-16,2.59
600962.XSHG,2020-03-16,1.2100000000000009
002360.XSHE,2020-03-16,1.7899999999999991
002381.XSHE,2020-03-16,2.780000000000001
300192.XSHE,2020-03-16,4.030000000000001
300633.XSHE,2020-03-16,2.080000000000002
002716.XSHE,2020-03-16,0.4200000000000008
300765.XSHE,2020-03-16,1.3000000000000043
002077.XSHE,2020-03-16,0.9300000000000015
002925.XSHE,2020-03-16,6.609999999999999
000078.XSHE,2020-03-16,6.969999999999999
300578.XSHE,2020-03-16,14.940000000000012
000993.XSHE,2020-03-16,0.5700000000000003
002175.XSHE,2020-03-16,1.1000000000000014
002856.XSHE,2020-03-16,1.0599999999999987
000028.XSHE,2020-03-16,7.549999999999983
002065.XSHE,2020-03-16,50.129999999999995
601388.XSHG,2020-03-16,0.5600000000000005
300178.XSHE,2020-03-16,1.8299999999999983
300681.XSHE,2020-03-16,2.239999999999995
688266.XSHG,2020-03-16,4.299999999999997
300162.XSHE,2020-03-16,3.3299999999999983
002189.XSHE,2020-03-16,2.0700000000000003
600265.XSHG,2020-03-16,1.0600000000000023
300344.XSHE,2020-03-16,1.8000000000000007
600793.XSHG,2020-03-16,1.3699999999999974
603127.XSHG,2020-03-16,12.739999999999995
300266.XSHE,2020-03-16,7.859999999999999
600515.XSHG,2020-03-16,1.4800000000000004
002097.XSHE,2020-03-16,2.5700000000000003
603267.XSHG,2020-03-16,6.270000000000003
002245.XSHE,2020-03-16,4.689999999999998
000513.XSHE,2020-03-16,18.930000000000007
300427.XSHE,2020-03-16,9.660000000000004
300024.XSHE,2020-03-16,23.010000000000048
000627.XSHE,2020-03-16,7.400000000000006
600856.XSHG,2020-03-16,0.3600000000000012
002196.XSHE,2020-03-16,0.8699999999999992
002371.XSHE,2020-03-16,56.889999999999986
002723.XSHE,2020-03-16,1.0400000000000027
600565.XSHG,2020-03-16,1.6400000000000006
001872.XSHE,2020-03-16,2.7900000000000063
600884.XSHG,2020-03-16,22.44999999999999
600149.XSHG,2020-03-16,0.9000000000000004
000488.XSHE,2020-03-16,1.8500000000000014
000720.XSHE,2020-03-16,1.8999999999999986
600673.XSHG,2020-03-16,7.809999999999988
600435.XSHG,2020-03-16,7.540000000000006
601890.XSHG,2020-03-16,0.8100000000000005
002738.XSHE,2020-03-16,1.740000000000002
000687.XSHE,2020-03-16,0.9600000000000009
603739.XSHG,2020-03-16,1.3300000000000018
300810.XSHE,2020-03-16,4.900000000000006
000883.XSHE,2020-03-16,0.7399999999999984
002322.XSHE,2020-03-16,4.260000000000005
600058.XSHG,2020-03-16,2.200000000000003
002600.XSHE,2020-03-16,4.899999999999999
600502.XSHG,2020-03-16,3.6099999999999994
300218.XSHE,2020-03-16,1.0
002972.XSHE,2020-03-16,3.34
300611.XSHE,2020-03-16,0.9099999999999966
300385.XSHE,2020-03-16,4.480000000000004
600820.XSHG,2020-03-16,6.599999999999994
300712.XSHE,2020-03-16,1.9900000000000002
000089.XSHE,2020-03-16,2.6000000000000014
300481.XSHE,2020-03-16,4.049999999999997
002246.XSHE,2020-03-16,0.8599999999999994
600331.XSHG,2020-03-16,1.5299999999999976
002486.XSHE,2020-03-16,1.3499999999999979
300752.XSHE,2020-03-16,3.460000000000001
000952.XSHE,2020-03-16,1.3399999999999999
601218.XSHG,2020-03-16,0.41999999999999993
000838.XSHE,2020-03-16,2.1099999999999994
300049.XSHE,2020-03-16,2.960000000000001
603121.XSHG,2020-03-16,1.5
000426.XSHE,2020-03-16,3.739999999999995
002554.XSHE,2020-03-16,0.8500000000000014
600800.XSHG,2020-03-16,5.970000000000006
600292.XSHG,2020-03-16,0.9699999999999989
002091.XSHE,2020-03-16,3.5899999999999963
002316.XSHE,2020-03-16,2.6400000000000006
600080.XSHG,2020-03-16,4.369999999999997
002926.XSHE,2020-03-16,1.1099999999999994
600705.XSHG,2020-03-16,18.910000000000025
300397.XSHE,2020-03-16,10.170000000000002
300585.XSHE,2020-03-16,2.2699999999999996
300805.XSHE,2020-03-16,2.41
002114.XSHE,2020-03-16,0.5599999999999987
603326.XSHG,2020-03-16,1.0800000000000018
002541.XSHE,2020-03-16,4.409999999999997
300539.XSHE,2020-03-16,2.1499999999999986
300604.XSHE,2020-03-16,5.049999999999997
002507.XSHE,2020-03-16,10.890000000000015
300547.XSHE,2020-03-16,1.8299999999999983
603713.XSHG,2020-03-16,4.440000000000005
603357.XSHG,2020-03-16,1.0600000000000005
603610.XSHG,2020-03-16,2.6799999999999997
300146.XSHE,2020-03-16,33.139999999999986
600717.XSHG,2020-03-16,5.340000000000003
600568.XSHG,2020-03-16,1.0199999999999996
603825.XSHG,2020-03-16,3.4200000000000017
300130.XSHE,2020-03-16,9.75
600212.XSHG,2020-03-16,1.33
002051.XSHE,2020-03-16,2.8500000000000014
300041.XSHE,2020-03-16,5.899999999999999
600778.XSHG,2020-03-16,1.1699999999999982
002088.XSHE,2020-03-16,2.1499999999999986
002490.XSHE,2020-03-16,0.3700000000000001
600107.XSHG,2020-03-16,0.6999999999999993
002255.XSHE,2020-03-16,1.9499999999999993
600085.XSHG,2020-03-16,14.410000000000025
600021.XSHG,2020-03-16,0.4300000000000015
600497.XSHG,2020-03-16,2.700000000000003
600771.XSHG,2020-03-16,6.3999999999999915
002039.XSHE,2020-03-16,0.9299999999999997
000006.XSHE,2020-03-16,14.730000000000018
600382.XSHG,2020-03-16,1.2699999999999996
601965.XSHG,2020-03-16,0.8599999999999994
600819.XSHG,2020-03-16,1.2399999999999984
603701.XSHG,2020-03-16,2.400000000000002
600805.XSHG,2020-03-16,2.0799999999999983
603238.XSHG,2020-03-16,2.120000000000001
002534.XSHE,2020-03-16,0.7299999999999986
688200.XSHG,2020-03-16,18.389999999999986
601360.XSHG,2020-03-16,2.4100000000000037
601975.XSHG,2020-03-16,0.1499999999999999
603010.XSHG,2020-03-16,4.369999999999997
300582.XSHE,2020-03-16,1.7399999999999984
600519.XSHG,2020-03-16,319.9200000000001
600894.XSHG,2020-03-16,1.2199999999999989
601991.XSHG,2020-03-16,0.15000000000000036
002058.XSHE,2020-03-16,2.509999999999998
300355.XSHE,2020-03-16,2.900000000000002
300679.XSHE,2020-03-16,9.899999999999991
600399.XSHG,2020-03-16,0.9600000000000009
300443.XSHE,2020-03-16,4.230000000000004
601939.XSHG,2020-03-16,0.28000000000000114
002476.XSHE,2020-03-16,3.039999999999999
002294.XSHE,2020-03-16,4.929999999999978
300265.XSHE,2020-03-16,2.740000000000002
002838.XSHE,2020-03-16,14.159999999999997
000737.XSHE,2020-03-16,0.5199999999999996
600333.XSHG,2020-03-16,0.5699999999999985
603801.XSHG,2020-03-16,3.379999999999999
601233.XSHG,2020-03-16,2.6899999999999977
600538.XSHG,2020-03-16,1.0700000000000003
688177.XSHG,2020-03-16,3.299999999999997
600678.XSHG,2020-03-16,3.269999999999996
300553.XSHE,2020-03-16,2.219999999999999
300559.XSHE,2020-03-16,8.11
600191.XSHG,2020-03-16,1.1700000000000017
603268.XSHG,2020-03-16,1.1000000000000014
000728.XSHE,2020-03-16,1.870000000000001
603778.XSHG,2020-03-16,1.2600000000000016
002369.XSHE,2020-03-16,5.109999999999999
002110.XSHE,2020-03-16,0.7300000000000022
000532.XSHE,2020-03-16,3.8800000000000026
600493.XSHG,2020-03-16,1.0099999999999998
300116.XSHE,2020-03-16,0.7300000000000004
300542.XSHE,2020-03-16,5.160000000000004
688080.XSHG,2020-03-16,8.799999999999997
002106.XSHE,2020-03-16,2.6499999999999986
000506.XSHE,2020-03-16,0.4800000000000004
300017.XSHE,2020-03-16,25.52000000000001
002107.XSHE,2020-03-16,3.8900000000000006
000150.XSHE,2020-03-16,1.5700000000000003
600066.XSHG,2020-03-16,40.0
002492.XSHE,2020-03-16,1.3999999999999986
002797.XSHE,2020-03-16,1.0
002455.XSHE,2020-03-16,2.3399999999999963
600118.XSHG,2020-03-16,62.09000000000003
000981.XSHE,2020-03-16,0.2400000000000002
600218.XSHG,2020-03-16,1.5599999999999987
300617.XSHE,2020-03-16,7.839999999999996
600391.XSHG,2020-03-16,4.950000000000003
002194.XSHE,2020-03-16,8.939999999999998
002140.XSHE,2020-03-16,6.039999999999999
601330.XSHG,2020-03-16,1.33
002085.XSHE,2020-03-16,1.3699999999999974
600236.XSHG,2020-03-16,0.6099999999999994
000536.XSHE,2020-03-16,0.7199999999999989
002535.XSHE,2020-03-16,0.7400000000000002
002785.XSHE,2020-03-16,0.8000000000000007
600187.XSHG,2020-03-16,0.5899999999999999
600547.XSHG,2020-03-16,25.569999999999993
600289.XSHG,2020-03-16,1.25
300726.XSHE,2020-03-16,3.41
002923.XSHE,2020-03-16,1.389999999999997
002963.XSHE,2020-03-16,1.5700000000000003
600654.XSHG,2020-03-16,418.4800000000005
601128.XSHG,2020-03-16,0.4299999999999997
688321.XSHG,2020-03-16,3.8400000000000034
300519.XSHE,2020-03-16,1.4699999999999989
002855.XSHE,2020-03-16,0.9199999999999999
002692.XSHE,2020-03-16,0.75
002848.XSHE,2020-03-16,1.5399999999999991
300131.XSHE,2020-03-16,10.39
600111.XSHG,2020-03-16,7.259999999999991
000068.XSHE,2020-03-16,0.46999999999999975
002546.XSHE,2020-03-16,4.410000000000004
002615.XSHE,2020-03-16,1.2699999999999996
300015.XSHE,2020-03-16,64.26999999999998
002352.XSHE,2020-03-16,8.5
002045.XSHE,2020-03-16,5.329999999999998
600031.XSHG,2020-03-16,77.80000000000007
600323.XSHG,2020-03-16,3.589999999999989
002289.XSHE,2020-03-16,1.0500000000000007
603800.XSHG,2020-03-16,0.5099999999999998
002571.XSHE,2020-03-16,1.5700000000000003
603456.XSHG,2020-03-16,8.980000000000004
601992.XSHG,2020-03-16,0.3899999999999997
002200.XSHE,2020-03-16,0.620000000000001
603466.XSHG,2020-03-16,1.379999999999999
603709.XSHG,2020-03-16,0.6999999999999993
002712.XSHE,2020-03-16,2.5
603889.XSHG,2020-03-16,0.9699999999999989
000935.XSHE,2020-03-16,2.3699999999999974
300369.XSHE,2020-03-16,18.819999999999993
002264.XSHE,2020-03-16,1.0399999999999991
002586.XSHE,2020-03-16,0.5500000000000007
300421.XSHE,2020-03-16,0.7700000000000014
002713.XSHE,2020-03-16,2.9700000000000024
002128.XSHE,2020-03-16,0.75
300053.XSHE,2020-03-16,7.440000000000005
300626.XSHE,2020-03-16,1.4100000000000001
600513.XSHG,2020-03-16,5.910000000000011
000676.XSHE,2020-03-16,10.670000000000002
000657.XSHE,2020-03-16,1.5300000000000011
688003.XSHG,2020-03-16,2.3000000000000007
002900.XSHE,2020-03-16,1.0299999999999976
603123.XSHG,2020-03-16,1.08
603496.XSHG,2020-03-16,4.229999999999997
000558.XSHE,2020-03-16,0.9499999999999993
000850.XSHE,2020-03-16,2.6200000000000045
300432.XSHE,2020-03-16,3.0700000000000003
603297.XSHG,2020-03-16,4.369999999999997
603585.XSHG,2020-03-16,1.3599999999999994
603815.XSHG,2020-03-16,1.9299999999999997
601200.XSHG,2020-03-16,0.47000000000000064
000605.XSHE,2020-03-16,1.0
000797.XSHE,2020-03-16,2.0799999999999983
603956.XSHG,2020-03-16,2.0599999999999987
603721.XSHG,2020-03-16,5.140000000000001
002582.XSHE,2020-03-16,2.6200000000000045
002210.XSHE,2020-03-16,0.5199999999999996
300436.XSHE,2020-03-16,4.640000000000001
601966.XSHG,2020-03-16,1.7699999999999996
600563.XSHG,2020-03-16,12.22999999999999
600309.XSHG,2020-03-16,129.62999999999988
002960.XSHE,2020-03-16,1.4200000000000017
300567.XSHE,2020-03-16,25.73999999999998
603333.XSHG,2020-03-16,0.8800000000000008
000603.XSHE,2020-03-16,2.2099999999999937
600376.XSHG,2020-03-16,2.5600000000000023
603828.XSHG,2020-03-16,1.2100000000000009
002248.XSHE,2020-03-16,1.0599999999999987
600961.XSHG,2020-03-16,1.2899999999999991
300098.XSHE,2020-03-16,16.47
002976.XSHE,2020-03-16,0.0
300149.XSHE,2020-03-16,7.839999999999989
300735.XSHE,2020-03-16,4.399999999999999
300645.XSHE,2020-03-16,2.7600000000000016
002422.XSHE,2020-03-16,6.990000000000009
002942.XSHE,2020-03-16,1.4399999999999977
002695.XSHE,2020-03-16,5.790000000000006
002236.XSHE,2020-03-16,59.66000000000008
300815.XSHE,2020-03-16,5.480000000000004
000061.XSHE,2020-03-16,8.969999999999999
601801.XSHG,2020-03-16,0.5099999999999998
300749.XSHE,2020-03-16,1.5700000000000003
600063.XSHG,2020-03-16,2.529999999999994
600665.XSHG,2020-03-16,0.7300000000000022
000762.XSHE,2020-03-16,2.8100000000000023
000967.XSHE,2020-03-16,1.620000000000001
300120.XSHE,2020-03-16,5.32
300412.XSHE,2020-03-16,2.6400000000000006
600319.XSHG,2020-03-16,0.40000000000000036
002444.XSHE,2020-03-16,3.3000000000000043
002717.XSHE,2020-03-16,5.3700000000000045
002042.XSHE,2020-03-16,2.0500000000000043
600277.XSHG,2020-03-16,1.3100000000000005
002587.XSHE,2020-03-16,5.170000000000002
603036.XSHG,2020-03-16,0.4399999999999995
002470.XSHE,2020-03-16,0.8499999999999996
603043.XSHG,2020-03-16,1.6500000000000021
000837.XSHE,2020-03-16,0.23999999999999844
600054.XSHG,2020-03-16,1.3999999999999986
002776.XSHE,2020-03-16,3.3499999999999943
300431.XSHE,2020-03-16,0.6699999999999999
000733.XSHE,2020-03-16,5.68
001979.XSHE,2020-03-16,1.0199999999999996
300068.XSHE,2020-03-16,3.4399999999999977
002109.XSHE,2020-03-16,0.35999999999999943
000005.XSHE,2020-03-16,1.4299999999999997
000852.XSHE,2020-03-16,1.7200000000000024
300584.XSHE,2020-03-16,1.6100000000000065
601996.XSHG,2020-03-16,1.120000000000001
300631.XSHE,2020-03-16,1.8599999999999994
600396.XSHG,2020-03-16,0.39000000000000057
300468.XSHE,2020-03-16,7.729999999999997
002820.XSHE,2020-03-16,0.7800000000000011
300564.XSHE,2020-03-16,1.8900000000000006
688118.XSHG,2020-03-16,5.549999999999997
002268.XSHE,2020-03-16,27.28
600890.XSHG,2020-03-16,4.020000000000003
603916.XSHG,2020-03-16,1.8099999999999987
000898.XSHE,2020-03-16,0.33000000000000007
300505.XSHE,2020-03-16,1.259999999999998
603730.XSHG,2020-03-16,2.5900000000000034
002427.XSHE,2020-03-16,0.9900000000000002
002847.XSHE,2020-03-16,4.469999999999999
688368.XSHG,2020-03-16,7.6000000000000085
002466.XSHE,2020-03-16,24.060000000000002
600903.XSHG,2020-03-16,1.1000000000000014
002947.XSHE,2020-03-16,4.799999999999997
601636.XSHG,2020-03-16,1.33
002752.XSHE,2020-03-16,0.5300000000000011
002421.XSHE,2020-03-16,5.8799999999999955
601872.XSHG,2020-03-16,0.6699999999999999
300715.XSHE,2020-03-16,6.009999999999998
002055.XSHE,2020-03-16,10.400000000000006
300109.XSHE,2020-03-16,7.190000000000012
688199.XSHG,2020-03-16,3.3999999999999986
600657.XSHG,2020-03-16,2.1000000000000014
600713.XSHG,2020-03-16,2.4299999999999997
300707.XSHE,2020-03-16,3.629999999999999
300801.XSHE,2020-03-16,1.8599999999999994
000680.XSHE,2020-03-16,1.0599999999999987
002318.XSHE,2020-03-16,2.969999999999999
603898.XSHG,2020-03-16,5.009999999999998
603157.XSHG,2020-03-16,0.41000000000000014
002174.XSHE,2020-03-16,5.8500000000000085
300571.XSHE,2020-03-16,16.580000000000013
600744.XSHG,2020-03-16,0.4499999999999993
300475.XSHE,2020-03-16,0.990000000000002
300298.XSHE,2020-03-16,8.450000000000003
300379.XSHE,2020-03-16,23.049999999999983
300331.XSHE,2020-03-16,11.700000000000003
601099.XSHG,2020-03-16,0.7400000000000002
002361.XSHE,2020-03-16,2.450000000000003
300767.XSHE,2020-03-16,8.11999999999999
002491.XSHE,2020-03-16,3.3599999999999994
600668.XSHG,2020-03-16,6.059999999999988
300570.XSHE,2020-03-16,6.0
000757.XSHE,2020-03-16,0.8000000000000007
603900.XSHG,2020-03-16,0.5400000000000009
002708.XSHE,2020-03-16,0.13000000000000256
002080.XSHE,2020-03-16,6.020000000000003
603839.XSHG,2020-03-16,2.0199999999999996
300452.XSHE,2020-03-16,4.759999999999998
603108.XSHG,2020-03-16,3.6899999999999977
603966.XSHG,2020-03-16,0.8900000000000006
600901.XSHG,2020-03-16,0.2699999999999996
000632.XSHE,2020-03-16,5.199999999999996
300242.XSHE,2020-03-16,1.6999999999999993
300793.XSHE,2020-03-16,2.6000000000000014
300371.XSHE,2020-03-16,3.280000000000001
002524.XSHE,2020-03-16,2.6099999999999994
300226.XSHE,2020-03-16,30.980000000000018
600578.XSHG,2020-03-16,0.47000000000000064
600815.XSHG,2020-03-16,0.7000000000000011
000755.XSHE,2020-03-16,0.5500000000000007
688398.XSHG,2020-03-16,4.010000000000005
603757.XSHG,2020-03-16,2.049999999999997
300709.XSHE,2020-03-16,12.850000000000009
600178.XSHG,2020-03-16,0.5400000000000009
600057.XSHG,2020-03-16,3.6300000000000026
002101.XSHE,2020-03-16,2.59
601899.XSHG,2020-03-16,0.45999999999999996
603599.XSHG,2020-03-16,2.490000000000002
002746.XSHE,2020-03-16,2.8499999999999943
300528.XSHE,2020-03-16,0.5999999999999996
000759.XSHE,2020-03-16,3.8000000000000043
002935.XSHE,2020-03-16,5.43
600467.XSHG,2020-03-16,1.1799999999999997
603136.XSHG,2020-03-16,2.479999999999997
002081.XSHE,2020-03-16,12.890000000000015
600338.XSHG,2020-03-16,1.2199999999999989
000690.XSHE,2020-03-16,11.02000000000001
000555.XSHE,2020-03-16,5.300000000000004
002375.XSHE,2020-03-16,3.1799999999999997
603767.XSHG,2020-03-16,0.5500000000000007
300596.XSHE,2020-03-16,4.07
000890.XSHE,2020-03-16,1.5200000000000031
603199.XSHG,2020-03-16,0.8599999999999994
600325.XSHG,2020-03-16,2.760000000000005
600614.XSHG,2020-03-16,8.389999999999986
300185.XSHE,2020-03-16,0.7599999999999998
600308.XSHG,2020-03-16,1.8999999999999986
603949.XSHG,2020-03-16,0.0
600971.XSHG,2020-03-16,1.6300000000000026
688139.XSHG,2020-03-16,4.280000000000001
002415.XSHE,2020-03-16,47.65000000000009
002702.XSHE,2020-03-16,3.8400000000000034
600996.XSHG,2020-03-16,0.6300000000000008
002124.XSHE,2020-03-16,12.790000000000006
688019.XSHG,2020-03-16,9.909999999999997
002651.XSHE,2020-03-16,0.8100000000000005
600269.XSHG,2020-03-16,1.3500000000000014
601788.XSHG,2020-03-16,0.7999999999999989
000402.XSHE,2020-03-16,7.799999999999983
600579.XSHG,2020-03-16,1.1899999999999995
002162.XSHE,2020-03-16,0.7100000000000009
002355.XSHE,2020-03-16,0.6899999999999995
600873.XSHG,2020-03-16,1.4200000000000017
000792.XSHE,2020-03-16,3.6200000000000045
603158.XSHG,2020-03-16,5.940000000000005
300356.XSHE,2020-03-16,2.1099999999999994
600783.XSHG,2020-03-16,8.489999999999995
002792.XSHE,2020-03-16,6.86999999999999
300398.XSHE,2020-03-16,10.320000000000007
600301.XSHG,2020-03-16,0.41000000000000014
002214.XSHE,2020-03-16,6.460000000000008
002480.XSHE,2020-03-16,1.4000000000000021
300345.XSHE,2020-03-16,2.460000000000001
000739.XSHE,2020-03-16,12.889999999999986
000630.XSHE,2020-03-16,1.7299999999999969
002595.XSHE,2020-03-16,7.530000000000001
002597.XSHE,2020-03-16,6.159999999999997
002122.XSHE,2020-03-16,0.5899999999999999
600385.XSHG,2020-03-16,0.6999999999999993
600602.XSHG,2020-03-16,393.9200000000001
002274.XSHE,2020-03-16,1.2300000000000004
601658.XSHG,2020-03-16,0.08999999999999986
603600.XSHG,2020-03-16,3.0699999999999967
300237.XSHE,2020-03-16,3.75
603992.XSHG,2020-03-16,1.0700000000000003
600151.XSHG,2020-03-16,1.8999999999999986
603113.XSHG,2020-03-16,0.33999999999999986
603729.XSHG,2020-03-16,1.2699999999999996
600539.XSHG,2020-03-16,0.22999999999999954
002457.XSHE,2020-03-16,1.4400000000000013
002495.XSHE,2020-03-16,1.3500000000000014
600734.XSHG,2020-03-16,1.7199999999999989
600426.XSHG,2020-03-16,12.289999999999992
300164.XSHE,2020-03-16,1.4100000000000001
002130.XSHE,2020-03-16,6.950000000000003
002886.XSHE,2020-03-16,4.460000000000001
002556.XSHE,2020-03-16,3.3299999999999983
002061.XSHE,2020-03-16,0.7699999999999996
000803.XSHE,2020-03-16,2.25
002152.XSHE,2020-03-16,12.349999999999994
600439.XSHG,2020-03-16,1.8800000000000026
603331.XSHG,2020-03-16,1.740000000000002
000576.XSHE,2020-03-16,2.799999999999997
300693.XSHE,2020-03-16,3.2799999999999976
002762.XSHE,2020-03-16,2.3200000000000003
601865.XSHG,2020-03-16,1.299999999999999
603111.XSHG,2020-03-16,2.16
002235.XSHE,2020-03-16,3.3400000000000034
603557.XSHG,2020-03-16,0.7000000000000011
000937.XSHE,2020-03-16,0.75
300087.XSHE,2020-03-16,10.909999999999997
603696.XSHG,2020-03-16,1.8299999999999983
300440.XSHE,2020-03-16,5.759999999999998
688009.XSHG,2020-03-16,0.41999999999999993
002643.XSHE,2020-03-16,10.129999999999995
300717.XSHE,2020-03-16,1.620000000000001
601000.XSHG,2020-03-16,0.39000000000000057
002686.XSHE,2020-03-16,1.5500000000000007
000707.XSHE,2020-03-16,0.33000000000000007
300521.XSHE,2020-03-16,1.0899999999999999
000629.XSHE,2020-03-16,0.8599999999999994
300108.XSHE,2020-03-16,1.1099999999999994
000673.XSHE,2020-03-16,3.1099999999999994
000425.XSHE,2020-03-16,14.100000000000023
600782.XSHG,2020-03-16,2.0700000000000003
002735.XSHE,2020-03-16,2.390000000000004
000586.XSHE,2020-03-16,5.089999999999996
603893.XSHG,2020-03-16,6.340000000000003
002307.XSHE,2020-03-16,1.8399999999999999
300396.XSHE,2020-03-16,7.430000000000007
300608.XSHE,2020-03-16,4.949999999999996
601369.XSHG,2020-03-16,0.46000000000000085
600507.XSHG,2020-03-16,4.22999999999999
002168.XSHE,2020-03-16,12.760000000000005
002399.XSHE,2020-03-16,9.219999999999999
603093.XSHG,2020-03-16,2.3099999999999987
603856.XSHG,2020-03-16,0.9900000000000002
002498.XSHE,2020-03-16,3.150000000000002
600851.XSHG,2020-03-16,11.860000000000014
600977.XSHG,2020-03-16,0.7699999999999996
603040.XSHG,2020-03-16,2.1799999999999997
300629.XSHE,2020-03-16,2.84
002348.XSHE,2020-03-16,1.3099999999999987
600370.XSHG,2020-03-16,1.5500000000000007
000411.XSHE,2020-03-16,1.4400000000000013
002887.XSHE,2020-03-16,2.5799999999999983
002467.XSHE,2020-03-16,8.180000000000007
002617.XSHE,2020-03-16,4.229999999999997
000589.XSHE,2020-03-16,0.9100000000000001
002606.XSHE,2020-03-16,2.5
002781.XSHE,2020-03-16,0.5099999999999998
300291.XSHE,2020-03-16,3.1000000000000014
300145.XSHE,2020-03-16,6.609999999999999
600095.XSHG,2020-03-16,2.9299999999999997
600006.XSHG,2020-03-16,0.7600000000000016
002760.XSHE,2020-03-16,0.8999999999999986
601908.XSHG,2020-03-16,1.1599999999999984
603616.XSHG,2020-03-16,1.450000000000001
603386.XSHG,2020-03-16,1.3399999999999999
300456.XSHE,2020-03-16,14.699999999999989
600975.XSHG,2020-03-16,3.6300000000000026
000666.XSHE,2020-03-16,1.509999999999998
000523.XSHE,2020-03-16,2.789999999999999
603069.XSHG,2020-03-16,1.7799999999999994
603938.XSHG,2020-03-16,2.8400000000000034
002326.XSHE,2020-03-16,5.1000000000000085
002146.XSHE,2020-03-16,3.6299999999999955
002112.XSHE,2020-03-16,2.3200000000000003
002199.XSHE,2020-03-16,1.9499999999999993
002509.XSHE,2020-03-16,0.7199999999999989
300760.XSHE,2020-03-16,22.560000000000002
688196.XSHG,2020-03-16,2.549999999999997
600132.XSHG,2020-03-16,12.490000000000009
603580.XSHG,2020-03-16,1.4200000000000017
300558.XSHE,2020-03-16,6.650000000000006
300155.XSHE,2020-03-16,5.43
300301.XSHE,2020-03-16,1.620000000000001
002439.XSHE,2020-03-16,30.960000000000036
300257.XSHE,2020-03-16,6.280000000000001
600812.XSHG,2020-03-16,3.210000000000001
603788.XSHG,2020-03-16,1.3499999999999979
688166.XSHG,2020-03-16,4.340000000000003
002747.XSHE,2020-03-16,6.900000000000006
000982.XSHE,2020-03-16,1.5200000000000031
300367.XSHE,2020-03-16,6.920000000000002
002332.XSHE,2020-03-16,2.490000000000002
000713.XSHE,2020-03-16,2.9399999999999977
600233.XSHG,2020-03-16,3.8700000000000045
300768.XSHE,2020-03-16,6.399999999999999
300569.XSHE,2020-03-16,3.210000000000001
002740.XSHE,2020-03-16,3.1499999999999986
300160.XSHE,2020-03-16,0.7100000000000009
600316.XSHG,2020-03-16,7.069999999999993
600863.XSHG,2020-03-16,2.460000000000001
000417.XSHE,2020-03-16,4.199999999999989
603196.XSHG,2020-03-16,1.0299999999999994
000502.XSHE,2020-03-16,0.0
000517.XSHE,2020-03-16,1.620000000000001
002424.XSHE,2020-03-16,4.739999999999995
000596.XSHE,2020-03-16,21.50999999999999
300037.XSHE,2020-03-16,7.640000000000001
601579.XSHG,2020-03-16,0.21000000000000085
000541.XSHE,2020-03-16,4.400000000000006
002787.XSHE,2020-03-16,0.879999999999999
600306.XSHG,2020-03-16,0.5700000000000003
600871.XSHG,2020-03-16,0.21999999999999975
600420.XSHG,2020-03-16,3.450000000000003
600275.XSHG,2020-03-16,0.5499999999999998
000623.XSHE,2020-03-16,14.529999999999973
002955.XSHE,2020-03-16,9.099999999999994
603165.XSHG,2020-03-16,1.259999999999998
002798.XSHE,2020-03-16,6.72999999999999
000951.XSHE,2020-03-16,4.780000000000001
002538.XSHE,2020-03-16,1.2399999999999984
600998.XSHG,2020-03-16,1.1199999999999974
600990.XSHG,2020-03-16,9.530000000000001
002908.XSHE,2020-03-16,1.870000000000001
600756.XSHG,2020-03-16,5.680000000000007
002516.XSHE,2020-03-16,1.8000000000000007
300233.XSHE,2020-03-16,1.5599999999999952
002454.XSHE,2020-03-16,1.1600000000000001
300454.XSHE,2020-03-16,16.939999999999998
300541.XSHE,2020-03-16,2.770000000000003
601088.XSHG,2020-03-16,0.7899999999999991
002108.XSHE,2020-03-16,4.299999999999997
002203.XSHE,2020-03-16,2.009999999999998
002598.XSHE,2020-03-16,0.9699999999999989
300651.XSHE,2020-03-16,4.590000000000003
300300.XSHE,2020-03-16,2.9299999999999997
000783.XSHE,2020-03-16,3.8200000000000003
603880.XSHG,2020-03-16,1.740000000000002
600172.XSHG,2020-03-16,3.460000000000001
603928.XSHG,2020-03-16,0.5899999999999999
300422.XSHE,2020-03-16,3.75
600727.XSHG,2020-03-16,2.480000000000004
603578.XSHG,2020-03-16,0.8699999999999974
300459.XSHE,2020-03-16,5.100000000000001
002390.XSHE,2020-03-16,2.6799999999999997
300408.XSHE,2020-03-16,8.629999999999995
300516.XSHE,2020-03-16,3.539999999999999
600598.XSHG,2020-03-16,2.349999999999998
600690.XSHG,2020-03-16,34.309999999999945
600126.XSHG,2020-03-16,4.769999999999996
000065.XSHE,2020-03-16,7.219999999999999
600909.XSHG,2020-03-16,0.9800000000000004
002793.XSHE,2020-03-16,3.3800000000000026
002222.XSHE,2020-03-16,2.030000000000001
002608.XSHE,2020-03-16,0.33999999999999986
002878.XSHE,2020-03-16,8.649999999999999
000798.XSHE,2020-03-16,0.6500000000000004
000999.XSHE,2020-03-16,2.8399999999999963
600720.XSHG,2020-03-16,9.370000000000005
000528.XSHE,2020-03-16,5.019999999999996
002806.XSHE,2020-03-16,1.3900000000000006
300191.XSHE,2020-03-16,4.079999999999998
000768.XSHE,2020-03-16,11.280000000000001
600561.XSHG,2020-03-16,0.8399999999999999
603607.XSHG,2020-03-16,1.5100000000000016
002125.XSHE,2020-03-16,3.8100000000000023
002309.XSHE,2020-03-16,2.299999999999997
688089.XSHG,2020-03-16,2.229999999999997
002921.XSHE,2020-03-16,1.0300000000000011
300628.XSHE,2020-03-16,69.96000000000004
000750.XSHE,2020-03-16,5.030000000000001
002750.XSHE,2020-03-16,3.8200000000000003
300509.XSHE,2020-03-16,1.1400000000000006
002529.XSHE,2020-03-16,1.4700000000000006
600682.XSHG,2020-03-16,11.769999999999996
300425.XSHE,2020-03-16,3.759999999999998
600773.XSHG,2020-03-16,2.6799999999999997
300445.XSHE,2020-03-16,9.25
600192.XSHG,2020-03-16,1.0299999999999994
601001.XSHG,2020-03-16,0.27999999999999936
300579.XSHE,2020-03-16,7.0
603239.XSHG,2020-03-16,3.8700000000000045
300673.XSHE,2020-03-16,3.8100000000000023
600288.XSHG,2020-03-16,3.6099999999999994
603869.XSHG,2020-03-16,1.5899999999999999
603369.XSHG,2020-03-16,5.530000000000001
000996.XSHE,2020-03-16,2.9200000000000017
600012.XSHG,2020-03-16,0.6099999999999994
603416.XSHG,2020-03-16,4.18
000566.XSHE,2020-03-16,6.789999999999992
002528.XSHE,2020-03-16,3.9299999999999997
300806.XSHE,2020-03-16,2.940000000000005
002675.XSHE,2020-03-16,6.740000000000009
300526.XSHE,2020-03-16,9.909999999999997
603183.XSHG,2020-03-16,1.2700000000000031
603725.XSHG,2020-03-16,0.7300000000000004
601929.XSHG,2020-03-16,0.3700000000000001
300498.XSHE,2020-03-16,2.3999999999999986
000776.XSHE,2020-03-16,4.179999999999993
300575.XSHE,2020-03-16,4.600000000000001
300599.XSHE,2020-03-16,0.5599999999999987
600694.XSHG,2020-03-16,3.9499999999999886
002201.XSHE,2020-03-16,5.18
002137.XSHE,2020-03-16,2.780000000000001
300405.XSHE,2020-03-16,1.2899999999999991
002577.XSHE,2020-03-16,2.16
601398.XSHG,2020-03-16,0.2699999999999996
300424.XSHE,2020-03-16,2.710000000000001
300536.XSHE,2020-03-16,1.5
000812.XSHE,2020-03-16,1.5399999999999991
002157.XSHE,2020-03-16,29.940000000000026
603109.XSHG,2020-03-16,1.1000000000000014
600330.XSHG,2020-03-16,3.469999999999999
603615.XSHG,2020-03-16,0.45000000000000107
002241.XSHE,2020-03-16,48.329999999999984
002385.XSHE,2020-03-16,7.6200000000000045
600802.XSHG,2020-03-16,3.710000000000001
000055.XSHE,2020-03-16,2.049999999999997
000035.XSHE,2020-03-16,1.1499999999999986
601068.XSHG,2020-03-16,0.35000000000000053
600810.XSHG,2020-03-16,2.719999999999999
000540.XSHE,2020-03-16,24.360000000000014
600634.XSHG,2020-03-16,0.7899999999999991
600885.XSHG,2020-03-16,9.64
002411.XSHE,2020-03-16,2.789999999999999
300282.XSHE,2020-03-16,2.120000000000001
000966.XSHE,2020-03-16,0.7199999999999989
300545.XSHE,2020-03-16,5.959999999999994
300117.XSHE,2020-03-16,1.6899999999999977
300277.XSHE,2020-03-16,4.200000000000003
600089.XSHG,2020-03-16,21.25999999999999
600629.XSHG,2020-03-16,2.1699999999999946
600993.XSHG,2020-03-16,9.480000000000018
002527.XSHE,2020-03-16,1.0599999999999987
603663.XSHG,2020-03-16,1.240000000000002
000697.XSHE,2020-03-16,4.009999999999998
002515.XSHE,2020-03-16,5.560000000000002
000823.XSHE,2020-03-16,4.060000000000002
000983.XSHE,2020-03-16,0.9799999999999969
002382.XSHE,2020-03-16,9.049999999999997
002084.XSHE,2020-03-16,0.9800000000000004
603018.XSHG,2020-03-16,3.480000000000004
600373.XSHG,2020-03-16,3.3100000000000023
600217.XSHG,2020-03-16,1.8599999999999994
600827.XSHG,2020-03-16,2.1300000000000026
603289.XSHG,2020-03-16,0.6799999999999997
000727.XSHE,2020-03-16,0.5800000000000001
002460.XSHE,2020-03-16,45.889999999999986
300286.XSHE,2020-03-16,8.519999999999996
600520.XSHG,2020-03-16,1.5
000651.XSHE,2020-03-16,512.5100000000002
000920.XSHE,2020-03-16,1.1900000000000013
002949.XSHE,2020-03-16,0.8300000000000018
002024.XSHE,2020-03-16,30.620000000000005
600326.XSHG,2020-03-16,2.789999999999999
600739.XSHG,2020-03-16,48.39999999999998
603823.XSHG,2020-03-16,1.379999999999999
300093.XSHE,2020-03-16,1.4400000000000013
300598.XSHE,2020-03-16,45.22000000000003
601618.XSHG,2020-03-16,0.1299999999999999
002655.XSHE,2020-03-16,3.7399999999999984
300235.XSHE,2020-03-16,6.199999999999989
300572.XSHE,2020-03-16,11.840000000000003
600418.XSHG,2020-03-16,3.020000000000003
688208.XSHG,2020-03-16,3.8599999999999994
600103.XSHG,2020-03-16,0.9100000000000001
603667.XSHG,2020-03-16,0.7900000000000009
603023.XSHG,2020-03-16,2.769999999999996
000800.XSHE,2020-03-16,1.3299999999999983
603929.XSHG,2020-03-16,1.1900000000000013
600817.XSHG,2020-03-16,2.059999999999995
603766.XSHG,2020-03-16,0.8200000000000003
002288.XSHE,2020-03-16,3.280000000000001
002715.XSHE,2020-03-16,1.2100000000000009
600148.XSHG,2020-03-16,1.7199999999999989
300590.XSHE,2020-03-16,11.169999999999987
000096.XSHE,2020-03-16,1.5500000000000007
603629.XSHG,2020-03-16,2.030000000000001
002531.XSHE,2020-03-16,3.0
601009.XSHG,2020-03-16,1.279999999999994
600726.XSHG,2020-03-16,0.15000000000000036
600116.XSHG,2020-03-16,2.6300000000000026
600689.XSHG,2020-03-16,1.0600000000000023
600693.XSHG,2020-03-16,3.3999999999999986
300751.XSHE,2020-03-16,17.97
002191.XSHE,2020-03-16,3.5900000000000034
603602.XSHG,2020-03-16,5.640000000000001
300622.XSHE,2020-03-16,1.4299999999999997
000682.XSHE,2020-03-16,7.820000000000007
300228.XSHE,2020-03-16,2.0700000000000003
600291.XSHG,2020-03-16,1.2300000000000004
002379.XSHE,2020-03-16,1.8500000000000014
600158.XSHG,2020-03-16,4.02000000000001
002237.XSHE,2020-03-16,6.509999999999991
002778.XSHE,2020-03-16,1.8299999999999983
603903.XSHG,2020-03-16,1.0599999999999987
688122.XSHG,2020-03-16,3.3200000000000003
002290.XSHE,2020-03-16,0.45000000000000107
300640.XSHE,2020-03-16,1.5
603808.XSHG,2020-03-16,1.3200000000000003
000403.XSHE,2020-03-16,8.340000000000003
002286.XSHE,2020-03-16,2.5599999999999987
600620.XSHG,2020-03-16,253.8399999999997
000520.XSHE,2020-03-16,1.6600000000000001
601126.XSHG,2020-03-16,1.679999999999998
603393.XSHG,2020-03-16,3.469999999999999
300554.XSHE,2020-03-16,2.0700000000000003
300630.XSHE,2020-03-16,10.609999999999985
603819.XSHG,2020-03-16,1.0100000000000016
002930.XSHE,2020-03-16,3.1900000000000013
601928.XSHG,2020-03-16,0.29000000000000004
002530.XSHE,2020-03-16,5.43
603266.XSHG,2020-03-16,1.740000000000002
603518.XSHG,2020-03-16,0.8200000000000003
300557.XSHE,2020-03-16,3.0400000000000027
300777.XSHE,2020-03-16,4.770000000000003
300581.XSHE,2020-03-16,7.240000000000002
600831.XSHG,2020-03-16,6.259999999999998
002388.XSHE,2020-03-16,2.460000000000001
600710.XSHG,2020-03-16,2.1099999999999994
300378.XSHE,2020-03-16,3.75
600834.XSHG,2020-03-16,1.3400000000000034
002448.XSHE,2020-03-16,1.1099999999999994
688039.XSHG,2020-03-16,8.61
002685.XSHE,2020-03-16,1.3500000000000014
600433.XSHG,2020-03-16,1.5899999999999999
600410.XSHG,2020-03-16,16.47
603019.XSHG,2020-03-16,8.969999999999999
603858.XSHG,2020-03-16,2.1499999999999986
600551.XSHG,2020-03-16,1.25
300672.XSHE,2020-03-16,8.409999999999997
002292.XSHE,2020-03-16,4.43
300241.XSHE,2020-03-16,2.8800000000000026
603042.XSHG,2020-03-16,5.440000000000001
000039.XSHE,2020-03-16,10.319999999999993
002827.XSHE,2020-03-16,1.0599999999999987
002902.XSHE,2020-03-16,3.299999999999997
600133.XSHG,2020-03-16,1.4099999999999966
600171.XSHG,2020-03-16,3.8599999999999994
600486.XSHG,2020-03-16,13.180000000000007
601519.XSHG,2020-03-16,2.0299999999999976
002242.XSHE,2020-03-16,9.679999999999993
002231.XSHE,2020-03-16,2.3900000000000006
300308.XSHE,2020-03-16,27.880000000000024
688299.XSHG,2020-03-16,1.8699999999999974
600409.XSHG,2020-03-16,2.5500000000000043
600475.XSHG,2020-03-16,1.7600000000000016
300407.XSHE,2020-03-16,4.57
600105.XSHG,2020-03-16,5.729999999999997
600008.XSHG,2020-03-16,1.1500000000000021
603882.XSHG,2020-03-16,5.229999999999997
603988.XSHG,2020-03-16,1.4600000000000009
300500.XSHE,2020-03-16,2.299999999999997
603031.XSHG,2020-03-16,5.339999999999996
600859.XSHG,2020-03-16,1.4899999999999949
603989.XSHG,2020-03-16,4.789999999999999
600828.XSHG,2020-03-16,2.039999999999999
002402.XSHE,2020-03-16,20.95999999999998
600019.XSHG,2020-03-16,0.47000000000000064
600748.XSHG,2020-03-16,0.0
600593.XSHG,2020-03-16,1.9399999999999977
000975.XSHE,2020-03-16,5.839999999999989
000514.XSHE,2020-03-16,1.8399999999999999
000802.XSHE,2020-03-16,2.6099999999999994
600390.XSHG,2020-03-16,3.3200000000000003
002532.XSHE,2020-03-16,2.6699999999999946
600226.XSHG,2020-03-16,5.75
002423.XSHE,2020-03-16,0.47999999999999865
002345.XSHE,2020-03-16,1.0500000000000007
002563.XSHE,2020-03-16,3.0
600596.XSHG,2020-03-16,3.719999999999999
002773.XSHE,2020-03-16,4.109999999999999
000009.XSHE,2020-03-16,6.8999999999999915
601818.XSHG,2020-03-16,0.17999999999999972
002734.XSHE,2020-03-16,1.769999999999996
300649.XSHE,2020-03-16,2.3599999999999994
002305.XSHE,2020-03-16,0.7000000000000011
300816.XSHE,2020-03-16,3.2900000000000063
002497.XSHE,2020-03-16,6.009999999999998
002103.XSHE,2020-03-16,1.0600000000000005
600313.XSHG,2020-03-16,1.9700000000000006
002027.XSHE,2020-03-16,4.3600000000000065
300224.XSHE,2020-03-16,3.5700000000000003
603256.XSHG,2020-03-16,1.0
603879.XSHG,2020-03-16,0.8299999999999983
688158.XSHG,2020-03-16,11.08999999999999
002833.XSHE,2020-03-16,3.530000000000001
002826.XSHE,2020-03-16,0.41000000000000014
601231.XSHG,2020-03-16,4.770000000000003
300434.XSHE,2020-03-16,1.5300000000000011
002445.XSHE,2020-03-16,0.22000000000000064
300606.XSHE,2020-03-16,3.830000000000002
603648.XSHG,2020-03-16,0.4599999999999991
002277.XSHE,2020-03-16,1.3900000000000006
300466.XSHE,2020-03-16,5.579999999999998
603101.XSHG,2020-03-16,0.6799999999999997
603816.XSHG,2020-03-16,5.869999999999997
002398.XSHE,2020-03-16,3.440000000000005
002176.XSHE,2020-03-16,2.3299999999999983
300602.XSHE,2020-03-16,17.920000000000016
300722.XSHE,2020-03-16,1.6999999999999993
000861.XSHE,2020-03-16,4.420000000000002
000410.XSHE,2020-03-16,0.7799999999999994
601515.XSHG,2020-03-16,1.5800000000000018
002418.XSHE,2020-03-16,1.6500000000000004
603131.XSHG,2020-03-16,6.480000000000004
000552.XSHE,2020-03-16,0.5299999999999994
603351.XSHG,2020-03-16,2.6899999999999977
603868.XSHG,2020-03-16,1.6499999999999986
603958.XSHG,2020-03-16,0.29000000000000004
603661.XSHG,2020-03-16,2.1200000000000045
002221.XSHE,2020-03-16,2.6499999999999986
603758.XSHG,2020-03-16,0.4400000000000004
002487.XSHE,2020-03-16,1.2900000000000027
002206.XSHE,2020-03-16,2.6200000000000045
600180.XSHG,2020-03-16,1.1799999999999997
603208.XSHG,2020-03-16,9.200000000000003
600146.XSHG,2020-03-16,2.2299999999999986
601601.XSHG,2020-03-16,1.9699999999999989
002559.XSHE,2020-03-16,2.8400000000000034
002336.XSHE,2020-03-16,0.23999999999999932
002453.XSHE,2020-03-16,1.5700000000000003
300030.XSHE,2020-03-16,3.8100000000000023
300008.XSHE,2020-03-16,2.6400000000000006
600072.XSHG,2020-03-16,2.8599999999999994
600378.XSHG,2020-03-16,6.469999999999999
603901.XSHG,2020-03-16,3.460000000000001
600522.XSHG,2020-03-16,8.170000000000002
300203.XSHE,2020-03-16,0.8399999999999999
300501.XSHE,2020-03-16,1.980000000000004
600048.XSHG,2020-03-16,17.409999999999968
000503.XSHE,2020-03-16,11.860000000000014
603139.XSHG,2020-03-16,1.1500000000000021
300627.XSHE,2020-03-16,4.919999999999995
600237.XSHG,2020-03-16,2.2699999999999996
300488.XSHE,2020-03-16,4.340000000000003
300708.XSHE,2020-03-16,1.7400000000000002
002096.XSHE,2020-03-16,1.379999999999999
002568.XSHE,2020-03-16,15.379999999999995
300706.XSHE,2020-03-16,5.090000000000003
002631.XSHE,2020-03-16,2.099999999999998
300303.XSHE,2020-03-16,10.370000000000005
600258.XSHG,2020-03-16,2.719999999999999
002657.XSHE,2020-03-16,4.660000000000004
000752.XSHE,2020-03-16,1.259999999999998
002227.XSHE,2020-03-16,2.6099999999999994
688037.XSHG,2020-03-16,12.969999999999985
600882.XSHG,2020-03-16,3.4099999999999966
300366.XSHE,2020-03-16,7.040000000000006
000936.XSHE,2020-03-16,5.579999999999998
002489.XSHE,2020-03-16,5.920000000000002
600353.XSHG,2020-03-16,4.18
600609.XSHG,2020-03-16,8.040000000000006
600976.XSHG,2020-03-16,2.4299999999999997
600023.XSHG,2020-03-16,0.09999999999999964
603098.XSHG,2020-03-16,0.6999999999999993
603716.XSHG,2020-03-16,2.6700000000000017
600136.XSHG,2020-03-16,2.580000000000002
688015.XSHG,2020-03-16,5.510000000000005
600737.XSHG,2020-03-16,6.400000000000006
601558.XSHG,2020-03-16,0.1899999999999995
002640.XSHE,2020-03-16,9.570000000000007
603896.XSHG,2020-03-16,1.7399999999999984
600029.XSHG,2020-03-16,0.5600000000000005
300451.XSHE,2020-03-16,19.82000000000002
601021.XSHG,2020-03-16,2.9200000000000017
600129.XSHG,2020-03-16,1.8599999999999994
300258.XSHE,2020-03-16,5.0
603128.XSHG,2020-03-16,0.6399999999999988
300787.XSHE,2020-03-16,5.599999999999994
300414.XSHE,2020-03-16,5.899999999999999
603169.XSHG,2020-03-16,0.5399999999999991
002195.XSHE,2020-03-16,5.049999999999997
300718.XSHE,2020-03-16,2.8999999999999986
300327.XSHE,2020-03-16,4.070000000000007
603669.XSHG,2020-03-16,1.5599999999999987
603871.XSHG,2020-03-16,3.259999999999998
600789.XSHG,2020-03-16,1.9500000000000028
603728.XSHG,2020-03-16,1.0399999999999991
600202.XSHG,2020-03-16,1.4299999999999997
600489.XSHG,2020-03-16,3.1799999999999926
300402.XSHE,2020-03-16,0.5
000030.XSHE,2020-03-16,1.1600000000000001
300250.XSHE,2020-03-16,7.8600000000000065
688066.XSHG,2020-03-16,4.560000000000002
300010.XSHE,2020-03-16,9.239999999999995
601857.XSHG,2020-03-16,0.13999999999999968
601577.XSHG,2020-03-16,0.2900000000000009
300472.XSHE,2020-03-16,1.9100000000000001
600062.XSHG,2020-03-16,4.150000000000006
300586.XSHE,2020-03-16,5.530000000000001
600198.XSHG,2020-03-16,2.6700000000000017
000701.XSHE,2020-03-16,0.6500000000000004
601628.XSHG,2020-03-16,0.7999999999999972
600575.XSHG,2020-03-16,1.5799999999999983
000809.XSHE,2020-03-16,0.0
600157.XSHG,2020-03-16,3.569999999999993
600360.XSHG,2020-03-16,12.300000000000011
000818.XSHE,2020-03-16,5.859999999999999
600830.XSHG,2020-03-16,2.25
600798.XSHG,2020-03-16,1.9199999999999982
000987.XSHE,2020-03-16,2.210000000000001
002368.XSHE,2020-03-16,14.180000000000007
300292.XSHE,2020-03-16,6.479999999999997
603863.XSHG,2020-03-16,1.7299999999999986
002523.XSHE,2020-03-16,0.9499999999999993
300171.XSHE,2020-03-16,3.700000000000003
600300.XSHG,2020-03-16,1.2200000000000024
600881.XSHG,2020-03-16,8.350000000000023
300025.XSHE,2020-03-16,4.700000000000003
600653.XSHG,2020-03-16,862.0500000000029
600521.XSHG,2020-03-16,24.149999999999977
603017.XSHG,2020-03-16,2.269999999999996
600933.XSHG,2020-03-16,1.459999999999999
002860.XSHE,2020-03-16,2.8599999999999994
600742.XSHG,2020-03-16,12.050000000000011
000753.XSHE,2020-03-16,1.4100000000000001
000831.XSHE,2020-03-16,2.539999999999999
002481.XSHE,2020-03-16,24.849999999999994
000810.XSHE,2020-03-16,6.339999999999996
002548.XSHE,2020-03-16,2.240000000000002
300225.XSHE,2020-03-16,3.3100000000000023
600728.XSHG,2020-03-16,10.620000000000005
002437.XSHE,2020-03-16,2.0600000000000023
600839.XSHG,2020-03-16,6.480000000000004
002233.XSHE,2020-03-16,1.6000000000000014
002618.XSHE,2020-03-16,2.3000000000000043
000893.XSHE,2020-03-16,0.7399999999999984
300091.XSHE,2020-03-16,3.519999999999996
002628.XSHE,2020-03-16,0.9899999999999984
300393.XSHE,2020-03-16,2.1400000000000006
601212.XSHG,2020-03-16,0.1299999999999999
603660.XSHG,2020-03-16,3.129999999999999
002462.XSHE,2020-03-16,0.8200000000000003
300003.XSHE,2020-03-16,11.519999999999982
000042.XSHE,2020-03-16,5.3300000000000125
688278.XSHG,2020-03-16,2.770000000000003
002765.XSHE,2020-03-16,0.7799999999999994
002770.XSHE,2020-03-16,0.5
000692.XSHE,2020-03-16,1.7600000000000051
300359.XSHE,2020-03-16,3.990000000000002
600039.XSHG,2020-03-16,1.0800000000000018
000615.XSHE,2020-03-16,3.3999999999999986
300462.XSHE,2020-03-16,5.219999999999999
688023.XSHG,2020-03-16,26.129999999999995
000931.XSHE,2020-03-16,1.5399999999999991
300148.XSHE,2020-03-16,1.4199999999999982
600833.XSHG,2020-03-16,4.489999999999995
002596.XSHE,2020-03-16,4.909999999999997
600365.XSHG,2020-03-16,0.5500000000000007
600097.XSHG,2020-03-16,0.6799999999999997
601229.XSHG,2020-03-16,0.6400000000000006
000598.XSHE,2020-03-16,5.22999999999999
002284.XSHE,2020-03-16,1.8799999999999955
600249.XSHG,2020-03-16,1.8599999999999994
600458.XSHG,2020-03-16,6.420000000000002
603258.XSHG,2020-03-16,2.460000000000001
002696.XSHE,2020-03-16,1.6700000000000017
603195.XSHG,2020-03-16,8.610000000000014
601599.XSHG,2020-03-16,1.0099999999999998
600860.XSHG,2020-03-16,0.6300000000000008
002216.XSHE,2020-03-16,10.099999999999994
603676.XSHG,2020-03-16,0.75
002664.XSHE,2020-03-16,2.8500000000000014
601919.XSHG,2020-03-16,0.20000000000000018
300337.XSHE,2020-03-16,1.3800000000000008
002464.XSHE,2020-03-16,2.0100000000000016
600681.XSHG,2020-03-16,1.9600000000000009
603218.XSHG,2020-03-16,1.9299999999999997
300686.XSHE,2020-03-16,4.769999999999996
600106.XSHG,2020-03-16,1.0599999999999987
300587.XSHE,2020-03-16,1.2699999999999996
603277.XSHG,2020-03-16,0.4900000000000002
300394.XSHE,2020-03-16,15.22999999999999
300691.XSHE,2020-03-16,3.3599999999999994
000732.XSHE,2020-03-16,1.75
002851.XSHE,2020-03-16,3.799999999999997
300518.XSHE,2020-03-16,1.2600000000000016
000590.XSHE,2020-03-16,3.969999999999999
000738.XSHE,2020-03-16,1.8999999999999986
300141.XSHE,2020-03-16,4.130000000000003
300159.XSHE,2020-03-16,7.540000000000006
002083.XSHE,2020-03-16,1.2699999999999996
600206.XSHG,2020-03-16,4.059999999999995
000731.XSHE,2020-03-16,2.1499999999999986
600303.XSHG,2020-03-16,1.5700000000000003
002526.XSHE,2020-03-16,1.0699999999999985
000058.XSHE,2020-03-16,2.039999999999999
002397.XSHE,2020-03-16,4.189999999999998
603920.XSHG,2020-03-16,2.7799999999999976
002365.XSHE,2020-03-16,2.8799999999999955
600807.XSHG,2020-03-16,1.3099999999999987
601500.XSHG,2020-03-16,0.33000000000000007
600485.XSHG,2020-03-16,0.22999999999999954
600722.XSHG,2020-03-16,1.120000000000001
000708.XSHE,2020-03-16,2.809999999999995
603067.XSHG,2020-03-16,0.3200000000000003
002931.XSHE,2020-03-16,1.2399999999999984
002810.XSHE,2020-03-16,2.690000000000005
002386.XSHE,2020-03-16,0.8000000000000007
000521.XSHE,2020-03-16,1.6000000000000014
600466.XSHG,2020-03-16,1.6899999999999977
000538.XSHE,2020-03-16,66.88000000000011
002471.XSHE,2020-03-16,2.629999999999999
688078.XSHG,2020-03-16,4.5
300658.XSHE,2020-03-16,0.0
603133.XSHG,2020-03-16,1.9699999999999989
600064.XSHG,2020-03-16,7.689999999999998
000922.XSHE,2020-03-16,1.3599999999999994
002866.XSHE,2020-03-16,2.530000000000001
000790.XSHE,2020-03-16,5.160000000000011
300406.XSHE,2020-03-16,5.400000000000006
600358.XSHG,2020-03-16,0.9199999999999999
600595.XSHG,2020-03-16,0.8899999999999988
002306.XSHE,2020-03-16,0.5
002153.XSHE,2020-03-16,45.60000000000002
300217.XSHE,2020-03-16,3.490000000000002
002249.XSHE,2020-03-16,3.5799999999999983
000021.XSHE,2020-03-16,28.909999999999968
603848.XSHG,2020-03-16,0.8100000000000005
300703.XSHE,2020-03-16,2.530000000000001
601116.XSHG,2020-03-16,0.8800000000000008
603612.XSHG,2020-03-16,1.740000000000002
300597.XSHE,2020-03-16,1.540000000000001
300200.XSHE,2020-03-16,2.379999999999999
600592.XSHG,2020-03-16,3.8599999999999994
002020.XSHE,2020-03-16,4.710000000000008
601718.XSHG,2020-03-16,0.27999999999999936
600790.XSHG,2020-03-16,1.2899999999999991
300157.XSHE,2020-03-16,1.3500000000000014
603078.XSHG,2020-03-16,5.1200000000000045
002118.XSHE,2020-03-16,3.8499999999999943
603020.XSHG,2020-03-16,0.8900000000000006
300763.XSHE,2020-03-16,8.019999999999996
600081.XSHG,2020-03-16,7.030000000000001
601003.XSHG,2020-03-16,0.8500000000000014
002863.XSHE,2020-03-16,0.46000000000000085
600751.XSHG,2020-03-16,1.9400000000000013
603797.XSHG,2020-03-16,0.6400000000000006
300058.XSHE,2020-03-16,12.699999999999989
600354.XSHG,2020-03-16,1.0099999999999998
002959.XSHE,2020-03-16,5.97999999999999
300070.XSHE,2020-03-16,17.30000000000001
603639.XSHG,2020-03-16,1.490000000000002
300668.XSHE,2020-03-16,2.5
002119.XSHE,2020-03-16,4.280000000000001
600501.XSHG,2020-03-16,2.8399999999999963
002433.XSHE,2020-03-16,0.9699999999999989
300283.XSHE,2020-03-16,2.59
600250.XSHG,2020-03-16,1.2800000000000011
600989.XSHG,2020-03-16,0.47000000000000064
300439.XSHE,2020-03-16,3.490000000000002
300747.XSHE,2020-03-16,15.469999999999999
000968.XSHE,2020-03-16,0.5400000000000009
000929.XSHE,2020-03-16,0.6500000000000004
300508.XSHE,2020-03-16,3.280000000000001
603922.XSHG,2020-03-16,0.40000000000000036
000998.XSHE,2020-03-16,15.859999999999985
600617.XSHG,2020-03-16,8.580000000000013
601113.XSHG,2020-03-16,0.20999999999999996
600865.XSHG,2020-03-16,0.980000000000004
603129.XSHG,2020-03-16,3.979999999999997
002483.XSHE,2020-03-16,2.389999999999997
603786.XSHG,2020-03-16,6.25
002873.XSHE,2020-03-16,0.0
600446.XSHG,2020-03-16,27.03000000000003
601177.XSHG,2020-03-16,0.3699999999999992
000062.XSHE,2020-03-16,5.659999999999997
600706.XSHG,2020-03-16,1.389999999999997
300081.XSHE,2020-03-16,6.490000000000002
600209.XSHG,2020-03-16,0.6699999999999999
002232.XSHE,2020-03-16,3.5599999999999987
002431.XSHE,2020-03-16,2.9499999999999993
600628.XSHG,2020-03-16,26.75
300189.XSHE,2020-03-16,2.2799999999999976
603161.XSHG,2020-03-16,0.5199999999999996
000625.XSHE,2020-03-16,9.86999999999999
300166.XSHE,2020-03-16,29.409999999999968
601888.XSHG,2020-03-16,10.400000000000006
300809.XSHE,2020-03-16,1.4499999999999993
603106.XSHG,2020-03-16,0.9700000000000006
600332.XSHG,2020-03-16,2.9099999999999966
300580.XSHE,2020-03-16,1.5399999999999991
600393.XSHG,2020-03-16,1.1799999999999997
601860.XSHG,2020-03-16,0.3799999999999999
300276.XSHE,2020-03-16,8.239999999999995
002475.XSHE,2020-03-16,106.69999999999993
600311.XSHG,2020-03-16,0.5899999999999999
300305.XSHE,2020-03-16,1.4499999999999957
002952.XSHE,2020-03-16,2.3999999999999986
300665.XSHE,2020-03-16,1.160000000000002
603269.XSHG,2020-03-16,0.5899999999999999
300511.XSHE,2020-03-16,1.7899999999999991
601567.XSHG,2020-03-16,2.9100000000000037
600697.XSHG,2020-03-16,1.6799999999999997
002296.XSHE,2020-03-16,6.479999999999997
600351.XSHG,2020-03-16,2.6400000000000006
002743.XSHE,2020-03-16,1.0299999999999994
002864.XSHE,2020-03-16,1.4299999999999997
600468.XSHG,2020-03-16,6.100000000000001
300789.XSHE,2020-03-16,3.6700000000000017
300818.XSHE,2020-03-16,2.0900000000000034
002666.XSHE,2020-03-16,1.8900000000000006
000031.XSHE,2020-03-16,5.3799999999999955
603013.XSHG,2020-03-16,0.7099999999999991
603909.XSHG,2020-03-16,0.8399999999999999
688029.XSHG,2020-03-16,15.309999999999974
300288.XSHE,2020-03-16,6.890000000000001
600723.XSHG,2020-03-16,0.5199999999999996
600875.XSHG,2020-03-16,2.09
688168.XSHG,2020-03-16,9.439999999999998
002207.XSHE,2020-03-16,0.47000000000000064
000066.XSHE,2020-03-16,13.679999999999978
601869.XSHG,2020-03-16,4.549999999999997
002278.XSHE,2020-03-16,0.9300000000000015
600584.XSHG,2020-03-16,11.929999999999993
600535.XSHG,2020-03-16,7.990000000000009
002623.XSHE,2020-03-16,4.759999999999998
002372.XSHE,2020-03-16,6.670000000000002
002346.XSHE,2020-03-16,2.8900000000000006
002620.XSHE,2020-03-16,1.2300000000000004
603590.XSHG,2020-03-16,2.5
300346.XSHE,2020-03-16,24.859999999999985
300100.XSHE,2020-03-16,1.2399999999999984
600965.XSHG,2020-03-16,0.9299999999999997
300313.XSHE,2020-03-16,0.8100000000000005
002366.XSHE,2020-03-16,0.9799999999999986
300455.XSHE,2020-03-16,6.93
000100.XSHE,2020-03-16,1.570000000000002
300204.XSHE,2020-03-16,6.8999999999999915
600770.XSHG,2020-03-16,5.8700000000000045
300009.XSHE,2020-03-16,11.669999999999987
600718.XSHG,2020-03-16,17.629999999999995
688188.XSHG,2020-03-16,10.27000000000001
002066.XSHE,2020-03-16,3.1099999999999994
002772.XSHE,2020-03-16,0.8000000000000007
603086.XSHG,2020-03-16,1.009999999999998
603926.XSHG,2020-03-16,1.0399999999999991
600284.XSHG,2020-03-16,0.9300000000000033
002668.XSHE,2020-03-16,1.5799999999999983
002031.XSHE,2020-03-16,1.9299999999999997
601011.XSHG,2020-03-16,0.5
600821.XSHG,2020-03-16,1.5700000000000003
002709.XSHE,2020-03-16,8.799999999999997
601666.XSHG,2020-03-16,0.6600000000000001
300260.XSHE,2020-03-16,1.4200000000000017
002089.XSHE,2020-03-16,5.460000000000001
600094.XSHG,2020-03-16,0.870000000000001
601633.XSHG,2020-03-16,2.859999999999996
002181.XSHE,2020-03-16,0.8600000000000012
002324.XSHE,2020-03-16,6.290000000000006
000869.XSHE,2020-03-16,3.1400000000000006
603313.XSHG,2020-03-16,3.4499999999999993
300106.XSHE,2020-03-16,0.6099999999999994
300084.XSHE,2020-03-16,1.0700000000000003
002551.XSHE,2020-03-16,11.629999999999995
300711.XSHE,2020-03-16,2.479999999999997
300374.XSHE,2020-03-16,1.0300000000000011
600555.XSHG,2020-03-16,0.0
000677.XSHE,2020-03-16,3.6700000000000017
300656.XSHE,2020-03-16,3.1700000000000017
002007.XSHE,2020-03-16,80.0
002190.XSHE,2020-03-16,3.3900000000000006
300448.XSHE,2020-03-16,8.379999999999995
002835.XSHE,2020-03-16,1.9199999999999982
603306.XSHG,2020-03-16,2.5
603712.XSHG,2020-03-16,2.5700000000000003
601163.XSHG,2020-03-16,0.7900000000000009
300783.XSHE,2020-03-16,3.229999999999997
000878.XSHE,2020-03-16,1.5799999999999983
603566.XSHG,2020-03-16,3.950000000000003
002285.XSHE,2020-03-16,2.1899999999999977
600297.XSHG,2020-03-16,3.2799999999999976
300223.XSHE,2020-03-16,29.47999999999996
002870.XSHE,2020-03-16,1.6099999999999994
000023.XSHE,2020-03-16,4.089999999999996
601717.XSHG,2020-03-16,0.6500000000000004
300110.XSHE,2020-03-16,1.1300000000000026
601901.XSHG,2020-03-16,0.5100000000000007
300642.XSHE,2020-03-16,6.349999999999994
600160.XSHG,2020-03-16,5.480000000000004
601311.XSHG,2020-03-16,1.379999999999999
300062.XSHE,2020-03-16,6.989999999999998
000554.XSHE,2020-03-16,1.9699999999999989
601990.XSHG,2020-03-16,2.0
600371.XSHG,2020-03-16,2.269999999999996
002144.XSHE,2020-03-16,0.5999999999999996
603001.XSHG,2020-03-16,0.2400000000000002
002244.XSHE,2020-03-16,1.6700000000000017
603225.XSHG,2020-03-16,1.1799999999999997
002670.XSHE,2020-03-16,1.9400000000000013
300208.XSHE,2020-03-16,3.9099999999999966
300348.XSHE,2020-03-16,18.72
300323.XSHE,2020-03-16,2.3599999999999994
600179.XSHG,2020-03-16,0.41000000000000014
603367.XSHG,2020-03-16,1.0700000000000003
002325.XSHE,2020-03-16,1.6700000000000017
002540.XSHE,2020-03-16,2.8900000000000006
002344.XSHE,2020-03-16,0.620000000000001
603818.XSHG,2020-03-16,0.7300000000000004
601137.XSHG,2020-03-16,3.34
002858.XSHE,2020-03-16,1.9899999999999984
300314.XSHE,2020-03-16,3.3399999999999963
002363.XSHE,2020-03-16,3.6900000000000013
000567.XSHE,2020-03-16,3.490000000000002
600528.XSHG,2020-03-16,2.5700000000000003
300700.XSHE,2020-03-16,1.7399999999999984
000060.XSHE,2020-03-16,5.939999999999998
300133.XSHE,2020-03-16,16.980000000000018
300280.XSHE,2020-03-16,3.080000000000002
600846.XSHG,2020-03-16,11.069999999999993
600529.XSHG,2020-03-16,29.269999999999982
600651.XSHG,2020-03-16,1518.2799999999988
600320.XSHG,2020-03-16,1.8700000000000045
600312.XSHG,2020-03-16,5.109999999999999
601518.XSHG,2020-03-16,0.1499999999999999
002518.XSHE,2020-03-16,8.900000000000006
002609.XSHE,2020-03-16,7.0
002126.XSHE,2020-03-16,5.770000000000003
300173.XSHE,2020-03-16,3.3599999999999994
601619.XSHG,2020-03-16,0.20999999999999996
300016.XSHE,2020-03-16,5.680000000000007
600829.XSHG,2020-03-16,3.6500000000000057
600195.XSHG,2020-03-16,4.600000000000001
002488.XSHE,2020-03-16,3.9499999999999957
002280.XSHE,2020-03-16,2.8300000000000054
002682.XSHE,2020-03-16,0.7100000000000009
002073.XSHE,2020-03-16,4.980000000000004
603288.XSHG,2020-03-16,14.75
300006.XSHE,2020-03-16,2.6599999999999966
002353.XSHE,2020-03-16,27.079999999999984
600511.XSHG,2020-03-16,6.670000000000016
300051.XSHE,2020-03-16,6.410000000000004
603228.XSHG,2020-03-16,3.979999999999997
600576.XSHG,2020-03-16,1.200000000000001
600259.XSHG,2020-03-16,1.4800000000000004
600887.XSHG,2020-03-16,99.15000000000009
002578.XSHE,2020-03-16,1.0799999999999983
300287.XSHE,2020-03-16,4.699999999999996
002555.XSHE,2020-03-16,29.189999999999998
300692.XSHE,2020-03-16,2.1799999999999997
603885.XSHG,2020-03-16,1.870000000000001
600459.XSHG,2020-03-16,4.510000000000005
600601.XSHG,2020-03-16,1002.6000000000022
300563.XSHE,2020-03-16,3.2099999999999973
002547.XSHE,2020-03-16,6.050000000000004
002971.XSHE,2020-03-16,1.5600000000000023
300064.XSHE,2020-03-16,0.9100000000000001
600455.XSHG,2020-03-16,2.460000000000001
600741.XSHG,2020-03-16,81.97000000000003
300239.XSHE,2020-03-16,3.609999999999996
600880.XSHG,2020-03-16,8.409999999999982
002026.XSHE,2020-03-16,1.1900000000000013
002049.XSHE,2020-03-16,21.05000000000001
688388.XSHG,2020-03-16,5.799999999999997
300799.XSHE,2020-03-16,5.900000000000006
002928.XSHE,2020-03-16,1.5799999999999983
603659.XSHG,2020-03-16,7.109999999999999
600649.XSHG,2020-03-16,12.210000000000008
603886.XSHG,2020-03-16,0.8399999999999999
600586.XSHG,2020-03-16,2.3399999999999963
300311.XSHE,2020-03-16,5.07
002341.XSHE,2020-03-16,3.9099999999999966
603699.XSHG,2020-03-16,1.6400000000000006
002209.XSHE,2020-03-16,0.5899999999999999
600011.XSHG,2020-03-16,0.5100000000000016
000930.XSHE,2020-03-16,2.0700000000000003
600536.XSHG,2020-03-16,35.31
600068.XSHG,2020-03-16,2.219999999999999
300637.XSHE,2020-03-16,1.7100000000000009
603390.XSHG,2020-03-16,0.9900000000000002
300152.XSHE,2020-03-16,1.4500000000000028
300678.XSHE,2020-03-16,5.899999999999999
300231.XSHE,2020-03-16,5.960000000000008
603656.XSHG,2020-03-16,2.1499999999999986
002145.XSHE,2020-03-16,0.6999999999999993
603085.XSHG,2020-03-16,1.3699999999999974
002456.XSHE,2020-03-16,34.5
603236.XSHG,2020-03-16,21.99000000000001
300403.XSHE,2020-03-16,1.5600000000000023
002239.XSHE,2020-03-16,4.0
603178.XSHG,2020-03-16,0.8499999999999996
002474.XSHE,2020-03-16,4.009999999999998
002782.XSHE,2020-03-16,1.5200000000000031
603986.XSHG,2020-03-16,77.25
300135.XSHE,2020-03-16,2.080000000000002
300720.XSHE,2020-03-16,1.370000000000001
600076.XSHG,2020-03-16,0.8099999999999987
000537.XSHE,2020-03-16,3.3500000000000014
603711.XSHG,2020-03-16,1.6699999999999982
600120.XSHG,2020-03-16,31.620000000000005
002187.XSHE,2020-03-16,0.5400000000000027
300126.XSHE,2020-03-16,1.6999999999999993
000881.XSHE,2020-03-16,3.270000000000003
002311.XSHE,2020-03-16,19.360000000000014
300653.XSHE,2020-03-16,6.950000000000003
000927.XSHE,2020-03-16,0.6899999999999995
601098.XSHG,2020-03-16,0.5999999999999996
002920.XSHE,2020-03-16,4.280000000000001
002258.XSHE,2020-03-16,4.280000000000001
600652.XSHG,2020-03-16,160.57999999999993
300187.XSHE,2020-03-16,3.1999999999999957
300781.XSHE,2020-03-16,2.2099999999999973
000669.XSHE,2020-03-16,0.7299999999999986
300480.XSHE,2020-03-16,3.1899999999999977
300748.XSHE,2020-03-16,1.9800000000000004
000919.XSHE,2020-03-16,1.2299999999999969
002629.XSHE,2020-03-16,0.9700000000000006
002726.XSHE,2020-03-16,2.280000000000001
600699.XSHG,2020-03-16,8.610000000000014
688116.XSHG,2020-03-16,6.719999999999999
300032.XSHE,2020-03-16,1.0200000000000031
002099.XSHE,2020-03-16,2.559999999999995
600500.XSHG,2020-03-16,3.6099999999999994
601118.XSHG,2020-03-16,0.5899999999999999
603317.XSHG,2020-03-16,2.1899999999999977
000620.XSHE,2020-03-16,0.5199999999999996
600970.XSHG,2020-03-16,3.8799999999999955
600285.XSHG,2020-03-16,4.560000000000002
600199.XSHG,2020-03-16,0.889999999999997
603700.XSHG,2020-03-16,2.9499999999999957
600247.XSHG,2020-03-16,1.0299999999999994
002092.XSHE,2020-03-16,0.9100000000000001
600963.XSHG,2020-03-16,1.299999999999999
603628.XSHG,2020-03-16,0.5600000000000005
000899.XSHE,2020-03-16,0.3999999999999986
603368.XSHG,2020-03-16,2.0900000000000034
300522.XSHE,2020-03-16,2.8299999999999983
300741.XSHE,2020-03-16,1.5400000000000027
002560.XSHE,2020-03-16,0.379999999999999
002674.XSHE,2020-03-16,0.41000000000000014
601985.XSHG,2020-03-16,0.14999999999999947
002731.XSHE,2020-03-16,0.5999999999999996
300264.XSHE,2020-03-16,2.0700000000000003
002510.XSHE,2020-03-16,2.3100000000000023
300635.XSHE,2020-03-16,2.610000000000003
603959.XSHG,2020-03-16,1.5099999999999998
603515.XSHG,2020-03-16,1.8099999999999987
300659.XSHE,2020-03-16,8.890000000000015
000815.XSHE,2020-03-16,2.740000000000002
000017.XSHE,2020-03-16,2.570000000000002
600877.XSHG,2020-03-16,2.3699999999999974
601226.XSHG,2020-03-16,0.3099999999999996
000795.XSHE,2020-03-16,1.7199999999999989
688357.XSHG,2020-03-16,2.769999999999996
600229.XSHG,2020-03-16,0.6300000000000008
002791.XSHE,2020-03-16,6.6000000000000085
600764.XSHG,2020-03-16,13.789999999999992
603617.XSHG,2020-03-16,0.9899999999999984
600282.XSHG,2020-03-16,0.5199999999999996
600743.XSHG,2020-03-16,2.730000000000004
300533.XSHE,2020-03-16,3.990000000000002
002256.XSHE,2020-03-16,3.6600000000000037
603719.XSHG,2020-03-16,6.749999999999993
603809.XSHG,2020-03-16,2.960000000000001
601668.XSHG,2020-03-16,0.4599999999999991
002282.XSHE,2020-03-16,0.8400000000000016
600527.XSHG,2020-03-16,3.4000000000000057
603099.XSHG,2020-03-16,0.4499999999999993
300423.XSHE,2020-03-16,3.9099999999999966
000638.XSHE,2020-03-16,2.9200000000000017
002766.XSHE,2020-03-16,0.8699999999999992
002895.XSHE,2020-03-16,0.8000000000000007
600190.XSHG,2020-03-16,0.4299999999999988
002513.XSHE,2020-03-16,1.2199999999999989
603320.XSHG,2020-03-16,1.0099999999999998
002057.XSHE,2020-03-16,2.719999999999999
603915.XSHG,2020-03-16,1.049999999999999
600444.XSHG,2020-03-16,1.1499999999999986
002519.XSHE,2020-03-16,4.600000000000001
300785.XSHE,2020-03-16,19.52000000000001
000913.XSHE,2020-03-16,1.5700000000000003
000612.XSHE,2020-03-16,1.8500000000000014
600662.XSHG,2020-03-16,12.21999999999997
600405.XSHG,2020-03-16,4.910000000000004
603222.XSHG,2020-03-16,3.5700000000000074
300437.XSHE,2020-03-16,1.9099999999999966
600207.XSHG,2020-03-16,0.4499999999999993
300138.XSHE,2020-03-16,2.5799999999999983
600779.XSHG,2020-03-16,15.199999999999989
600283.XSHG,2020-03-16,0.6099999999999994
002821.XSHE,2020-03-16,23.889999999999986
603586.XSHG,2020-03-16,1.1400000000000006
603005.XSHG,2020-03-16,10.209999999999994
300534.XSHE,2020-03-16,2.740000000000002
603598.XSHG,2020-03-16,2.4700000000000024
000788.XSHE,2020-03-16,1.2799999999999976
002811.XSHE,2020-03-16,1.0100000000000016
603336.XSHG,2020-03-16,1.2699999999999996
688001.XSHG,2020-03-16,4.700000000000003
002212.XSHE,2020-03-16,9.129999999999995
002757.XSHE,2020-03-16,3.960000000000001
300769.XSHE,2020-03-16,17.810000000000002
000408.XSHE,2020-03-16,2.0800000000000054
000509.XSHE,2020-03-16,1.4299999999999997
300517.XSHE,2020-03-16,1.0200000000000014
603022.XSHG,2020-03-16,3.0700000000000003
300176.XSHE,2020-03-16,2.5600000000000023
603339.XSHG,2020-03-16,0.6900000000000013
300165.XSHE,2020-03-16,2.2099999999999973
000416.XSHE,2020-03-16,4.809999999999995
000962.XSHE,2020-03-16,1.4899999999999984
600525.XSHG,2020-03-16,3.569999999999993
601688.XSHG,2020-03-16,1.259999999999998
600676.XSHG,2020-03-16,4.63000000000001
600721.XSHG,2020-03-16,0.5
300353.XSHE,2020-03-16,12.11
600505.XSHG,2020-03-16,2.3099999999999987
300761.XSHE,2020-03-16,3.799999999999997
002254.XSHE,2020-03-16,5.8700000000000045
300479.XSHE,2020-03-16,4.790000000000006
300069.XSHE,2020-03-16,3.009999999999998
600010.XSHG,2020-03-16,0.2599999999999998
688178.XSHG,2020-03-16,3.039999999999999
600335.XSHG,2020-03-16,1.8099999999999987
600687.XSHG,2020-03-16,0.5400000000000009
002259.XSHE,2020-03-16,0.7000000000000002
300552.XSHE,2020-03-16,9.600000000000009
600622.XSHG,2020-03-16,117.17000000000007
002019.XSHE,2020-03-16,22.330000000000013
603690.XSHG,2020-03-16,2.460000000000001
300362.XSHE,2020-03-16,0.3899999999999997
300299.XSHE,2020-03-16,4.940000000000005
002350.XSHE,2020-03-16,2.3900000000000006
002154.XSHE,2020-03-16,2.9200000000000017
002281.XSHE,2020-03-16,11.22999999999999
603618.XSHG,2020-03-16,2.219999999999999
601066.XSHG,2020-03-16,3.6899999999999977
601288.XSHG,2020-03-16,0.08999999999999986
603279.XSHG,2020-03-16,1.3200000000000003
002156.XSHE,2020-03-16,7.060000000000002
002482.XSHE,2020-03-16,2.1199999999999974
002917.XSHE,2020-03-16,1.5199999999999996
600322.XSHG,2020-03-16,0.47000000000000064
300677.XSHE,2020-03-16,10.86
600854.XSHG,2020-03-16,1.5300000000000011
300219.XSHE,2020-03-16,3.519999999999996
002334.XSHE,2020-03-16,5.960000000000008
601800.XSHG,2020-03-16,0.5899999999999999
601138.XSHG,2020-03-16,1.58
300386.XSHE,2020-03-16,5.909999999999997
601615.XSHG,2020-03-16,0.9399999999999995
002884.XSHE,2020-03-16,2.9099999999999966
300317.XSHE,2020-03-16,0.6900000000000013
002580.XSHE,2020-03-16,2.6899999999999977
300638.XSHE,2020-03-16,12.210000000000008
002819.XSHE,2020-03-16,3.419999999999998
300012.XSHE,2020-03-16,25.55000000000001
601949.XSHG,2020-03-16,0.28000000000000025
002310.XSHE,2020-03-16,19.090000000000032
002008.XSHE,2020-03-16,43.710000000000036
002188.XSHE,2020-03-16,0.75
002287.XSHE,2020-03-16,2.0400000000000027
600167.XSHG,2020-03-16,3.5799999999999983
000584.XSHE,2020-03-16,2.4800000000000004
002343.XSHE,2020-03-16,2.3099999999999987
000338.XSHE,2020-03-16,18.460000000000008
603861.XSHG,2020-03-16,0.7699999999999996
300094.XSHE,2020-03-16,0.9900000000000002
300332.XSHE,2020-03-16,0.8800000000000008
603200.XSHG,2020-03-16,5.710000000000001
002226.XSHE,2020-03-16,2.3399999999999963
300795.XSHE,2020-03-16,1.3599999999999994
002087.XSHE,2020-03-16,1.049999999999999
002830.XSHE,2020-03-16,1.75
601997.XSHG,2020-03-16,0.4399999999999995
002098.XSHE,2020-03-16,1.700000000000001
603985.XSHG,2020-03-16,1.7300000000000004
600814.XSHG,2020-03-16,0.9100000000000001
300123.XSHE,2020-03-16,10.290000000000006
600051.XSHG,2020-03-16,1.2699999999999996
601007.XSHG,2020-03-16,0.4499999999999993
603506.XSHG,2020-03-16,2.25
300485.XSHE,2020-03-16,4.539999999999999
000971.XSHE,2020-03-16,0.6399999999999997
300492.XSHE,2020-03-16,3.4000000000000057
300705.XSHE,2020-03-16,1.4899999999999984
603185.XSHG,2020-03-16,7.590000000000003
600695.XSHG,2020-03-16,2.1499999999999986
688366.XSHG,2020-03-16,4.680000000000007
300205.XSHE,2020-03-16,7.890000000000001
001914.XSHE,2020-03-16,20.939999999999998
601186.XSHG,2020-03-16,0.7699999999999996
002938.XSHE,2020-03-16,3.6099999999999994
300207.XSHE,2020-03-16,14.310000000000002
300730.XSHE,2020-03-16,2.629999999999999
002247.XSHE,2020-03-16,0.7799999999999994
000501.XSHE,2020-03-16,6.060000000000002
000691.XSHE,2020-03-16,0.8999999999999986
600719.XSHG,2020-03-16,0.9800000000000004
002812.XSHE,2020-03-16,17.370000000000005
600635.XSHG,2020-03-16,34.64999999999998
000428.XSHE,2020-03-16,7.380000000000003
300732.XSHE,2020-03-16,3.230000000000004
002090.XSHE,2020-03-16,4.800000000000004
002725.XSHE,2020-03-16,2.629999999999999
603927.XSHG,2020-03-16,4.609999999999992
000014.XSHE,2020-03-16,3.8400000000000034
002419.XSHE,2020-03-16,1.6499999999999986
002621.XSHE,2020-03-16,5.100000000000001
002714.XSHE,2020-03-16,102.17999999999995
300136.XSHE,2020-03-16,55.019999999999925
300333.XSHE,2020-03-16,4.18
002047.XSHE,2020-03-16,0.8800000000000008
603033.XSHG,2020-03-16,3.009999999999998
600392.XSHG,2020-03-16,4.049999999999997
600663.XSHG,2020-03-16,6.449999999999989
002933.XSHE,2020-03-16,2.3200000000000003
300001.XSHE,2020-03-16,17.150000000000006
603214.XSHG,2020-03-16,1.7899999999999991
601698.XSHG,2020-03-16,2.0700000000000003
600724.XSHG,2020-03-16,4.079999999999998
600968.XSHG,2020-03-16,0.08000000000000007
300745.XSHE,2020-03-16,2.330000000000002
300290.XSHE,2020-03-16,3.289999999999999
300538.XSHE,2020-03-16,3.990000000000002
601808.XSHG,2020-03-16,1.0099999999999998
002869.XSHE,2020-03-16,9.27000000000001
600746.XSHG,2020-03-16,2.5700000000000003
002602.XSHE,2020-03-16,8.530000000000001
603305.XSHG,2020-03-16,3.980000000000004
603077.XSHG,2020-03-16,1.25
601086.XSHG,2020-03-16,0.2999999999999998
002158.XSHE,2020-03-16,7.240000000000002
002339.XSHE,2020-03-16,3.710000000000001
000166.XSHE,2020-03-16,0.3100000000000005
300550.XSHE,2020-03-16,6.210000000000001
002585.XSHE,2020-03-16,1.4299999999999997
002224.XSHE,2020-03-16,3.4000000000000057
002553.XSHE,2020-03-16,1.4499999999999993
601319.XSHG,2020-03-16,0.2999999999999998
002788.XSHE,2020-03-16,0.8399999999999999
600246.XSHG,2020-03-16,7.179999999999993
300675.XSHE,2020-03-16,0.9399999999999995
603160.XSHG,2020-03-16,28.27000000000001
600078.XSHG,2020-03-16,2.59
600461.XSHG,2020-03-16,2.0
002745.XSHE,2020-03-16,1.9100000000000001
600982.XSHG,2020-03-16,0.4800000000000004
603999.XSHG,2020-03-16,0.8499999999999996
601005.XSHG,2020-03-16,0.07000000000000006
000548.XSHE,2020-03-16,0.5500000000000007
300107.XSHE,2020-03-16,4.100000000000001
000551.XSHE,2020-03-16,5.329999999999998
603081.XSHG,2020-03-16,0.8800000000000008
688033.XSHG,2020-03-16,3.8200000000000003
300615.XSHE,2020-03-16,4.839999999999996
603533.XSHG,2020-03-16,1.870000000000001
002905.XSHE,2020-03-16,2.0199999999999996
000544.XSHE,2020-03-16,1.0100000000000016
300497.XSHE,2020-03-16,5.450000000000003
002171.XSHE,2020-03-16,5.509999999999998
000008.XSHE,2020-03-16,7.230000000000004
002223.XSHE,2020-03-16,17.05000000000001
002561.XSHE,2020-03-16,0.3100000000000005
300040.XSHE,2020-03-16,3.75
603396.XSHG,2020-03-16,3.360000000000003
002892.XSHE,2020-03-16,3.25
600478.XSHG,2020-03-16,3.479999999999997
300078.XSHE,2020-03-16,18.350000000000023
601838.XSHG,2020-03-16,0.3000000000000007
603088.XSHG,2020-03-16,0.9800000000000004
603579.XSHG,2020-03-16,4.420000000000002
300052.XSHE,2020-03-16,3.009999999999998
600127.XSHG,2020-03-16,1.259999999999998
000655.XSHE,2020-03-16,1.5800000000000018
002962.XSHE,2020-03-16,2.539999999999999
300055.XSHE,2020-03-16,4.480000000000004
300457.XSHE,2020-03-16,30.69999999999999
300354.XSHE,2020-03-16,2.8799999999999955
600589.XSHG,2020-03-16,2.3100000000000023
600035.XSHG,2020-03-16,0.8100000000000005
600889.XSHG,2020-03-16,1.1600000000000001
600685.XSHG,2020-03-16,1.4200000000000017
300020.XSHE,2020-03-16,6.069999999999993
600645.XSHG,2020-03-16,48.079999999999984
000020.XSHE,2020-03-16,1.1600000000000001
300438.XSHE,2020-03-16,7.610000000000014
000592.XSHE,2020-03-16,2.099999999999998
603588.XSHG,2020-03-16,4.329999999999998
002544.XSHE,2020-03-16,13.379999999999995
300803.XSHE,2020-03-16,6.600000000000001
600278.XSHG,2020-03-16,1.2999999999999972
603063.XSHG,2020-03-16,0.8000000000000007
000059.XSHE,2020-03-16,0.870000000000001
002252.XSHE,2020-03-16,14.48999999999998
000789.XSHE,2020-03-16,3.4100000000000037
002327.XSHE,2020-03-16,2.549999999999997
601390.XSHG,2020-03-16,0.2699999999999996
601828.XSHG,2020-03-16,0.5099999999999998
603039.XSHG,2020-03-16,15.569999999999993
688098.XSHG,2020-03-16,1.2000000000000028
002889.XSHE,2020-03-16,2.25
002694.XSHE,2020-03-16,0.9100000000000001
688128.XSHG,2020-03-16,1.1600000000000001
002303.XSHE,2020-03-16,3.210000000000001
603319.XSHG,2020-03-16,1.6300000000000026
002774.XSHE,2020-03-16,0.29000000000000004
300523.XSHE,2020-03-16,18.919999999999987
002645.XSHE,2020-03-16,4.039999999999999
603355.XSHG,2020-03-16,1.5300000000000011
002880.XSHE,2020-03-16,3.0500000000000043
300376.XSHE,2020-03-16,13.320000000000007
603332.XSHG,2020-03-16,1.2300000000000004
600644.XSHG,2020-03-16,2.3200000000000003
300351.XSHE,2020-03-16,3.730000000000004
002150.XSHE,2020-03-16,1.6700000000000017
002183.XSHE,2020-03-16,4.769999999999996
600896.XSHG,2020-03-16,4.25
000678.XSHE,2020-03-16,1.5199999999999996
600131.XSHG,2020-03-16,6.920000000000002
300240.XSHE,2020-03-16,1.1400000000000006
001965.XSHE,2020-03-16,0.27000000000000046
600703.XSHG,2020-03-16,47.98000000000002
002965.XSHE,2020-03-16,2.539999999999999
000609.XSHE,2020-03-16,2.490000000000002
600850.XSHG,2020-03-16,13.650000000000006
603318.XSHG,2020-03-16,2.0199999999999996
603687.XSHG,2020-03-16,1.9000000000000004
603706.XSHG,2020-03-16,0.75
600487.XSHG,2020-03-16,20.639999999999986
002205.XSHE,2020-03-16,1.1799999999999997
002636.XSHE,2020-03-16,1.7900000000000027
300589.XSHE,2020-03-16,1.6900000000000013
600193.XSHG,2020-03-16,0.8099999999999987
002659.XSHE,2020-03-16,0.9400000000000013
300477.XSHE,2020-03-16,3.539999999999999
000049.XSHE,2020-03-16,21.090000000000003
002229.XSHE,2020-03-16,2.5
002393.XSHE,2020-03-16,1.3199999999999967
002503.XSHE,2020-03-16,12.939999999999998
000419.XSHE,2020-03-16,1.9699999999999989
000863.XSHE,2020-03-16,1.2899999999999991
600686.XSHG,2020-03-16,5.450000000000003
603223.XSHG,2020-03-16,1.759999999999998
300489.XSHE,2020-03-16,5.119999999999997
300689.XSHE,2020-03-16,3.6299999999999955
300175.XSHE,2020-03-16,2.1899999999999977
600007.XSHG,2020-03-16,0.9099999999999966
000155.XSHE,2020-03-16,0.34999999999999964
002634.XSHE,2020-03-16,1.759999999999998
300221.XSHE,2020-03-16,2.6999999999999993
300075.XSHE,2020-03-16,8.710000000000008
603887.XSHG,2020-03-16,5.390000000000001
300340.XSHE,2020-03-16,5.390000000000001
603995.XSHG,2020-03-16,0.879999999999999
600099.XSHG,2020-03-16,1.4200000000000017
603803.XSHG,2020-03-16,1.709999999999999
600999.XSHG,2020-03-16,1.6099999999999994
603967.XSHG,2020-03-16,0.8300000000000001
600895.XSHG,2020-03-16,15.249999999999972
600784.XSHG,2020-03-16,2.1499999999999986
600712.XSHG,2020-03-16,3.8200000000000003
002937.XSHE,2020-03-16,2.7900000000000027
300097.XSHE,2020-03-16,4.420000000000002
002011.XSHE,2020-03-16,1.9200000000000017
600611.XSHG,2020-03-16,141.48000000000002
603335.XSHG,2020-03-16,0.4399999999999995
000856.XSHE,2020-03-16,1.7099999999999973
300648.XSHE,2020-03-16,1.9499999999999957
601811.XSHG,2020-03-16,0.8099999999999987
300447.XSHE,2020-03-16,4.109999999999999
000686.XSHE,2020-03-16,10.0
300566.XSHE,2020-03-16,4.719999999999999
600857.XSHG,2020-03-16,3.1599999999999966
603519.XSHG,2020-03-16,2.6400000000000006
600696.XSHG,2020-03-16,2.539999999999999
002186.XSHE,2020-03-16,1.370000000000001
300573.XSHE,2020-03-16,9.689999999999998
600600.XSHG,2020-03-16,5.540000000000006
002939.XSHE,2020-03-16,1.2899999999999991
000949.XSHE,2020-03-16,1.2300000000000004
000012.XSHE,2020-03-16,13.350000000000023
000901.XSHE,2020-03-16,6.759999999999998
002266.XSHE,2020-03-16,1.6400000000000006
300798.XSHE,2020-03-16,1.0899999999999999
000413.XSHE,2020-03-16,1.5599999999999987
002434.XSHE,2020-03-16,4.740000000000002
600570.XSHG,2020-03-16,140.37999999999988
601077.XSHG,2020-03-16,0.15999999999999925
603968.XSHG,2020-03-16,1.2699999999999996
002472.XSHE,2020-03-16,1.4299999999999997
002701.XSHE,2020-03-16,1.6899999999999977
300484.XSHE,2020-03-16,4.380000000000003
300383.XSHE,2020-03-16,64.18000000000006
300023.XSHE,2020-03-16,2.7099999999999973
603686.XSHG,2020-03-16,3.1599999999999966
300739.XSHE,2020-03-16,4.3700000000000045
600552.XSHG,2020-03-16,3.3800000000000026
600730.XSHG,2020-03-16,1.6000000000000014
600624.XSHG,2020-03-16,14.640000000000015
300449.XSHE,2020-03-16,2.3599999999999994
002677.XSHE,2020-03-16,3.6499999999999986
601179.XSHG,2020-03-16,0.39999999999999947
603089.XSHG,2020-03-16,1.1799999999999997
603577.XSHG,2020-03-16,2.240000000000002
603662.XSHG,2020-03-16,3.210000000000001
300122.XSHE,2020-03-16,20.01000000000002
002023.XSHE,2020-03-16,19.22999999999999
600512.XSHG,2020-03-16,1.6400000000000006
300458.XSHE,2020-03-16,4.969999999999999
002699.XSHE,2020-03-16,3.8200000000000003
300092.XSHE,2020-03-16,1.25
300716.XSHE,2020-03-16,1.0
300419.XSHE,2020-03-16,2.1499999999999986
002376.XSHE,2020-03-16,3.240000000000002
002048.XSHE,2020-03-16,15.219999999999999
300603.XSHE,2020-03-16,7.480000000000004
000587.XSHE,2020-03-16,1.3299999999999983
600517.XSHG,2020-03-16,15.159999999999997
603359.XSHG,2020-03-16,2.4499999999999993
000903.XSHE,2020-03-16,3.6799999999999997
300411.XSHE,2020-03-16,2.8999999999999986
603198.XSHG,2020-03-16,1.1600000000000001
002841.XSHE,2020-03-16,7.449999999999989
300555.XSHE,2020-03-16,2.969999999999999
300057.XSHE,2020-03-16,1.3099999999999987
603000.XSHG,2020-03-16,6.0
300486.XSHE,2020-03-16,2.0699999999999967
002263.XSHE,2020-03-16,0.4499999999999993
600758.XSHG,2020-03-16,0.5299999999999994
002147.XSHE,2020-03-16,0.20999999999999996
000002.XSHE,2020-03-16,161.39000000000033
601608.XSHG,2020-03-16,0.4399999999999995
600428.XSHG,2020-03-16,1.3299999999999983
002435.XSHE,2020-03-16,1.7800000000000011
300535.XSHE,2020-03-16,1.1799999999999997
600139.XSHG,2020-03-16,1.5199999999999996
300230.XSHE,2020-03-16,3.510000000000005
002006.XSHE,2020-03-16,2.8599999999999994
601677.XSHG,2020-03-16,0.4800000000000004
000619.XSHE,2020-03-16,2.3800000000000026
600452.XSHG,2020-03-16,3.8100000000000023
600369.XSHG,2020-03-16,1.7300000000000004
600548.XSHG,2020-03-16,0.7399999999999984
603260.XSHG,2020-03-16,2.5500000000000043
002817.XSHE,2020-03-16,1.2900000000000027
002698.XSHE,2020-03-16,1.8399999999999999
603379.XSHG,2020-03-16,1.8200000000000003
600763.XSHG,2020-03-16,19.170000000000016
600251.XSHG,2020-03-16,2.9100000000000037
603328.XSHG,2020-03-16,2.8200000000000003
688101.XSHG,2020-03-16,1.1999999999999993
603817.XSHG,2020-03-16,0.3700000000000001
300213.XSHE,2020-03-16,5.359999999999999
002660.XSHE,2020-03-16,3.0199999999999996
002165.XSHE,2020-03-16,2.9200000000000017
601108.XSHG,2020-03-16,1.08
688396.XSHG,2020-03-16,3.3900000000000006
002373.XSHE,2020-03-16,9.83999999999999
300750.XSHE,2020-03-16,10.009999999999991
000032.XSHE,2020-03-16,7.549999999999997
603477.XSHG,2020-03-16,1.120000000000001
300400.XSHE,2020-03-16,2.469999999999999
002395.XSHE,2020-03-16,4.130000000000003
002417.XSHE,2020-03-16,1.6799999999999997
002803.XSHE,2020-03-16,6.520000000000003
600674.XSHG,2020-03-16,3.079999999999984
600018.XSHG,2020-03-16,0.2599999999999998
002837.XSHE,2020-03-16,10.939999999999998
600862.XSHG,2020-03-16,5.900000000000006
300035.XSHE,2020-03-16,5.68
600985.XSHG,2020-03-16,1.2800000000000011
601366.XSHG,2020-03-16,0.33999999999999986
600075.XSHG,2020-03-16,3.059999999999995
002749.XSHE,2020-03-16,2.289999999999999
600847.XSHG,2020-03-16,1.0100000000000016
601020.XSHG,2020-03-16,0.5700000000000003
300647.XSHE,2020-03-16,2.6900000000000013
002113.XSHE,2020-03-16,0.9800000000000004
300197.XSHE,2020-03-16,11.719999999999999
002017.XSHE,2020-03-16,8.290000000000006
603337.XSHG,2020-03-16,2.990000000000002
603657.XSHG,2020-03-16,1.3100000000000023
300261.XSHE,2020-03-16,1.3699999999999974
600818.XSHG,2020-03-16,0.9100000000000001
300316.XSHE,2020-03-16,20.04000000000002
600855.XSHG,2020-03-16,1.3399999999999999
002825.XSHE,2020-03-16,0.7800000000000011
600359.XSHG,2020-03-16,0.5499999999999989
688100.XSHG,2020-03-16,2.530000000000001
603601.XSHG,2020-03-16,20.129999999999995
002013.XSHE,2020-03-16,13.379999999999995
603283.XSHG,2020-03-16,5.07
002943.XSHE,2020-03-16,2.4200000000000017
603233.XSHG,2020-03-16,4.510000000000005
603822.XSHG,2020-03-16,0.8100000000000023
603606.XSHG,2020-03-16,6.029999999999994
300380.XSHE,2020-03-16,3.8999999999999986
603032.XSHG,2020-03-16,1.259999999999998
002665.XSHE,2020-03-16,4.130000000000003
603053.XSHG,2020-03-16,0.7199999999999989
300066.XSHE,2020-03-16,7.829999999999998
688008.XSHG,2020-03-16,6.400000000000006
002015.XSHE,2020-03-16,3.479999999999997
000056.XSHE,2020-03-16,1.1799999999999997
300404.XSHE,2020-03-16,2.5799999999999983
002956.XSHE,2020-03-16,2.950000000000003
603308.XSHG,2020-03-16,1.870000000000001
002211.XSHE,2020-03-16,0.5399999999999991
600888.XSHG,2020-03-16,3.289999999999999
000700.XSHE,2020-03-16,20.029999999999973
002649.XSHE,2020-03-16,4.259999999999998
601816.XSHG,2020-03-16,0.3299999999999992
000607.XSHE,2020-03-16,1.0199999999999978
002612.XSHE,2020-03-16,2.6099999999999994
000553.XSHE,2020-03-16,3.039999999999999
002225.XSHE,2020-03-16,0.34999999999999964
002896.XSHE,2020-03-16,1.8399999999999999
600138.XSHG,2020-03-16,2.3900000000000006
300610.XSHE,2020-03-16,0.9899999999999984
000581.XSHE,2020-03-16,4.240000000000009
300546.XSHE,2020-03-16,5.390000000000001
002063.XSHE,2020-03-16,11.14
300644.XSHE,2020-03-16,2.6799999999999997
300802.XSHE,2020-03-16,2.969999999999999
600808.XSHG,2020-03-16,0.3199999999999994
688369.XSHG,2020-03-16,7.269999999999996
002783.XSHE,2020-03-16,3.4299999999999997
002948.XSHE,2020-03-16,0.23000000000000043
600761.XSHG,2020-03-16,7.360000000000014
002405.XSHE,2020-03-16,7.359999999999999
002950.XSHE,2020-03-16,3.1300000000000026
300753.XSHE,2020-03-16,2.5700000000000003
000955.XSHE,2020-03-16,2.259999999999998
600606.XSHG,2020-03-16,24.809999999999945
601968.XSHG,2020-03-16,0.22999999999999954
000928.XSHE,2020-03-16,0.9499999999999993
002447.XSHE,2020-03-16,3.5
600870.XSHG,2020-03-16,1.3200000000000003
603596.XSHG,2020-03-16,2.8299999999999983
603322.XSHG,2020-03-16,4.859999999999999
600268.XSHG,2020-03-16,4.789999999999999
002839.XSHE,2020-03-16,0.5300000000000002
600429.XSHG,2020-03-16,0.20999999999999996
000900.XSHE,2020-03-16,1.990000000000002
600262.XSHG,2020-03-16,1.7700000000000031
600162.XSHG,2020-03-16,0.8999999999999986
600215.XSHG,2020-03-16,1.7600000000000016
600692.XSHG,2020-03-16,0.0
600477.XSHG,2020-03-16,10.300000000000011
603429.XSHG,2020-03-16,10.449999999999989
300464.XSHE,2020-03-16,2.440000000000005
603180.XSHG,2020-03-16,5.049999999999997
600104.XSHG,2020-03-16,15.060000000000002
002179.XSHE,2020-03-16,14.100000000000023
300193.XSHE,2020-03-16,1.3200000000000003
300746.XSHE,2020-03-16,0.8200000000000003
000860.XSHE,2020-03-16,8.870000000000005
000921.XSHE,2020-03-16,0.8900000000000006
600792.XSHG,2020-03-16,0.7399999999999984
600908.XSHG,2020-03-16,0.20999999999999996
002458.XSHE,2020-03-16,7.409999999999997
300684.XSHE,2020-03-16,11.099999999999994
300177.XSHE,2020-03-16,11.280000000000001
000557.XSHE,2020-03-16,1.2399999999999984
000978.XSHE,2020-03-16,1.0100000000000016
603997.XSHG,2020-03-16,0.9800000000000004
600108.XSHG,2020-03-16,3.59
688002.XSHG,2020-03-16,3.8100000000000023
002953.XSHE,2020-03-16,1.1900000000000013
300719.XSHE,2020-03-16,1.7799999999999994
300183.XSHE,2020-03-16,8.719999999999999
002862.XSHE,2020-03-16,1.5399999999999991
000157.XSHE,2020-03-16,32.65999999999997
002919.XSHE,2020-03-16,2.5100000000000016
600841.XSHG,2020-03-16,1.0199999999999996
300625.XSHE,2020-03-16,0.9400000000000013
002028.XSHE,2020-03-16,32.19
300150.XSHE,2020-03-16,2.0600000000000023
600182.XSHG,2020-03-16,0.7999999999999989
000801.XSHE,2020-03-16,4.920000000000002
601588.XSHG,2020-03-16,0.16999999999999993
600362.XSHG,2020-03-16,0.7200000000000024
000880.XSHE,2020-03-16,1.2300000000000004
300780.XSHE,2020-03-16,1.3000000000000007
000524.XSHE,2020-03-16,1.2099999999999973
300244.XSHE,2020-03-16,16.75999999999999
002549.XSHE,2020-03-16,4.019999999999996
002706.XSHE,2020-03-16,8.969999999999999
300636.XSHE,2020-03-16,2.5
600122.XSHG,2020-03-16,1.1799999999999997
300174.XSHE,2020-03-16,7.469999999999999
603799.XSHG,2020-03-16,8.099999999999994
002875.XSHE,2020-03-16,1.1099999999999994
600683.XSHG,2020-03-16,0.0
600056.XSHG,2020-03-16,8.800000000000011
600835.XSHG,2020-03-16,4.779999999999987
601375.XSHG,2020-03-16,0.5899999999999999
600647.XSHG,2020-03-16,23.680000000000007
603079.XSHG,2020-03-16,7.750000000000007
002468.XSHE,2020-03-16,1.6999999999999957
002727.XSHE,2020-03-16,2.4399999999999977
603859.XSHG,2020-03-16,3.4700000000000024
002627.XSHE,2020-03-16,1.8599999999999994
600664.XSHG,2020-03-16,2.1200000000000045
002573.XSHE,2020-03-16,2.6799999999999997
601952.XSHG,2020-03-16,1.200000000000001
600506.XSHG,2020-03-16,1.1600000000000001
002315.XSHE,2020-03-16,5.189999999999998
600958.XSHG,2020-03-16,0.75
000610.XSHE,2020-03-16,3.039999999999999
603912.XSHG,2020-03-16,3.5399999999999956
603990.XSHG,2020-03-16,6.670000000000002
300248.XSHE,2020-03-16,13.419999999999987
002641.XSHE,2020-03-16,2.740000000000002
000970.XSHE,2020-03-16,10.590000000000003
688025.XSHG,2020-03-16,2.6899999999999977
600318.XSHG,2020-03-16,2.6700000000000017
603398.XSHG,2020-03-16,2.2699999999999996
002149.XSHE,2020-03-16,1.7200000000000024
002537.XSHE,2020-03-16,4.269999999999996
300076.XSHE,2020-03-16,3.1600000000000037
002377.XSHE,2020-03-16,1.3399999999999999
600966.XSHG,2020-03-16,5.57
601333.XSHG,2020-03-16,0.1200000000000001
300621.XSHE,2020-03-16,0.639999999999997
600135.XSHG,2020-03-16,1.379999999999999
600059.XSHG,2020-03-16,4.099999999999994
601989.XSHG,2020-03-16,0.33000000000000007
300253.XSHE,2020-03-16,60.56000000000006
300169.XSHE,2020-03-16,1.1400000000000006
002739.XSHE,2020-03-16,4.409999999999997
603197.XSHG,2020-03-16,4.6200000000000045
603768.XSHG,2020-03-16,0.5500000000000007
002667.XSHE,2020-03-16,1.2399999999999984
000400.XSHE,2020-03-16,10.960000000000008
300338.XSHE,2020-03-16,1.7199999999999989
002911.XSHE,2020-03-16,0.7200000000000006
002881.XSHE,2020-03-16,4.799999999999997
002504.XSHE,2020-03-16,0.5800000000000001
002719.XSHE,2020-03-16,0.6999999999999993
300043.XSHE,2020-03-16,8.560000000000002
601168.XSHG,2020-03-16,0.2999999999999998
601211.XSHG,2020-03-16,1.0399999999999991
600714.XSHG,2020-03-16,0.7800000000000011
000099.XSHE,2020-03-16,1.2100000000000009
600585.XSHG,2020-03-16,17.090000000000003
002789.XSHE,2020-03-16,1.240000000000002
603619.XSHG,2020-03-16,0.6899999999999995
603558.XSHG,2020-03-16,2.770000000000003
002922.XSHE,2020-03-16,1.4499999999999993
300048.XSHE,2020-03-16,2.34
000791.XSHE,2020-03-16,0.5
600836.XSHG,2020-03-16,7.75
000915.XSHE,2020-03-16,9.340000000000003
002877.XSHE,2020-03-16,1.5899999999999999
002558.XSHE,2020-03-16,3.1099999999999994
603156.XSHG,2020-03-16,1.509999999999998
300515.XSHE,2020-03-16,1.6700000000000017
002567.XSHE,2020-03-16,3.3400000000000034
600767.XSHG,2020-03-16,0.6100000000000012
600028.XSHG,2020-03-16,0.5899999999999999
603080.XSHG,2020-03-16,0.7000000000000011
000069.XSHE,2020-03-16,13.479999999999961
600159.XSHG,2020-03-16,0.8300000000000001
603555.XSHG,2020-03-16,0.29000000000000004
603637.XSHG,2020-03-16,1.0800000000000018
002261.XSHE,2020-03-16,9.939999999999998
600356.XSHG,2020-03-16,0.75
601777.XSHG,2020-03-16,0.20999999999999996
600400.XSHG,2020-03-16,3.1499999999999986
600639.XSHG,2020-03-16,4.109999999999999
002469.XSHE,2020-03-16,2.1799999999999997
300594.XSHE,2020-03-16,2.3500000000000014
300702.XSHE,2020-03-16,6.25
002796.XSHE,2020-03-16,5.449999999999996
600327.XSHG,2020-03-16,3.519999999999996
600321.XSHG,2020-03-16,0.6999999999999975
002581.XSHE,2020-03-16,2.960000000000001
600757.XSHG,2020-03-16,1.5
002002.XSHE,2020-03-16,4.080000000000005
000153.XSHE,2020-03-16,1.759999999999998
300759.XSHE,2020-03-16,6.409999999999997
300328.XSHE,2020-03-16,5.619999999999997
000779.XSHE,2020-03-16,1.5599999999999987
000038.XSHE,2020-03-16,1.9200000000000017
000906.XSHE,2020-03-16,1.0700000000000003
600423.XSHG,2020-03-16,0.5100000000000016
000599.XSHE,2020-03-16,1.1500000000000021
688021.XSHG,2020-03-16,1.6400000000000006
603843.XSHG,2020-03-16,0.4900000000000002
002075.XSHE,2020-03-16,2.820000000000004
000019.XSHE,2020-03-16,2.6599999999999966
600731.XSHG,2020-03-16,3.520000000000003
603811.XSHG,2020-03-16,2.519999999999996
600876.XSHG,2020-03-16,1.6600000000000001
300128.XSHE,2020-03-16,2.690000000000005
000611.XSHE,2020-03-16,0.4799999999999969
000597.XSHE,2020-03-16,1.5399999999999991
000990.XSHE,2020-03-16,5.899999999999999
002644.XSHE,2020-03-16,2.770000000000003
601881.XSHG,2020-03-16,0.9199999999999999
000656.XSHE,2020-03-16,3.009999999999998
300513.XSHE,2020-03-16,4.939999999999998
688181.XSHG,2020-03-16,3.1400000000000006
002198.XSHE,2020-03-16,1.1699999999999982
300811.XSHE,2020-03-16,5.790000000000006
300821.XSHE,2020-03-16,0.0
000582.XSHE,2020-03-16,2.210000000000001
603867.XSHG,2020-03-16,0.9499999999999993
603168.XSHG,2020-03-16,2.5999999999999943
000756.XSHE,2020-03-16,1.6400000000000006
002638.XSHE,2020-03-16,0.6500000000000004
300701.XSHE,2020-03-16,4.530000000000001
600257.XSHG,2020-03-16,1.2399999999999984
600780.XSHG,2020-03-16,1.5300000000000011
002134.XSHE,2020-03-16,1.6899999999999995
300004.XSHE,2020-03-16,1.3800000000000026
300229.XSHE,2020-03-16,7.3899999999999935
000429.XSHE,2020-03-16,0.46999999999999886
002761.XSHE,2020-03-16,2.0
600869.XSHG,2020-03-16,5.330000000000005
603567.XSHG,2020-03-16,1.3599999999999994
000662.XSHE,2020-03-16,1.6899999999999977
600691.XSHG,2020-03-16,1.129999999999999
300377.XSHE,2020-03-16,10.209999999999994
002711.XSHE,2020-03-16,0.5099999999999998
002182.XSHE,2020-03-16,2.7699999999999996
000950.XSHE,2020-03-16,0.5800000000000001
002614.XSHE,2020-03-16,5.1299999999999955
600009.XSHG,2020-03-16,9.23999999999998
603717.XSHG,2020-03-16,0.6500000000000004
300657.XSHE,2020-03-16,4.410000000000004
300188.XSHE,2020-03-16,12.889999999999986
600984.XSHG,2020-03-16,2.7300000000000004
600243.XSHG,2020-03-16,0.6200000000000001
002459.XSHE,2020-03-16,2.330000000000002
300671.XSHE,2020-03-16,4.6200000000000045
002865.XSHE,2020-03-16,1.0099999999999998
600090.XSHG,2020-03-16,1.0599999999999987
600588.XSHG,2020-03-16,155.8499999999999
000736.XSHE,2020-03-16,3.8399999999999963
002758.XSHE,2020-03-16,1.5
601727.XSHG,2020-03-16,0.35999999999999943
002033.XSHE,2020-03-16,1.769999999999996
601600.XSHG,2020-03-16,0.10000000000000009
603366.XSHG,2020-03-16,1.3999999999999986
002823.XSHE,2020-03-16,1.9100000000000001
601598.XSHG,2020-03-16,0.19999999999999973
603978.XSHG,2020-03-16,3.309999999999995
603038.XSHG,2020-03-16,1.5599999999999987
002520.XSHE,2020-03-16,3.789999999999999
002420.XSHE,2020-03-16,0.14000000000000012
300196.XSHE,2020-03-16,3.5600000000000023
300315.XSHE,2020-03-16,4.159999999999997
002603.XSHE,2020-03-16,0.0
002876.XSHE,2020-03-16,6.140000000000001
601028.XSHG,2020-03-16,1.5800000000000018
600101.XSHG,2020-03-16,2.0799999999999983
603655.XSHG,2020-03-16,2.1099999999999994
603009.XSHG,2020-03-16,1.3399999999999999
300506.XSHE,2020-03-16,2.599999999999998
000902.XSHE,2020-03-16,2.1300000000000026
000703.XSHE,2020-03-16,2.6200000000000045
000782.XSHE,2020-03-16,0.75
000932.XSHE,2020-03-16,0.29999999999999893
000546.XSHE,2020-03-16,1.1799999999999997
300267.XSHE,2020-03-16,3.270000000000003
603983.XSHG,2020-03-16,6.550000000000011
300039.XSHE,2020-03-16,3.4000000000000057
300302.XSHE,2020-03-16,6.489999999999995
002536.XSHE,2020-03-16,2.870000000000001
603050.XSHG,2020-03-16,2.0199999999999996
603301.XSHG,2020-03-16,8.38000000000001
002378.XSHE,2020-03-16,0.5300000000000011
300099.XSHE,2020-03-16,10.959999999999994
603679.XSHG,2020-03-16,5.219999999999999
000963.XSHE,2020-03-16,10.169999999999987
300194.XSHE,2020-03-16,1.8900000000000006
000560.XSHE,2020-03-16,1.1400000000000006
600266.XSHG,2020-03-16,1.5399999999999991
600531.XSHG,2020-03-16,1.8599999999999994
603330.XSHG,2020-03-16,1.2300000000000004
601886.XSHG,2020-03-16,0.8800000000000008
002032.XSHE,2020-03-16,42.950000000000045
300493.XSHE,2020-03-16,4.109999999999999
300494.XSHE,2020-03-16,3.1499999999999986
002050.XSHE,2020-03-16,22.069999999999993
300465.XSHE,2020-03-16,4.699999999999996
600201.XSHG,2020-03-16,19.889999999999986
002046.XSHE,2020-03-16,2.4300000000000033
603387.XSHG,2020-03-16,5.420000000000002
600837.XSHG,2020-03-16,20.53000000000003
603177.XSHG,2020-03-16,0.6899999999999995
300184.XSHE,2020-03-16,7.060000000000002
300490.XSHE,2020-03-16,1.4499999999999993
600077.XSHG,2020-03-16,1.3299999999999983
000820.XSHE,2020-03-16,0.14000000000000012
603026.XSHG,2020-03-16,2.25
002593.XSHE,2020-03-16,1.040000000000001
002053.XSHE,2020-03-16,0.8300000000000001
600256.XSHG,2020-03-16,4.690000000000012
002650.XSHE,2020-03-16,1.2800000000000011
300654.XSHE,2020-03-16,2.120000000000001
002170.XSHE,2020-03-16,2.0199999999999996
600175.XSHG,2020-03-16,1.5300000000000011
600498.XSHG,2020-03-16,14.280000000000001
603299.XSHG,2020-03-16,0.2699999999999996
600729.XSHG,2020-03-16,2.200000000000003
603536.XSHG,2020-03-16,1.5600000000000023
300565.XSHE,2020-03-16,2.209999999999999
603866.XSHG,2020-03-16,5.840000000000003
002461.XSHE,2020-03-16,0.5399999999999991
600367.XSHG,2020-03-16,1.7399999999999984
300410.XSHE,2020-03-16,3.9200000000000017
688081.XSHG,2020-03-16,3.039999999999999
002465.XSHE,2020-03-16,8.350000000000009
688006.XSHG,2020-03-16,3.4299999999999997
002291.XSHE,2020-03-16,4.57
002730.XSHE,2020-03-16,1.4800000000000004
002780.XSHE,2020-03-16,2.3699999999999974
002815.XSHE,2020-03-16,4.800000000000004
603633.XSHG,2020-03-16,0.9800000000000004
600073.XSHG,2020-03-16,1.2800000000000011
000564.XSHE,2020-03-16,0.4599999999999991
300324.XSHE,2020-03-16,26.650000000000006
002005.XSHE,2020-03-16,0.7099999999999973
603117.XSHG,2020-03-16,0.2699999999999996
600661.XSHG,2020-03-16,5.36999999999999
000510.XSHE,2020-03-16,3.0700000000000003
002451.XSHE,2020-03-16,3.129999999999999
300420.XSHE,2020-03-16,5.07
603389.XSHG,2020-03-16,0.3299999999999992
002654.XSHE,2020-03-16,2.9899999999999984
601158.XSHG,2020-03-16,0.20000000000000018
002478.XSHE,2020-03-16,0.75
000829.XSHE,2020-03-16,5.650000000000006
300543.XSHE,2020-03-16,4.449999999999996
600328.XSHG,2020-03-16,1.0199999999999996
002779.XSHE,2020-03-16,1.5100000000000016
603551.XSHG,2020-03-16,0.9000000000000004
603976.XSHG,2020-03-16,1.5199999999999996
002202.XSHE,2020-03-16,4.079999999999998
300026.XSHE,2020-03-16,16.200000000000017
002095.XSHE,2020-03-16,6.609999999999999
600395.XSHG,2020-03-16,0.9500000000000028
002265.XSHE,2020-03-16,0.6399999999999997
002446.XSHE,2020-03-16,4.869999999999997
300395.XSHE,2020-03-16,8.780000000000001
300525.XSHE,2020-03-16,6.509999999999991
300738.XSHE,2020-03-16,15.200000000000003
002428.XSHE,2020-03-16,5.130000000000003
000821.XSHE,2020-03-16,1.08
603727.XSHG,2020-03-16,1.5
000622.XSHE,2020-03-16,2.509999999999998
300112.XSHE,2020-03-16,2.8000000000000007
603505.XSHG,2020-03-16,2.16
300312.XSHE,2020-03-16,2.1799999999999997
002607.XSHE,2020-03-16,10.740000000000009
300360.XSHE,2020-03-16,5.599999999999994
600630.XSHG,2020-03-16,1.490000000000002
000037.XSHE,2020-03-16,4.049999999999997
000600.XSHE,2020-03-16,1.3599999999999994
300387.XSHE,2020-03-16,1.870000000000001
600100.XSHG,2020-03-16,12.930000000000007
600612.XSHG,2020-03-16,381.5799999999999
601607.XSHG,2020-03-16,0.75
002452.XSHE,2020-03-16,5.959999999999994
300612.XSHE,2020-03-16,2.610000000000003
600267.XSHG,2020-03-16,5.800000000000011
000933.XSHE,2020-03-16,2.9299999999999997
000159.XSHE,2020-03-16,1.2800000000000011
603517.XSHG,2020-03-16,5.060000000000002
688030.XSHG,2020-03-16,4.0
300661.XSHE,2020-03-16,49.129999999999995
300667.XSHE,2020-03-16,4.079999999999998
600166.XSHG,2020-03-16,2.1000000000000014
603918.XSHG,2020-03-16,3.400000000000002
603806.XSHG,2020-03-16,4.920000000000002
002279.XSHE,2020-03-16,4.510000000000005
000905.XSHE,2020-03-16,1.17
600979.XSHG,2020-03-16,0.7100000000000009
603798.XSHG,2020-03-16,1.1999999999999993
688022.XSHG,2020-03-16,5.689999999999998
300129.XSHE,2020-03-16,1.8200000000000003
000807.XSHE,2020-03-16,1.3000000000000007
600892.XSHG,2020-03-16,2.0
603188.XSHG,2020-03-16,0.8900000000000006
300056.XSHE,2020-03-16,4.07
603303.XSHG,2020-03-16,1.740000000000002
002663.XSHE,2020-03-16,1.8000000000000007
600707.XSHG,2020-03-16,1.0999999999999996
300643.XSHE,2020-03-16,1.5599999999999987
002413.XSHE,2020-03-16,4.770000000000003
600886.XSHG,2020-03-16,10.319999999999993
603100.XSHG,2020-03-16,0.8300000000000001
002625.XSHE,2020-03-16,4.170000000000002
601326.XSHG,2020-03-16,0.13999999999999968
000529.XSHE,2020-03-16,1.3399999999999999
300461.XSHE,2020-03-16,3.2099999999999973
603300.XSHG,2020-03-16,1.860000000000003
300453.XSHE,2020-03-16,2.0
300031.XSHE,2020-03-16,7.859999999999999
000751.XSHE,2020-03-16,0.41000000000000014
002584.XSHE,2020-03-16,1.2699999999999996
300153.XSHE,2020-03-16,2.09
600613.XSHG,2020-03-16,10.840000000000003
000709.XSHE,2020-03-16,0.7300000000000004
601998.XSHG,2020-03-16,0.13000000000000078
300392.XSHE,2020-03-16,2.710000000000001
002543.XSHE,2020-03-16,1.740000000000002
601008.XSHG,2020-03-16,0.41000000000000014
300195.XSHE,2020-03-16,1.6099999999999994
300695.XSHE,2020-03-16,4.329999999999998
601106.XSHG,2020-03-16,0.11999999999999966
603899.XSHG,2020-03-16,5.47999999999999
300143.XSHE,2020-03-16,3.270000000000003
600708.XSHG,2020-03-16,1.9299999999999997
300600.XSHE,2020-03-16,1.8599999999999994
600621.XSHG,2020-03-16,640.6000000000004
002687.XSHE,2020-03-16,0.9600000000000009
603220.XSHG,2020-03-16,2.370000000000001
002180.XSHE,2020-03-16,16.379999999999995
300471.XSHE,2020-03-16,5.380000000000003
600216.XSHG,2020-03-16,10.069999999999993
600425.XSHG,2020-03-16,1.7300000000000004
600177.XSHG,2020-03-16,8.480000000000018
000712.XSHE,2020-03-16,16.189999999999998
002646.XSHE,2020-03-16,0.4800000000000004
002392.XSHE,2020-03-16,2.1799999999999997
603166.XSHG,2020-03-16,0.4900000000000002
600615.XSHG,2020-03-16,58.33000000000004
600838.XSHG,2020-03-16,3.230000000000004
002613.XSHE,2020-03-16,1.9399999999999995
002160.XSHE,2020-03-16,1.2400000000000002
002270.XSHE,2020-03-16,0.9100000000000001
002074.XSHE,2020-03-16,10.38000000000001
300639.XSHE,2020-03-16,5.11999999999999
002809.XSHE,2020-03-16,1.6099999999999994
000668.XSHE,2020-03-16,3.6799999999999997
002767.XSHE,2020-03-16,1.5899999999999999
300595.XSHE,2020-03-16,21.77000000000004
600898.XSHG,2020-03-16,1.5399999999999991
603348.XSHG,2020-03-16,1.8500000000000014
002729.XSHE,2020-03-16,1.2899999999999991
002043.XSHE,2020-03-16,5.170000000000002
000688.XSHE,2020-03-16,4.909999999999997
600987.XSHG,2020-03-16,1.6099999999999994
603066.XSHG,2020-03-16,3.469999999999999
603876.XSHG,2020-03-16,1.200000000000001
002394.XSHE,2020-03-16,2.030000000000001
002312.XSHE,2020-03-16,7.299999999999997
603421.XSHG,2020-03-16,1.2300000000000004
300151.XSHE,2020-03-16,5.6200000000000045
600698.XSHG,2020-03-16,1.0200000000000014
600305.XSHG,2020-03-16,6.97999999999999
002300.XSHE,2020-03-16,4.590000000000003
002958.XSHE,2020-03-16,0.3200000000000003
300433.XSHE,2020-03-16,10.22999999999999
300430.XSHE,2020-03-16,2.4399999999999977
603345.XSHG,2020-03-16,5.939999999999998
002599.XSHE,2020-03-16,0.9399999999999995
600872.XSHG,2020-03-16,35.670000000000016
002915.XSHE,2020-03-16,2.3299999999999983
600366.XSHG,2020-03-16,4.679999999999993
300320.XSHE,2020-03-16,4.449999999999996
600406.XSHG,2020-03-16,55.61999999999989
600339.XSHG,2020-03-16,0.4800000000000004
000868.XSHE,2020-03-16,1.370000000000001
000543.XSHE,2020-03-16,0.7099999999999973
600188.XSHG,2020-03-16,0.9100000000000001
002275.XSHE,2020-03-16,0.9100000000000001
002690.XSHE,2020-03-16,10.549999999999997
600302.XSHG,2020-03-16,0.8699999999999992
000726.XSHE,2020-03-16,2.3299999999999983
000027.XSHE,2020-03-16,3.430000000000007
300352.XSHE,2020-03-16,14.659999999999997
300591.XSHE,2020-03-16,0.46999999999999975
000828.XSHE,2020-03-16,0.9600000000000009
000025.XSHE,2020-03-16,3.3900000000000006
002589.XSHE,2020-03-16,3.3999999999999986
300613.XSHE,2020-03-16,12.490000000000009
600220.XSHG,2020-03-16,1.1900000000000013
002041.XSHE,2020-03-16,9.75
300503.XSHE,2020-03-16,0.860000000000003
300664.XSHE,2020-03-16,0.9900000000000002
300243.XSHE,2020-03-16,1.9299999999999997
600273.XSHG,2020-03-16,1.3100000000000005
300325.XSHE,2020-03-16,3.8999999999999986
000848.XSHE,2020-03-16,5.219999999999999
600153.XSHG,2020-03-16,4.349999999999994
603321.XSHG,2020-03-16,0.40000000000000036
002367.XSHE,2020-03-16,6.920000000000009
688233.XSHG,2020-03-16,5.149999999999999
600088.XSHG,2020-03-16,3.700000000000003
002583.XSHE,2020-03-16,4.669999999999995
000670.XSHE,2020-03-16,1.0499999999999972
000988.XSHE,2020-03-16,21.650000000000006
300773.XSHE,2020-03-16,7.1299999999999955
603666.XSHG,2020-03-16,12.099999999999994
300429.XSHE,2020-03-16,7.789999999999992
600754.XSHG,2020-03-16,6.5800000000000125
603159.XSHG,2020-03-16,1.7100000000000009
603948.XSHG,2020-03-16,2.84
601689.XSHG,2020-03-16,3.379999999999999
600279.XSHG,2020-03-16,0.3899999999999988
300089.XSHE,2020-03-16,1.4799999999999986
600883.XSHG,2020-03-16,4.93
600208.XSHG,2020-03-16,1.2200000000000024
002425.XSHE,2020-03-16,1.2799999999999976
000908.XSHE,2020-03-16,0.4299999999999997
002632.XSHE,2020-03-16,3.0600000000000023
300549.XSHE,2020-03-16,1.6700000000000017
688363.XSHG,2020-03-16,7.700000000000003
603338.XSHG,2020-03-16,27.069999999999993
300576.XSHE,2020-03-16,4.75
603937.XSHG,2020-03-16,0.5300000000000011
603508.XSHG,2020-03-16,3.719999999999999
002069.XSHE,2020-03-16,1.129999999999999
002916.XSHE,2020-03-16,41.09000000000003
300499.XSHE,2020-03-16,4.269999999999996
600386.XSHG,2020-03-16,5.0
002594.XSHE,2020-03-16,3.519999999999996
600874.XSHG,2020-03-16,0.4399999999999995
000989.XSHE,2020-03-16,1.9199999999999946
600581.XSHG,2020-03-16,1.0
000938.XSHE,2020-03-16,20.22
002131.XSHE,2020-03-16,20.549999999999983
002333.XSHE,2020-03-16,0.7799999999999994
603960.XSHG,2020-03-16,4.599999999999994
000533.XSHE,2020-03-16,0.6399999999999997
002349.XSHE,2020-03-16,2.1099999999999994
000721.XSHE,2020-03-16,2.0599999999999987
000958.XSHE,2020-03-16,1.120000000000001
300268.XSHE,2020-03-16,2.759999999999998
300349.XSHE,2020-03-16,5.760000000000005
000559.XSHE,2020-03-16,13.72999999999999
002062.XSHE,2020-03-16,5.140000000000001
000718.XSHE,2020-03-16,0.9399999999999977
000910.XSHE,2020-03-16,2.700000000000003
002064.XSHE,2020-03-16,3.8899999999999935
002082.XSHE,2020-03-16,2.3000000000000007
002642.XSHE,2020-03-16,1.7200000000000024
000088.XSHE,2020-03-16,1.9899999999999949
300641.XSHE,2020-03-16,0.5500000000000007
002790.XSHE,2020-03-16,1.0700000000000003
600379.XSHG,2020-03-16,1.629999999999999
002401.XSHE,2020-03-16,4.859999999999999
688088.XSHG,2020-03-16,7.8700000000000045
002533.XSHE,2020-03-16,2.509999999999998
603993.XSHG,2020-03-16,0.7100000000000009
601107.XSHG,2020-03-16,0.1800000000000006
600995.XSHG,2020-03-16,1.7299999999999898
300181.XSHE,2020-03-16,3.039999999999999
002871.XSHE,2020-03-16,2.3999999999999986
300296.XSHE,2020-03-16,13.470000000000013
300262.XSHE,2020-03-16,3.480000000000004
600053.XSHG,2020-03-16,6.509999999999998
002301.XSHE,2020-03-16,6.819999999999993
300046.XSHE,2020-03-16,9.010000000000005
002805.XSHE,2020-03-16,1.9599999999999973
000601.XSHE,2020-03-16,5.469999999999999
600287.XSHG,2020-03-16,2.1099999999999994
600844.XSHG,2020-03-16,1.5899999999999999
603626.XSHG,2020-03-16,2.789999999999999
601100.XSHG,2020-03-16,9.120000000000005
300551.XSHE,2020-03-16,2.0600000000000023
603969.XSHG,2020-03-16,1.1499999999999986
002116.XSHE,2020-03-16,1.6199999999999974
002220.XSHE,2020-03-16,0.5
000885.XSHE,2020-03-16,1.389999999999997
002111.XSHE,2020-03-16,4.310000000000002
603035.XSHG,2020-03-16,1.8400000000000016
603538.XSHG,2020-03-16,3.019999999999996
000777.XSHE,2020-03-16,5.760000000000005
600861.XSHG,2020-03-16,1.7399999999999984
600732.XSHG,2020-03-16,3.990000000000002
603707.XSHG,2020-03-16,7.280000000000001
601018.XSHG,2020-03-16,0.14999999999999947
600061.XSHG,2020-03-16,5.660000000000011
000875.XSHE,2020-03-16,0.4899999999999993
002283.XSHE,2020-03-16,1.0
600917.XSHG,2020-03-16,0.28000000000000025
000547.XSHE,2020-03-16,17.76000000000002
002850.XSHE,2020-03-16,9.75
603007.XSHG,2020-03-16,1.1600000000000001
600495.XSHG,2020-03-16,3.809999999999995
002552.XSHE,2020-03-16,5.989999999999995
002564.XSHE,2020-03-16,0.75
603105.XSHG,2020-03-16,0.7200000000000006
300259.XSHE,2020-03-16,7.739999999999995
600490.XSHG,2020-03-16,2.520000000000003
601700.XSHG,2020-03-16,4.390000000000001
000715.XSHE,2020-03-16,1.6700000000000017
603677.XSHG,2020-03-16,2.349999999999998
600416.XSHG,2020-03-16,5.68
600618.XSHG,2020-03-16,10.72999999999999
600184.XSHG,2020-03-16,1.7499999999999964
688036.XSHG,2020-03-16,4.990000000000002
000918.XSHE,2020-03-16,0.9200000000000017
300729.XSHE,2020-03-16,1.2300000000000004
600567.XSHG,2020-03-16,0.5999999999999996
002859.XSHE,2020-03-16,8.170000000000002
300295.XSHE,2020-03-16,5.93
300762.XSHE,2020-03-16,5.350000000000001
300772.XSHE,2020-03-16,0.8900000000000006
600317.XSHG,2020-03-16,0.7800000000000011
600448.XSHG,2020-03-16,0.8200000000000003
603286.XSHG,2020-03-16,1.1999999999999993
600055.XSHG,2020-03-16,16.299999999999983
000969.XSHE,2020-03-16,3.719999999999999
000561.XSHE,2020-03-16,2.41
300285.XSHE,2020-03-16,26.24000000000001
300450.XSHE,2020-03-16,57.35000000000002
600623.XSHG,2020-03-16,6.77000000000001
600462.XSHG,2020-03-16,0.3600000000000003
002404.XSHE,2020-03-16,2.4899999999999984
603278.XSHG,2020-03-16,1.209999999999999
002570.XSHE,2020-03-16,1.8099999999999987
600765.XSHG,2020-03-16,7.6699999999999875
000960.XSHE,2020-03-16,1.1600000000000001
601916.XSHG,2020-03-16,0.1200000000000001
600704.XSHG,2020-03-16,2.969999999999999
002777.XSHE,2020-03-16,10.710000000000008
600509.XSHG,2020-03-16,1.1900000000000013
601238.XSHG,2020-03-16,1.240000000000002
300688.XSHE,2020-03-16,3.59
002412.XSHE,2020-03-16,2.259999999999998
600086.XSHG,2020-03-16,1.0599999999999987
603015.XSHG,2020-03-16,1.1799999999999997
600545.XSHG,2020-03-16,1.5700000000000003
300284.XSHE,2020-03-16,2.3000000000000043
600203.XSHG,2020-03-16,2.2799999999999976
603045.XSHG,2020-03-16,1.4600000000000009
603787.XSHG,2020-03-16,1.33
300530.XSHE,2020-03-16,2.3000000000000043
002159.XSHE,2020-03-16,2.219999999999999
300289.XSHE,2020-03-16,0.7200000000000006
002572.XSHE,2020-03-16,25.769999999999982
300071.XSHE,2020-03-16,2.3400000000000034
300788.XSHE,2020-03-16,4.589999999999996
002824.XSHE,2020-03-16,3.960000000000001
600701.XSHG,2020-03-16,0.6099999999999994
300306.XSHE,2020-03-16,4.939999999999998
000661.XSHE,2020-03-16,144.29999999999995
600155.XSHG,2020-03-16,3.9299999999999997
300375.XSHE,2020-03-16,1.9700000000000024
600702.XSHG,2020-03-16,3.6700000000000017
000735.XSHE,2020-03-16,5.68
002849.XSHE,2020-03-16,1.9699999999999989
603329.XSHG,2020-03-16,0.8300000000000001
300537.XSHE,2020-03-16,1.9400000000000013
002178.XSHE,2020-03-16,2.030000000000001
002676.XSHE,2020-03-16,2.719999999999999
300065.XSHE,2020-03-16,4.489999999999995
002323.XSHE,2020-03-16,0.47999999999999865
000698.XSHE,2020-03-16,0.7400000000000002
002721.XSHE,2020-03-16,0.9399999999999995
001896.XSHE,2020-03-16,0.1900000000000004
002626.XSHE,2020-03-16,14.710000000000008
300696.XSHE,2020-03-16,8.069999999999993
600336.XSHG,2020-03-16,1.679999999999998
603895.XSHG,2020-03-16,1.5
000613.XSHE,2020-03-16,1.0500000000000007
600329.XSHG,2020-03-16,1.6399999999999935
000997.XSHE,2020-03-16,10.469999999999999
300771.XSHE,2020-03-16,4.929999999999993
000665.XSHE,2020-03-16,3.739999999999995
600255.XSHG,2020-03-16,0.6799999999999997
601512.XSHG,2020-03-16,0.8599999999999994
600128.XSHG,2020-03-16,1.129999999999999
300733.XSHE,2020-03-16,0.8499999999999996
002502.XSHE,2020-03-16,1.5999999999999979
002506.XSHE,2020-03-16,1.269999999999996
603527.XSHG,2020-03-16,2.5500000000000007
603917.XSHG,2020-03-16,0.7299999999999986
000877.XSHE,2020-03-16,5.189999999999998
300179.XSHE,2020-03-16,3.6700000000000017
688389.XSHG,2020-03-16,1.6099999999999994
000650.XSHE,2020-03-16,9.269999999999982
603056.XSHG,2020-03-16,0.6400000000000006
603116.XSHG,2020-03-16,0.5700000000000003
600398.XSHG,2020-03-16,1.8399999999999963
600186.XSHG,2020-03-16,0.7599999999999998
000415.XSHE,2020-03-16,4.509999999999991
002010.XSHE,2020-03-16,2.8399999999999963
002521.XSHE,2020-03-16,0.8000000000000007
002479.XSHE,2020-03-16,1.3999999999999986
002302.XSHE,2020-03-16,2.8300000000000054
603383.XSHG,2020-03-16,6.22999999999999
601858.XSHG,2020-03-16,0.5
300687.XSHE,2020-03-16,3.5700000000000003
601368.XSHG,2020-03-16,0.22000000000000064
002036.XSHE,2020-03-16,9.530000000000001
300067.XSHE,2020-03-16,2.3299999999999983
603516.XSHG,2020-03-16,4.899999999999999
601225.XSHG,2020-03-16,0.3000000000000007
603011.XSHG,2020-03-16,0.9199999999999999
002213.XSHE,2020-03-16,2.3099999999999987
300710.XSHE,2020-03-16,2.7799999999999976
600715.XSHG,2020-03-16,0.6600000000000001
600281.XSHG,2020-03-16,0.20999999999999996
600540.XSHG,2020-03-16,1.2100000000000009
002151.XSHE,2020-03-16,13.48999999999998
300417.XSHE,2020-03-16,7.269999999999996
300743.XSHE,2020-03-16,1.9800000000000004
300460.XSHE,2020-03-16,2.3900000000000006
300697.XSHE,2020-03-16,1.7699999999999996
002228.XSHE,2020-03-16,2.3599999999999994
002831.XSHE,2020-03-16,4.369999999999997
002816.XSHE,2020-03-16,1.1400000000000006
601038.XSHG,2020-03-16,0.5999999999999996
600858.XSHG,2020-03-16,1.379999999999999
601611.XSHG,2020-03-16,0.3700000000000001
600543.XSHG,2020-03-16,0.8099999999999987
600897.XSHG,2020-03-16,3.219999999999999
603603.XSHG,2020-03-16,0.5899999999999999
000570.XSHE,2020-03-16,1.6899999999999977
