code,date,price_amplitude
300911.XSHE,2022-03-29,2.4199999999999946
000887.XSHE,2022-03-29,17.49000000000001
600415.XSHG,2022-03-29,4.930000000000007
600939.XSHG,2022-03-29,0.3000000000000007
002313.XSHE,2022-03-29,3.039999999999999
300532.XSHE,2022-03-29,2.1799999999999997
301196.XSHE,2022-03-29,1.6599999999999966
300002.XSHE,2022-03-29,2.4599999999999937
000822.XSHE,2022-03-29,0.6100000000000012
002732.XSHE,2022-03-29,0.5
300520.XSHE,2022-03-29,2.1700000000000017
300426.XSHE,2022-03-29,2.730000000000004
601298.XSHG,2022-03-29,0.0600000000000005
300593.XSHE,2022-03-29,2.819999999999993
002697.XSHE,2022-03-29,0.5200000000000031
688599.XSHG,2022-03-29,2.8200000000000003
600997.XSHG,2022-03-29,1.509999999999998
601198.XSHG,2022-03-29,0.16000000000000014
300540.XSHE,2022-03-29,1.7800000000000011
000719.XSHE,2022-03-29,0.8200000000000003
000806.XSHE,2022-03-29,0.3400000000000034
600238.XSHG,2022-03-29,2.3699999999999974
601963.XSHG,2022-03-29,0.08000000000000007
600469.XSHG,2022-03-29,0.16000000000000014
600211.XSHG,2022-03-29,4.340000000000003
600843.XSHG,2022-03-29,0.47000000000000064
300854.XSHE,2022-03-29,1.2300000000000004
300212.XSHE,2022-03-29,8.650000000000006
002565.XSHE,2022-03-29,1.5900000000000034
603232.XSHG,2022-03-29,1.5999999999999943
600867.XSHG,2022-03-29,4.810000000000002
603012.XSHG,2022-03-29,0.25
601155.XSHG,2022-03-29,2.759999999999998
603688.XSHG,2022-03-29,2.680000000000007
603192.XSHG,2022-03-29,1.2899999999999991
688004.XSHG,2022-03-29,1.2099999999999973
300956.XSHE,2022-03-29,0.8999999999999986
600093.XSHG,2022-03-29,0.7300000000000004
600794.XSHG,2022-03-29,0.8299999999999983
600499.XSHG,2022-03-29,26.160000000000082
002722.XSHE,2022-03-29,0.6199999999999992
300779.XSHE,2022-03-29,0.5500000000000007
300428.XSHE,2022-03-29,4.789999999999992
605099.XSHG,2022-03-29,0.9299999999999997
688027.XSHG,2022-03-29,7.950000000000003
601789.XSHG,2022-03-29,1.0700000000000003
002500.XSHE,2022-03-29,0.11000000000000032
600125.XSHG,2022-03-29,1.5200000000000102
300182.XSHE,2022-03-29,5.860000000000014
002970.XSHE,2022-03-29,3.6799999999999997
300209.XSHE,2022-03-29,2.4400000000000013
301022.XSHE,2022-03-29,2.6400000000000006
601019.XSHG,2022-03-29,0.09999999999999964
002867.XSHE,2022-03-29,0.7100000000000009
300936.XSHE,2022-03-29,1.1999999999999993
600753.XSHG,2022-03-29,2.979999999999997
002678.XSHE,2022-03-29,0.5
300142.XSHE,2022-03-29,24.129999999999995
002759.XSHE,2022-03-29,3.3299999999999983
002879.XSHE,2022-03-29,1.0
688298.XSHG,2022-03-29,19.569999999999993
603083.XSHG,2022-03-29,0.870000000000001
600556.XSHG,2022-03-29,1.25
600109.XSHG,2022-03-29,1.5699999999999932
300897.XSHE,2022-03-29,0.6000000000000014
300758.XSHE,2022-03-29,0.8100000000000023
300202.XSHE,2022-03-29,0.4700000000000024
688058.XSHG,2022-03-29,7.349999999999994
300021.XSHE,2022-03-29,2.3599999999999994
002414.XSHE,2022-03-29,5.730000000000018
600571.XSHG,2022-03-29,15.429999999999978
603779.XSHG,2022-03-29,0.4400000000000013
300487.XSHE,2022-03-29,7.6699999999999875
002093.XSHE,2022-03-29,3.1700000000000017
688689.XSHG,2022-03-29,1.860000000000003
002034.XSHE,2022-03-29,2.979999999999997
300721.XSHE,2022-03-29,1.6899999999999977
000836.XSHE,2022-03-29,1.3300000000000018
301101.XSHE,2022-03-29,1.1999999999999957
301177.XSHE,2022-03-29,1.0700000000000074
600483.XSHG,2022-03-29,0.990000000000002
688588.XSHG,2022-03-29,0.4299999999999997
300249.XSHE,2022-03-29,4.079999999999998
688565.XSHG,2022-03-29,0.4499999999999993
002440.XSHE,2022-03-29,1.4100000000000037
300666.XSHE,2022-03-29,4.020000000000003
601006.XSHG,2022-03-29,0.41000000000000014
003004.XSHE,2022-03-29,1.0100000000000016
688601.XSHG,2022-03-29,10.620000000000005
300401.XSHE,2022-03-29,1.730000000000004
000585.XSHE,2022-03-29,0.0
688167.XSHG,2022-03-29,8.920000000000002
002610.XSHE,2022-03-29,1.6300000000000026
600115.XSHG,2022-03-29,0.23000000000000043
000151.XSHE,2022-03-29,0.75
000959.XSHE,2022-03-29,0.2699999999999996
300619.XSHE,2022-03-29,5.0
300605.XSHE,2022-03-29,1.3099999999999987
600114.XSHG,2022-03-29,2.229999999999997
603071.XSHG,2022-03-29,0.75
300022.XSHE,2022-03-29,2.0700000000000003
002569.XSHE,2022-03-29,0.21000000000000085
000090.XSHE,2022-03-29,1.1099999999999994
600735.XSHG,2022-03-29,1.759999999999998
000422.XSHE,2022-03-29,29.670000000000016
600438.XSHG,2022-03-29,22.00999999999999
603209.XSHG,2022-03-29,0.9400000000000013
002370.XSHE,2022-03-29,1.4899999999999984
603683.XSHG,2022-03-29,0.4800000000000004
300077.XSHE,2022-03-29,3.660000000000011
603613.XSHG,2022-03-29,8.219999999999999
000888.XSHE,2022-03-29,2.3399999999999963
300964.XSHE,2022-03-29,1.990000000000002
601318.XSHG,2022-03-29,2.6899999999999977
603680.XSHG,2022-03-29,0.3100000000000005
003021.XSHE,2022-03-29,3.269999999999996
300252.XSHE,2022-03-29,1.5899999999999963
000016.XSHE,2022-03-29,4.590000000000003
002004.XSHE,2022-03-29,3.710000000000008
300033.XSHE,2022-03-29,20.18999999999994
603776.XSHG,2022-03-29,1.4600000000000009
300495.XSHE,2022-03-29,0.46000000000000085
600200.XSHG,2022-03-29,3.4299999999999926
600642.XSHG,2022-03-29,1.2800000000000011
002384.XSHE,2022-03-29,7.349999999999994
002684.XSHE,2022-03-29,0.7299999999999969
002273.XSHE,2022-03-29,6.230000000000018
300869.XSHE,2022-03-29,1.1500000000000057
000758.XSHE,2022-03-29,1.710000000000008
002619.XSHE,2022-03-29,0.0
002009.XSHE,2022-03-29,3.1200000000000045
300085.XSHE,2022-03-29,3.859999999999985
600626.XSHG,2022-03-29,1.5900000000000034
300894.XSHE,2022-03-29,1.4500000000000028
000498.XSHE,2022-03-29,1.0899999999999999
000571.XSHE,2022-03-29,0.0
002127.XSHE,2022-03-29,5.109999999999999
002514.XSHE,2022-03-29,1.1400000000000006
301082.XSHE,2022-03-29,1.0800000000000018
600299.XSHG,2022-03-29,0.6400000000000006
300114.XSHE,2022-03-29,2.3100000000000023
600969.XSHG,2022-03-29,0.4800000000000004
002987.XSHE,2022-03-29,5.979999999999997
300529.XSHE,2022-03-29,2.5600000000000023
300011.XSHE,2022-03-29,2.020000000000003
688016.XSHG,2022-03-29,8.949999999999989
600983.XSHG,2022-03-29,0.46999999999999886
605388.XSHG,2022-03-29,1.3000000000000007
688538.XSHG,2022-03-29,0.040000000000000036
002442.XSHE,2022-03-29,0.45000000000000107
300364.XSHE,2022-03-29,5.18
002961.XSHE,2022-03-29,0.6199999999999974
688218.XSHG,2022-03-29,0.4400000000000013
600760.XSHG,2022-03-29,25.29000000000002
600348.XSHG,2022-03-29,5.219999999999999
002030.XSHE,2022-03-29,18.54000000000002
300496.XSHE,2022-03-29,13.199999999999989
600143.XSHG,2022-03-29,6.409999999999997
000909.XSHE,2022-03-29,0.5399999999999991
300038.XSHE,2022-03-29,0.22000000000000064
300050.XSHE,2022-03-29,0.8299999999999983
300435.XSHE,2022-03-29,2.780000000000001
300916.XSHE,2022-03-29,4.040000000000006
300919.XSHE,2022-03-29,4.289999999999992
000591.XSHE,2022-03-29,2.4000000000000057
002438.XSHE,2022-03-29,1.7899999999999991
002271.XSHE,2022-03-29,35.97000000000003
688234.XSHG,2022-03-29,3.9000000000000057
002885.XSHE,2022-03-29,3.039999999999999
688318.XSHG,2022-03-29,3.460000000000008
600345.XSHG,2022-03-29,1.2199999999999989
002653.XSHE,2022-03-29,1.1600000000000037
603826.XSHG,2022-03-29,3.950000000000003
601169.XSHG,2022-03-29,0.18999999999999773
603878.XSHG,2022-03-29,0.2599999999999998
688300.XSHG,2022-03-29,4.310000000000002
300180.XSHE,2022-03-29,0.7800000000000011
600361.XSHG,2022-03-29,0.8200000000000003
600573.XSHG,2022-03-29,0.6599999999999984
002590.XSHE,2022-03-29,0.9699999999999989
603810.XSHG,2022-03-29,1.629999999999999
003033.XSHE,2022-03-29,0.8000000000000007
300163.XSHE,2022-03-29,1.009999999999998
003016.XSHE,2022-03-29,0.2400000000000002
300655.XSHE,2022-03-29,3.3999999999999915
002845.XSHE,2022-03-29,1.730000000000004
688981.XSHG,2022-03-29,0.7299999999999969
300059.XSHE,2022-03-29,37.440000000000055
000010.XSHE,2022-03-29,1.1999999999999957
002846.XSHE,2022-03-29,0.33999999999999986
300132.XSHE,2022-03-29,2.1400000000000006
002984.XSHE,2022-03-29,1.1600000000000001
300662.XSHE,2022-03-29,1.8700000000000045
000923.XSHE,2022-03-29,0.6999999999999993
300139.XSHE,2022-03-29,2.3200000000000003
600082.XSHG,2022-03-29,0.0
600123.XSHG,2022-03-29,5.5
600558.XSHG,2022-03-29,0.7100000000000009
605136.XSHG,2022-03-29,1.9200000000000017
000301.XSHE,2022-03-29,0.9100000000000001
000565.XSHE,2022-03-29,1.6099999999999994
002941.XSHE,2022-03-29,0.8599999999999994
600408.XSHG,2022-03-29,0.5899999999999999
002818.XSHE,2022-03-29,0.5500000000000007
600169.XSHG,2022-03-29,0.6000000000000014
600456.XSHG,2022-03-29,3.869999999999976
301200.XSHE,2022-03-29,1.3700000000000045
603138.XSHG,2022-03-29,2.539999999999999
300382.XSHE,2022-03-29,6.460000000000008
000156.XSHE,2022-03-29,0.33000000000000007
001210.XSHE,2022-03-29,1.0
601568.XSHG,2022-03-29,0.1200000000000001
002121.XSHE,2022-03-29,5.280000000000001
688553.XSHG,2022-03-29,0.46000000000000085
603658.XSHG,2022-03-29,2.1000000000000085
002192.XSHE,2022-03-29,15.850000000000023
600745.XSHG,2022-03-29,17.23999999999998
600098.XSHG,2022-03-29,0.6199999999999974
603360.XSHG,2022-03-29,1.1099999999999994
300027.XSHE,2022-03-29,1.2100000000000009
600716.XSHG,2022-03-29,0.7700000000000031
603681.XSHG,2022-03-29,0.8300000000000018
600797.XSHG,2022-03-29,2.9000000000000057
688260.XSHG,2022-03-29,1.3000000000000007
603096.XSHG,2022-03-29,0.9400000000000013
002136.XSHE,2022-03-29,1.5300000000000011
601616.XSHG,2022-03-29,0.16999999999999993
688315.XSHG,2022-03-29,0.9400000000000013
002588.XSHE,2022-03-29,7.1100000000000065
002707.XSHE,2022-03-29,5.230000000000004
000895.XSHE,2022-03-29,47.19999999999993
300882.XSHE,2022-03-29,0.8200000000000003
603500.XSHG,2022-03-29,0.9100000000000001
002512.XSHE,2022-03-29,0.8300000000000018
300583.XSHE,2022-03-29,0.7300000000000004
300770.XSHE,2022-03-29,2.6000000000000085
603353.XSHG,2022-03-29,0.46000000000000085
003031.XSHE,2022-03-29,6.989999999999995
603568.XSHG,2022-03-29,1.8799999999999955
300989.XSHE,2022-03-29,1.0700000000000003
605179.XSHG,2022-03-29,0.2599999999999998
002059.XSHE,2022-03-29,0.6600000000000001
601866.XSHG,2022-03-29,0.10999999999999988
301206.XSHE,2022-03-29,2.9200000000000017
688333.XSHG,2022-03-29,4.399999999999977
300975.XSHE,2022-03-29,0.5
600119.XSHG,2022-03-29,0.9699999999999989
600219.XSHG,2022-03-29,0.6499999999999986
600929.XSHG,2022-03-29,0.1899999999999995
603569.XSHG,2022-03-29,0.5500000000000007
603408.XSHG,2022-03-29,0.22000000000000064
002253.XSHE,2022-03-29,2.0
301149.XSHE,2022-03-29,0.45000000000000107
001206.XSHE,2022-03-29,1.9100000000000037
603977.XSHG,2022-03-29,0.5100000000000016
600272.XSHG,2022-03-29,1.870000000000001
600736.XSHG,2022-03-29,12.430000000000007
601918.XSHG,2022-03-29,0.34999999999999964
688093.XSHG,2022-03-29,0.9499999999999993
300980.XSHE,2022-03-29,1.1700000000000017
300044.XSHE,2022-03-29,0.6899999999999977
688510.XSHG,2022-03-29,0.5899999999999999
600388.XSHG,2022-03-29,9.459999999999994
300723.XSHE,2022-03-29,1.2700000000000031
000811.XSHE,2022-03-29,11.230000000000018
600684.XSHG,2022-03-29,5.960000000000001
600210.XSHG,2022-03-29,1.5799999999999983
002029.XSHE,2022-03-29,1.1999999999999957
002913.XSHE,2022-03-29,1.9000000000000057
600796.XSHG,2022-03-29,2.8200000000000003
603365.XSHG,2022-03-29,0.39000000000000057
002317.XSHE,2022-03-29,11.280000000000001
688682.XSHG,2022-03-29,8.739999999999995
000766.XSHE,2022-03-29,0.6400000000000006
002910.XSHE,2022-03-29,1.1999999999999993
300172.XSHE,2022-03-29,1.9099999999999966
002768.XSHE,2022-03-29,2.719999999999999
301213.XSHE,2022-03-29,3.480000000000004
688779.XSHG,2022-03-29,0.5899999999999999
603587.XSHG,2022-03-29,0.6400000000000006
002951.XSHE,2022-03-29,0.39000000000000057
600823.XSHG,2022-03-29,7.220000000000027
688355.XSHG,2022-03-29,1.1600000000000001
600853.XSHG,2022-03-29,0.6400000000000006
603855.XSHG,2022-03-29,1.0199999999999996
300388.XSHE,2022-03-29,1.6600000000000037
300161.XSHE,2022-03-29,1.1899999999999977
000046.XSHE,2022-03-29,2.3800000000000026
002624.XSHE,2022-03-29,1.2299999999999969
600480.XSHG,2022-03-29,0.7099999999999973
002511.XSHE,2022-03-29,2.680000000000007
600775.XSHG,2022-03-29,0.33999999999999986
000606.XSHE,2022-03-29,0.28999999999999915
605366.XSHG,2022-03-29,0.6600000000000001
688086.XSHG,2022-03-29,0.4599999999999991
603380.XSHG,2022-03-29,1.9500000000000028
002763.XSHE,2022-03-29,0.4599999999999973
688566.XSHG,2022-03-29,0.3099999999999987
300137.XSHE,2022-03-29,0.7699999999999996
300322.XSHE,2022-03-29,2.5700000000000003
300833.XSHE,2022-03-29,4.569999999999993
301033.XSHE,2022-03-29,1.3500000000000014
600307.XSHG,2022-03-29,0.16999999999999993
600016.XSHG,2022-03-29,1.1400000000000006
300972.XSHE,2022-03-29,4.560000000000002
300088.XSHE,2022-03-29,15.120000000000005
001209.XSHE,2022-03-29,0.7699999999999996
300347.XSHE,2022-03-29,110.58999999999992
000876.XSHE,2022-03-29,20.489999999999952
600733.XSHG,2022-03-29,3.8500000000000014
603737.XSHG,2022-03-29,6.810000000000002
002338.XSHE,2022-03-29,3.3200000000000003
300463.XSHE,2022-03-29,2.9099999999999966
603609.XSHG,2022-03-29,0.6400000000000006
300271.XSHE,2022-03-29,2.5600000000000023
002522.XSHE,2022-03-29,1.0200000000000031
000786.XSHE,2022-03-29,9.689999999999998
002883.XSHE,2022-03-29,0.8399999999999999
600030.XSHG,2022-03-29,2.6499999999999915
603221.XSHG,2022-03-29,0.33999999999999986
000034.XSHE,2022-03-29,1.8500000000000014
601236.XSHG,2022-03-29,0.5999999999999996
300682.XSHE,2022-03-29,1.2800000000000011
300756.XSHE,2022-03-29,3.0900000000000034
603638.XSHG,2022-03-29,3.5600000000000023
300683.XSHE,2022-03-29,1.3500000000000014
001227.XSHE,2022-03-29,0.22000000000000064
000063.XSHE,2022-03-29,14.089999999999975
301036.XSHE,2022-03-29,0.9699999999999989
688133.XSHG,2022-03-29,3.920000000000016
000830.XSHE,2022-03-29,6.11999999999999
688212.XSHG,2022-03-29,2.1999999999999957
002340.XSHE,2022-03-29,6.449999999999989
002857.XSHE,2022-03-29,1.1799999999999997
688005.XSHG,2022-03-29,5.109999999999985
002496.XSHE,2022-03-29,0.8500000000000014
300118.XSHE,2022-03-29,9.370000000000005
600550.XSHG,2022-03-29,1.8299999999999983
300609.XSHE,2022-03-29,0.7899999999999991
600801.XSHG,2022-03-29,3.0700000000000216
603181.XSHG,2022-03-29,2.0
600449.XSHG,2022-03-29,3.6799999999999997
688102.XSHG,2022-03-29,0.3899999999999988
301017.XSHE,2022-03-29,1.0199999999999996
603358.XSHG,2022-03-29,2.410000000000011
002298.XSHE,2022-03-29,0.4399999999999977
603363.XSHG,2022-03-29,3.710000000000001
301008.XSHE,2022-03-29,1.75
603777.XSHG,2022-03-29,0.7100000000000009
002463.XSHE,2022-03-29,1.6099999999999994
603982.XSHG,2022-03-29,1.3800000000000026
605303.XSHG,2022-03-29,0.40999999999999837
603888.XSHG,2022-03-29,0.7100000000000009
000683.XSHE,2022-03-29,2.4399999999999977
002003.XSHE,2022-03-29,8.860000000000014
002671.XSHE,2022-03-29,0.8999999999999986
605089.XSHG,2022-03-29,3.700000000000003
300548.XSHE,2022-03-29,1.3999999999999986
002852.XSHE,2022-03-29,4.350000000000001
300074.XSHE,2022-03-29,2.960000000000001
300970.XSHE,2022-03-29,8.009999999999998
301090.XSHE,2022-03-29,0.33000000000000007
600252.XSHG,2022-03-29,8.110000000000014
600276.XSHG,2022-03-29,44.92000000000007
603933.XSHG,2022-03-29,1.5199999999999996
000711.XSHE,2022-03-29,1.4100000000000037
601595.XSHG,2022-03-29,0.29999999999999893
600084.XSHG,2022-03-29,1.7199999999999989
300775.XSHE,2022-03-29,1.759999999999998
600112.XSHG,2022-03-29,0.40000000000000036
600755.XSHG,2022-03-29,3.359999999999985
002755.XSHE,2022-03-29,0.5100000000000016
300510.XSHE,2022-03-29,1.0
605598.XSHG,2022-03-29,0.5399999999999991
601058.XSHG,2022-03-29,1.0799999999999983
688067.XSHG,2022-03-29,1.0599999999999987
000851.XSHE,2022-03-29,0.40000000000000036
300620.XSHE,2022-03-29,1.8000000000000043
600637.XSHG,2022-03-29,0.7900000000000063
002387.XSHE,2022-03-29,0.6699999999999982
000631.XSHE,2022-03-29,1.7900000000000063
300127.XSHE,2022-03-29,2.6499999999999986
603060.XSHG,2022-03-29,0.8900000000000006
002945.XSHE,2022-03-29,1.0399999999999991
002276.XSHE,2022-03-29,0.759999999999998
301228.XSHE,2022-03-29,1.5400000000000027
600110.XSHG,2022-03-29,7.47999999999999
002400.XSHE,2022-03-29,2.4099999999999966
002342.XSHE,2022-03-29,0.3000000000000007
000593.XSHE,2022-03-29,1.1400000000000006
300246.XSHE,2022-03-29,2.1700000000000017
000404.XSHE,2022-03-29,0.5899999999999999
300669.XSHE,2022-03-29,0.5999999999999979
300095.XSHE,2022-03-29,2.0799999999999983
600368.XSHG,2022-03-29,0.35999999999999943
603987.XSHG,2022-03-29,1.9699999999999989
300080.XSHE,2022-03-29,0.3699999999999992
002329.XSHE,2022-03-29,0.879999999999999
600152.XSHG,2022-03-29,0.5299999999999976
002037.XSHE,2022-03-29,2.740000000000002
300399.XSHE,2022-03-29,1.370000000000001
300042.XSHE,2022-03-29,1.6199999999999974
600804.XSHG,2022-03-29,1.4699999999999989
600280.XSHG,2022-03-29,1.0299999999999976
002484.XSHE,2022-03-29,7.590000000000003
000799.XSHE,2022-03-29,10.340000000000032
600372.XSHG,2022-03-29,2.75
689009.XSHG,2022-03-29,1.6700000000000017
300634.XSHE,2022-03-29,0.4499999999999993
603115.XSHG,2022-03-29,1.0899999999999999
688661.XSHG,2022-03-29,3.6099999999999994
002807.XSHE,2022-03-29,0.1200000000000001
600560.XSHG,2022-03-29,2.009999999999998
688099.XSHG,2022-03-29,3.6200000000000045
002635.XSHE,2022-03-29,1.6799999999999997
002853.XSHE,2022-03-29,1.5200000000000031
300063.XSHE,2022-03-29,1.0200000000000031
301167.XSHE,2022-03-29,2.6300000000000026
600479.XSHG,2022-03-29,9.930000000000007
000980.XSHE,2022-03-29,0.3200000000000003
300820.XSHE,2022-03-29,5.019999999999996
601188.XSHG,2022-03-29,0.14000000000000012
301050.XSHE,2022-03-29,11.409999999999997
603186.XSHG,2022-03-29,1.0400000000000027
605337.XSHG,2022-03-29,1.8900000000000006
600436.XSHG,2022-03-29,28.420000000000073
002975.XSHE,2022-03-29,3.230000000000004
301023.XSHE,2022-03-29,1.1700000000000017
688511.XSHG,2022-03-29,1.5600000000000023
603939.XSHG,2022-03-29,5.0
603611.XSHG,2022-03-29,1.5600000000000023
000948.XSHE,2022-03-29,1.8999999999999986
688520.XSHG,2022-03-29,1.3800000000000026
603212.XSHG,2022-03-29,1.0
603388.XSHG,2022-03-29,1.0600000000000023
601766.XSHG,2022-03-29,0.08999999999999986
603315.XSHG,2022-03-29,2.5
688265.XSHG,2022-03-29,1.3299999999999983
300365.XSHE,2022-03-29,3.760000000000005
300568.XSHE,2022-03-29,6.990000000000009
601882.XSHG,2022-03-29,0.8299999999999983
603773.XSHG,2022-03-29,0.9600000000000009
600293.XSHG,2022-03-29,0.33999999999999986
000716.XSHE,2022-03-29,1.5
300007.XSHE,2022-03-29,4.109999999999999
600422.XSHG,2022-03-29,14.829999999999998
688350.XSHG,2022-03-29,0.5499999999999972
002410.XSHE,2022-03-29,27.769999999999982
600476.XSHG,2022-03-29,1.4100000000000001
600959.XSHG,2022-03-29,0.08000000000000007
688767.XSHG,2022-03-29,7.719999999999999
300319.XSHE,2022-03-29,4.220000000000013
300713.XSHE,2022-03-29,2.3200000000000003
600510.XSHG,2022-03-29,6.3700000000000045
000050.XSHE,2022-03-29,1.7700000000000102
002493.XSHE,2022-03-29,8.559999999999974
300896.XSHE,2022-03-29,25.120000000000005
600027.XSHG,2022-03-29,0.28000000000000025
600926.XSHG,2022-03-29,0.4399999999999977
300199.XSHE,2022-03-29,9.840000000000003
603906.XSHG,2022-03-29,1.6900000000000048
688108.XSHG,2022-03-29,0.16999999999999993
000004.XSHE,2022-03-29,4.170000000000016
603718.XSHG,2022-03-29,1.0
600156.XSHG,2022-03-29,0.29999999999999893
000663.XSHE,2022-03-29,0.9100000000000001
300960.XSHE,2022-03-29,1.1099999999999994
603203.XSHG,2022-03-29,1.7299999999999969
600900.XSHG,2022-03-29,1.0100000000000051
300115.XSHE,2022-03-29,5.769999999999996
603458.XSHG,2022-03-29,6.200000000000003
300350.XSHE,2022-03-29,0.8000000000000007
002038.XSHE,2022-03-29,7.849999999999994
002579.XSHE,2022-03-29,1.019999999999996
300121.XSHE,2022-03-29,1.0599999999999952
002909.XSHE,2022-03-29,0.3500000000000014
300512.XSHE,2022-03-29,1.0599999999999987
002129.XSHE,2022-03-29,6.390000000000015
688399.XSHG,2022-03-29,11.5
002893.XSHE,2022-03-29,0.5500000000000007
688129.XSHG,2022-03-29,0.4299999999999997
600067.XSHG,2022-03-29,4.480000000000004
300632.XSHE,2022-03-29,0.9700000000000024
002219.XSHE,2022-03-29,1.1400000000000006
002238.XSHE,2022-03-29,0.5500000000000007
600038.XSHG,2022-03-29,6.400000000000006
600809.XSHG,2022-03-29,44.960000000000036
002753.XSHE,2022-03-29,0.6400000000000006
300341.XSHE,2022-03-29,1.1899999999999977
002802.XSHE,2022-03-29,0.8200000000000003
688571.XSHG,2022-03-29,0.20000000000000018
688138.XSHG,2022-03-29,0.47999999999999865
002545.XSHE,2022-03-29,2.719999999999999
603726.XSHG,2022-03-29,1.0999999999999979
603636.XSHG,2022-03-29,3.3200000000000074
600343.XSHG,2022-03-29,0.740000000000002
002718.XSHE,2022-03-29,1.470000000000006
601799.XSHG,2022-03-29,9.25
688018.XSHG,2022-03-29,6.6200000000000045
002056.XSHE,2022-03-29,4.3700000000000045
603356.XSHG,2022-03-29,0.6600000000000001
688217.XSHG,2022-03-29,3.1699999999999946
002132.XSHE,2022-03-29,0.9499999999999993
301052.XSHE,2022-03-29,1.3299999999999983
002320.XSHE,2022-03-29,0.8100000000000023
300755.XSHE,2022-03-29,4.239999999999995
688012.XSHG,2022-03-29,3.299999999999997
600121.XSHG,2022-03-29,0.5899999999999999
688186.XSHG,2022-03-29,1.3699999999999974
000889.XSHE,2022-03-29,0.9899999999999984
603650.XSHG,2022-03-29,2.009999999999998
300005.XSHE,2022-03-29,4.259999999999991
002662.XSHE,2022-03-29,0.5799999999999983
002751.XSHE,2022-03-29,1.3099999999999952
688110.XSHG,2022-03-29,1.9000000000000057
002142.XSHE,2022-03-29,2.8100000000000023
002799.XSHE,2022-03-29,1.1099999999999959
601999.XSHG,2022-03-29,0.1900000000000004
000409.XSHE,2022-03-29,0.6600000000000001
000667.XSHE,2022-03-29,7.93
300660.XSHE,2022-03-29,2.020000000000003
300469.XSHE,2022-03-29,1.3500000000000014
603813.XSHG,2022-03-29,0.4399999999999977
600980.XSHG,2022-03-29,1.0899999999999999
603499.XSHG,2022-03-29,0.5400000000000009
688408.XSHG,2022-03-29,2.480000000000004
688521.XSHG,2022-03-29,2.5
603377.XSHG,2022-03-29,0.39000000000000057
600168.XSHG,2022-03-29,0.28000000000000114
300384.XSHE,2022-03-29,4.269999999999996
603722.XSHG,2022-03-29,3.1400000000000006
603963.XSHG,2022-03-29,1.7600000000000016
301159.XSHE,2022-03-29,3.0900000000000034
000637.XSHE,2022-03-29,3.930000000000007
600864.XSHG,2022-03-29,1.3699999999999974
603936.XSHG,2022-03-29,0.7199999999999989
600271.XSHG,2022-03-29,5.679999999999978
603698.XSHG,2022-03-29,0.389999999999997
300910.XSHE,2022-03-29,2.4499999999999957
600037.XSHG,2022-03-29,1.5399999999999991
002072.XSHE,2022-03-29,0.22000000000000064
601399.XSHG,2022-03-29,0.06000000000000005
688819.XSHG,2022-03-29,0.9100000000000037
301119.XSHE,2022-03-29,1.1700000000000017
600165.XSHG,2022-03-29,1.2899999999999991
002966.XSHE,2022-03-29,0.1899999999999995
605007.XSHG,2022-03-29,0.6099999999999994
600785.XSHG,2022-03-29,1.4000000000000057
601566.XSHG,2022-03-29,0.4800000000000004
603556.XSHG,2022-03-29,0.4299999999999997
300335.XSHE,2022-03-29,0.4599999999999991
600967.XSHG,2022-03-29,1.0
603058.XSHG,2022-03-29,0.75
002383.XSHE,2022-03-29,1.4399999999999977
000430.XSHE,2022-03-29,1.25
600017.XSHG,2022-03-29,0.13000000000000078
300416.XSHE,2022-03-29,4.329999999999998
002138.XSHE,2022-03-29,7.579999999999984
600227.XSHG,2022-03-29,2.4800000000000004
601228.XSHG,2022-03-29,0.040000000000000036
300796.XSHE,2022-03-29,1.120000000000001
002406.XSHE,2022-03-29,0.5100000000000016
688070.XSHG,2022-03-29,0.870000000000001
688126.XSHG,2022-03-29,1.0899999999999999
300278.XSHE,2022-03-29,0.39000000000000057
600380.XSHG,2022-03-29,4.170000000000016
002321.XSHE,2022-03-29,0.07000000000000028
001296.XSHE,2022-03-29,0.8999999999999986
000729.XSHE,2022-03-29,0.9100000000000037
002742.XSHE,2022-03-29,0.8000000000000007
300368.XSHE,2022-03-29,2.5200000000000102
300562.XSHE,2022-03-29,1.5999999999999943
300988.XSHE,2022-03-29,4.549999999999997
603630.XSHG,2022-03-29,0.6500000000000021
603877.XSHG,2022-03-29,1.0899999999999999
300623.XSHE,2022-03-29,6.4199999999999875
688059.XSHG,2022-03-29,3.6099999999999994
300556.XSHE,2022-03-29,2.080000000000002
688216.XSHG,2022-03-29,2.049999999999997
603008.XSHG,2022-03-29,2.720000000000006
002035.XSHE,2022-03-29,2.319999999999993
002443.XSHE,2022-03-29,1.0499999999999972
603998.XSHG,2022-03-29,1.7100000000000009
002840.XSHE,2022-03-29,3.469999999999999
600580.XSHG,2022-03-29,3.780000000000001
300601.XSHE,2022-03-29,8.929999999999978
600523.XSHG,2022-03-29,2.6799999999999997
300342.XSHE,2022-03-29,1.7899999999999991
605189.XSHG,2022-03-29,0.8000000000000007
688621.XSHG,2022-03-29,3.3699999999999903
002542.XSHE,2022-03-29,2.269999999999996
300560.XSHE,2022-03-29,2.6700000000000017
002067.XSHE,2022-03-29,0.28000000000000114
300083.XSHE,2022-03-29,3.549999999999997
600825.XSHG,2022-03-29,1.3800000000000026
002505.XSHE,2022-03-29,2.8900000000000006
601069.XSHG,2022-03-29,0.45000000000000107
000957.XSHE,2022-03-29,0.8200000000000003
000026.XSHE,2022-03-29,2.1700000000000017
000608.XSHE,2022-03-29,3.010000000000005
300293.XSHE,2022-03-29,1.9500000000000028
300736.XSHE,2022-03-29,0.7100000000000009
002829.XSHE,2022-03-29,4.25
301111.XSHE,2022-03-29,5.799999999999997
300034.XSHE,2022-03-29,9.050000000000011
603685.XSHG,2022-03-29,0.28999999999999915
000617.XSHE,2022-03-29,0.5900000000000034
603118.XSHG,2022-03-29,0.6099999999999994
600919.XSHG,2022-03-29,0.21000000000000085
601258.XSHG,2022-03-29,0.14999999999999947
002102.XSHE,2022-03-29,0.8299999999999983
301040.XSHE,2022-03-29,2.1999999999999993
000826.XSHE,2022-03-29,1.0
000573.XSHE,2022-03-29,2.3599999999999994
600079.XSHG,2022-03-29,4.449999999999989
603955.XSHG,2022-03-29,1.0799999999999983
002184.XSHE,2022-03-29,1.4400000000000048
002123.XSHE,2022-03-29,3.8200000000000074
300577.XSHE,2022-03-29,1.9299999999999997
688227.XSHG,2022-03-29,0.5999999999999979
600397.XSHG,2022-03-29,0.6099999999999994
601208.XSHG,2022-03-29,1.9500000000000028
688359.XSHG,2022-03-29,1.6599999999999966
603738.XSHG,2022-03-29,7.150000000000006
300478.XSHE,2022-03-29,0.9499999999999993
002929.XSHE,2022-03-29,1.0799999999999983
301072.XSHE,2022-03-29,1.4200000000000017
002262.XSHE,2022-03-29,2.5700000000000074
600918.XSHG,2022-03-29,0.22000000000000064
000635.XSHE,2022-03-29,3.5400000000000063
600196.XSHG,2022-03-29,77.17000000000007
600603.XSHG,2022-03-29,29.57000000000005
603919.XSHG,2022-03-29,1.480000000000004
000545.XSHE,2022-03-29,0.0
002161.XSHE,2022-03-29,2.4599999999999937
605011.XSHG,2022-03-29,1.1099999999999994
002647.XSHE,2022-03-29,0.6899999999999977
600230.XSHG,2022-03-29,1.3299999999999983
300790.XSHE,2022-03-29,3.0500000000000043
600463.XSHG,2022-03-29,0.9400000000000013
601216.XSHG,2022-03-29,1.2000000000000028
603027.XSHG,2022-03-29,2.5700000000000074
600936.XSHG,2022-03-29,0.1499999999999999
002115.XSHE,2022-03-29,0.8099999999999987
300624.XSHE,2022-03-29,5.640000000000001
600660.XSHG,2022-03-29,31.279999999999745
002215.XSHE,2022-03-29,3.0600000000000023
600488.XSHG,2022-03-29,0.7099999999999937
600261.XSHG,2022-03-29,1.25
002927.XSHE,2022-03-29,1.129999999999999
600071.XSHG,2022-03-29,9.100000000000023
003022.XSHE,2022-03-29,1.2100000000000009
300694.XSHE,2022-03-29,0.5499999999999989
600137.XSHG,2022-03-29,1.3500000000000014
600587.XSHG,2022-03-29,7.199999999999989
600787.XSHG,2022-03-29,4.659999999999997
600516.XSHG,2022-03-29,2.930000000000007
300167.XSHE,2022-03-29,3.0700000000000003
002217.XSHE,2022-03-29,0.5700000000000003
300326.XSHE,2022-03-29,1.9000000000000057
002897.XSHE,2022-03-29,2.509999999999998
603486.XSHG,2022-03-29,8.359999999999985
688207.XSHG,2022-03-29,1.75
688718.XSHG,2022-03-29,1.0199999999999996
300215.XSHE,2022-03-29,3.390000000000015
601010.XSHG,2022-03-29,0.28999999999999915
603665.XSHG,2022-03-29,2.75
300105.XSHE,2022-03-29,1.4600000000000009
002314.XSHE,2022-03-29,0.3099999999999987
002562.XSHE,2022-03-29,0.75
002997.XSHE,2022-03-29,0.8100000000000023
301158.XSHE,2022-03-29,1.3200000000000003
000519.XSHE,2022-03-29,10.420000000000016
600640.XSHG,2022-03-29,2.9799999999999898
601880.XSHG,2022-03-29,0.08000000000000007
600928.XSHG,2022-03-29,0.07999999999999918
002998.XSHE,2022-03-29,0.21999999999999975
688105.XSHG,2022-03-29,4.6299999999999955
000705.XSHE,2022-03-29,3.8900000000000006
688230.XSHG,2022-03-29,4.359999999999999
301018.XSHE,2022-03-29,1.0199999999999996
300134.XSHE,2022-03-29,1.4299999999999997
002693.XSHE,2022-03-29,0.4200000000000017
002907.XSHE,2022-03-29,1.1499999999999986
600183.XSHG,2022-03-29,7.0
601127.XSHG,2022-03-29,2.1699999999999946
002499.XSHE,2022-03-29,0.3800000000000008
000011.XSHE,2022-03-29,1.2100000000000009
002148.XSHE,2022-03-29,2.1999999999999957
002012.XSHE,2022-03-29,0.7800000000000011
688276.XSHG,2022-03-29,1.6500000000000057
688312.XSHG,2022-03-29,0.879999999999999
600590.XSHG,2022-03-29,0.490000000000002
301019.XSHE,2022-03-29,4.5
603028.XSHG,2022-03-29,0.39000000000000057
605399.XSHG,2022-03-29,1.4600000000000009
002737.XSHE,2022-03-29,3.680000000000007
688305.XSHG,2022-03-29,4.989999999999995
603860.XSHG,2022-03-29,1.3599999999999994
002078.XSHE,2022-03-29,1.5499999999999972
002407.XSHE,2022-03-29,8.47999999999999
000965.XSHE,2022-03-29,1.5899999999999999
300409.XSHE,2022-03-29,2.75
002234.XSHE,2022-03-29,1.6099999999999994
002319.XSHE,2022-03-29,0.3500000000000014
002605.XSHE,2022-03-29,6.340000000000003
300329.XSHE,2022-03-29,1.490000000000002
600419.XSHG,2022-03-29,2.3299999999999983
300297.XSHE,2022-03-29,0.629999999999999
300389.XSHE,2022-03-29,1.7800000000000011
605098.XSHG,2022-03-29,1.3099999999999952
600791.XSHG,2022-03-29,2.789999999999999
688555.XSHG,2022-03-29,0.6600000000000001
002204.XSHE,2022-03-29,0.629999999999999
002575.XSHE,2022-03-29,0.7199999999999989
002822.XSHE,2022-03-29,0.7299999999999986
601101.XSHG,2022-03-29,1.3799999999999955
002429.XSHE,2022-03-29,0.8000000000000043
603103.XSHG,2022-03-29,0.490000000000002
000723.XSHE,2022-03-29,2.8100000000000023
002356.XSHE,2022-03-29,1.370000000000001
301016.XSHE,2022-03-29,0.6400000000000006
600740.XSHG,2022-03-29,2.280000000000001
603608.XSHG,2022-03-29,0.33000000000000007
603693.XSHG,2022-03-29,0.8800000000000026
605580.XSHG,2022-03-29,0.4499999999999993
300807.XSHE,2022-03-29,1.5199999999999996
688560.XSHG,2022-03-29,0.8900000000000041
002337.XSHE,2022-03-29,0.41999999999999815
300418.XSHE,2022-03-29,2.700000000000003
000972.XSHE,2022-03-29,0.41999999999999993
000626.XSHE,2022-03-29,19.78
300792.XSHE,2022-03-29,10.629999999999995
000926.XSHE,2022-03-29,0.5600000000000023
300113.XSHE,2022-03-29,3.2600000000000193
603259.XSHG,2022-03-29,8.279999999999973
688112.XSHG,2022-03-29,1.4099999999999966
000568.XSHE,2022-03-29,167.03000000000065
000859.XSHE,2022-03-29,1.3999999999999986
603167.XSHG,2022-03-29,0.21000000000000085
002637.XSHE,2022-03-29,4.180000000000007
600667.XSHG,2022-03-29,0.990000000000002
002736.XSHE,2022-03-29,0.13000000000000078
002416.XSHE,2022-03-29,0.9600000000000009
688179.XSHG,2022-03-29,2.1799999999999997
002014.XSHE,2022-03-29,1.7099999999999937
300699.XSHE,2022-03-29,3.6099999999999994
000833.XSHE,2022-03-29,1.3600000000000012
002700.XSHE,2022-03-29,0.4200000000000017
300036.XSHE,2022-03-29,7.299999999999997
002403.XSHE,2022-03-29,0.16999999999999993
600421.XSHG,2022-03-29,0.860000000000003
002868.XSHE,2022-03-29,0.46999999999999886
300895.XSHE,2022-03-29,2.509999999999998
600776.XSHG,2022-03-29,4.550000000000004
601956.XSHG,2022-03-29,0.25
300731.XSHE,2022-03-29,0.870000000000001
301128.XSHE,2022-03-29,1.3799999999999955
001219.XSHE,2022-03-29,1.2300000000000004
000953.XSHE,2022-03-29,1.7699999999999996
002661.XSHE,2022-03-29,1.6400000000000006
601222.XSHG,2022-03-29,1.6500000000000057
300905.XSHE,2022-03-29,1.3399999999999963
002652.XSHE,2022-03-29,0.6600000000000001
300357.XSHE,2022-03-29,5.210000000000008
300822.XSHE,2022-03-29,0.9800000000000004
002155.XSHE,2022-03-29,0.6999999999999993
000507.XSHE,2022-03-29,0.6000000000000014
688517.XSHG,2022-03-29,0.48999999999999844
600973.XSHG,2022-03-29,1.3300000000000054
300047.XSHE,2022-03-29,1.25
002409.XSHE,2022-03-29,9.730000000000018
300415.XSHE,2022-03-29,1.9600000000000009
600826.XSHG,2022-03-29,1.1199999999999974
605066.XSHG,2022-03-29,0.19000000000000128
688106.XSHG,2022-03-29,0.620000000000001
600377.XSHG,2022-03-29,0.370000000000001
603298.XSHG,2022-03-29,0.40000000000000213
002335.XSHE,2022-03-29,5.980000000000018
003017.XSHE,2022-03-29,1.8299999999999983
600241.XSHG,2022-03-29,0.6999999999999993
601969.XSHG,2022-03-29,0.33000000000000007
002494.XSHE,2022-03-29,0.3200000000000003
688065.XSHG,2022-03-29,2.5900000000000034
601166.XSHG,2022-03-29,1.3000000000000114
600679.XSHG,2022-03-29,0.5300000000000011
603535.XSHG,2022-03-29,1.5100000000000016
600822.XSHG,2022-03-29,0.9000000000000021
603697.XSHG,2022-03-29,0.4499999999999993
300111.XSHE,2022-03-29,0.5600000000000005
002918.XSHE,2022-03-29,2.1099999999999994
000531.XSHE,2022-03-29,2.6199999999999903
605138.XSHG,2022-03-29,0.2699999999999996
603187.XSHG,2022-03-29,3.280000000000001
002297.XSHE,2022-03-29,0.8999999999999986
300029.XSHE,2022-03-29,0.21999999999999975
603703.XSHG,2022-03-29,2.5
000897.XSHE,2022-03-29,1.1400000000000006
301222.XSHE,2022-03-29,1.7800000000000011
300255.XSHE,2022-03-29,2.759999999999998
300800.XSHE,2022-03-29,1.730000000000004
001267.XSHE,2022-03-29,0.16999999999999993
002197.XSHE,2022-03-29,2.1699999999999946
300013.XSHE,2022-03-29,0.6900000000000013
605566.XSHG,2022-03-29,0.6700000000000017
300275.XSHE,2022-03-29,2.460000000000001
688028.XSHG,2022-03-29,2.0
688516.XSHG,2022-03-29,11.939999999999998
000530.XSHE,2022-03-29,3.9399999999999977
603501.XSHG,2022-03-29,9.819999999999993
002630.XSHE,2022-03-29,0.5299999999999994
000534.XSHE,2022-03-29,3.260000000000005
688367.XSHG,2022-03-29,0.5500000000000007
605365.XSHG,2022-03-29,0.4299999999999997
300211.XSHE,2022-03-29,3.010000000000005
688198.XSHG,2022-03-29,6.680000000000007
600549.XSHG,2022-03-29,6.530000000000001
002139.XSHE,2022-03-29,6.400000000000006
600015.XSHG,2022-03-29,0.25
002611.XSHE,2022-03-29,0.6899999999999977
002328.XSHE,2022-03-29,0.34999999999999964
002354.XSHE,2022-03-29,0.6600000000000001
002436.XSHE,2022-03-29,5.409999999999997
600117.XSHG,2022-03-29,0.25
300766.XSHE,2022-03-29,0.6699999999999999
300442.XSHE,2022-03-29,0.990000000000002
301001.XSHE,2022-03-29,2.469999999999999
688020.XSHG,2022-03-29,2.0500000000000043
000862.XSHE,2022-03-29,1.4199999999999982
002968.XSHE,2022-03-29,4.490000000000009
300531.XSHE,2022-03-29,2.3299999999999983
600340.XSHG,2022-03-29,11.22999999999999
600781.XSHG,2022-03-29,0.15000000000000036
601877.XSHG,2022-03-29,3.8599999999999994
002891.XSHE,2022-03-29,1.4699999999999989
603126.XSHG,2022-03-29,0.4299999999999997
688159.XSHG,2022-03-29,1.2300000000000004
688060.XSHG,2022-03-29,2.289999999999999
603883.XSHG,2022-03-29,1.740000000000002
300690.XSHE,2022-03-29,2.009999999999998
002988.XSHE,2022-03-29,0.9699999999999989
002485.XSHE,2022-03-29,0.3899999999999988
000633.XSHE,2022-03-29,1.3399999999999963
000813.XSHE,2022-03-29,0.4599999999999991
300321.XSHE,2022-03-29,1.3799999999999955
603030.XSHG,2022-03-29,0.4599999999999991
300154.XSHE,2022-03-29,0.9100000000000037
002801.XSHE,2022-03-29,3.549999999999997
300891.XSHE,2022-03-29,0.6500000000000004
300853.XSHE,2022-03-29,2.969999999999999
605499.XSHG,2022-03-29,4.0400000000000205
002173.XSHE,2022-03-29,2.129999999999999
000572.XSHE,2022-03-29,2.370000000000001
000767.XSHE,2022-03-29,1.2000000000000028
300079.XSHE,2022-03-29,3.5200000000000102
000563.XSHE,2022-03-29,0.6999999999999957
000671.XSHE,2022-03-29,15.620000000000005
300837.XSHE,2022-03-29,1.8900000000000006
603021.XSHG,2022-03-29,0.4800000000000004
300823.XSHE,2022-03-29,1.2399999999999984
002786.XSHE,2022-03-29,0.6600000000000001
002022.XSHE,2022-03-29,11.939999999999998
300921.XSHE,2022-03-29,1.8300000000000054
000886.XSHE,2022-03-29,0.2400000000000002
600130.XSHG,2022-03-29,0.5999999999999979
600355.XSHG,2022-03-29,0.870000000000001
600988.XSHG,2022-03-29,3.710000000000008
000679.XSHE,2022-03-29,0.5300000000000011
300214.XSHE,2022-03-29,0.629999999999999
300391.XSHE,2022-03-29,3.0600000000000023
002771.XSHE,2022-03-29,1.0599999999999987
002980.XSHE,2022-03-29,2.8699999999999974
300913.XSHE,2022-03-29,1.0500000000000007
002408.XSHE,2022-03-29,1.2299999999999898
002120.XSHE,2022-03-29,4.740000000000009
002705.XSHE,2022-03-29,2.1200000000000045
002391.XSHE,2022-03-29,1.509999999999998
002267.XSHE,2022-03-29,0.240000000000002
002592.XSHE,2022-03-29,0.35999999999999943
002967.XSHE,2022-03-29,0.9899999999999984
000505.XSHE,2022-03-29,2.1199999999999974
300158.XSHE,2022-03-29,5.739999999999995
600868.XSHG,2022-03-29,1.4399999999999977
601606.XSHG,2022-03-29,0.1899999999999995
002898.XSHE,2022-03-29,1.2799999999999994
002501.XSHE,2022-03-29,0.15000000000000036
605111.XSHG,2022-03-29,19.44999999999999
300358.XSHE,2022-03-29,4.579999999999998
003025.XSHE,2022-03-29,2.480000000000004
300476.XSHE,2022-03-29,3.819999999999993
603323.XSHG,2022-03-29,0.16999999999999904
601798.XSHG,2022-03-29,0.33999999999999986
300227.XSHE,2022-03-29,1.4899999999999949
300198.XSHE,2022-03-29,1.3299999999999983
600470.XSHG,2022-03-29,1.8099999999999987
688585.XSHG,2022-03-29,0.5999999999999996
603833.XSHG,2022-03-29,6.769999999999982
300808.XSHE,2022-03-29,0.9299999999999997
300206.XSHE,2022-03-29,2.75
688658.XSHG,2022-03-29,0.5100000000000016
300330.XSHE,2022-03-29,1.3699999999999974
000516.XSHE,2022-03-29,15.080000000000041
300966.XSHE,2022-03-29,2.25
688026.XSHG,2022-03-29,1.8399999999999963
002251.XSHE,2022-03-29,0.48999999999999844
600562.XSHG,2022-03-29,4.200000000000003
002389.XSHE,2022-03-29,4.519999999999996
002683.XSHE,2022-03-29,2.3900000000000006
300507.XSHE,2022-03-29,2.490000000000002
300817.XSHE,2022-03-29,1.0700000000000003
002882.XSHE,2022-03-29,0.3500000000000014
300670.XSHE,2022-03-29,0.8200000000000003
600530.XSHG,2022-03-29,2.8200000000000003
300232.XSHE,2022-03-29,2.319999999999993
002658.XSHE,2022-03-29,1.1599999999999966
002304.XSHE,2022-03-29,13.269999999999982
300274.XSHE,2022-03-29,25.460000000000036
603790.XSHG,2022-03-29,0.3100000000000005
600532.XSHG,2022-03-29,0.6299999999999955
688639.XSHG,2022-03-29,2.6099999999999994
000672.XSHE,2022-03-29,3.7700000000000102
301106.XSHE,2022-03-29,1.7999999999999972
688358.XSHG,2022-03-29,0.7899999999999991
000973.XSHE,2022-03-29,0.620000000000001
002330.XSHE,2022-03-29,1.5599999999999987
002648.XSHE,2022-03-29,5.640000000000015
603489.XSHG,2022-03-29,3.960000000000008
688202.XSHG,2022-03-29,16.269999999999982
000070.XSHE,2022-03-29,0.4200000000000017
000825.XSHE,2022-03-29,2.259999999999998
300279.XSHE,2022-03-29,3.0700000000000003
300588.XSHE,2022-03-29,0.8999999999999986
603122.XSHG,2022-03-29,2.5699999999999967
688559.XSHG,2022-03-29,3.1299999999999955
601339.XSHG,2022-03-29,0.34999999999999964
002243.XSHE,2022-03-29,0.9299999999999997
600582.XSHG,2022-03-29,10.590000000000003
002358.XSHE,2022-03-29,0.5100000000000016
600795.XSHG,2022-03-29,16.25999999999999
601139.XSHG,2022-03-29,0.3999999999999986
300124.XSHE,2022-03-29,36.450000000000045
601111.XSHG,2022-03-29,0.3699999999999992
605077.XSHG,2022-03-29,1.1500000000000057
301155.XSHE,2022-03-29,3.75
300618.XSHE,2022-03-29,3.1299999999999955
601012.XSHG,2022-03-29,58.59000000000003
002133.XSHE,2022-03-29,0.4400000000000013
300502.XSHE,2022-03-29,8.02000000000001
603311.XSHG,2022-03-29,0.4800000000000004
300907.XSHE,2022-03-29,1.5199999999999996
002836.XSHE,2022-03-29,0.9800000000000004
300061.XSHE,2022-03-29,1.990000000000002
600893.XSHG,2022-03-29,9.519999999999982
000702.XSHE,2022-03-29,0.8899999999999988
600557.XSHG,2022-03-29,9.439999999999998
002932.XSHE,2022-03-29,9.469999999999999
000695.XSHE,2022-03-29,0.6400000000000006
000040.XSHE,2022-03-29,0.27999999999999936
000793.XSHE,2022-03-29,0.779999999999994
688768.XSHG,2022-03-29,2.1499999999999915
300318.XSHE,2022-03-29,2.1899999999999977
002208.XSHE,2022-03-29,5.850000000000001
300776.XSHE,2022-03-29,16.379999999999995
300483.XSHE,2022-03-29,0.870000000000001
600000.XSHG,2022-03-29,0.8500000000000085
000796.XSHE,2022-03-29,2.3700000000000045
003012.XSHE,2022-03-29,0.3100000000000005
300740.XSHE,2022-03-29,1.6199999999999974
688777.XSHG,2022-03-29,3.3500000000000085
300245.XSHE,2022-03-29,2.6099999999999994
301166.XSHE,2022-03-29,5.180000000000007
600518.XSHG,2022-03-29,2.410000000000011
600026.XSHG,2022-03-29,1.2400000000000002
002380.XSHE,2022-03-29,1.3299999999999983
688011.XSHG,2022-03-29,0.7300000000000004
001696.XSHE,2022-03-29,3.0700000000000216
300514.XSHE,2022-03-29,0.879999999999999
002622.XSHE,2022-03-29,1.9100000000000001
603444.XSHG,2022-03-29,11.45999999999998
300812.XSHE,2022-03-29,1.1600000000000001
002901.XSHE,2022-03-29,0.9699999999999989
002374.XSHE,2022-03-29,1.990000000000002
300125.XSHE,2022-03-29,1.2800000000000011
300270.XSHE,2022-03-29,1.5399999999999991
301236.XSHE,2022-03-29,2.8200000000000003
688551.XSHG,2022-03-29,2.759999999999998
603890.XSHG,2022-03-29,0.870000000000001
002861.XSHE,2022-03-29,0.5299999999999976
002164.XSHE,2022-03-29,0.6000000000000014
300309.XSHE,2022-03-29,0.7300000000000004
600491.XSHG,2022-03-29,3.9199999999999946
002724.XSHE,2022-03-29,1.0300000000000011
300102.XSHE,2022-03-29,2.1099999999999994
600173.XSHG,2022-03-29,0.4900000000000002
600231.XSHG,2022-03-29,0.4400000000000013
688328.XSHG,2022-03-29,1.0599999999999987
301182.XSHE,2022-03-29,1.4499999999999993
300254.XSHE,2022-03-29,0.7999999999999989
600223.XSHG,2022-03-29,0.6799999999999997
000659.XSHE,2022-03-29,1.5200000000000031
603689.XSHG,2022-03-29,0.11999999999999922
000785.XSHE,2022-03-29,0.6499999999999986
300978.XSHE,2022-03-29,0.6699999999999982
688310.XSHG,2022-03-29,1.4600000000000009
301003.XSHE,2022-03-29,6.259999999999998
600221.XSHG,2022-03-29,0.08999999999999986
002741.XSHE,2022-03-29,1.009999999999998
000036.XSHE,2022-03-29,0.8399999999999963
300825.XSHE,2022-03-29,1.5500000000000007
600225.XSHG,2022-03-29,0.1299999999999999
003027.XSHE,2022-03-29,1.0399999999999991
300140.XSHE,2022-03-29,0.7899999999999991
002813.XSHE,2022-03-29,1.5599999999999987
600605.XSHG,2022-03-29,14.460000000000036
600234.XSHG,2022-03-29,0.759999999999998
002068.XSHE,2022-03-29,3.5799999999999983
000595.XSHE,2022-03-29,0.5599999999999987
000858.XSHE,2022-03-29,85.38000000000011
688277.XSHG,2022-03-29,0.8400000000000016
603881.XSHG,2022-03-29,2.3200000000000003
002808.XSHE,2022-03-29,0.5500000000000007
301110.XSHE,2022-03-29,4.780000000000001
600222.XSHG,2022-03-29,2.8599999999999994
600671.XSHG,2022-03-29,1.6400000000000006
688425.XSHG,2022-03-29,0.0600000000000005
688561.XSHG,2022-03-29,1.5399999999999991
605069.XSHG,2022-03-29,0.7099999999999973
000761.XSHE,2022-03-29,0.16000000000000014
603025.XSHG,2022-03-29,1.3800000000000026
300307.XSHE,2022-03-29,0.4399999999999995
603029.XSHG,2022-03-29,1.2600000000000016
002086.XSHE,2022-03-29,0.6099999999999994
300236.XSHE,2022-03-29,3.780000000000001
600619.XSHG,2022-03-29,9.560000000000002
605305.XSHG,2022-03-29,2.770000000000003
600004.XSHG,2022-03-29,1.0299999999999976
688595.XSHG,2022-03-29,3.719999999999999
600141.XSHG,2022-03-29,8.939999999999998
000639.XSHE,2022-03-29,8.180000000000007
600981.XSHG,2022-03-29,0.75
002230.XSHE,2022-03-29,10.0
600503.XSHG,2022-03-29,0.2400000000000002
603006.XSHG,2022-03-29,0.759999999999998
600091.XSHG,2022-03-29,0.2799999999999998
301193.XSHE,2022-03-29,1.0
300757.XSHE,2022-03-29,2.239999999999995
300995.XSHE,2022-03-29,1.7199999999999989
300888.XSHE,2022-03-29,2.819999999999993
300273.XSHE,2022-03-29,1.4000000000000021
000525.XSHE,2022-03-29,3.960000000000008
300778.XSHE,2022-03-29,1.2300000000000004
300413.XSHE,2022-03-29,1.5
300491.XSHE,2022-03-29,1.0500000000000007
300650.XSHE,2022-03-29,2.3599999999999994
603041.XSHG,2022-03-29,0.3500000000000014
603908.XSHG,2022-03-29,1.1700000000000017
600346.XSHG,2022-03-29,7.159999999999997
300819.XSHE,2022-03-29,1.1499999999999986
300504.XSHE,2022-03-29,0.6099999999999994
001217.XSHE,2022-03-29,0.9399999999999995
600879.XSHG,2022-03-29,6.2099999999999795
002733.XSHE,2022-03-29,1.6700000000000017
002957.XSHE,2022-03-29,0.5699999999999985
600239.XSHG,2022-03-29,1.5300000000000011
003009.XSHE,2022-03-29,1.3099999999999952
000407.XSHE,2022-03-29,1.2199999999999989
300840.XSHE,2022-03-29,0.34999999999999964
300884.XSHE,2022-03-29,0.8499999999999979
000717.XSHE,2022-03-29,0.41000000000000014
600189.XSHG,2022-03-29,0.990000000000002
000925.XSHE,2022-03-29,3.020000000000003
300101.XSHE,2022-03-29,4.3300000000000125
002557.XSHE,2022-03-29,6.859999999999985
002633.XSHE,2022-03-29,0.7000000000000011
600643.XSHG,2022-03-29,0.9500000000000028
688285.XSHG,2022-03-29,0.15000000000000036
601016.XSHG,2022-03-29,0.27999999999999936
002508.XSHE,2022-03-29,11.370000000000005
600638.XSHG,2022-03-29,3.9000000000000057
600675.XSHG,2022-03-29,8.200000000000017
600666.XSHG,2022-03-29,0.379999999999999
603439.XSHG,2022-03-29,1.6400000000000006
000652.XSHE,2022-03-29,4.97999999999999
000333.XSHE,2022-03-29,8.389999999999986
002021.XSHE,2022-03-29,0.3699999999999992
605398.XSHG,2022-03-29,1.6899999999999977
000423.XSHE,2022-03-29,11.089999999999975
002691.XSHE,2022-03-29,0.41000000000000014
600052.XSHG,2022-03-29,0.9800000000000004
600337.XSHG,2022-03-29,1.3800000000000026
600298.XSHG,2022-03-29,14.669999999999959
300791.XSHE,2022-03-29,4.310000000000002
600496.XSHG,2022-03-29,2.5899999999999963
002299.XSHE,2022-03-29,1.6799999999999997
300527.XSHE,2022-03-29,0.5399999999999991
600176.XSHG,2022-03-29,3.8100000000000023
601199.XSHG,2022-03-29,0.9699999999999989
300958.XSHE,2022-03-29,0.8900000000000006
002669.XSHE,2022-03-29,1.6099999999999994
301009.XSHE,2022-03-29,1.0500000000000007
002016.XSHE,2022-03-29,4.579999999999998
600235.XSHG,2022-03-29,0.3500000000000014
300190.XSHE,2022-03-29,1.470000000000006
600060.XSHG,2022-03-29,2.5
002539.XSHE,2022-03-29,6.650000000000006
003029.XSHE,2022-03-29,0.6499999999999986
000681.XSHE,2022-03-29,3.6099999999999994
300797.XSHE,2022-03-29,0.39000000000000057
300912.XSHE,2022-03-29,0.8800000000000026
600559.XSHG,2022-03-29,4.090000000000003
000539.XSHE,2022-03-29,1.3299999999999983
600927.XSHG,2022-03-29,0.8399999999999999
600725.XSHG,2022-03-29,0.8999999999999986
688169.XSHG,2022-03-29,19.24000000000001
000911.XSHE,2022-03-29,1.8099999999999987
688258.XSHG,2022-03-29,1.4200000000000017
601933.XSHG,2022-03-29,1.3700000000000045
300381.XSHE,2022-03-29,1.8700000000000045
000420.XSHE,2022-03-29,1.769999999999996
603110.XSHG,2022-03-29,2.200000000000003
603037.XSHG,2022-03-29,0.6499999999999986
300962.XSHE,2022-03-29,1.1400000000000006
600508.XSHG,2022-03-29,0.6899999999999977
300877.XSHE,2022-03-29,0.990000000000002
605020.XSHG,2022-03-29,0.6499999999999986
603016.XSHG,2022-03-29,0.36999999999999744
002728.XSHE,2022-03-29,2.0700000000000003
603219.XSHG,2022-03-29,0.7299999999999969
603290.XSHG,2022-03-29,18.25999999999999
300363.XSHE,2022-03-29,19.079999999999984
600113.XSHG,2022-03-29,1.4499999999999957
600848.XSHG,2022-03-29,0.6400000000000006
603227.XSHG,2022-03-29,0.3000000000000007
002672.XSHE,2022-03-29,1.0500000000000043
002426.XSHE,2022-03-29,0.3200000000000003
600604.XSHG,2022-03-29,12.639999999999986
603668.XSHG,2022-03-29,1.6300000000000026
300220.XSHE,2022-03-29,7.699999999999989
002946.XSHE,2022-03-29,0.3999999999999986
002800.XSHE,2022-03-29,1.3100000000000023
300959.XSHE,2022-03-29,1.1000000000000014
000029.XSHE,2022-03-29,0.4399999999999977
605086.XSHG,2022-03-29,0.5500000000000007
688630.XSHG,2022-03-29,4.140000000000001
000518.XSHE,2022-03-29,1.259999999999998
600824.XSHG,2022-03-29,2.6300000000000097
603991.XSHG,2022-03-29,1.1599999999999966
000961.XSHE,2022-03-29,1.5100000000000016
603003.XSHG,2022-03-29,0.25
688091.XSHG,2022-03-29,1.2899999999999991
300222.XSHE,2022-03-29,2.6199999999999974
605056.XSHG,2022-03-29,1.040000000000001
300724.XSHE,2022-03-29,3.3699999999999903
605186.XSHG,2022-03-29,1.5899999999999999
002689.XSHE,2022-03-29,0.48999999999999844
600526.XSHG,2022-03-29,0.5800000000000018
601678.XSHG,2022-03-29,0.5899999999999999
603229.XSHG,2022-03-29,5.569999999999993
300390.XSHE,2022-03-29,21.860000000000014
300336.XSHE,2022-03-29,0.6799999999999997
002890.XSHE,2022-03-29,0.6400000000000006
688007.XSHG,2022-03-29,0.629999999999999
002828.XSHE,2022-03-29,0.45000000000000107
603979.XSHG,2022-03-29,0.8800000000000026
601336.XSHG,2022-03-29,0.75
000007.XSHE,2022-03-29,1.2000000000000028
002293.XSHE,2022-03-29,1.75
002999.XSHE,2022-03-29,1.0200000000000014
300441.XSHE,2022-03-29,2.6199999999999974
688633.XSHG,2022-03-29,1.6999999999999957
688068.XSHG,2022-03-29,10.129999999999995
300685.XSHE,2022-03-29,5.27000000000001
000421.XSHE,2022-03-29,1.019999999999996
300841.XSHE,2022-03-29,8.29000000000002
688665.XSHG,2022-03-29,9.439999999999998
002396.XSHE,2022-03-29,2.769999999999996
300073.XSHE,2022-03-29,7.399999999999977
002936.XSHE,2022-03-29,0.040000000000000036
300272.XSHE,2022-03-29,2.469999999999999
601156.XSHG,2022-03-29,0.40000000000000213
300343.XSHE,2022-03-29,5.109999999999985
600020.XSHG,2022-03-29,0.25
002756.XSHE,2022-03-29,14.439999999999998
603708.XSHG,2022-03-29,0.6499999999999986
001202.XSHE,2022-03-29,0.7800000000000011
300082.XSHE,2022-03-29,2.9599999999999937
002769.XSHE,2022-03-29,0.8699999999999974
600608.XSHG,2022-03-29,21.340000000000032
002040.XSHE,2022-03-29,0.4800000000000004
601878.XSHG,2022-03-29,0.23999999999999844
605208.XSHG,2022-03-29,0.5600000000000023
002550.XSHE,2022-03-29,2.75
603059.XSHG,2022-03-29,0.7199999999999989
603528.XSHG,2022-03-29,0.370000000000001
301118.XSHE,2022-03-29,2.779999999999994
688076.XSHG,2022-03-29,2.990000000000002
300247.XSHE,2022-03-29,0.9499999999999993
600803.XSHG,2022-03-29,4.650000000000006
688071.XSHG,2022-03-29,2.8999999999999986
300144.XSHE,2022-03-29,7.889999999999986
600616.XSHG,2022-03-29,68.17000000000007
000048.XSHE,2022-03-29,12.22999999999999
600960.XSHG,2022-03-29,0.3600000000000012
603068.XSHG,2022-03-29,1.7999999999999972
600572.XSHG,2022-03-29,3.9399999999999977
688282.XSHG,2022-03-29,1.759999999999998
600375.XSHG,2022-03-29,1.6499999999999986
688500.XSHG,2022-03-29,0.8900000000000006
300850.XSHE,2022-03-29,9.190000000000026
600594.XSHG,2022-03-29,6.25
300676.XSHE,2022-03-29,2.950000000000003
600096.XSHG,2022-03-29,6.470000000000006
000819.XSHE,2022-03-29,4.299999999999997
688288.XSHG,2022-03-29,1.2899999999999991
603216.XSHG,2022-03-29,0.8999999999999986
002141.XSHE,2022-03-29,1.5300000000000011
003816.XSHE,2022-03-29,0.06000000000000005
600955.XSHG,2022-03-29,0.759999999999998
688660.XSHG,2022-03-29,0.3200000000000003
600213.XSHG,2022-03-29,0.4800000000000004
605100.XSHG,2022-03-29,1.0
002703.XSHE,2022-03-29,0.5399999999999991
301188.XSHE,2022-03-29,1.0800000000000018
301063.XSHE,2022-03-29,1.6099999999999994
603897.XSHG,2022-03-29,1.5599999999999952
300814.XSHE,2022-03-29,0.740000000000002
600546.XSHG,2022-03-29,7.230000000000004
300263.XSHE,2022-03-29,2.5799999999999983
688505.XSHG,2022-03-29,0.6100000000000012
300470.XSHE,2022-03-29,2.579999999999984
603559.XSHG,2022-03-29,1.0899999999999999
605167.XSHG,2022-03-29,0.25
300467.XSHE,2022-03-29,2.4100000000000037
000778.XSHE,2022-03-29,2.239999999999995
600460.XSHG,2022-03-29,51.56000000000006
601898.XSHG,2022-03-29,0.5099999999999998
002185.XSHE,2022-03-29,4.38000000000001
001212.XSHE,2022-03-29,0.6799999999999997
002688.XSHE,2022-03-29,0.41999999999999815
300990.XSHE,2022-03-29,3.9200000000000017
300045.XSHE,2022-03-29,2.700000000000003
600163.XSHG,2022-03-29,0.5199999999999996
300444.XSHE,2022-03-29,1.009999999999998
300474.XSHE,2022-03-29,10.110000000000014
603488.XSHG,2022-03-29,0.4299999999999997
300201.XSHE,2022-03-29,1.3900000000000006
000985.XSHE,2022-03-29,0.6000000000000014
600769.XSHG,2022-03-29,3.3900000000000006
301042.XSHE,2022-03-29,1.3400000000000034
603309.XSHG,2022-03-29,1.0499999999999972
600866.XSHG,2022-03-29,11.22999999999999
603605.XSHG,2022-03-29,5.079999999999984
301217.XSHE,2022-03-29,1.0199999999999996
002094.XSHE,2022-03-29,0.4299999999999997
002100.XSHE,2022-03-29,10.849999999999994
002912.XSHE,2022-03-29,2.1299999999999955
600381.XSHG,2022-03-29,0.7399999999999984
688556.XSHG,2022-03-29,5.700000000000003
300607.XSHE,2022-03-29,2.3999999999999986
002601.XSHE,2022-03-29,4.939999999999998
600749.XSHG,2022-03-29,4.759999999999998
601002.XSHG,2022-03-29,0.3199999999999994
688038.XSHG,2022-03-29,0.6399999999999988
600260.XSHG,2022-03-29,0.5499999999999989
600906.XSHG,2022-03-29,0.5
688206.XSHG,2022-03-29,1.25
603996.XSHG,2022-03-29,0.0
600232.XSHG,2022-03-29,0.5500000000000007
002169.XSHE,2022-03-29,2.3799999999999955
000722.XSHE,2022-03-29,1.9099999999999966
600389.XSHG,2022-03-29,5.139999999999986
002449.XSHE,2022-03-29,0.9400000000000013
002177.XSHE,2022-03-29,3.6300000000000026
603179.XSHG,2022-03-29,4.609999999999999
300561.XSHE,2022-03-29,3.7900000000000063
688701.XSHG,2022-03-29,0.4299999999999997
600597.XSHG,2022-03-29,0.7900000000000027
300269.XSHE,2022-03-29,0.8500000000000014
605296.XSHG,2022-03-29,1.9399999999999977
000917.XSHE,2022-03-29,0.7899999999999991
300737.XSHE,2022-03-29,0.9700000000000024
688270.XSHG,2022-03-29,4.859999999999999
600738.XSHG,2022-03-29,0.8900000000000006
000912.XSHE,2022-03-29,1.3599999999999994
688655.XSHG,2022-03-29,0.75
600295.XSHG,2022-03-29,2.8700000000000045
600610.XSHG,2022-03-29,48.370000000000005
603002.XSHG,2022-03-29,0.25
002748.XSHE,2022-03-29,0.7399999999999984
002888.XSHE,2022-03-29,0.6400000000000006
300373.XSHE,2022-03-29,19.360000000000014
603970.XSHG,2022-03-29,1.1300000000000026
600537.XSHG,2022-03-29,0.3099999999999987
002616.XSHE,2022-03-29,0.5100000000000016
603595.XSHG,2022-03-29,2.5700000000000003
000526.XSHE,2022-03-29,1.259999999999998
688668.XSHG,2022-03-29,2.3599999999999994
605009.XSHG,2022-03-29,2.1099999999999994
002364.XSHE,2022-03-29,2.0900000000000034
600633.XSHG,2022-03-29,2.440000000000005
688111.XSHG,2022-03-29,9.859999999999985
600759.XSHG,2022-03-29,0.22999999999999865
300170.XSHE,2022-03-29,0.8599999999999994
300446.XSHE,2022-03-29,3.4399999999999977
600150.XSHG,2022-03-29,1.8500000000000014
605298.XSHG,2022-03-29,0.5199999999999996
603678.XSHG,2022-03-29,4.670000000000002
688121.XSHG,2022-03-29,1.8000000000000007
002105.XSHE,2022-03-29,0.3099999999999987
600768.XSHG,2022-03-29,0.6000000000000014
600033.XSHG,2022-03-29,0.379999999999999
003011.XSHE,2022-03-29,2.489999999999995
300018.XSHE,2022-03-29,1.0600000000000023
300922.XSHE,2022-03-29,1.6500000000000021
002135.XSHE,2022-03-29,2.0700000000000003
301099.XSHE,2022-03-29,4.450000000000003
600577.XSHG,2022-03-29,8.430000000000007
002218.XSHE,2022-03-29,1.1799999999999997
688017.XSHG,2022-03-29,4.960000000000008
605268.XSHG,2022-03-29,0.29999999999999893
600036.XSHG,2022-03-29,3.3100000000000023
000725.XSHE,2022-03-29,0.4400000000000013
300826.XSHE,2022-03-29,1.2800000000000011
300867.XSHE,2022-03-29,0.9699999999999989
300742.XSHE,2022-03-29,1.4799999999999969
002795.XSHE,2022-03-29,2.0799999999999983
603226.XSHG,2022-03-29,0.7600000000000016
002591.XSHE,2022-03-29,1.1799999999999997
300836.XSHE,2022-03-29,1.6499999999999986
002430.XSHE,2022-03-29,2.520000000000003
600197.XSHG,2022-03-29,2.710000000000008
002832.XSHE,2022-03-29,5.709999999999994
603378.XSHG,2022-03-29,1.259999999999998
002240.XSHE,2022-03-29,3.6699999999999875
300725.XSHE,2022-03-29,9.359999999999985
000892.XSHE,2022-03-29,0.6499999999999986
003041.XSHE,2022-03-29,0.7699999999999996
301057.XSHE,2022-03-29,0.5399999999999991
002076.XSHE,2022-03-29,0.4599999999999991
300234.XSHE,2022-03-29,1.5
300310.XSHE,2022-03-29,2.3200000000000003
688157.XSHG,2022-03-29,3.6500000000000057
301088.XSHE,2022-03-29,0.5600000000000023
301103.XSHE,2022-03-29,1.8400000000000034
000158.XSHE,2022-03-29,1.9700000000000024
300339.XSHE,2022-03-29,6.260000000000005
300054.XSHE,2022-03-29,7.850000000000023
600569.XSHG,2022-03-29,0.21000000000000085
002347.XSHE,2022-03-29,0.6699999999999982
603980.XSHG,2022-03-29,0.20999999999999908
300889.XSHE,2022-03-29,0.6600000000000001
300931.XSHE,2022-03-29,0.3999999999999986
603055.XSHG,2022-03-29,0.7699999999999996
600777.XSHG,2022-03-29,1.2199999999999989
002906.XSHE,2022-03-29,2.4200000000000017
002517.XSHE,2022-03-29,0.75
300782.XSHE,2022-03-29,17.879999999999995
600986.XSHG,2022-03-29,1.1700000000000017
600363.XSHG,2022-03-29,3.1099999999999994
002576.XSHE,2022-03-29,0.860000000000003
600022.XSHG,2022-03-29,0.21999999999999886
600774.XSHG,2022-03-29,2.5600000000000023
600648.XSHG,2022-03-29,2.2099999999999937
002167.XSHE,2022-03-29,1.6499999999999986
000839.XSHE,2022-03-29,1.25
300334.XSHE,2022-03-29,0.9100000000000001
002295.XSHE,2022-03-29,0.3000000000000007
688069.XSHG,2022-03-29,1.7199999999999989
600242.XSHG,2022-03-29,0.08000000000000007
300072.XSHE,2022-03-29,4.079999999999984
688090.XSHG,2022-03-29,1.0199999999999996
688261.XSHG,2022-03-29,11.620000000000005
002991.XSHE,2022-03-29,3.230000000000004
603076.XSHG,2022-03-29,1.8000000000000043
000045.XSHE,2022-03-29,0.5300000000000011
002331.XSHE,2022-03-29,2.059999999999995
002973.XSHE,2022-03-29,0.27999999999999936
002775.XSHE,2022-03-29,0.5700000000000003
002432.XSHE,2022-03-29,18.389999999999986
600185.XSHG,2022-03-29,1.4399999999999977
600566.XSHG,2022-03-29,5.159999999999997
601328.XSHG,2022-03-29,0.120000000000001
600350.XSHG,2022-03-29,0.40000000000000036
603829.XSHG,2022-03-29,0.4900000000000002
000401.XSHE,2022-03-29,1.1099999999999994
300887.XSHE,2022-03-29,7.420000000000002
603789.XSHG,2022-03-29,0.2900000000000009
300908.XSHE,2022-03-29,1.5700000000000003
301137.XSHE,2022-03-29,3.719999999999999
600641.XSHG,2022-03-29,23.440000000000055
002903.XSHE,2022-03-29,0.9100000000000001
600599.XSHG,2022-03-29,0.28999999999999915
301168.XSHE,2022-03-29,2.1499999999999986
000685.XSHE,2022-03-29,1.3699999999999903
603385.XSHG,2022-03-29,0.40000000000000036
000504.XSHE,2022-03-29,2.8499999999999943
605162.XSHG,2022-03-29,0.3200000000000003
002172.XSHE,2022-03-29,0.4900000000000002
605228.XSHG,2022-03-29,0.1399999999999988
688626.XSHG,2022-03-29,0.6799999999999997
601988.XSHG,2022-03-29,0.05999999999999961
300086.XSHE,2022-03-29,2.8900000000000006
603316.XSHG,2022-03-29,0.5300000000000011
603583.XSHG,2022-03-29,4.25
300210.XSHE,2022-03-29,0.8399999999999999
601609.XSHG,2022-03-29,0.14000000000000057
300251.XSHE,2022-03-29,5.170000000000016
002969.XSHE,2022-03-29,0.16999999999999993
300839.XSHE,2022-03-29,1.0300000000000011
600650.XSHG,2022-03-29,2.730000000000004
603530.XSHG,2022-03-29,0.6300000000000008
688557.XSHG,2022-03-29,1.5800000000000018
300019.XSHE,2022-03-29,7.0
002574.XSHE,2022-03-29,0.22999999999999865
002269.XSHE,2022-03-29,0.41000000000000014
300482.XSHE,2022-03-29,17.97
600481.XSHG,2022-03-29,3.1400000000000006
600083.XSHG,2022-03-29,0.8200000000000003
002166.XSHE,2022-03-29,12.469999999999999
688123.XSHG,2022-03-29,3.1599999999999966
601958.XSHG,2022-03-29,0.2599999999999998
688550.XSHG,2022-03-29,7.289999999999992
300119.XSHE,2022-03-29,3.299999999999997
600170.XSHG,2022-03-29,0.6600000000000037
300727.XSHE,2022-03-29,1.009999999999998
601377.XSHG,2022-03-29,0.39000000000000057
002193.XSHE,2022-03-29,0.8499999999999996
688256.XSHG,2022-03-29,1.9399999999999977
600482.XSHG,2022-03-29,1.0800000000000054
002163.XSHE,2022-03-29,1.5500000000000043
300976.XSHE,2022-03-29,2.75
300674.XSHE,2022-03-29,0.9599999999999973
600387.XSHG,2022-03-29,0.33999999999999986
002566.XSHE,2022-03-29,4.740000000000002
603327.XSHG,2022-03-29,0.46999999999999886
600290.XSHG,2022-03-29,0.2599999999999998
003019.XSHE,2022-03-29,0.5499999999999972
000636.XSHE,2022-03-29,11.96999999999997
000628.XSHE,2022-03-29,0.9200000000000017
002250.XSHE,2022-03-29,2.299999999999997
600711.XSHG,2022-03-29,2.3999999999999915
002843.XSHE,2022-03-29,0.620000000000001
301199.XSHE,2022-03-29,1.1799999999999997
603589.XSHG,2022-03-29,2.3599999999999994
300238.XSHE,2022-03-29,1.9200000000000017
002001.XSHE,2022-03-29,41.76999999999998
002872.XSHE,2022-03-29,0.20999999999999908
000001.XSHE,2022-03-29,42.600000000000136
002079.XSHE,2022-03-29,2.1199999999999974
601696.XSHG,2022-03-29,0.9000000000000004
601900.XSHG,2022-03-29,0.3200000000000003
300096.XSHE,2022-03-29,2.719999999999999
300168.XSHE,2022-03-29,2.8700000000000045
603838.XSHG,2022-03-29,0.370000000000001
688636.XSHG,2022-03-29,8.730000000000004
600161.XSHG,2022-03-29,9.449999999999989
002052.XSHE,2022-03-29,0.21000000000000085
600845.XSHG,2022-03-29,13.189999999999998
601699.XSHG,2022-03-29,5.039999999999992
600050.XSHG,2022-03-29,0.0699999999999994
603755.XSHG,2022-03-29,2.3700000000000045
301263.XSHE,2022-03-29,9.93
688456.XSHG,2022-03-29,0.8200000000000003
688356.XSHG,2022-03-29,20.689999999999998
002673.XSHE,2022-03-29,0.259999999999998
601669.XSHG,2022-03-29,0.3100000000000005
002362.XSHE,2022-03-29,0.8200000000000003
688010.XSHG,2022-03-29,0.389999999999997
300616.XSHE,2022-03-29,2.25
603217.XSHG,2022-03-29,2.0799999999999983
600688.XSHG,2022-03-29,0.3100000000000005
601117.XSHG,2022-03-29,0.3600000000000012
688092.XSHG,2022-03-29,0.5100000000000016
002025.XSHE,2022-03-29,22.20999999999998
301055.XSHE,2022-03-29,0.4400000000000013
300663.XSHE,2022-03-29,1.990000000000009
600025.XSHG,2022-03-29,0.04999999999999982
600383.XSHG,2022-03-29,8.25
300698.XSHE,2022-03-29,0.9599999999999973
600816.XSHG,2022-03-29,1.6200000000000045
688519.XSHG,2022-03-29,1.0999999999999979
300901.XSHE,2022-03-29,0.45000000000000107
002639.XSHE,2022-03-29,2.509999999999998
002044.XSHE,2022-03-29,1.3500000000000014
300294.XSHE,2022-03-29,4.400000000000006
600636.XSHG,2022-03-29,3.219999999999999
600658.XSHG,2022-03-29,1.7800000000000011
600992.XSHG,2022-03-29,1.8400000000000034
300304.XSHE,2022-03-29,1.5
002473.XSHE,2022-03-29,2.450000000000003
603520.XSHG,2022-03-29,8.239999999999995
002681.XSHE,2022-03-29,0.9599999999999937
002060.XSHE,2022-03-29,3.1300000000000026
600750.XSHG,2022-03-29,13.050000000000011
688598.XSHG,2022-03-29,7.1699999999999875
600583.XSHG,2022-03-29,1.0100000000000051
002656.XSHE,2022-03-29,0.5799999999999983
300786.XSHE,2022-03-29,3.979999999999997
001205.XSHE,2022-03-29,1.8300000000000018
600248.XSHG,2022-03-29,0.7699999999999996
300813.XSHE,2022-03-29,3.680000000000007
603090.XSHG,2022-03-29,1.1699999999999982
688187.XSHG,2022-03-29,4.600000000000001
000816.XSHE,2022-03-29,1.6500000000000021
605389.XSHG,2022-03-29,0.6600000000000037
603733.XSHG,2022-03-29,1.0399999999999991
000616.XSHE,2022-03-29,1.769999999999996
002351.XSHE,2022-03-29,1.5600000000000023
605286.XSHG,2022-03-29,1.6500000000000021
301006.XSHE,2022-03-29,0.8099999999999987
300103.XSHE,2022-03-29,1.1199999999999974
600655.XSHG,2022-03-29,41.45000000000027
300473.XSHE,2022-03-29,0.7800000000000011
300370.XSHE,2022-03-29,0.9800000000000004
603507.XSHG,2022-03-29,0.8100000000000023
600403.XSHG,2022-03-29,1.6999999999999993
688163.XSHG,2022-03-29,2.6700000000000017
002842.XSHE,2022-03-29,0.5199999999999996
300652.XSHE,2022-03-29,0.5899999999999999
000976.XSHE,2022-03-29,0.509999999999998
600533.XSHG,2022-03-29,1.4000000000000057
605177.XSHG,2022-03-29,0.9899999999999984
002272.XSHE,2022-03-29,0.6499999999999986
300680.XSHE,2022-03-29,1.3299999999999983
300281.XSHE,2022-03-29,0.8700000000000045
600811.XSHG,2022-03-29,3.1199999999999974
300147.XSHE,2022-03-29,3.690000000000005
601015.XSHG,2022-03-29,0.3200000000000003
002104.XSHE,2022-03-29,7.320000000000007
600315.XSHG,2022-03-29,5.469999999999999
688189.XSHG,2022-03-29,0.75
300014.XSHE,2022-03-29,44.32999999999993
000882.XSHE,2022-03-29,0.1200000000000001
002117.XSHE,2022-03-29,1.7199999999999989
002899.XSHE,2022-03-29,0.40000000000000036
600070.XSHG,2022-03-29,1.9000000000000057
002054.XSHE,2022-03-29,0.5399999999999991
600352.XSHG,2022-03-29,2.269999999999982
603189.XSHG,2022-03-29,0.5
002441.XSHE,2022-03-29,0.7700000000000031
000550.XSHE,2022-03-29,1.5499999999999972
688268.XSHG,2022-03-29,2.5900000000000034
003030.XSHE,2022-03-29,0.75
000710.XSHE,2022-03-29,2.730000000000004
002679.XSHE,2022-03-29,0.5699999999999967
301113.XSHE,2022-03-29,1.75
002357.XSHE,2022-03-29,0.6899999999999977
600310.XSHG,2022-03-29,1.2000000000000028
600962.XSHG,2022-03-29,1.3000000000000007
002360.XSHE,2022-03-29,1.1099999999999994
002381.XSHE,2022-03-29,1.0300000000000011
002996.XSHE,2022-03-29,0.3500000000000014
300192.XSHE,2022-03-29,0.9299999999999997
300633.XSHE,2022-03-29,0.5899999999999999
002716.XSHE,2022-03-29,0.2599999999999998
300765.XSHE,2022-03-29,0.9299999999999997
002077.XSHE,2022-03-29,0.3199999999999985
002925.XSHE,2022-03-29,1.3499999999999943
000078.XSHE,2022-03-29,2.4599999999999937
688679.XSHG,2022-03-29,0.28000000000000114
300578.XSHE,2022-03-29,1.9499999999999957
688360.XSHG,2022-03-29,0.9800000000000004
301068.XSHE,2022-03-29,1.1499999999999986
605133.XSHG,2022-03-29,0.75
000993.XSHE,2022-03-29,0.5300000000000011
002175.XSHE,2022-03-29,1.490000000000002
002856.XSHE,2022-03-29,0.5
000028.XSHE,2022-03-29,3.7099999999999795
603261.XSHG,2022-03-29,3.9000000000000057
002065.XSHE,2022-03-29,5.289999999999992
601388.XSHG,2022-03-29,0.5800000000000018
300178.XSHE,2022-03-29,0.27000000000000046
300681.XSHE,2022-03-29,3.069999999999993
688266.XSHG,2022-03-29,2.1600000000000037
300162.XSHE,2022-03-29,2.6400000000000006
002189.XSHE,2022-03-29,0.6400000000000006
600265.XSHG,2022-03-29,1.8100000000000023
300344.XSHE,2022-03-29,1.0
600793.XSHG,2022-03-29,0.8499999999999979
603127.XSHG,2022-03-29,24.27000000000004
300266.XSHE,2022-03-29,6.519999999999996
600515.XSHG,2022-03-29,0.1700000000000017
002097.XSHE,2022-03-29,0.8299999999999983
605090.XSHG,2022-03-29,0.8699999999999974
688131.XSHG,2022-03-29,11.319999999999993
301102.XSHE,2022-03-29,2.0
603267.XSHG,2022-03-29,9.679999999999978
002245.XSHE,2022-03-29,12.060000000000002
000513.XSHE,2022-03-29,8.620000000000005
300427.XSHE,2022-03-29,1.6700000000000017
688622.XSHG,2022-03-29,1.6000000000000014
300024.XSHE,2022-03-29,4.27000000000001
000627.XSHE,2022-03-29,1.1599999999999966
300997.XSHE,2022-03-29,0.7400000000000002
600856.XSHG,2022-03-29,0.5999999999999996
002196.XSHE,2022-03-29,1.2300000000000004
002371.XSHE,2022-03-29,78.04999999999995
002723.XSHE,2022-03-29,1.6099999999999994
300929.XSHE,2022-03-29,1.9100000000000001
600565.XSHG,2022-03-29,1.2299999999999969
001872.XSHE,2022-03-29,1.5600000000000023
600884.XSHG,2022-03-29,24.389999999999986
600149.XSHG,2022-03-29,0.6999999999999993
000488.XSHE,2022-03-29,0.9799999999999969
300928.XSHE,2022-03-29,1.5700000000000003
000720.XSHE,2022-03-29,2.1200000000000045
603112.XSHG,2022-03-29,0.5800000000000001
600673.XSHG,2022-03-29,5.760000000000005
600435.XSHG,2022-03-29,4.179999999999993
601890.XSHG,2022-03-29,0.879999999999999
002738.XSHE,2022-03-29,6.649999999999977
000687.XSHE,2022-03-29,0.16999999999999993
603739.XSHG,2022-03-29,1.1199999999999974
300810.XSHE,2022-03-29,1.1499999999999986
000883.XSHE,2022-03-29,0.4400000000000013
002322.XSHE,2022-03-29,1.4399999999999977
600058.XSHG,2022-03-29,1.3399999999999963
002600.XSHE,2022-03-29,0.5899999999999999
600502.XSHG,2022-03-29,2.430000000000007
300218.XSHE,2022-03-29,0.9399999999999977
002972.XSHE,2022-03-29,0.4700000000000024
300611.XSHE,2022-03-29,0.8300000000000018
300385.XSHE,2022-03-29,0.5899999999999999
600820.XSHG,2022-03-29,3.269999999999982
300712.XSHE,2022-03-29,1.4500000000000028
000089.XSHE,2022-03-29,0.8799999999999955
003010.XSHE,2022-03-29,1.0700000000000003
301079.XSHE,2022-03-29,0.9400000000000013
300481.XSHE,2022-03-29,1.789999999999992
002246.XSHE,2022-03-29,1.4200000000000017
600331.XSHG,2022-03-29,1.6999999999999993
300828.XSHE,2022-03-29,0.870000000000001
002486.XSHE,2022-03-29,0.4599999999999991
300752.XSHE,2022-03-29,4.479999999999997
000952.XSHE,2022-03-29,1.129999999999999
300925.XSHE,2022-03-29,3.509999999999998
300993.XSHE,2022-03-29,1.370000000000001
601218.XSHG,2022-03-29,0.47000000000000064
300858.XSHE,2022-03-29,1.5500000000000043
000838.XSHE,2022-03-29,11.149999999999991
688676.XSHG,2022-03-29,0.8499999999999979
301179.XSHE,2022-03-29,1.5899999999999963
300049.XSHE,2022-03-29,1.3299999999999983
301046.XSHE,2022-03-29,2.710000000000001
301180.XSHE,2022-03-29,0.9499999999999993
603121.XSHG,2022-03-29,0.41000000000000014
000426.XSHE,2022-03-29,5.090000000000003
002554.XSHE,2022-03-29,0.6400000000000006
600800.XSHG,2022-03-29,1.3700000000000045
600292.XSHG,2022-03-29,0.8099999999999987
002091.XSHE,2022-03-29,1.7800000000000011
688182.XSHG,2022-03-29,0.9799999999999986
002316.XSHE,2022-03-29,0.740000000000002
600080.XSHG,2022-03-29,1.9299999999999997
002926.XSHE,2022-03-29,0.15000000000000036
600705.XSHG,2022-03-29,7.960000000000036
300397.XSHE,2022-03-29,1.6300000000000026
300585.XSHE,2022-03-29,1.1400000000000041
688339.XSHG,2022-03-29,9.149999999999977
300805.XSHE,2022-03-29,0.4300000000000015
002114.XSHE,2022-03-29,0.40000000000000036
603150.XSHG,2022-03-29,1.4400000000000013
603326.XSHG,2022-03-29,0.7399999999999984
002541.XSHE,2022-03-29,5.150000000000006
300539.XSHE,2022-03-29,1.2199999999999989
300604.XSHE,2022-03-29,11.75
300965.XSHE,2022-03-29,1.6099999999999994
002507.XSHE,2022-03-29,4.9599999999999795
300547.XSHE,2022-03-29,1.7800000000000011
301098.XSHE,2022-03-29,1.7899999999999991
603713.XSHG,2022-03-29,5.61999999999999
603357.XSHG,2022-03-29,0.7599999999999998
603610.XSHG,2022-03-29,1.2800000000000011
300146.XSHE,2022-03-29,14.169999999999959
600717.XSHG,2022-03-29,2.230000000000018
600568.XSHG,2022-03-29,0.25
000977.XSHE,2022-03-29,6.859999999999985
603825.XSHG,2022-03-29,1.2300000000000004
300130.XSHE,2022-03-29,3.969999999999999
300992.XSHE,2022-03-29,1.0199999999999996
600212.XSHG,2022-03-29,0.5199999999999996
002051.XSHE,2022-03-29,1.0700000000000003
300041.XSHE,2022-03-29,3.1400000000000006
600778.XSHG,2022-03-29,0.9200000000000017
002088.XSHE,2022-03-29,1.990000000000009
002490.XSHE,2022-03-29,0.3200000000000003
600107.XSHG,2022-03-29,1.1600000000000001
601825.XSHG,2022-03-29,0.040000000000000036
002255.XSHE,2022-03-29,0.5799999999999983
301126.XSHE,2022-03-29,1.7199999999999989
600085.XSHG,2022-03-29,46.759999999999934
600021.XSHG,2022-03-29,1.1099999999999994
600497.XSHG,2022-03-29,2.4000000000000057
600771.XSHG,2022-03-29,26.129999999999995
002039.XSHE,2022-03-29,1.029999999999994
000006.XSHE,2022-03-29,9.840000000000003
600382.XSHG,2022-03-29,0.4800000000000004
601965.XSHG,2022-03-29,0.8800000000000026
688590.XSHG,2022-03-29,0.6999999999999993
600819.XSHG,2022-03-29,1.2800000000000011
603701.XSHG,2022-03-29,0.8099999999999987
600805.XSHG,2022-03-29,0.970000000000006
603238.XSHG,2022-03-29,0.6499999999999986
002534.XSHE,2022-03-29,1.6000000000000014
688200.XSHG,2022-03-29,18.519999999999982
601360.XSHG,2022-03-29,0.29999999999999716
601975.XSHG,2022-03-29,0.07000000000000006
603010.XSHG,2022-03-29,2.4599999999999937
688788.XSHG,2022-03-29,3.1999999999999886
300582.XSHE,2022-03-29,3.1700000000000017
600519.XSHG,2022-03-29,213.29000000000087
600894.XSHG,2022-03-29,0.5199999999999996
601991.XSHG,2022-03-29,0.15999999999999925
002058.XSHE,2022-03-29,1.1400000000000006
300355.XSHE,2022-03-29,1.5
300679.XSHE,2022-03-29,5.269999999999996
600399.XSHG,2022-03-29,2.1300000000000026
300443.XSHE,2022-03-29,5.1200000000000045
601939.XSHG,2022-03-29,0.1999999999999993
688696.XSHG,2022-03-29,15.549999999999955
605336.XSHG,2022-03-29,0.9599999999999973
688257.XSHG,2022-03-29,1.6000000000000014
002476.XSHE,2022-03-29,1.360000000000003
002294.XSHE,2022-03-29,7.189999999999998
300265.XSHE,2022-03-29,0.9599999999999973
605488.XSHG,2022-03-29,0.6700000000000017
002838.XSHE,2022-03-29,2.0400000000000063
000737.XSHE,2022-03-29,0.5899999999999999
600333.XSHG,2022-03-29,0.33999999999999986
603529.XSHG,2022-03-29,1.0600000000000023
603801.XSHG,2022-03-29,2.030000000000001
605151.XSHG,2022-03-29,0.5300000000000011
601233.XSHG,2022-03-29,1.5899999999999963
688135.XSHG,2022-03-29,1.6099999999999994
600538.XSHG,2022-03-29,0.4299999999999997
688177.XSHG,2022-03-29,0.6999999999999993
688697.XSHG,2022-03-29,0.5700000000000003
301076.XSHE,2022-03-29,0.9199999999999982
600678.XSHG,2022-03-29,0.7600000000000016
300553.XSHE,2022-03-29,1.1799999999999997
300559.XSHE,2022-03-29,4.22999999999999
600191.XSHG,2022-03-29,0.23000000000000043
603268.XSHG,2022-03-29,2.3300000000000054
688683.XSHG,2022-03-29,1.1499999999999986
000728.XSHE,2022-03-29,0.33999999999999986
603778.XSHG,2022-03-29,1.5799999999999983
002369.XSHE,2022-03-29,0.8200000000000003
002110.XSHE,2022-03-29,0.22000000000000064
000532.XSHE,2022-03-29,1.7899999999999991
600493.XSHG,2022-03-29,0.4999999999999982
300116.XSHE,2022-03-29,0.35999999999999943
300542.XSHE,2022-03-29,1.9199999999999946
688080.XSHG,2022-03-29,3.729999999999997
002106.XSHE,2022-03-29,0.759999999999998
000506.XSHE,2022-03-29,0.2699999999999996
300017.XSHE,2022-03-29,4.0
002107.XSHE,2022-03-29,2.3800000000000026
000150.XSHE,2022-03-29,0.3100000000000005
600066.XSHG,2022-03-29,13.519999999999982
002492.XSHE,2022-03-29,0.6099999999999994
002797.XSHE,2022-03-29,0.27999999999999936
002455.XSHE,2022-03-29,2.5
600118.XSHG,2022-03-29,8.730000000000018
000981.XSHE,2022-03-29,0.35000000000000053
600218.XSHG,2022-03-29,0.7199999999999989
300617.XSHE,2022-03-29,5.329999999999998
600391.XSHG,2022-03-29,2.3000000000000043
002194.XSHE,2022-03-29,3.8699999999999974
002140.XSHE,2022-03-29,5.170000000000002
601330.XSHG,2022-03-29,0.22000000000000064
002085.XSHE,2022-03-29,0.9500000000000028
600236.XSHG,2022-03-29,0.4399999999999977
000536.XSHE,2022-03-29,0.23999999999999844
002535.XSHE,2022-03-29,0.28000000000000025
002785.XSHE,2022-03-29,2.1099999999999994
600187.XSHG,2022-03-29,0.19000000000000128
600547.XSHG,2022-03-29,20.840000000000032
600289.XSHG,2022-03-29,0.4400000000000013
300726.XSHE,2022-03-29,2.6899999999999977
002923.XSHE,2022-03-29,2.6400000000000006
002963.XSHE,2022-03-29,0.46000000000000085
600654.XSHG,2022-03-29,221.55000000000018
601128.XSHG,2022-03-29,0.28000000000000114
688321.XSHG,2022-03-29,0.6699999999999982
300519.XSHE,2022-03-29,4.630000000000003
002855.XSHE,2022-03-29,0.34000000000000163
002692.XSHE,2022-03-29,0.5400000000000009
002848.XSHE,2022-03-29,0.4299999999999997
300131.XSHE,2022-03-29,4.079999999999998
600111.XSHG,2022-03-29,32.48000000000002
601921.XSHG,2022-03-29,0.11999999999999922
000068.XSHE,2022-03-29,0.22999999999999954
002546.XSHE,2022-03-29,1.5200000000000031
002615.XSHE,2022-03-29,1.0299999999999976
300015.XSHE,2022-03-29,37.52999999999997
002352.XSHE,2022-03-29,4.569999999999993
002045.XSHE,2022-03-29,1.7899999999999991
600031.XSHG,2022-03-29,27.649999999999977
600323.XSHG,2022-03-29,1.6300000000000097
002289.XSHE,2022-03-29,0.27999999999999936
603800.XSHG,2022-03-29,0.6600000000000001
688578.XSHG,2022-03-29,0.6300000000000026
605080.XSHG,2022-03-29,1.1000000000000014
002571.XSHE,2022-03-29,0.8399999999999999
603456.XSHG,2022-03-29,8.430000000000007
601992.XSHG,2022-03-29,0.13999999999999968
002200.XSHE,2022-03-29,0.7999999999999972
603466.XSHG,2022-03-29,3.200000000000003
603709.XSHG,2022-03-29,0.509999999999998
002712.XSHE,2022-03-29,0.6799999999999997
603889.XSHG,2022-03-29,0.5899999999999999
300614.XSHE,2022-03-29,2.5799999999999983
300984.XSHE,2022-03-29,4.329999999999998
000935.XSHE,2022-03-29,2.0600000000000023
301030.XSHE,2022-03-29,1.1699999999999982
300369.XSHE,2022-03-29,6.349999999999994
002264.XSHE,2022-03-29,0.5700000000000003
002586.XSHE,2022-03-29,1.9199999999999982
300421.XSHE,2022-03-29,1.1799999999999997
002713.XSHE,2022-03-29,0.9099999999999966
002128.XSHE,2022-03-29,2.3500000000000014
300053.XSHE,2022-03-29,1.6899999999999977
300626.XSHE,2022-03-29,0.5800000000000018
600513.XSHG,2022-03-29,2.240000000000002
000676.XSHE,2022-03-29,2.210000000000008
000657.XSHE,2022-03-29,1.240000000000002
688003.XSHG,2022-03-29,1.120000000000001
002900.XSHE,2022-03-29,0.759999999999998
301122.XSHE,2022-03-29,4.230000000000004
603123.XSHG,2022-03-29,1.8000000000000007
603496.XSHG,2022-03-29,0.8499999999999979
000558.XSHE,2022-03-29,0.8300000000000018
000850.XSHE,2022-03-29,0.8100000000000023
300432.XSHE,2022-03-29,3.730000000000004
603297.XSHG,2022-03-29,8.569999999999993
603585.XSHG,2022-03-29,0.7999999999999972
603815.XSHG,2022-03-29,0.4399999999999995
601200.XSHG,2022-03-29,0.22000000000000064
605005.XSHG,2022-03-29,0.4299999999999997
000605.XSHE,2022-03-29,0.9299999999999997
000797.XSHE,2022-03-29,3.0700000000000003
603956.XSHG,2022-03-29,0.41999999999999993
605008.XSHG,2022-03-29,0.41999999999999993
301000.XSHE,2022-03-29,2.4200000000000017
603721.XSHG,2022-03-29,0.7100000000000009
002582.XSHE,2022-03-29,0.7700000000000031
002210.XSHE,2022-03-29,0.7199999999999989
300436.XSHE,2022-03-29,6.510000000000005
301051.XSHE,2022-03-29,4.670000000000002
601966.XSHG,2022-03-29,0.9100000000000001
600563.XSHG,2022-03-29,26.970000000000027
600309.XSHG,2022-03-29,60.76000000000022
002960.XSHE,2022-03-29,2.469999999999999
300567.XSHE,2022-03-29,7.930000000000007
603333.XSHG,2022-03-29,0.9000000000000021
605198.XSHG,2022-03-29,0.47999999999999865
603155.XSHG,2022-03-29,3.3299999999999983
000603.XSHE,2022-03-29,1.6199999999999974
300871.XSHE,2022-03-29,0.8700000000000045
600376.XSHG,2022-03-29,1.8299999999999983
603828.XSHG,2022-03-29,0.5599999999999987
002248.XSHE,2022-03-29,0.6500000000000004
600961.XSHG,2022-03-29,0.5999999999999996
300098.XSHE,2022-03-29,2.0
002976.XSHE,2022-03-29,1.3399999999999999
300149.XSHE,2022-03-29,3.4099999999999966
300735.XSHE,2022-03-29,0.6899999999999977
300645.XSHE,2022-03-29,2.1099999999999994
002422.XSHE,2022-03-29,2.969999999999999
301035.XSHE,2022-03-29,8.719999999999999
002942.XSHE,2022-03-29,1.9000000000000021
002695.XSHE,2022-03-29,1.6499999999999986
002236.XSHE,2022-03-29,22.870000000000005
300815.XSHE,2022-03-29,1.8700000000000045
000061.XSHE,2022-03-29,8.240000000000009
601801.XSHG,2022-03-29,0.22000000000000064
300749.XSHE,2022-03-29,0.7200000000000006
600063.XSHG,2022-03-29,6.269999999999996
688173.XSHG,2022-03-29,1.2199999999999989
600665.XSHG,2022-03-29,1.6600000000000001
000762.XSHE,2022-03-29,6.960000000000008
001216.XSHE,2022-03-29,0.6799999999999997
000967.XSHE,2022-03-29,0.6799999999999997
300120.XSHE,2022-03-29,0.8499999999999979
300412.XSHE,2022-03-29,4.039999999999992
301031.XSHE,2022-03-29,6.930000000000007
600319.XSHG,2022-03-29,0.40000000000000036
002444.XSHE,2022-03-29,5.25
002717.XSHE,2022-03-29,2.8299999999999983
002042.XSHE,2022-03-29,0.5800000000000018
301201.XSHE,2022-03-29,8.060000000000002
600277.XSHG,2022-03-29,1.2700000000000031
002587.XSHE,2022-03-29,1.1900000000000048
603036.XSHG,2022-03-29,0.33999999999999986
300872.XSHE,2022-03-29,1.4699999999999989
002470.XSHE,2022-03-29,0.4299999999999997
688518.XSHG,2022-03-29,1.259999999999998
603043.XSHG,2022-03-29,0.9100000000000001
000837.XSHE,2022-03-29,1.019999999999996
600054.XSHG,2022-03-29,2.0
002776.XSHE,2022-03-29,0.870000000000001
000733.XSHE,2022-03-29,17.21999999999997
002989.XSHE,2022-03-29,1.120000000000001
001979.XSHE,2022-03-29,0.5999999999999979
300068.XSHE,2022-03-29,1.2199999999999989
002109.XSHE,2022-03-29,0.8200000000000003
000005.XSHE,2022-03-29,0.40000000000000213
000852.XSHE,2022-03-29,1.1700000000000017
300584.XSHE,2022-03-29,11.480000000000004
601996.XSHG,2022-03-29,0.17999999999999972
688236.XSHG,2022-03-29,0.509999999999998
688311.XSHG,2022-03-29,2.1799999999999997
300631.XSHE,2022-03-29,2.3100000000000023
600396.XSHG,2022-03-29,1.379999999999999
605288.XSHG,2022-03-29,3.3800000000000026
300468.XSHE,2022-03-29,2.999999999999993
002820.XSHE,2022-03-29,0.21999999999999886
300564.XSHE,2022-03-29,1.5700000000000003
688778.XSHG,2022-03-29,3.9599999999999937
688118.XSHG,2022-03-29,0.9599999999999973
002268.XSHE,2022-03-29,20.680000000000007
600890.XSHG,2022-03-29,0.620000000000001
603916.XSHG,2022-03-29,0.759999999999998
000898.XSHE,2022-03-29,0.19000000000000128
301038.XSHE,2022-03-29,1.2699999999999996
688670.XSHG,2022-03-29,1.6999999999999957
300505.XSHE,2022-03-29,8.019999999999996
300926.XSHE,2022-03-29,0.7199999999999989
603730.XSHG,2022-03-29,1.4200000000000017
002427.XSHE,2022-03-29,1.4800000000000004
002847.XSHE,2022-03-29,3.1899999999999977
603565.XSHG,2022-03-29,1.240000000000002
688368.XSHG,2022-03-29,13.680000000000007
002466.XSHE,2022-03-29,29.5
600903.XSHG,2022-03-29,0.33000000000000007
002947.XSHE,2022-03-29,1.1899999999999977
601636.XSHG,2022-03-29,1.7899999999999991
002752.XSHE,2022-03-29,0.3200000000000003
002421.XSHE,2022-03-29,1.8099999999999952
301032.XSHE,2022-03-29,0.370000000000001
601872.XSHG,2022-03-29,0.6299999999999999
300715.XSHE,2022-03-29,1.3699999999999974
002055.XSHE,2022-03-29,3.1700000000000017
300109.XSHE,2022-03-29,2.299999999999997
688199.XSHG,2022-03-29,0.9299999999999997
600657.XSHG,2022-03-29,17.560000000000002
600713.XSHG,2022-03-29,4.489999999999995
300707.XSHE,2022-03-29,1.5399999999999991
300801.XSHE,2022-03-29,1.75
000680.XSHE,2022-03-29,0.5899999999999999
002318.XSHE,2022-03-29,3.960000000000008
300949.XSHE,2022-03-29,2.259999999999998
603102.XSHG,2022-03-29,1.9100000000000037
603898.XSHG,2022-03-29,0.8500000000000014
301229.XSHE,2022-03-29,3.6199999999999974
688075.XSHG,2022-03-29,21.0
603157.XSHG,2022-03-29,0.09000000000000008
002174.XSHE,2022-03-29,0.8999999999999986
300571.XSHE,2022-03-29,6.480000000000018
688183.XSHG,2022-03-29,0.2699999999999996
600744.XSHG,2022-03-29,0.6500000000000021
301077.XSHE,2022-03-29,1.6600000000000037
300475.XSHE,2022-03-29,1.3900000000000006
300298.XSHE,2022-03-29,3.230000000000004
300379.XSHE,2022-03-29,5.139999999999986
300331.XSHE,2022-03-29,3.3699999999999974
601099.XSHG,2022-03-29,0.08999999999999986
002361.XSHE,2022-03-29,0.9099999999999966
300900.XSHE,2022-03-29,1.139999999999997
300767.XSHE,2022-03-29,6.449999999999989
688226.XSHG,2022-03-29,0.33999999999999986
002491.XSHE,2022-03-29,0.5
600668.XSHG,2022-03-29,11.960000000000008
300570.XSHE,2022-03-29,0.5899999999999999
301071.XSHE,2022-03-29,11.680000000000007
000757.XSHE,2022-03-29,0.6000000000000014
603900.XSHG,2022-03-29,0.5700000000000003
002708.XSHE,2022-03-29,0.6000000000000014
002080.XSHE,2022-03-29,4.840000000000003
603839.XSHG,2022-03-29,0.41999999999999993
300452.XSHE,2022-03-29,3.1200000000000045
603108.XSHG,2022-03-29,2.719999999999999
603966.XSHG,2022-03-29,1.5
600901.XSHG,2022-03-29,0.10000000000000053
603511.XSHG,2022-03-29,0.8200000000000003
000632.XSHE,2022-03-29,0.8399999999999999
300242.XSHE,2022-03-29,0.509999999999998
603836.XSHG,2022-03-29,0.4499999999999993
301169.XSHE,2022-03-29,4.0
003039.XSHE,2022-03-29,0.6199999999999974
002977.XSHE,2022-03-29,2.5600000000000023
300793.XSHE,2022-03-29,1.879999999999999
300371.XSHE,2022-03-29,1.8900000000000006
002524.XSHE,2022-03-29,0.8300000000000054
300226.XSHE,2022-03-29,5.210000000000008
600578.XSHG,2022-03-29,0.28999999999999915
600815.XSHG,2022-03-29,0.4499999999999993
003032.XSHE,2022-03-29,1.3599999999999994
000755.XSHE,2022-03-29,0.47000000000000064
603682.XSHG,2022-03-29,0.34999999999999964
688398.XSHG,2022-03-29,1.7800000000000011
603757.XSHG,2022-03-29,0.6099999999999994
300709.XSHE,2022-03-29,3.6599999999999966
600178.XSHG,2022-03-29,0.2699999999999996
600057.XSHG,2022-03-29,4.179999999999993
002101.XSHE,2022-03-29,3.280000000000001
601899.XSHG,2022-03-29,0.5200000000000031
688677.XSHG,2022-03-29,2.8299999999999983
603599.XSHG,2022-03-29,1.6599999999999966
002746.XSHE,2022-03-29,1.6899999999999977
300528.XSHE,2022-03-29,0.370000000000001
000759.XSHE,2022-03-29,1.759999999999998
002935.XSHE,2022-03-29,2.289999999999999
600467.XSHG,2022-03-29,2.1799999999999997
688082.XSHG,2022-03-29,2.3700000000000045
603136.XSHG,2022-03-29,2.9200000000000017
002081.XSHE,2022-03-29,4.2099999999999795
600338.XSHG,2022-03-29,1.5899999999999963
688377.XSHG,2022-03-29,1.4600000000000009
000690.XSHE,2022-03-29,3.8499999999999943
000555.XSHE,2022-03-29,0.9500000000000028
605169.XSHG,2022-03-29,0.5100000000000016
002375.XSHE,2022-03-29,1.3499999999999943
688526.XSHG,2022-03-29,0.9400000000000013
603767.XSHG,2022-03-29,0.29999999999999893
300596.XSHE,2022-03-29,2.6400000000000006
688175.XSHG,2022-03-29,2.0999999999999943
000890.XSHE,2022-03-29,0.370000000000001
603199.XSHG,2022-03-29,1.3599999999999994
600325.XSHG,2022-03-29,1.6500000000000057
300185.XSHE,2022-03-29,0.5199999999999996
600308.XSHG,2022-03-29,0.6799999999999997
603949.XSHG,2022-03-29,0.9499999999999957
600971.XSHG,2022-03-29,3.009999999999991
688139.XSHG,2022-03-29,2.569999999999993
002415.XSHE,2022-03-29,28.57000000000005
002702.XSHE,2022-03-29,3.760000000000005
600996.XSHG,2022-03-29,0.9899999999999984
002124.XSHE,2022-03-29,16.859999999999985
688019.XSHG,2022-03-29,13.049999999999983
002651.XSHE,2022-03-29,0.7800000000000011
600269.XSHG,2022-03-29,1.490000000000002
601788.XSHG,2022-03-29,0.3000000000000007
000402.XSHE,2022-03-29,5.519999999999982
600579.XSHG,2022-03-29,0.5600000000000005
002162.XSHE,2022-03-29,0.8100000000000005
002355.XSHE,2022-03-29,0.40999999999999837
600873.XSHG,2022-03-29,3.6200000000000045
688211.XSHG,2022-03-29,1.9600000000000009
000792.XSHE,2022-03-29,9.909999999999997
603158.XSHG,2022-03-29,1.1499999999999986
300356.XSHE,2022-03-29,0.3000000000000007
600783.XSHG,2022-03-29,9.36
002792.XSHE,2022-03-29,0.7899999999999991
300398.XSHE,2022-03-29,12.25
600301.XSHG,2022-03-29,1.2199999999999989
002214.XSHE,2022-03-29,1.9699999999999989
002480.XSHE,2022-03-29,0.7000000000000028
300345.XSHE,2022-03-29,0.6499999999999986
300838.XSHE,2022-03-29,0.5199999999999996
000739.XSHE,2022-03-29,15.120000000000005
301004.XSHE,2022-03-29,1.259999999999998
000630.XSHE,2022-03-29,2.940000000000012
002595.XSHE,2022-03-29,3.319999999999993
301011.XSHE,2022-03-29,1.9500000000000028
002597.XSHE,2022-03-29,7.75
301029.XSHE,2022-03-29,2.6499999999999986
002122.XSHE,2022-03-29,0.6799999999999997
600385.XSHG,2022-03-29,0.5800000000000001
600602.XSHG,2022-03-29,315.6800000000003
002274.XSHE,2022-03-29,2.6499999999999986
601658.XSHG,2022-03-29,0.13999999999999968
603600.XSHG,2022-03-29,0.620000000000001
688685.XSHG,2022-03-29,1.0
300237.XSHE,2022-03-29,1.3700000000000045
603992.XSHG,2022-03-29,1.3599999999999994
600151.XSHG,2022-03-29,1.3900000000000006
603113.XSHG,2022-03-29,0.33999999999999986
603729.XSHG,2022-03-29,1.0
688698.XSHG,2022-03-29,0.8299999999999983
600539.XSHG,2022-03-29,1.17
002457.XSHE,2022-03-29,1.5
002495.XSHE,2022-03-29,1.0700000000000003
600734.XSHG,2022-03-29,0.0
600426.XSHG,2022-03-29,15.689999999999998
300164.XSHE,2022-03-29,1.8099999999999952
002130.XSHE,2022-03-29,3.0999999999999943
002886.XSHE,2022-03-29,1.8800000000000026
002556.XSHE,2022-03-29,2.3200000000000003
002061.XSHE,2022-03-29,0.5700000000000003
000803.XSHE,2022-03-29,1.6299999999999955
002152.XSHE,2022-03-29,4.650000000000006
600439.XSHG,2022-03-29,1.1099999999999994
603331.XSHG,2022-03-29,0.6600000000000001
688558.XSHG,2022-03-29,1.6300000000000026
000576.XSHE,2022-03-29,1.9000000000000057
301207.XSHE,2022-03-29,1.3400000000000034
300693.XSHE,2022-03-29,2.5900000000000034
002762.XSHE,2022-03-29,4.030000000000001
601865.XSHG,2022-03-29,1.490000000000002
603111.XSHG,2022-03-29,0.27999999999999936
002235.XSHE,2022-03-29,1.5999999999999979
603557.XSHG,2022-03-29,0.29000000000000004
000937.XSHE,2022-03-29,1.9500000000000028
300087.XSHE,2022-03-29,12.469999999999999
603696.XSHG,2022-03-29,0.41000000000000014
300440.XSHE,2022-03-29,1.370000000000001
688115.XSHG,2022-03-29,1.0900000000000034
688228.XSHG,2022-03-29,3.519999999999996
688009.XSHG,2022-03-29,0.03999999999999915
002643.XSHE,2022-03-29,4.590000000000003
300717.XSHE,2022-03-29,0.5599999999999987
601000.XSHG,2022-03-29,0.5700000000000003
002686.XSHE,2022-03-29,1.259999999999998
000707.XSHE,2022-03-29,3.1799999999999997
300521.XSHE,2022-03-29,1.8099999999999987
605338.XSHG,2022-03-29,1.0399999999999991
000629.XSHE,2022-03-29,1.490000000000002
300108.XSHE,2022-03-29,5.099999999999998
000673.XSHE,2022-03-29,0.23000000000000043
000425.XSHE,2022-03-29,3.0600000000000023
600782.XSHG,2022-03-29,1.5600000000000023
002735.XSHE,2022-03-29,2.0
001201.XSHE,2022-03-29,2.259999999999998
601665.XSHG,2022-03-29,0.07000000000000028
000586.XSHE,2022-03-29,1.3999999999999986
603893.XSHG,2022-03-29,4.6699999999999875
002307.XSHE,2022-03-29,1.8099999999999987
300396.XSHE,2022-03-29,3.5200000000000102
300608.XSHE,2022-03-29,1.3900000000000006
601369.XSHG,2022-03-29,0.4200000000000017
600507.XSHG,2022-03-29,2.1699999999999875
002168.XSHE,2022-03-29,1.5
300866.XSHE,2022-03-29,3.0
002399.XSHE,2022-03-29,1.1299999999999955
603093.XSHG,2022-03-29,0.39000000000000057
603856.XSHG,2022-03-29,0.5800000000000018
002498.XSHE,2022-03-29,1.0399999999999991
600851.XSHG,2022-03-29,3.719999999999999
600977.XSHG,2022-03-29,0.2400000000000002
603040.XSHG,2022-03-29,1.0300000000000011
605589.XSHG,2022-03-29,0.6600000000000001
300629.XSHE,2022-03-29,1.2999999999999972
002348.XSHE,2022-03-29,1.0300000000000011
688567.XSHG,2022-03-29,0.6900000000000013
600370.XSHG,2022-03-29,1.1500000000000021
000411.XSHE,2022-03-29,1.990000000000002
002887.XSHE,2022-03-29,0.7100000000000009
002467.XSHE,2022-03-29,1.8400000000000034
002617.XSHE,2022-03-29,8.049999999999997
000589.XSHE,2022-03-29,0.41000000000000014
002606.XSHE,2022-03-29,1.3400000000000034
002781.XSHE,2022-03-29,0.4299999999999997
300291.XSHE,2022-03-29,1.9600000000000009
300145.XSHE,2022-03-29,1.3699999999999974
600095.XSHG,2022-03-29,0.7699999999999996
600006.XSHG,2022-03-29,0.490000000000002
002760.XSHE,2022-03-29,0.5600000000000023
601908.XSHG,2022-03-29,0.9100000000000001
688733.XSHG,2022-03-29,4.25
603616.XSHG,2022-03-29,1.5799999999999983
603386.XSHG,2022-03-29,0.490000000000002
300456.XSHE,2022-03-29,5.700000000000003
688499.XSHG,2022-03-29,10.480000000000018
600975.XSHG,2022-03-29,6.090000000000003
003028.XSHE,2022-03-29,1.1500000000000057
000666.XSHE,2022-03-29,0.379999999999999
000523.XSHE,2022-03-29,0.46999999999999886
603069.XSHG,2022-03-29,0.6699999999999999
300968.XSHE,2022-03-29,0.4499999999999993
603938.XSHG,2022-03-29,6.930000000000007
002326.XSHE,2022-03-29,12.879999999999995
605166.XSHG,2022-03-29,0.5699999999999985
002146.XSHE,2022-03-29,2.3000000000000043
002112.XSHE,2022-03-29,0.509999999999998
301005.XSHE,2022-03-29,2.6899999999999977
300899.XSHE,2022-03-29,1.0100000000000016
002199.XSHE,2022-03-29,0.5799999999999983
300852.XSHE,2022-03-29,3.760000000000005
300760.XSHE,2022-03-29,8.839999999999975
300909.XSHE,2022-03-29,1.3599999999999994
300977.XSHE,2022-03-29,4.469999999999999
688196.XSHG,2022-03-29,2.8000000000000114
600132.XSHG,2022-03-29,22.039999999999964
603580.XSHG,2022-03-29,0.9800000000000004
300558.XSHE,2022-03-29,1.5700000000000003
300155.XSHE,2022-03-29,1.4699999999999989
300301.XSHE,2022-03-29,0.5599999999999987
002439.XSHE,2022-03-29,6.179999999999978
300257.XSHE,2022-03-29,4.6200000000000045
600812.XSHG,2022-03-29,0.5200000000000031
603788.XSHG,2022-03-29,1.2900000000000027
688166.XSHG,2022-03-29,0.9899999999999984
002747.XSHE,2022-03-29,4.760000000000005
000982.XSHE,2022-03-29,1.1799999999999997
300991.XSHE,2022-03-29,0.8299999999999983
300367.XSHE,2022-03-29,0.7100000000000009
002332.XSHE,2022-03-29,0.490000000000002
001213.XSHE,2022-03-29,0.07000000000000028
000713.XSHE,2022-03-29,4.659999999999997
600233.XSHG,2022-03-29,3.4399999999999977
688269.XSHG,2022-03-29,6.489999999999995
688393.XSHG,2022-03-29,0.7800000000000011
300768.XSHE,2022-03-29,1.2300000000000004
300569.XSHE,2022-03-29,4.230000000000004
002740.XSHE,2022-03-29,0.33000000000000007
300160.XSHE,2022-03-29,1.3900000000000006
600316.XSHG,2022-03-29,6.969999999999999
600863.XSHG,2022-03-29,1.75
000417.XSHE,2022-03-29,1.8799999999999955
688051.XSHG,2022-03-29,2.1999999999999957
603196.XSHG,2022-03-29,0.3100000000000005
000502.XSHE,2022-03-29,0.7299999999999969
000517.XSHE,2022-03-29,3.0700000000000003
003005.XSHE,2022-03-29,0.8000000000000007
002424.XSHE,2022-03-29,11.25
000596.XSHE,2022-03-29,44.57000000000005
300037.XSHE,2022-03-29,25.20999999999998
601579.XSHG,2022-03-29,0.22000000000000064
000541.XSHE,2022-03-29,2.469999999999999
002787.XSHE,2022-03-29,0.4499999999999993
600306.XSHG,2022-03-29,1.0399999999999991
300999.XSHE,2022-03-29,1.6699999999999946
600871.XSHG,2022-03-29,0.0699999999999994
301041.XSHE,2022-03-29,1.0399999999999991
600420.XSHG,2022-03-29,5.280000000000001
600275.XSHG,2022-03-29,0.1900000000000004
000623.XSHE,2022-03-29,7.439999999999998
002955.XSHE,2022-03-29,1.3399999999999999
603165.XSHG,2022-03-29,3.1499999999999986
002798.XSHE,2022-03-29,1.1200000000000045
000951.XSHE,2022-03-29,1.259999999999998
002538.XSHE,2022-03-29,3.6099999999999994
600998.XSHG,2022-03-29,0.2900000000000009
600990.XSHG,2022-03-29,4.75
002908.XSHE,2022-03-29,0.9899999999999984
600756.XSHG,2022-03-29,2.8699999999999903
002516.XSHE,2022-03-29,1.8000000000000043
300233.XSHE,2022-03-29,11.320000000000007
002454.XSHE,2022-03-29,0.7899999999999991
300454.XSHE,2022-03-29,4.009999999999991
300541.XSHE,2022-03-29,2.3999999999999986
601088.XSHG,2022-03-29,2.950000000000003
002108.XSHE,2022-03-29,4.11999999999999
002203.XSHE,2022-03-29,1.5500000000000043
002598.XSHE,2022-03-29,0.620000000000001
300651.XSHE,2022-03-29,4.339999999999996
300300.XSHE,2022-03-29,1.1999999999999957
603392.XSHG,2022-03-29,10.509999999999991
000783.XSHE,2022-03-29,0.490000000000002
603880.XSHG,2022-03-29,0.6199999999999974
605178.XSHG,2022-03-29,1.8300000000000054
603324.XSHG,2022-03-29,1.9100000000000037
600172.XSHG,2022-03-29,3.6299999999999955
603928.XSHG,2022-03-29,0.41999999999999993
300422.XSHE,2022-03-29,1.1899999999999977
600727.XSHG,2022-03-29,4.759999999999998
603578.XSHG,2022-03-29,0.6999999999999993
300459.XSHE,2022-03-29,2.0700000000000003
603931.XSHG,2022-03-29,1.2199999999999989
002390.XSHE,2022-03-29,3.289999999999999
300408.XSHE,2022-03-29,5.109999999999999
300516.XSHE,2022-03-29,2.6899999999999977
600598.XSHG,2022-03-29,2.0999999999999943
600690.XSHG,2022-03-29,27.799999999999955
600126.XSHG,2022-03-29,0.9499999999999993
000065.XSHE,2022-03-29,6.469999999999999
300848.XSHE,2022-03-29,7.079999999999998
600909.XSHG,2022-03-29,0.05999999999999961
002793.XSHE,2022-03-29,1.4000000000000021
002222.XSHE,2022-03-29,0.6299999999999955
002608.XSHE,2022-03-29,0.3000000000000007
002878.XSHE,2022-03-29,3.059999999999995
000798.XSHE,2022-03-29,2.0100000000000016
300881.XSHE,2022-03-29,0.9600000000000009
000999.XSHE,2022-03-29,9.709999999999994
600720.XSHG,2022-03-29,4.490000000000009
000528.XSHE,2022-03-29,1.720000000000013
688616.XSHG,2022-03-29,0.2599999999999998
002806.XSHE,2022-03-29,0.4299999999999997
300191.XSHE,2022-03-29,2.530000000000001
301062.XSHE,2022-03-29,0.379999999999999
688466.XSHG,2022-03-29,0.7300000000000004
603048.XSHG,2022-03-29,0.75
601279.XSHG,2022-03-29,0.1800000000000006
000768.XSHE,2022-03-29,14.699999999999989
600561.XSHG,2022-03-29,0.46999999999999886
300860.XSHE,2022-03-29,4.289999999999992
300923.XSHE,2022-03-29,1.1699999999999982
603607.XSHG,2022-03-29,0.4499999999999993
002125.XSHE,2022-03-29,2.1099999999999994
002309.XSHE,2022-03-29,1.240000000000002
688089.XSHG,2022-03-29,1.3100000000000023
003015.XSHE,2022-03-29,0.40999999999999837
002921.XSHE,2022-03-29,0.7600000000000016
603950.XSHG,2022-03-29,0.5700000000000003
300628.XSHE,2022-03-29,31.190000000000055
000750.XSHE,2022-03-29,0.7800000000000011
002750.XSHE,2022-03-29,6.960000000000008
300509.XSHE,2022-03-29,1.0500000000000007
002529.XSHE,2022-03-29,1.3900000000000006
600682.XSHG,2022-03-29,2.9799999999999898
300425.XSHE,2022-03-29,1.25
600773.XSHG,2022-03-29,4.490000000000009
300445.XSHE,2022-03-29,2.229999999999997
600192.XSHG,2022-03-29,0.629999999999999
601001.XSHG,2022-03-29,1.3999999999999986
002992.XSHE,2022-03-29,0.5300000000000011
300579.XSHE,2022-03-29,4.019999999999996
603239.XSHG,2022-03-29,1.509999999999998
300673.XSHE,2022-03-29,0.9200000000000017
600288.XSHG,2022-03-29,2.8800000000000026
603869.XSHG,2022-03-29,0.5700000000000003
603369.XSHG,2022-03-29,4.099999999999994
000996.XSHE,2022-03-29,0.4800000000000004
600012.XSHG,2022-03-29,0.509999999999998
603416.XSHG,2022-03-29,2.1799999999999997
000566.XSHE,2022-03-29,2.0
002528.XSHE,2022-03-29,1.5499999999999972
300806.XSHE,2022-03-29,2.5700000000000003
301133.XSHE,2022-03-29,1.370000000000001
002675.XSHE,2022-03-29,1.5699999999999932
300526.XSHE,2022-03-29,1.7899999999999991
603183.XSHG,2022-03-29,1.3599999999999994
603725.XSHG,2022-03-29,0.4599999999999991
601929.XSHG,2022-03-29,0.20000000000000018
300498.XSHE,2022-03-29,2.5900000000000034
000776.XSHE,2022-03-29,2.519999999999996
300575.XSHE,2022-03-29,1.8900000000000006
300599.XSHE,2022-03-29,0.16000000000000014
001288.XSHE,2022-03-29,0.33000000000000007
600694.XSHG,2022-03-29,1.6599999999999966
002201.XSHE,2022-03-29,4.159999999999997
301048.XSHE,2022-03-29,0.5199999999999996
002137.XSHE,2022-03-29,0.6300000000000026
300405.XSHE,2022-03-29,0.6799999999999997
002577.XSHE,2022-03-29,0.6099999999999994
601398.XSHG,2022-03-29,0.11999999999999922
300424.XSHE,2022-03-29,0.8399999999999999
300536.XSHE,2022-03-29,2.3399999999999963
300830.XSHE,2022-03-29,0.33999999999999986
000812.XSHE,2022-03-29,3.0900000000000034
002157.XSHE,2022-03-29,9.769999999999996
603109.XSHG,2022-03-29,1.2199999999999989
600330.XSHG,2022-03-29,1.4799999999999969
603615.XSHG,2022-03-29,0.2599999999999998
002241.XSHE,2022-03-29,88.53999999999996
002385.XSHE,2022-03-29,7.150000000000006
600802.XSHG,2022-03-29,0.5299999999999976
000055.XSHE,2022-03-29,1.1799999999999997
000035.XSHE,2022-03-29,0.8300000000000018
601068.XSHG,2022-03-29,0.16999999999999993
600810.XSHG,2022-03-29,2.039999999999999
000540.XSHE,2022-03-29,7.310000000000002
600885.XSHG,2022-03-29,9.580000000000013
002411.XSHE,2022-03-29,1.7899999999999991
300282.XSHE,2022-03-29,0.7199999999999989
000966.XSHE,2022-03-29,0.8200000000000003
300545.XSHE,2022-03-29,1.0599999999999952
301013.XSHE,2022-03-29,0.8099999999999987
300117.XSHE,2022-03-29,2.1099999999999994
300277.XSHE,2022-03-29,1.4799999999999969
600089.XSHG,2022-03-29,20.970000000000027
600629.XSHG,2022-03-29,1.509999999999998
600993.XSHG,2022-03-29,13.639999999999986
002527.XSHE,2022-03-29,0.5
603663.XSHG,2022-03-29,0.7100000000000009
301218.XSHE,2022-03-29,5.190000000000005
000697.XSHE,2022-03-29,0.9799999999999969
002515.XSHE,2022-03-29,1.3299999999999983
000823.XSHE,2022-03-29,1.0799999999999983
002990.XSHE,2022-03-29,1.6499999999999986
300940.XSHE,2022-03-29,3.4299999999999997
000983.XSHE,2022-03-29,5.969999999999999
301116.XSHE,2022-03-29,2.650000000000002
002382.XSHE,2022-03-29,2.3900000000000006
002084.XSHE,2022-03-29,0.5800000000000001
603018.XSHG,2022-03-29,2.230000000000004
600373.XSHG,2022-03-29,0.9699999999999989
600217.XSHG,2022-03-29,0.46000000000000085
600827.XSHG,2022-03-29,2.510000000000005
603289.XSHG,2022-03-29,1.2699999999999996
301047.XSHE,2022-03-29,14.670000000000016
688136.XSHG,2022-03-29,1.2699999999999996
000727.XSHE,2022-03-29,0.2900000000000009
002460.XSHE,2022-03-29,40.34999999999991
300286.XSHE,2022-03-29,4.780000000000001
600520.XSHG,2022-03-29,1.0300000000000011
000651.XSHE,2022-03-29,91.61999999999989
000920.XSHE,2022-03-29,0.870000000000001
002949.XSHE,2022-03-29,0.7200000000000006
002024.XSHE,2022-03-29,10.560000000000002
600326.XSHG,2022-03-29,0.8999999999999986
605299.XSHG,2022-03-29,0.39000000000000057
600739.XSHG,2022-03-29,8.349999999999966
603823.XSHG,2022-03-29,0.40000000000000213
300093.XSHE,2022-03-29,2.8999999999999986
300598.XSHE,2022-03-29,4.820000000000007
601618.XSHG,2022-03-29,0.08999999999999986
002655.XSHE,2022-03-29,2.8000000000000043
300235.XSHE,2022-03-29,2.3800000000000026
300572.XSHE,2022-03-29,2.469999999999999
605128.XSHG,2022-03-29,1.3800000000000026
600418.XSHG,2022-03-29,2.9099999999999966
688208.XSHG,2022-03-29,2.019999999999996
600103.XSHG,2022-03-29,0.3200000000000003
603667.XSHG,2022-03-29,0.7100000000000009
603023.XSHG,2022-03-29,0.8200000000000003
000800.XSHE,2022-03-29,0.2699999999999996
688255.XSHG,2022-03-29,0.6400000000000006
603929.XSHG,2022-03-29,0.6199999999999992
600817.XSHG,2022-03-29,2.0500000000000043
603766.XSHG,2022-03-29,0.3100000000000005
002288.XSHE,2022-03-29,1.6399999999999935
301061.XSHE,2022-03-29,1.6499999999999986
003038.XSHE,2022-03-29,5.039999999999999
300985.XSHE,2022-03-29,1.7199999999999989
688656.XSHG,2022-03-29,2.0
002715.XSHE,2022-03-29,1.1500000000000021
688390.XSHG,2022-03-29,15.670000000000016
600148.XSHG,2022-03-29,2.039999999999999
300590.XSHE,2022-03-29,3.3599999999999994
000096.XSHE,2022-03-29,0.4799999999999969
603629.XSHG,2022-03-29,0.379999999999999
002531.XSHE,2022-03-29,4.489999999999995
601009.XSHG,2022-03-29,1.5700000000000003
300943.XSHE,2022-03-29,1.3599999999999994
600726.XSHG,2022-03-29,0.14000000000000057
600116.XSHG,2022-03-29,2.9399999999999977
600689.XSHG,2022-03-29,0.4800000000000004
600693.XSHG,2022-03-29,2.4299999999999997
300751.XSHE,2022-03-29,29.129999999999995
688160.XSHG,2022-03-29,1.259999999999998
002191.XSHE,2022-03-29,3.4399999999999977
603602.XSHG,2022-03-29,2.16
300622.XSHE,2022-03-29,3.9499999999999957
000682.XSHE,2022-03-29,3.4599999999999937
300228.XSHE,2022-03-29,2.1399999999999935
600291.XSHG,2022-03-29,0.6100000000000012
002379.XSHE,2022-03-29,0.639999999999997
600158.XSHG,2022-03-29,1.3100000000000023
002237.XSHE,2022-03-29,2.0
301221.XSHE,2022-03-29,2.3500000000000085
002778.XSHE,2022-03-29,1.7100000000000009
603903.XSHG,2022-03-29,0.9199999999999982
688122.XSHG,2022-03-29,5.310000000000002
002290.XSHE,2022-03-29,0.6099999999999994
688618.XSHG,2022-03-29,1.779999999999994
300640.XSHE,2022-03-29,0.8200000000000003
603808.XSHG,2022-03-29,0.5600000000000023
000403.XSHE,2022-03-29,6.780000000000001
002286.XSHE,2022-03-29,2.039999999999999
600620.XSHG,2022-03-29,234.88999999999987
000520.XSHE,2022-03-29,1.2999999999999972
601126.XSHG,2022-03-29,1.7199999999999989
603393.XSHG,2022-03-29,1.7899999999999991
300554.XSHE,2022-03-29,0.740000000000002
300630.XSHE,2022-03-29,5.610000000000014
603819.XSHG,2022-03-29,0.7799999999999976
002930.XSHE,2022-03-29,1.2100000000000009
601928.XSHG,2022-03-29,0.28000000000000114
605003.XSHG,2022-03-29,0.9800000000000004
605199.XSHG,2022-03-29,1.0500000000000007
002530.XSHE,2022-03-29,3.580000000000002
603266.XSHG,2022-03-29,1.2800000000000011
301235.XSHE,2022-03-29,3.1499999999999986
603518.XSHG,2022-03-29,0.3899999999999988
300557.XSHE,2022-03-29,1.4999999999999964
300777.XSHE,2022-03-29,2.6700000000000017
300581.XSHE,2022-03-29,7.829999999999984
600831.XSHG,2022-03-29,1.740000000000002
002388.XSHE,2022-03-29,0.6600000000000001
600710.XSHG,2022-03-29,0.769999999999996
300378.XSHE,2022-03-29,0.8999999999999986
600834.XSHG,2022-03-29,0.9400000000000048
002448.XSHE,2022-03-29,0.3399999999999963
605001.XSHG,2022-03-29,0.4399999999999995
688039.XSHG,2022-03-29,3.3300000000000054
002685.XSHE,2022-03-29,0.2599999999999998
600433.XSHG,2022-03-29,0.5800000000000018
600410.XSHG,2022-03-29,6.070000000000007
603019.XSHG,2022-03-29,6.309999999999988
688113.XSHG,2022-03-29,1.5
603858.XSHG,2022-03-29,2.8699999999999974
600551.XSHG,2022-03-29,1.9799999999999969
002993.XSHE,2022-03-29,1.1999999999999957
300672.XSHE,2022-03-29,7.769999999999982
002292.XSHE,2022-03-29,1.5
300241.XSHE,2022-03-29,0.8599999999999994
603042.XSHG,2022-03-29,0.5400000000000009
000039.XSHE,2022-03-29,37.97999999999996
688586.XSHG,2022-03-29,1.1000000000000014
002827.XSHE,2022-03-29,0.46999999999999886
002902.XSHE,2022-03-29,0.9299999999999997
600133.XSHG,2022-03-29,0.6699999999999982
600171.XSHG,2022-03-29,2.8200000000000003
600486.XSHG,2022-03-29,25.55000000000001
601519.XSHG,2022-03-29,0.379999999999999
002242.XSHE,2022-03-29,1.4299999999999926
002231.XSHE,2022-03-29,0.8399999999999999
300308.XSHE,2022-03-29,4.700000000000017
688299.XSHG,2022-03-29,1.0199999999999996
300844.XSHE,2022-03-29,3.6599999999999966
600409.XSHG,2022-03-29,1.1099999999999994
600475.XSHG,2022-03-29,0.30999999999999517
300407.XSHE,2022-03-29,1.509999999999998
600105.XSHG,2022-03-29,1.3999999999999986
600008.XSHG,2022-03-29,0.5199999999999996
603882.XSHG,2022-03-29,3.4099999999999966
603988.XSHG,2022-03-29,1.519999999999996
300500.XSHE,2022-03-29,4.700000000000003
688395.XSHG,2022-03-29,1.4100000000000001
688289.XSHG,2022-03-29,2.8200000000000003
603031.XSHG,2022-03-29,1.3200000000000003
600859.XSHG,2022-03-29,4.039999999999992
603989.XSHG,2022-03-29,2.3900000000000006
688568.XSHG,2022-03-29,1.8299999999999983
600828.XSHG,2022-03-29,0.9000000000000057
688690.XSHG,2022-03-29,2.25
002402.XSHE,2022-03-29,9.600000000000023
600019.XSHG,2022-03-29,0.3099999999999987
600748.XSHG,2022-03-29,0.7899999999999991
688314.XSHG,2022-03-29,2.289999999999999
688057.XSHG,2022-03-29,0.7300000000000004
688628.XSHG,2022-03-29,1.0899999999999999
600593.XSHG,2022-03-29,0.9400000000000013
000975.XSHE,2022-03-29,3.75
000514.XSHE,2022-03-29,1.7600000000000016
000802.XSHE,2022-03-29,0.16999999999999993
600390.XSHG,2022-03-29,0.370000000000001
002532.XSHE,2022-03-29,1.4699999999999989
600226.XSHG,2022-03-29,1.4300000000000068
002423.XSHE,2022-03-29,0.10000000000000142
301012.XSHE,2022-03-29,1.990000000000002
002345.XSHE,2022-03-29,1.2700000000000031
002563.XSHE,2022-03-29,0.5700000000000003
600596.XSHG,2022-03-29,12.73999999999998
002773.XSHE,2022-03-29,0.5300000000000011
000009.XSHE,2022-03-29,5.61999999999999
601818.XSHG,2022-03-29,0.0600000000000005
002734.XSHE,2022-03-29,0.8400000000000034
300649.XSHE,2022-03-29,5.109999999999999
002305.XSHE,2022-03-29,1.1100000000000012
300816.XSHE,2022-03-29,1.5399999999999991
300983.XSHE,2022-03-29,1.0499999999999972
002497.XSHE,2022-03-29,6.349999999999994
002103.XSHE,2022-03-29,0.4800000000000004
600313.XSHG,2022-03-29,3.7300000000000004
002027.XSHE,2022-03-29,1.8900000000000006
300224.XSHE,2022-03-29,1.519999999999996
603256.XSHG,2022-03-29,0.21999999999999975
603879.XSHG,2022-03-29,0.28000000000000114
688158.XSHG,2022-03-29,0.8500000000000014
003043.XSHE,2022-03-29,3.469999999999999
002833.XSHE,2022-03-29,2.6699999999999946
002826.XSHE,2022-03-29,0.39000000000000057
601231.XSHG,2022-03-29,0.8699999999999974
300434.XSHE,2022-03-29,1.1099999999999994
002445.XSHE,2022-03-29,0.4400000000000013
300606.XSHE,2022-03-29,0.5899999999999999
603648.XSHG,2022-03-29,0.4299999999999997
002277.XSHE,2022-03-29,0.5
300466.XSHE,2022-03-29,1.0299999999999976
603101.XSHG,2022-03-29,0.33999999999999986
603816.XSHG,2022-03-29,3.989999999999995
002398.XSHE,2022-03-29,1.4399999999999977
002176.XSHE,2022-03-29,33.02999999999997
300602.XSHE,2022-03-29,2.759999999999991
300722.XSHE,2022-03-29,3.780000000000001
000861.XSHE,2022-03-29,4.259999999999991
300987.XSHE,2022-03-29,1.4100000000000001
300952.XSHE,2022-03-29,0.34999999999999787
000410.XSHE,2022-03-29,0.23000000000000043
601515.XSHG,2022-03-29,0.370000000000001
002418.XSHE,2022-03-29,0.5500000000000007
301181.XSHE,2022-03-29,1.6999999999999993
603131.XSHG,2022-03-29,2.700000000000003
000552.XSHE,2022-03-29,0.7899999999999991
603351.XSHG,2022-03-29,1.5499999999999972
603868.XSHG,2022-03-29,1.4599999999999937
603958.XSHG,2022-03-29,0.20999999999999996
603661.XSHG,2022-03-29,1.0900000000000034
002221.XSHE,2022-03-29,1.2100000000000009
603758.XSHG,2022-03-29,0.20000000000000018
002487.XSHE,2022-03-29,5.9199999999999875
002206.XSHE,2022-03-29,2.1099999999999994
600180.XSHG,2022-03-29,0.5200000000000031
003018.XSHE,2022-03-29,0.7999999999999989
603208.XSHG,2022-03-29,4.230000000000004
600146.XSHG,2022-03-29,0.10000000000000009
601601.XSHG,2022-03-29,0.5399999999999991
002559.XSHE,2022-03-29,1.2199999999999989
002336.XSHE,2022-03-29,0.41999999999999993
002453.XSHE,2022-03-29,3.1899999999999977
300030.XSHE,2022-03-29,1.6000000000000014
300008.XSHE,2022-03-29,1.6100000000000065
600072.XSHG,2022-03-29,2.1599999999999966
600378.XSHG,2022-03-29,6.570000000000022
603901.XSHG,2022-03-29,2.270000000000003
600522.XSHG,2022-03-29,4.6299999999999955
300203.XSHE,2022-03-29,1.5799999999999983
300501.XSHE,2022-03-29,2.6499999999999986
600048.XSHG,2022-03-29,11.970000000000027
000503.XSHE,2022-03-29,4.670000000000002
603139.XSHG,2022-03-29,0.9600000000000009
003036.XSHE,2022-03-29,0.35999999999999943
300627.XSHE,2022-03-29,2.930000000000007
300932.XSHE,2022-03-29,0.8900000000000006
600237.XSHG,2022-03-29,1.0899999999999999
300488.XSHE,2022-03-29,3.4799999999999898
300708.XSHE,2022-03-29,0.9699999999999989
002096.XSHE,2022-03-29,1.240000000000002
002568.XSHE,2022-03-29,9.280000000000001
300706.XSHE,2022-03-29,2.1400000000000006
002631.XSHE,2022-03-29,0.9399999999999977
300303.XSHE,2022-03-29,1.8900000000000006
301216.XSHE,2022-03-29,6.379999999999999
600258.XSHG,2022-03-29,3.229999999999997
002657.XSHE,2022-03-29,6.550000000000004
000752.XSHE,2022-03-29,0.7100000000000009
301258.XSHE,2022-03-29,23.29
605567.XSHG,2022-03-29,1.1099999999999994
002227.XSHE,2022-03-29,1.0999999999999979
688037.XSHG,2022-03-29,11.759999999999991
600882.XSHG,2022-03-29,4.8500000000000085
300366.XSHE,2022-03-29,2.6100000000000065
000936.XSHE,2022-03-29,0.5300000000000011
002489.XSHE,2022-03-29,1.4399999999999977
600353.XSHG,2022-03-29,1.8900000000000006
600609.XSHG,2022-03-29,4.430000000000007
600976.XSHG,2022-03-29,12.169999999999987
600023.XSHG,2022-03-29,0.07000000000000028
603098.XSHG,2022-03-29,3.4200000000000017
603716.XSHG,2022-03-29,3.8399999999999963
600136.XSHG,2022-03-29,0.39000000000000057
688015.XSHG,2022-03-29,1.1000000000000014
600737.XSHG,2022-03-29,3.0900000000000034
002640.XSHE,2022-03-29,1.3500000000000014
603896.XSHG,2022-03-29,5.700000000000003
605118.XSHG,2022-03-29,0.5399999999999991
600029.XSHG,2022-03-29,0.2699999999999996
300451.XSHE,2022-03-29,4.449999999999989
601021.XSHG,2022-03-29,2.3000000000000114
600129.XSHG,2022-03-29,7.509999999999998
300258.XSHE,2022-03-29,0.9299999999999997
603128.XSHG,2022-03-29,0.6299999999999955
300787.XSHE,2022-03-29,2.1599999999999966
688109.XSHG,2022-03-29,1.3599999999999994
300414.XSHE,2022-03-29,1.3900000000000006
603169.XSHG,2022-03-29,0.9299999999999997
301056.XSHE,2022-03-29,0.5
688678.XSHG,2022-03-29,0.6700000000000017
002195.XSHE,2022-03-29,1.4899999999999949
300718.XSHE,2022-03-29,1.2000000000000028
300327.XSHE,2022-03-29,19.579999999999984
603669.XSHG,2022-03-29,1.1099999999999994
603871.XSHG,2022-03-29,3.6400000000000006
688055.XSHG,2022-03-29,0.1299999999999999
600789.XSHG,2022-03-29,0.509999999999998
002978.XSHE,2022-03-29,1.1899999999999977
603728.XSHG,2022-03-29,0.7199999999999989
600202.XSHG,2022-03-29,1.1400000000000006
600489.XSHG,2022-03-29,2.4000000000000057
300402.XSHE,2022-03-29,0.7699999999999996
000030.XSHE,2022-03-29,0.4299999999999997
300250.XSHE,2022-03-29,3.6699999999999946
688066.XSHG,2022-03-29,2.4000000000000057
300010.XSHE,2022-03-29,0.7800000000000011
688156.XSHG,2022-03-29,0.6000000000000014
601857.XSHG,2022-03-29,0.2599999999999998
601577.XSHG,2022-03-29,0.09999999999999964
300472.XSHE,2022-03-29,1.0
600062.XSHG,2022-03-29,17.909999999999982
300586.XSHE,2022-03-29,2.8599999999999994
301069.XSHE,2022-03-29,2.6199999999999974
301237.XSHE,2022-03-29,2.3999999999999986
600198.XSHG,2022-03-29,0.5199999999999996
000701.XSHE,2022-03-29,0.33000000000000007
601628.XSHG,2022-03-29,0.6000000000000014
300855.XSHE,2022-03-29,2.5
600575.XSHG,2022-03-29,2.029999999999994
688107.XSHG,2022-03-29,4.869999999999997
000809.XSHE,2022-03-29,0.4900000000000002
300933.XSHE,2022-03-29,0.3200000000000003
600157.XSHG,2022-03-29,2.0400000000000063
600360.XSHG,2022-03-29,1.8800000000000026
000818.XSHE,2022-03-29,2.5
600830.XSHG,2022-03-29,3.8400000000000034
600798.XSHG,2022-03-29,2.719999999999999
000987.XSHE,2022-03-29,0.7399999999999949
605507.XSHG,2022-03-29,1.9399999999999977
002368.XSHE,2022-03-29,4.320000000000007
688528.XSHG,2022-03-29,0.16999999999999993
300292.XSHE,2022-03-29,1.7899999999999991
301049.XSHE,2022-03-29,1.4600000000000009
603863.XSHG,2022-03-29,0.17999999999999972
002523.XSHE,2022-03-29,0.6000000000000014
300171.XSHE,2022-03-29,34.089999999999975
301081.XSHE,2022-03-29,0.490000000000002
600300.XSHG,2022-03-29,1.620000000000001
600881.XSHG,2022-03-29,6.300000000000011
300890.XSHE,2022-03-29,2.049999999999997
300025.XSHE,2022-03-29,1.1199999999999974
600653.XSHG,2022-03-29,538.7700000000004
600521.XSHG,2022-03-29,12.480000000000018
603017.XSHG,2022-03-29,1.9299999999999997
600933.XSHG,2022-03-29,0.5599999999999987
002860.XSHE,2022-03-29,2.6400000000000006
600742.XSHG,2022-03-29,5.609999999999985
000753.XSHE,2022-03-29,1.0999999999999943
000831.XSHE,2022-03-29,4.010000000000005
002481.XSHE,2022-03-29,13.569999999999993
000810.XSHE,2022-03-29,3.3999999999999915
002548.XSHE,2022-03-29,3.1200000000000045
300225.XSHE,2022-03-29,2.8400000000000034
600728.XSHG,2022-03-29,2.1899999999999977
002437.XSHE,2022-03-29,2.0600000000000023
600839.XSHG,2022-03-29,1.6299999999999955
002233.XSHE,2022-03-29,0.4599999999999973
002618.XSHE,2022-03-29,0.14999999999999947
000893.XSHE,2022-03-29,5.980000000000004
300091.XSHE,2022-03-29,2.200000000000003
002628.XSHE,2022-03-29,0.6099999999999994
300393.XSHE,2022-03-29,9.920000000000002
601212.XSHG,2022-03-29,0.040000000000000036
603660.XSHG,2022-03-29,0.5400000000000009
002462.XSHE,2022-03-29,1.0600000000000023
300003.XSHE,2022-03-29,2.230000000000004
000042.XSHE,2022-03-29,3.1700000000000017
605108.XSHG,2022-03-29,1.0300000000000011
688278.XSHG,2022-03-29,1.3000000000000007
002765.XSHE,2022-03-29,0.6900000000000013
002770.XSHE,2022-03-29,0.3100000000000005
000692.XSHE,2022-03-29,2.3800000000000026
300359.XSHE,2022-03-29,1.3299999999999983
688625.XSHG,2022-03-29,1.8099999999999952
301189.XSHE,2022-03-29,1.9200000000000017
600039.XSHG,2022-03-29,2.299999999999997
000615.XSHE,2022-03-29,4.359999999999999
688087.XSHG,2022-03-29,4.840000000000003
300462.XSHE,2022-03-29,0.8499999999999979
688023.XSHG,2022-03-29,6.280000000000001
000931.XSHE,2022-03-29,0.28000000000000114
300148.XSHE,2022-03-29,0.9400000000000013
600833.XSHG,2022-03-29,9.599999999999994
688049.XSHG,2022-03-29,2.259999999999998
002596.XSHE,2022-03-29,0.6499999999999986
600365.XSHG,2022-03-29,0.5
600097.XSHG,2022-03-29,2.25
601229.XSHG,2022-03-29,0.14000000000000057
000598.XSHE,2022-03-29,2.569999999999993
002284.XSHE,2022-03-29,2.6000000000000014
600249.XSHG,2022-03-29,3.1799999999999997
600458.XSHG,2022-03-29,3.430000000000007
601555.XSHG,2022-03-29,0.11000000000000121
301002.XSHE,2022-03-29,2.1400000000000006
301024.XSHE,2022-03-29,2.269999999999996
603258.XSHG,2022-03-29,1.0800000000000018
002696.XSHE,2022-03-29,1.5599999999999987
603195.XSHG,2022-03-29,2.6500000000000057
688308.XSHG,2022-03-29,7.039999999999999
601599.XSHG,2022-03-29,0.34999999999999964
600860.XSHG,2022-03-29,2.7600000000000016
002216.XSHE,2022-03-29,3.1299999999999955
603676.XSHG,2022-03-29,0.2599999999999998
002664.XSHE,2022-03-29,1.4699999999999989
601919.XSHG,2022-03-29,0.5399999999999991
300337.XSHE,2022-03-29,1.1099999999999994
002464.XSHE,2022-03-29,0.6099999999999994
600681.XSHG,2022-03-29,0.6400000000000006
603218.XSHG,2022-03-29,2.1300000000000026
300686.XSHE,2022-03-29,1.6799999999999997
600106.XSHG,2022-03-29,2.030000000000001
300587.XSHE,2022-03-29,2.069999999999993
603277.XSHG,2022-03-29,0.629999999999999
300394.XSHE,2022-03-29,6.789999999999992
300691.XSHE,2022-03-29,1.6400000000000006
000732.XSHE,2022-03-29,1.1099999999999994
002851.XSHE,2022-03-29,2.8200000000000003
300518.XSHE,2022-03-29,1.230000000000004
688579.XSHG,2022-03-29,0.2699999999999996
000590.XSHE,2022-03-29,2.4200000000000017
688117.XSHG,2022-03-29,2.5600000000000023
000738.XSHE,2022-03-29,1.8000000000000043
300141.XSHE,2022-03-29,2.8200000000000003
300159.XSHE,2022-03-29,2.5700000000000074
002083.XSHE,2022-03-29,0.6000000000000014
301026.XSHE,2022-03-29,1.8799999999999955
600206.XSHG,2022-03-29,1.9299999999999997
000731.XSHE,2022-03-29,11.600000000000009
600303.XSHG,2022-03-29,1.3200000000000003
600935.XSHG,2022-03-29,0.14999999999999947
002526.XSHE,2022-03-29,0.41999999999999993
000058.XSHE,2022-03-29,0.6500000000000021
002397.XSHE,2022-03-29,0.779999999999994
603920.XSHG,2022-03-29,0.9100000000000001
300843.XSHE,2022-03-29,0.28999999999999915
002365.XSHE,2022-03-29,0.7999999999999972
600807.XSHG,2022-03-29,3.4700000000000024
601500.XSHG,2022-03-29,0.08000000000000007
600722.XSHG,2022-03-29,1.240000000000002
000708.XSHE,2022-03-29,1.1400000000000006
603067.XSHG,2022-03-29,0.9699999999999989
002931.XSHE,2022-03-29,0.8900000000000006
301091.XSHE,2022-03-29,1.1699999999999982
688728.XSHG,2022-03-29,0.5500000000000007
603399.XSHG,2022-03-29,4.079999999999998
002810.XSHE,2022-03-29,3.609999999999985
002386.XSHE,2022-03-29,0.5899999999999999
000521.XSHE,2022-03-29,0.6499999999999986
600466.XSHG,2022-03-29,1.040000000000001
000538.XSHE,2022-03-29,32.069999999999936
002471.XSHE,2022-03-29,0.490000000000002
002979.XSHE,2022-03-29,1.129999999999999
688078.XSHG,2022-03-29,2.729999999999997
300658.XSHE,2022-03-29,0.7900000000000027
603133.XSHG,2022-03-29,0.5700000000000003
600064.XSHG,2022-03-29,4.109999999999985
000922.XSHE,2022-03-29,0.9100000000000001
002866.XSHE,2022-03-29,0.75
000790.XSHE,2022-03-29,7.450000000000003
688533.XSHG,2022-03-29,2.8400000000000034
300406.XSHE,2022-03-29,3.4000000000000057
300880.XSHE,2022-03-29,1.1600000000000001
600358.XSHG,2022-03-29,2.6499999999999986
600595.XSHG,2022-03-29,0.6400000000000006
002306.XSHE,2022-03-29,1.0
300902.XSHE,2022-03-29,2.520000000000003
002153.XSHE,2022-03-29,19.69999999999999
300217.XSHE,2022-03-29,2.8599999999999994
002249.XSHE,2022-03-29,2.0900000000000034
000021.XSHE,2022-03-29,5.760000000000019
603848.XSHG,2022-03-29,0.4599999999999991
300703.XSHE,2022-03-29,1.4299999999999997
300829.XSHE,2022-03-29,1.4399999999999977
601116.XSHG,2022-03-29,0.1999999999999993
603612.XSHG,2022-03-29,0.9800000000000004
688085.XSHG,2022-03-29,1.129999999999999
300597.XSHE,2022-03-29,1.0700000000000003
300200.XSHE,2022-03-29,0.8200000000000003
600592.XSHG,2022-03-29,0.6499999999999986
688662.XSHG,2022-03-29,1.730000000000004
002020.XSHE,2022-03-29,5.939999999999998
601718.XSHG,2022-03-29,0.08000000000000007
600790.XSHG,2022-03-29,0.9399999999999977
300157.XSHE,2022-03-29,1.0499999999999972
603078.XSHG,2022-03-29,3.8499999999999943
300971.XSHE,2022-03-29,0.8900000000000006
301256.XSHE,2022-03-29,1.6300000000000008
002118.XSHE,2022-03-29,4.599999999999994
603020.XSHG,2022-03-29,0.41000000000000014
605266.XSHG,2022-03-29,1.5400000000000063
300763.XSHE,2022-03-29,13.779999999999973
600081.XSHG,2022-03-29,4.200000000000003
601003.XSHG,2022-03-29,0.4299999999999997
002863.XSHE,2022-03-29,0.20999999999999908
600751.XSHG,2022-03-29,0.5
603797.XSHG,2022-03-29,0.25
300058.XSHE,2022-03-29,7.0800000000000125
600354.XSHG,2022-03-29,1.5799999999999983
001317.XSHE,2022-03-29,2.3400000000000034
002959.XSHE,2022-03-29,2.5700000000000003
300070.XSHE,2022-03-29,1.6700000000000017
603639.XSHG,2022-03-29,2.289999999999999
300668.XSHE,2022-03-29,2.219999999999999
002119.XSHE,2022-03-29,2.229999999999997
600501.XSHG,2022-03-29,2.6000000000000014
002433.XSHE,2022-03-29,2.6999999999999993
300878.XSHE,2022-03-29,7.1299999999999955
300283.XSHE,2022-03-29,1.4899999999999949
600250.XSHG,2022-03-29,0.8699999999999992
600989.XSHG,2022-03-29,0.6699999999999999
300439.XSHE,2022-03-29,3.1000000000000014
688095.XSHG,2022-03-29,2.539999999999992
300747.XSHE,2022-03-29,7.810000000000002
000968.XSHE,2022-03-29,0.33999999999999986
300856.XSHE,2022-03-29,1.8200000000000003
000929.XSHE,2022-03-29,0.6499999999999986
300508.XSHE,2022-03-29,2.1700000000000017
603922.XSHG,2022-03-29,2.8900000000000006
605168.XSHG,2022-03-29,8.780000000000001
000998.XSHE,2022-03-29,7.549999999999983
600617.XSHG,2022-03-29,4.289999999999992
601113.XSHG,2022-03-29,0.5299999999999994
688536.XSHG,2022-03-29,31.50999999999999
688338.XSHG,2022-03-29,0.7100000000000009
600865.XSHG,2022-03-29,2.990000000000009
603129.XSHG,2022-03-29,5.069999999999993
600956.XSHG,2022-03-29,0.34999999999999964
002483.XSHE,2022-03-29,0.8200000000000003
603786.XSHG,2022-03-29,2.1899999999999977
002873.XSHE,2022-03-29,2.960000000000001
600446.XSHG,2022-03-29,4.949999999999989
601177.XSHG,2022-03-29,0.33999999999999986
001266.XSHE,2022-03-29,2.6299999999999955
603051.XSHG,2022-03-29,0.0
000062.XSHE,2022-03-29,5.449999999999989
688607.XSHG,2022-03-29,0.9100000000000001
600706.XSHG,2022-03-29,4.219999999999999
300081.XSHE,2022-03-29,5.269999999999996
300961.XSHE,2022-03-29,0.7100000000000009
600209.XSHG,2022-03-29,0.41999999999999993
002232.XSHE,2022-03-29,2.8599999999999994
002431.XSHE,2022-03-29,1.2799999999999976
600628.XSHG,2022-03-29,13.009999999999991
300835.XSHE,2022-03-29,2.8200000000000003
300189.XSHE,2022-03-29,3.190000000000005
603161.XSHG,2022-03-29,0.33999999999999986
688191.XSHG,2022-03-29,0.620000000000001
688281.XSHG,2022-03-29,8.379999999999995
000625.XSHE,2022-03-29,3.6700000000000017
300166.XSHE,2022-03-29,7.47999999999999
601888.XSHG,2022-03-29,12.939999999999998
300809.XSHE,2022-03-29,2.8200000000000003
603106.XSHG,2022-03-29,0.5299999999999994
600332.XSHG,2022-03-29,1.9099999999999966
688301.XSHG,2022-03-29,19.05000000000001
688488.XSHG,2022-03-29,0.2400000000000002
300580.XSHE,2022-03-29,1.0899999999999999
600393.XSHG,2022-03-29,0.2699999999999996
601860.XSHG,2022-03-29,0.03000000000000025
300276.XSHE,2022-03-29,2.6400000000000006
002475.XSHE,2022-03-29,92.67999999999984
600311.XSHG,2022-03-29,0.13999999999999968
300305.XSHE,2022-03-29,1.4499999999999957
002952.XSHE,2022-03-29,1.5599999999999952
300665.XSHE,2022-03-29,0.8099999999999987
603269.XSHG,2022-03-29,0.6900000000000013
300511.XSHE,2022-03-29,1.3500000000000014
601567.XSHG,2022-03-29,2.5
300996.XSHE,2022-03-29,1.9100000000000037
600697.XSHG,2022-03-29,0.8399999999999963
002296.XSHE,2022-03-29,2.009999999999998
600351.XSHG,2022-03-29,3.1899999999999977
002743.XSHE,2022-03-29,0.7700000000000014
002864.XSHE,2022-03-29,8.439999999999998
600468.XSHG,2022-03-29,1.7100000000000009
300789.XSHE,2022-03-29,1.1200000000000045
301100.XSHE,2022-03-29,0.8299999999999983
003042.XSHE,2022-03-29,3.8299999999999983
603215.XSHG,2022-03-29,1.5400000000000027
300818.XSHE,2022-03-29,2.719999999999999
002666.XSHE,2022-03-29,0.6999999999999993
000031.XSHE,2022-03-29,3.4399999999999977
688220.XSHG,2022-03-29,2.809999999999988
688766.XSHG,2022-03-29,7.829999999999984
301073.XSHE,2022-03-29,3.759999999999998
603013.XSHG,2022-03-29,0.5099999999999998
301070.XSHE,2022-03-29,2.280000000000001
603909.XSHG,2022-03-29,0.759999999999998
688509.XSHG,2022-03-29,0.14000000000000057
300831.XSHE,2022-03-29,0.7099999999999991
688029.XSHG,2022-03-29,6.390000000000015
300288.XSHE,2022-03-29,3.719999999999999
600875.XSHG,2022-03-29,1.7199999999999989
688168.XSHG,2022-03-29,2.530000000000001
002207.XSHE,2022-03-29,0.6999999999999993
300873.XSHE,2022-03-29,1.509999999999998
000066.XSHE,2022-03-29,4.72999999999999
601869.XSHG,2022-03-29,0.8900000000000006
002278.XSHE,2022-03-29,0.27999999999999936
600584.XSHG,2022-03-29,3.700000000000003
600535.XSHG,2022-03-29,7.180000000000007
002623.XSHE,2022-03-29,1.2799999999999976
002372.XSHE,2022-03-29,5.77000000000001
002346.XSHE,2022-03-29,0.7300000000000004
002620.XSHE,2022-03-29,1.5399999999999991
688501.XSHG,2022-03-29,0.6700000000000017
603132.XSHG,2022-03-29,0.8399999999999999
603590.XSHG,2022-03-29,1.7699999999999996
300346.XSHE,2022-03-29,17.04000000000002
300100.XSHE,2022-03-29,1.1400000000000006
600965.XSHG,2022-03-29,1.120000000000001
300313.XSHE,2022-03-29,0.6699999999999999
002366.XSHE,2022-03-29,1.33
300455.XSHE,2022-03-29,1.3399999999999963
000100.XSHE,2022-03-29,0.3200000000000003
300204.XSHE,2022-03-29,14.189999999999998
600770.XSHG,2022-03-29,6.300000000000011
300009.XSHE,2022-03-29,5.460000000000008
301015.XSHE,2022-03-29,1.1799999999999997
600718.XSHG,2022-03-29,3.8100000000000023
688188.XSHG,2022-03-29,8.879999999999995
002066.XSHE,2022-03-29,1.4199999999999982
002772.XSHE,2022-03-29,0.6300000000000026
603086.XSHG,2022-03-29,0.7699999999999996
603926.XSHG,2022-03-29,0.6900000000000013
688222.XSHG,2022-03-29,0.7600000000000016
600284.XSHG,2022-03-29,0.5600000000000023
002668.XSHE,2022-03-29,1.0899999999999999
002031.XSHE,2022-03-29,0.5999999999999979
601162.XSHG,2022-03-29,0.13000000000000034
601011.XSHG,2022-03-29,0.3100000000000005
600821.XSHG,2022-03-29,1.6999999999999957
002709.XSHE,2022-03-29,29.720000000000027
601666.XSHG,2022-03-29,3.8800000000000026
688386.XSHG,2022-03-29,2.4200000000000017
300893.XSHE,2022-03-29,1.9200000000000017
300260.XSHE,2022-03-29,4.449999999999989
301058.XSHE,2022-03-29,1.259999999999998
002089.XSHE,2022-03-29,1.6000000000000014
600094.XSHG,2022-03-29,0.6600000000000001
605196.XSHG,2022-03-29,0.4299999999999997
601633.XSHG,2022-03-29,4.859999999999999
688513.XSHG,2022-03-29,2.539999999999999
002181.XSHE,2022-03-29,0.17999999999999972
002324.XSHE,2022-03-29,4.709999999999994
000869.XSHE,2022-03-29,3.25
603313.XSHG,2022-03-29,0.9100000000000001
300106.XSHE,2022-03-29,0.6899999999999995
300084.XSHE,2022-03-29,1.2199999999999989
605116.XSHG,2022-03-29,1.4600000000000009
600916.XSHG,2022-03-29,0.25
301078.XSHE,2022-03-29,1.5599999999999987
002551.XSHE,2022-03-29,2.240000000000002
605368.XSHG,2022-03-29,0.27999999999999936
301043.XSHE,2022-03-29,1.5100000000000016
300711.XSHE,2022-03-29,0.759999999999998
300374.XSHE,2022-03-29,1.4499999999999993
600555.XSHG,2022-03-29,0.2999999999999998
003040.XSHE,2022-03-29,0.9499999999999993
000677.XSHE,2022-03-29,2.3800000000000026
300656.XSHE,2022-03-29,2.3400000000000034
002007.XSHE,2022-03-29,20.049999999999955
688062.XSHG,2022-03-29,0.9299999999999997
002190.XSHE,2022-03-29,2.039999999999992
688580.XSHG,2022-03-29,4.3700000000000045
300448.XSHE,2022-03-29,1.3200000000000003
002835.XSHE,2022-03-29,1.0599999999999987
603306.XSHG,2022-03-29,2.1799999999999926
301123.XSHE,2022-03-29,1.370000000000001
603712.XSHG,2022-03-29,1.1799999999999997
601163.XSHG,2022-03-29,0.1899999999999995
300783.XSHE,2022-03-29,1.0700000000000003
000878.XSHE,2022-03-29,0.6800000000000068
603566.XSHG,2022-03-29,1.9299999999999997
002285.XSHE,2022-03-29,8.399999999999999
600297.XSHG,2022-03-29,0.33000000000000007
688383.XSHG,2022-03-29,5.809999999999988
605289.XSHG,2022-03-29,3.6799999999999997
300223.XSHE,2022-03-29,8.360000000000014
002870.XSHE,2022-03-29,0.8799999999999955
000023.XSHE,2022-03-29,1.5300000000000011
601717.XSHG,2022-03-29,2.530000000000001
300110.XSHE,2022-03-29,1.0899999999999999
601901.XSHG,2022-03-29,0.08000000000000007
300642.XSHE,2022-03-29,3.739999999999995
605258.XSHG,2022-03-29,0.6700000000000017
600160.XSHG,2022-03-29,4.8799999999999955
300876.XSHE,2022-03-29,0.8399999999999999
301039.XSHE,2022-03-29,0.34999999999999964
601311.XSHG,2022-03-29,1.0
688379.XSHG,2022-03-29,0.5500000000000007
688711.XSHG,2022-03-29,10.320000000000007
002986.XSHE,2022-03-29,1.4300000000000068
300062.XSHE,2022-03-29,1.2700000000000031
000554.XSHE,2022-03-29,1.0199999999999996
601990.XSHG,2022-03-29,0.16999999999999993
600371.XSHG,2022-03-29,4.57
002144.XSHE,2022-03-29,0.40000000000000036
603001.XSHG,2022-03-29,0.3500000000000014
002244.XSHE,2022-03-29,1.6199999999999974
603225.XSHG,2022-03-29,0.5500000000000007
002670.XSHE,2022-03-29,0.5799999999999983
300208.XSHE,2022-03-29,4.6299999999999955
300348.XSHE,2022-03-29,3.3799999999999955
300323.XSHE,2022-03-29,1.4199999999999982
600179.XSHG,2022-03-29,0.14000000000000057
688267.XSHG,2022-03-29,2.270000000000003
603367.XSHG,2022-03-29,0.2599999999999998
002325.XSHE,2022-03-29,0.889999999999997
002540.XSHE,2022-03-29,1.5800000000000054
002344.XSHE,2022-03-29,0.5300000000000011
603818.XSHG,2022-03-29,1.1799999999999997
601137.XSHG,2022-03-29,2.0799999999999983
002858.XSHE,2022-03-29,1.0100000000000016
300314.XSHE,2022-03-29,2.509999999999998
002363.XSHE,2022-03-29,1.1100000000000012
605500.XSHG,2022-03-29,0.3000000000000007
000567.XSHE,2022-03-29,1.980000000000004
600528.XSHG,2022-03-29,0.5
300700.XSHE,2022-03-29,1.25
000060.XSHE,2022-03-29,5.019999999999982
300133.XSHE,2022-03-29,3.0600000000000023
300280.XSHE,2022-03-29,1.0599999999999987
300982.XSHE,2022-03-29,2.3499999999999943
600846.XSHG,2022-03-29,4.689999999999998
600529.XSHG,2022-03-29,6.930000000000007
600651.XSHG,2022-03-29,506.09000000000015
600320.XSHG,2022-03-29,0.8100000000000023
300886.XSHE,2022-03-29,1.2100000000000009
600312.XSHG,2022-03-29,1.6599999999999966
601518.XSHG,2022-03-29,0.07000000000000028
002518.XSHE,2022-03-29,4.099999999999994
002609.XSHE,2022-03-29,0.7800000000000011
688272.XSHG,2022-03-29,1.2700000000000031
002126.XSHE,2022-03-29,1.3900000000000006
300173.XSHE,2022-03-29,0.8000000000000007
601619.XSHG,2022-03-29,0.1299999999999999
300016.XSHE,2022-03-29,3.4799999999999898
600829.XSHG,2022-03-29,2.5799999999999983
600195.XSHG,2022-03-29,3.2099999999999937
301067.XSHE,2022-03-29,1.769999999999996
002488.XSHE,2022-03-29,1.6600000000000037
002280.XSHE,2022-03-29,1.8899999999999935
002682.XSHE,2022-03-29,0.6500000000000004
002073.XSHE,2022-03-29,2.210000000000001
603288.XSHG,2022-03-29,8.049999999999955
300006.XSHE,2022-03-29,1.6900000000000048
300834.XSHE,2022-03-29,0.5499999999999972
002353.XSHE,2022-03-29,15.470000000000027
600511.XSHG,2022-03-29,7.289999999999992
300051.XSHE,2022-03-29,0.8200000000000003
601995.XSHG,2022-03-29,1.2399999999999949
603228.XSHG,2022-03-29,1.6999999999999957
600576.XSHG,2022-03-29,1.009999999999998
600259.XSHG,2022-03-29,1.6600000000000037
600887.XSHG,2022-03-29,71.07999999999993
002578.XSHE,2022-03-29,0.7800000000000011
300287.XSHE,2022-03-29,2.1000000000000014
301131.XSHE,2022-03-29,3.010000000000005
002555.XSHE,2022-03-29,11.349999999999966
300692.XSHE,2022-03-29,0.9600000000000009
603885.XSHG,2022-03-29,1.3299999999999983
600459.XSHG,2022-03-29,3.6499999999999915
600601.XSHG,2022-03-29,525.1800000000003
300563.XSHE,2022-03-29,1.0899999999999999
688313.XSHG,2022-03-29,0.28000000000000114
688606.XSHG,2022-03-29,0.0
002547.XSHE,2022-03-29,0.8599999999999994
002971.XSHE,2022-03-29,1.0700000000000003
300064.XSHE,2022-03-29,0.5800000000000001
600455.XSHG,2022-03-29,0.5199999999999996
600741.XSHG,2022-03-29,25.65000000000009
688608.XSHG,2022-03-29,6.8700000000000045
300239.XSHE,2022-03-29,1.5200000000000031
301020.XSHE,2022-03-29,0.9800000000000004
603213.XSHG,2022-03-29,0.7099999999999973
600880.XSHG,2022-03-29,15.969999999999999
002026.XSHE,2022-03-29,1.9600000000000009
002049.XSHE,2022-03-29,42.75
688388.XSHG,2022-03-29,4.859999999999999
300799.XSHE,2022-03-29,4.299999999999997
002928.XSHE,2022-03-29,0.7100000000000009
688225.XSHG,2022-03-29,1.5300000000000011
603659.XSHG,2022-03-29,15.219999999999999
603070.XSHG,2022-03-29,2.879999999999999
600649.XSHG,2022-03-29,2.2099999999999937
603886.XSHG,2022-03-29,1.3599999999999994
600586.XSHG,2022-03-29,3.1500000000000057
300311.XSHE,2022-03-29,2.789999999999999
002341.XSHE,2022-03-29,1.5
603699.XSHG,2022-03-29,0.2400000000000002
002209.XSHE,2022-03-29,0.3800000000000008
600011.XSHG,2022-03-29,1.8500000000000014
000930.XSHE,2022-03-29,1.9699999999999989
600536.XSHG,2022-03-29,7.3799999999999955
601827.XSHG,2022-03-29,0.11000000000000032
300637.XSHE,2022-03-29,0.33999999999999986
603390.XSHG,2022-03-29,0.1899999999999995
300986.XSHE,2022-03-29,1.6799999999999997
605555.XSHG,2022-03-29,2.030000000000001
300152.XSHE,2022-03-29,1.0999999999999979
300678.XSHE,2022-03-29,1.2500000000000036
300231.XSHE,2022-03-29,5.290000000000006
603656.XSHG,2022-03-29,0.629999999999999
002145.XSHE,2022-03-29,0.9699999999999989
603085.XSHG,2022-03-29,0.5500000000000007
002456.XSHE,2022-03-29,3.469999999999999
603236.XSHG,2022-03-29,15.95999999999998
688083.XSHG,2022-03-29,7.539999999999992
300403.XSHE,2022-03-29,0.7100000000000009
002239.XSHE,2022-03-29,0.7299999999999969
603178.XSHG,2022-03-29,0.34999999999999964
002474.XSHE,2022-03-29,1.5600000000000023
002782.XSHE,2022-03-29,1.0
603986.XSHG,2022-03-29,69.19000000000005
605377.XSHG,2022-03-29,0.5899999999999999
300135.XSHE,2022-03-29,1.3599999999999994
300720.XSHE,2022-03-29,0.879999999999999
600076.XSHG,2022-03-29,0.3000000000000007
000537.XSHE,2022-03-29,6.079999999999998
603711.XSHG,2022-03-29,0.4800000000000004
600120.XSHG,2022-03-29,10.869999999999948
300917.XSHE,2022-03-29,3.6599999999999966
301136.XSHE,2022-03-29,1.0
688103.XSHG,2022-03-29,1.8999999999999986
002187.XSHE,2022-03-29,0.4800000000000004
300126.XSHE,2022-03-29,0.7800000000000011
000881.XSHE,2022-03-29,3.1899999999999977
002311.XSHE,2022-03-29,10.950000000000045
300653.XSHE,2022-03-29,4.25
000927.XSHE,2022-03-29,0.11000000000000032
601098.XSHG,2022-03-29,0.35999999999999943
002920.XSHE,2022-03-29,3.4799999999999898
002258.XSHE,2022-03-29,4.430000000000007
301010.XSHE,2022-03-29,1.4000000000000021
688800.XSHG,2022-03-29,5.150000000000006
600652.XSHG,2022-03-29,128.47000000000003
688238.XSHG,2022-03-29,1.9800000000000004
300187.XSHE,2022-03-29,2.190000000000012
300781.XSHE,2022-03-29,1.7300000000000004
000669.XSHE,2022-03-29,0.25
300845.XSHE,2022-03-29,0.7199999999999989
300480.XSHE,2022-03-29,2.4799999999999898
300748.XSHE,2022-03-29,1.75
000919.XSHE,2022-03-29,0.9800000000000004
002629.XSHE,2022-03-29,0.4499999999999993
002726.XSHE,2022-03-29,2.280000000000001
688150.XSHG,2022-03-29,0.46999999999999886
600699.XSHG,2022-03-29,1.769999999999996
301066.XSHE,2022-03-29,0.9699999999999989
688116.XSHG,2022-03-29,4.439999999999998
300032.XSHE,2022-03-29,0.8099999999999987
002985.XSHE,2022-03-29,4.009999999999991
002099.XSHE,2022-03-29,1.4200000000000017
600500.XSHG,2022-03-29,1.2800000000000011
688032.XSHG,2022-03-29,28.49000000000001
601118.XSHG,2022-03-29,0.08999999999999986
603317.XSHG,2022-03-29,1.1799999999999997
000620.XSHE,2022-03-29,0.6499999999999986
600970.XSHG,2022-03-29,2.4200000000000017
600285.XSHG,2022-03-29,5.939999999999998
600199.XSHG,2022-03-29,8.079999999999998
688739.XSHG,2022-03-29,0.8900000000000006
603700.XSHG,2022-03-29,0.6900000000000013
300870.XSHE,2022-03-29,1.8999999999999986
688508.XSHG,2022-03-29,9.039999999999992
002092.XSHE,2022-03-29,0.8099999999999987
600963.XSHG,2022-03-29,1.1600000000000001
603628.XSHG,2022-03-29,0.6500000000000004
688246.XSHG,2022-03-29,1.4400000000000013
688617.XSHG,2022-03-29,5.430000000000007
000899.XSHE,2022-03-29,0.5399999999999991
603368.XSHG,2022-03-29,2.3100000000000023
300522.XSHE,2022-03-29,2.8299999999999983
300741.XSHE,2022-03-29,1.6300000000000026
301045.XSHE,2022-03-29,1.5
002560.XSHE,2022-03-29,0.9299999999999997
605018.XSHG,2022-03-29,1.1000000000000014
002674.XSHE,2022-03-29,0.5700000000000003
601985.XSHG,2022-03-29,0.34999999999999964
002731.XSHE,2022-03-29,1.129999999999999
300264.XSHE,2022-03-29,2.030000000000001
300948.XSHE,2022-03-29,1.4499999999999993
002510.XSHE,2022-03-29,0.4299999999999997
300635.XSHE,2022-03-29,1.259999999999998
603959.XSHG,2022-03-29,0.8299999999999983
603515.XSHG,2022-03-29,0.39000000000000057
300659.XSHE,2022-03-29,2.969999999999999
000815.XSHE,2022-03-29,2.6700000000000017
000017.XSHE,2022-03-29,0.39000000000000057
600877.XSHG,2022-03-29,2.039999999999999
601226.XSHG,2022-03-29,0.45000000000000107
000795.XSHE,2022-03-29,1.1499999999999986
688357.XSHG,2022-03-29,4.170000000000016
600229.XSHG,2022-03-29,0.7899999999999991
002791.XSHE,2022-03-29,6.039999999999992
605055.XSHG,2022-03-29,0.20000000000000018
600764.XSHG,2022-03-29,10.819999999999993
603617.XSHG,2022-03-29,1.4299999999999997
600282.XSHG,2022-03-29,0.7399999999999984
600743.XSHG,2022-03-29,6.589999999999989
300533.XSHE,2022-03-29,1.009999999999998
002256.XSHE,2022-03-29,1.3699999999999974
603719.XSHG,2022-03-29,1.0300000000000011
603809.XSHG,2022-03-29,2.1099999999999994
688127.XSHG,2022-03-29,1.0500000000000007
601668.XSHG,2022-03-29,0.22000000000000064
002282.XSHE,2022-03-29,0.4399999999999977
603176.XSHG,2022-03-29,0.6499999999999986
600527.XSHG,2022-03-29,1.5400000000000063
603099.XSHG,2022-03-29,0.3800000000000008
300423.XSHE,2022-03-29,2.5600000000000023
000638.XSHE,2022-03-29,0.5700000000000003
002766.XSHE,2022-03-29,0.8099999999999987
002895.XSHE,2022-03-29,1.5599999999999987
600190.XSHG,2022-03-29,0.4900000000000002
300941.XSHE,2022-03-29,1.75
002513.XSHE,2022-03-29,0.8000000000000007
603320.XSHG,2022-03-29,1.0399999999999991
002057.XSHE,2022-03-29,1.6499999999999986
603915.XSHG,2022-03-29,1.1500000000000021
600444.XSHG,2022-03-29,0.8699999999999974
002519.XSHE,2022-03-29,0.9299999999999997
300785.XSHE,2022-03-29,7.329999999999998
000913.XSHE,2022-03-29,1.0600000000000023
000612.XSHE,2022-03-29,2.0700000000000003
600662.XSHG,2022-03-29,7.979999999999961
688722.XSHG,2022-03-29,0.3100000000000005
600405.XSHG,2022-03-29,1.6300000000000026
300849.XSHE,2022-03-29,0.9400000000000013
603222.XSHG,2022-03-29,1.0700000000000003
300437.XSHE,2022-03-29,6.799999999999997
600207.XSHG,2022-03-29,0.5199999999999996
300138.XSHE,2022-03-29,3.3100000000000023
300963.XSHE,2022-03-29,0.75
600779.XSHG,2022-03-29,15.970000000000027
600283.XSHG,2022-03-29,0.8900000000000006
002821.XSHE,2022-03-29,33.91999999999996
603586.XSHG,2022-03-29,0.2699999999999996
603005.XSHG,2022-03-29,2.7800000000000082
300534.XSHE,2022-03-29,5.590000000000003
001218.XSHE,2022-03-29,0.9799999999999969
603598.XSHG,2022-03-29,2.1900000000000013
000788.XSHE,2022-03-29,4.32
002811.XSHE,2022-03-29,0.41000000000000014
603336.XSHG,2022-03-29,1.6099999999999994
688001.XSHG,2022-03-29,1.0400000000000027
002212.XSHE,2022-03-29,1.6600000000000037
002757.XSHE,2022-03-29,1.8999999999999986
688589.XSHG,2022-03-29,3.0799999999999983
300769.XSHE,2022-03-29,44.309999999999945
688162.XSHG,2022-03-29,3.219999999999999
300981.XSHE,2022-03-29,3.1700000000000017
000408.XSHE,2022-03-29,8.130000000000024
000509.XSHE,2022-03-29,1.75
300517.XSHE,2022-03-29,1.25
603022.XSHG,2022-03-29,0.6600000000000001
300176.XSHE,2022-03-29,0.7300000000000004
603339.XSHG,2022-03-29,0.389999999999997
300165.XSHE,2022-03-29,3.1700000000000017
000416.XSHE,2022-03-29,1.0
300774.XSHE,2022-03-29,0.6900000000000013
000962.XSHE,2022-03-29,0.779999999999994
600525.XSHG,2022-03-29,2.039999999999999
601688.XSHG,2022-03-29,0.1999999999999993
600676.XSHG,2022-03-29,4.230000000000004
600721.XSHG,2022-03-29,0.5699999999999985
300353.XSHE,2022-03-29,4.650000000000006
688176.XSHG,2022-03-29,0.28000000000000114
600505.XSHG,2022-03-29,1.2000000000000028
300761.XSHE,2022-03-29,2.8100000000000023
002254.XSHE,2022-03-29,2.3699999999999903
300479.XSHE,2022-03-29,2.710000000000001
300898.XSHE,2022-03-29,1.0500000000000007
300069.XSHE,2022-03-29,1.1300000000000026
600010.XSHG,2022-03-29,0.33999999999999986
688600.XSHG,2022-03-29,0.4300000000000015
688178.XSHG,2022-03-29,0.5899999999999999
301093.XSHE,2022-03-29,1.6900000000000048
300842.XSHE,2022-03-29,3.0900000000000034
688079.XSHG,2022-03-29,0.4900000000000002
600335.XSHG,2022-03-29,4.599999999999994
002259.XSHE,2022-03-29,0.2600000000000007
300552.XSHE,2022-03-29,1.7399999999999949
600622.XSHG,2022-03-29,95.56000000000017
002019.XSHE,2022-03-29,3.969999999999999
002981.XSHE,2022-03-29,0.8999999999999986
688319.XSHG,2022-03-29,0.9600000000000009
603690.XSHG,2022-03-29,1.6100000000000065
300299.XSHE,2022-03-29,2.190000000000005
688210.XSHG,2022-03-29,1.0799999999999983
688215.XSHG,2022-03-29,1.2100000000000009
002350.XSHE,2022-03-29,1.0300000000000011
002154.XSHE,2022-03-29,1.6999999999999957
002281.XSHE,2022-03-29,1.4399999999999977
603618.XSHG,2022-03-29,0.5400000000000027
601066.XSHG,2022-03-29,0.33999999999999986
301185.XSHE,2022-03-29,0.8900000000000006
601288.XSHG,2022-03-29,0.04999999999999982
603279.XSHG,2022-03-29,2.1499999999999986
002156.XSHE,2022-03-29,1.6599999999999966
002482.XSHE,2022-03-29,2.539999999999999
002917.XSHE,2022-03-29,0.490000000000002
600322.XSHG,2022-03-29,0.629999999999999
300677.XSHE,2022-03-29,13.069999999999993
600854.XSHG,2022-03-29,1.1900000000000013
300219.XSHE,2022-03-29,3.8799999999999955
002334.XSHE,2022-03-29,2.260000000000005
601800.XSHG,2022-03-29,0.28999999999999915
688050.XSHG,2022-03-29,5.0
688787.XSHG,2022-03-29,1.6899999999999977
601138.XSHG,2022-03-29,0.19000000000000128
300386.XSHE,2022-03-29,2.210000000000001
601615.XSHG,2022-03-29,1.1400000000000006
002884.XSHE,2022-03-29,5.159999999999997
688286.XSHG,2022-03-29,2.3800000000000026
300317.XSHE,2022-03-29,0.7199999999999989
002580.XSHE,2022-03-29,1.370000000000001
300638.XSHE,2022-03-29,8.919999999999987
002819.XSHE,2022-03-29,1.8799999999999955
300012.XSHE,2022-03-29,12.230000000000018
601949.XSHG,2022-03-29,0.10000000000000053
002310.XSHE,2022-03-29,3.730000000000004
002008.XSHE,2022-03-29,18.99000000000001
002188.XSHE,2022-03-29,0.75
002287.XSHE,2022-03-29,3.740000000000002
600167.XSHG,2022-03-29,1.1199999999999974
000584.XSHE,2022-03-29,1.2699999999999996
002343.XSHE,2022-03-29,0.5400000000000009
000338.XSHE,2022-03-29,5.670000000000016
603861.XSHG,2022-03-29,0.2699999999999996
300094.XSHE,2022-03-29,2.3800000000000026
300332.XSHE,2022-03-29,1.009999999999998
603200.XSHG,2022-03-29,1.5799999999999983
002226.XSHE,2022-03-29,5.0
300795.XSHE,2022-03-29,0.7300000000000004
002087.XSHE,2022-03-29,0.2599999999999998
002830.XSHE,2022-03-29,1.1300000000000026
601997.XSHG,2022-03-29,0.08000000000000007
688197.XSHG,2022-03-29,1.6099999999999994
002098.XSHE,2022-03-29,0.610000000000003
603985.XSHG,2022-03-29,4.8999999999999915
600814.XSHG,2022-03-29,1.5700000000000003
300123.XSHE,2022-03-29,1.3999999999999986
600051.XSHG,2022-03-29,2.009999999999998
601007.XSHG,2022-03-29,0.33000000000000007
603506.XSHG,2022-03-29,0.8400000000000034
300485.XSHE,2022-03-29,4.209999999999994
688077.XSHG,2022-03-29,5.299999999999997
000971.XSHE,2022-03-29,0.07000000000000028
300492.XSHE,2022-03-29,2.009999999999998
300705.XSHE,2022-03-29,2.039999999999999
301108.XSHE,2022-03-29,1.5700000000000003
603185.XSHG,2022-03-29,9.850000000000023
301037.XSHE,2022-03-29,0.9199999999999982
600695.XSHG,2022-03-29,0.3099999999999996
688366.XSHG,2022-03-29,3.530000000000001
300205.XSHE,2022-03-29,6.929999999999993
001914.XSHE,2022-03-29,7.310000000000002
601186.XSHG,2022-03-29,0.11999999999999922
688577.XSHG,2022-03-29,2.6699999999999946
002938.XSHE,2022-03-29,1.5399999999999991
300207.XSHE,2022-03-29,6.200000000000017
300730.XSHE,2022-03-29,1.2100000000000009
002247.XSHE,2022-03-29,0.5200000000000031
688619.XSHG,2022-03-29,0.3200000000000003
000501.XSHE,2022-03-29,1.4399999999999977
000691.XSHE,2022-03-29,0.5
600719.XSHG,2022-03-29,0.6600000000000001
688365.XSHG,2022-03-29,0.40000000000000036
002812.XSHE,2022-03-29,20.340000000000032
600635.XSHG,2022-03-29,8.089999999999918
000428.XSHE,2022-03-29,3.030000000000001
300732.XSHE,2022-03-29,2.710000000000001
002090.XSHE,2022-03-29,2.259999999999998
002725.XSHE,2022-03-29,1.9699999999999989
603927.XSHG,2022-03-29,0.9599999999999937
688239.XSHG,2022-03-29,3.469999999999999
000014.XSHE,2022-03-29,8.61
002419.XSHE,2022-03-29,1.1900000000000013
002621.XSHE,2022-03-29,2.539999999999999
002714.XSHE,2022-03-29,52.780000000000086
300136.XSHE,2022-03-29,8.140000000000015
300333.XSHE,2022-03-29,1.3099999999999987
002047.XSHE,2022-03-29,0.41999999999999993
603033.XSHG,2022-03-29,6.260000000000005
688296.XSHG,2022-03-29,1.5800000000000018
600392.XSHG,2022-03-29,4.840000000000003
600663.XSHG,2022-03-29,3.8499999999999943
002933.XSHE,2022-03-29,0.6900000000000013
300001.XSHE,2022-03-29,4.4399999999999835
603214.XSHG,2022-03-29,1.5700000000000003
601698.XSHG,2022-03-29,0.25
688185.XSHG,2022-03-29,10.389999999999986
003035.XSHE,2022-03-29,0.20000000000000018
600724.XSHG,2022-03-29,3.4399999999999977
003026.XSHE,2022-03-29,2.3200000000000003
600968.XSHG,2022-03-29,0.1299999999999999
300745.XSHE,2022-03-29,2.950000000000003
300290.XSHE,2022-03-29,1.0599999999999952
300538.XSHE,2022-03-29,1.6000000000000014
002995.XSHE,2022-03-29,1.9899999999999949
601808.XSHG,2022-03-29,0.5299999999999994
002869.XSHE,2022-03-29,0.7099999999999973
600746.XSHG,2022-03-29,1.480000000000004
002602.XSHE,2022-03-29,2.019999999999996
603305.XSHG,2022-03-29,1.509999999999998
603077.XSHG,2022-03-29,2.0899999999999963
601086.XSHG,2022-03-29,0.25
002158.XSHE,2022-03-29,1.730000000000004
002339.XSHE,2022-03-29,0.9899999999999984
000166.XSHE,2022-03-29,0.04999999999999982
300550.XSHE,2022-03-29,1.2699999999999996
002585.XSHE,2022-03-29,5.789999999999992
002224.XSHE,2022-03-29,0.7000000000000028
002553.XSHE,2022-03-29,1.1200000000000045
601319.XSHG,2022-03-29,0.040000000000000036
002788.XSHE,2022-03-29,0.9100000000000001
600246.XSHG,2022-03-29,4.110000000000014
688613.XSHG,2022-03-29,1.6900000000000048
300675.XSHE,2022-03-29,0.8399999999999999
603160.XSHG,2022-03-29,4.059999999999988
600078.XSHG,2022-03-29,4.6000000000000085
600461.XSHG,2022-03-29,0.5700000000000003
002745.XSHE,2022-03-29,0.8699999999999974
600982.XSHG,2022-03-29,1.4299999999999997
603999.XSHG,2022-03-29,0.8699999999999992
601005.XSHG,2022-03-29,0.050000000000000044
605222.XSHG,2022-03-29,0.629999999999999
000548.XSHE,2022-03-29,0.879999999999999
300107.XSHE,2022-03-29,1.8100000000000023
000551.XSHE,2022-03-29,1.5600000000000023
603081.XSHG,2022-03-29,0.35999999999999943
688033.XSHG,2022-03-29,0.8999999999999986
300615.XSHE,2022-03-29,1.4599999999999973
603533.XSHG,2022-03-29,0.5700000000000003
002905.XSHE,2022-03-29,0.6799999999999997
000544.XSHE,2022-03-29,0.48999999999999844
300497.XSHE,2022-03-29,6.549999999999997
002171.XSHE,2022-03-29,1.230000000000004
000008.XSHE,2022-03-29,2.4200000000000017
002223.XSHE,2022-03-29,8.439999999999998
002561.XSHE,2022-03-29,0.3899999999999988
300040.XSHE,2022-03-29,1.6400000000000006
603396.XSHG,2022-03-29,4.640000000000001
002892.XSHE,2022-03-29,1.7700000000000031
600478.XSHG,2022-03-29,2.1499999999999986
300078.XSHE,2022-03-29,2.030000000000001
601838.XSHG,2022-03-29,0.41999999999999815
603088.XSHG,2022-03-29,2.730000000000004
001234.XSHE,2022-03-29,2.5600000000000023
603579.XSHG,2022-03-29,1.4100000000000037
300052.XSHE,2022-03-29,5.0
688611.XSHG,2022-03-29,2.700000000000003
600127.XSHG,2022-03-29,5.589999999999996
000655.XSHE,2022-03-29,1.240000000000002
002962.XSHE,2022-03-29,0.41999999999999993
300055.XSHE,2022-03-29,3.3699999999999903
300457.XSHE,2022-03-29,6.1200000000000045
300354.XSHE,2022-03-29,4.760000000000005
600589.XSHG,2022-03-29,0.5600000000000005
600035.XSHG,2022-03-29,0.15999999999999837
300946.XSHE,2022-03-29,3.3900000000000006
600889.XSHG,2022-03-29,0.5599999999999987
600685.XSHG,2022-03-29,1.3100000000000023
300020.XSHE,2022-03-29,5.949999999999996
605358.XSHG,2022-03-29,3.230000000000004
600645.XSHG,2022-03-29,14.420000000000016
605300.XSHG,2022-03-29,0.9299999999999997
000020.XSHE,2022-03-29,0.3200000000000003
300438.XSHE,2022-03-29,10.870000000000005
688317.XSHG,2022-03-29,2.4299999999999997
000592.XSHE,2022-03-29,0.7200000000000024
603588.XSHG,2022-03-29,3.0900000000000034
002544.XSHE,2022-03-29,9.469999999999999
300803.XSHE,2022-03-29,1.5
600278.XSHG,2022-03-29,0.4800000000000004
603063.XSHG,2022-03-29,1.5
000059.XSHE,2022-03-29,0.29999999999999893
002252.XSHE,2022-03-29,2.9099999999999966
000789.XSHE,2022-03-29,1.2900000000000063
002327.XSHE,2022-03-29,1.7099999999999937
601390.XSHG,2022-03-29,0.14999999999999947
601828.XSHG,2022-03-29,0.22999999999999865
603039.XSHG,2022-03-29,8.349999999999994
688098.XSHG,2022-03-29,0.15000000000000036
002889.XSHE,2022-03-29,0.6099999999999994
002694.XSHE,2022-03-29,1.0700000000000003
688128.XSHG,2022-03-29,0.9100000000000001
300973.XSHE,2022-03-29,4.439999999999998
002303.XSHE,2022-03-29,1.25
603319.XSHG,2022-03-29,0.8500000000000014
002774.XSHE,2022-03-29,0.5200000000000014
300523.XSHE,2022-03-29,1.7199999999999989
301226.XSHE,2022-03-29,3.049999999999997
688569.XSHG,2022-03-29,0.4700000000000024
002645.XSHE,2022-03-29,3.759999999999991
603355.XSHG,2022-03-29,1.740000000000002
300883.XSHE,2022-03-29,0.22999999999999954
002880.XSHE,2022-03-29,1.470000000000006
300376.XSHE,2022-03-29,6.260000000000019
603332.XSHG,2022-03-29,1.0199999999999996
600644.XSHG,2022-03-29,2.0900000000000034
001208.XSHE,2022-03-29,0.4299999999999997
300351.XSHE,2022-03-29,2.4299999999999997
002150.XSHE,2022-03-29,1.0600000000000023
002183.XSHE,2022-03-29,1.3400000000000034
600896.XSHG,2022-03-29,0.6400000000000006
300942.XSHE,2022-03-29,1.8100000000000023
000678.XSHE,2022-03-29,0.7100000000000009
600131.XSHG,2022-03-29,4.420000000000002
300240.XSHE,2022-03-29,0.5700000000000003
001207.XSHE,2022-03-29,0.5
001965.XSHE,2022-03-29,0.22000000000000064
600703.XSHG,2022-03-29,23.039999999999964
605060.XSHG,2022-03-29,0.35999999999999943
002965.XSHE,2022-03-29,1.0199999999999996
000609.XSHE,2022-03-29,0.5399999999999991
600850.XSHG,2022-03-29,7.139999999999986
603318.XSHG,2022-03-29,0.879999999999999
603687.XSHG,2022-03-29,0.28000000000000114
603706.XSHG,2022-03-29,0.34999999999999964
600487.XSHG,2022-03-29,4.039999999999992
002205.XSHE,2022-03-29,0.9699999999999989
002636.XSHE,2022-03-29,1.0
300589.XSHE,2022-03-29,0.7800000000000011
600193.XSHG,2022-03-29,1.5399999999999991
002659.XSHE,2022-03-29,0.5100000000000016
300477.XSHE,2022-03-29,3.480000000000004
000049.XSHE,2022-03-29,8.949999999999989
002229.XSHE,2022-03-29,0.8300000000000018
002393.XSHE,2022-03-29,0.8299999999999983
002503.XSHE,2022-03-29,1.1400000000000006
000419.XSHE,2022-03-29,1.730000000000004
000863.XSHE,2022-03-29,5.399999999999999
300824.XSHE,2022-03-29,0.9800000000000004
600686.XSHG,2022-03-29,1.5999999999999943
603223.XSHG,2022-03-29,1.4600000000000009
688096.XSHG,2022-03-29,0.39000000000000057
688232.XSHG,2022-03-29,1.990000000000002
300489.XSHE,2022-03-29,3.009999999999998
300689.XSHE,2022-03-29,1.1099999999999994
605218.XSHG,2022-03-29,0.41999999999999993
300175.XSHE,2022-03-29,1.6600000000000001
600007.XSHG,2022-03-29,4.540000000000003
000155.XSHE,2022-03-29,1.2100000000000009
002634.XSHE,2022-03-29,1.0500000000000043
300221.XSHE,2022-03-29,0.7999999999999972
300075.XSHE,2022-03-29,7.159999999999997
603887.XSHG,2022-03-29,1.0799999999999983
300340.XSHE,2022-03-29,2.1400000000000006
603995.XSHG,2022-03-29,3.3399999999999963
600099.XSHG,2022-03-29,0.8500000000000014
603803.XSHG,2022-03-29,0.3199999999999994
600999.XSHG,2022-03-29,0.5499999999999972
603967.XSHG,2022-03-29,0.16999999999999993
600895.XSHG,2022-03-29,6.909999999999968
600784.XSHG,2022-03-29,1.0799999999999983
600712.XSHG,2022-03-29,0.7000000000000028
002937.XSHE,2022-03-29,0.9299999999999997
300097.XSHE,2022-03-29,0.879999999999999
300930.XSHE,2022-03-29,1.0800000000000018
002011.XSHE,2022-03-29,3.0400000000000063
301025.XSHE,2022-03-29,0.7299999999999986
300953.XSHE,2022-03-29,6.310000000000002
600611.XSHG,2022-03-29,45.559999999999945
603335.XSHG,2022-03-29,0.870000000000001
000856.XSHE,2022-03-29,2.039999999999999
301219.XSHE,2022-03-29,5.810000000000002
688609.XSHG,2022-03-29,1.0199999999999996
300648.XSHE,2022-03-29,2.819999999999993
601811.XSHG,2022-03-29,0.23000000000000043
300863.XSHE,2022-03-29,3.6899999999999977
300447.XSHE,2022-03-29,2.740000000000002
000686.XSHE,2022-03-29,1.6400000000000006
002982.XSHE,2022-03-29,1.9200000000000017
300566.XSHE,2022-03-29,1.6300000000000026
600857.XSHG,2022-03-29,3.6200000000000045
688772.XSHG,2022-03-29,1.2899999999999991
300847.XSHE,2022-03-29,0.6999999999999993
603519.XSHG,2022-03-29,1.0600000000000023
688667.XSHG,2022-03-29,5.030000000000001
600696.XSHG,2022-03-29,1.8199999999999932
300939.XSHE,2022-03-29,2.5899999999999963
002186.XSHE,2022-03-29,0.6900000000000013
300573.XSHE,2022-03-29,2.2099999999999937
600600.XSHG,2022-03-29,5.449999999999989
002939.XSHE,2022-03-29,0.2699999999999996
000949.XSHE,2022-03-29,0.28000000000000114
000012.XSHE,2022-03-29,8.469999999999999
000901.XSHE,2022-03-29,1.3700000000000045
002266.XSHE,2022-03-29,1.6599999999999966
300798.XSHE,2022-03-29,0.2699999999999996
000413.XSHE,2022-03-29,0.17999999999999972
301021.XSHE,2022-03-29,1.139999999999997
002434.XSHE,2022-03-29,1.8500000000000014
600570.XSHG,2022-03-29,33.149999999999864
601077.XSHG,2022-03-29,0.04999999999999982
603968.XSHG,2022-03-29,1.1099999999999994
002472.XSHE,2022-03-29,5.819999999999993
002701.XSHE,2022-03-29,1.019999999999996
300484.XSHE,2022-03-29,2.039999999999999
300383.XSHE,2022-03-29,7.100000000000023
300023.XSHE,2022-03-29,0.41000000000000014
603686.XSHG,2022-03-29,0.75
300739.XSHE,2022-03-29,0.7999999999999972
600552.XSHG,2022-03-29,3.469999999999999
600730.XSHG,2022-03-29,1.1699999999999946
600624.XSHG,2022-03-29,3.3400000000000034
301198.XSHE,2022-03-29,1.5
300449.XSHE,2022-03-29,0.6600000000000001
002677.XSHE,2022-03-29,2.309999999999995
601179.XSHG,2022-03-29,0.09999999999999964
603089.XSHG,2022-03-29,0.3000000000000007
603577.XSHG,2022-03-29,0.8200000000000003
001211.XSHE,2022-03-29,0.9100000000000001
603662.XSHG,2022-03-29,1.0600000000000023
300122.XSHE,2022-03-29,18.519999999999982
002023.XSHE,2022-03-29,2.8700000000000045
600512.XSHG,2022-03-29,1.1699999999999982
300458.XSHE,2022-03-29,4.450000000000003
002699.XSHE,2022-03-29,6.799999999999997
300092.XSHE,2022-03-29,0.8800000000000026
300716.XSHE,2022-03-29,0.23000000000000043
300419.XSHE,2022-03-29,1.9200000000000017
688235.XSHG,2022-03-29,2.3800000000000097
688195.XSHG,2022-03-29,1.3599999999999994
002376.XSHE,2022-03-29,0.7899999999999991
002048.XSHE,2022-03-29,1.8299999999999983
688306.XSHG,2022-03-29,0.3099999999999996
300603.XSHE,2022-03-29,2.5799999999999983
000587.XSHE,2022-03-29,1.629999999999999
688335.XSHG,2022-03-29,1.0799999999999983
600517.XSHG,2022-03-29,2.549999999999997
300851.XSHE,2022-03-29,1.0299999999999976
603359.XSHG,2022-03-29,0.6799999999999997
688680.XSHG,2022-03-29,11.050000000000011
000903.XSHE,2022-03-29,0.4799999999999969
301059.XSHE,2022-03-29,0.870000000000001
688309.XSHG,2022-03-29,0.4900000000000002
605369.XSHG,2022-03-29,6.110000000000014
300411.XSHE,2022-03-29,0.7699999999999996
603198.XSHG,2022-03-29,3.1000000000000014
603087.XSHG,2022-03-29,2.010000000000005
002841.XSHE,2022-03-29,4.77000000000001
300555.XSHE,2022-03-29,0.879999999999999
300057.XSHE,2022-03-29,0.7600000000000016
603000.XSHG,2022-03-29,0.8499999999999943
001308.XSHE,2022-03-29,2.770000000000003
300486.XSHE,2022-03-29,0.6799999999999997
002263.XSHE,2022-03-29,0.3100000000000005
600758.XSHG,2022-03-29,0.2599999999999998
002147.XSHE,2022-03-29,0.8600000000000012
605577.XSHG,2022-03-29,0.41999999999999993
000002.XSHE,2022-03-29,68.05999999999995
601608.XSHG,2022-03-29,0.14999999999999947
600428.XSHG,2022-03-29,1.1999999999999993
002435.XSHE,2022-03-29,1.6700000000000017
300535.XSHE,2022-03-29,1.3399999999999999
600139.XSHG,2022-03-29,0.45000000000000284
300230.XSHE,2022-03-29,0.8599999999999994
002006.XSHE,2022-03-29,8.419999999999987
601677.XSHG,2022-03-29,1.2299999999999969
000619.XSHE,2022-03-29,2.9000000000000057
688597.XSHG,2022-03-29,0.8000000000000007
600452.XSHG,2022-03-29,2.5700000000000074
600369.XSHG,2022-03-29,0.33999999999999986
600548.XSHG,2022-03-29,0.39000000000000057
603260.XSHG,2022-03-29,8.02000000000001
002817.XSHE,2022-03-29,1.860000000000003
002698.XSHE,2022-03-29,0.41999999999999815
603379.XSHG,2022-03-29,1.4400000000000013
600763.XSHG,2022-03-29,8.689999999999998
600251.XSHG,2022-03-29,4.3700000000000045
603328.XSHG,2022-03-29,0.4800000000000004
688101.XSHG,2022-03-29,0.5700000000000003
603817.XSHG,2022-03-29,0.16999999999999993
300213.XSHE,2022-03-29,2.979999999999997
002660.XSHE,2022-03-29,0.8200000000000003
002165.XSHE,2022-03-29,1.4500000000000028
601108.XSHG,2022-03-29,0.1999999999999993
688396.XSHG,2022-03-29,2.799999999999997
002373.XSHE,2022-03-29,1.3100000000000023
003013.XSHE,2022-03-29,0.5100000000000016
001289.XSHE,2022-03-29,0.9199999999999982
300750.XSHE,2022-03-29,18.069999999999993
000032.XSHE,2022-03-29,2.1699999999999875
603477.XSHG,2022-03-29,3.5
300400.XSHE,2022-03-29,1.9099999999999966
605068.XSHG,2022-03-29,0.4299999999999997
002395.XSHE,2022-03-29,1.3399999999999999
002417.XSHE,2022-03-29,0.41000000000000014
002803.XSHE,2022-03-29,3.739999999999995
600674.XSHG,2022-03-29,3.0900000000000034
301060.XSHE,2022-03-29,4.400000000000006
600018.XSHG,2022-03-29,0.14999999999999947
002837.XSHE,2022-03-29,4.429999999999978
600862.XSHG,2022-03-29,12.900000000000006
300035.XSHE,2022-03-29,17.30000000000001
600985.XSHG,2022-03-29,3.799999999999997
601366.XSHG,2022-03-29,0.03000000000000025
600075.XSHG,2022-03-29,1.1700000000000017
002749.XSHE,2022-03-29,2.5600000000000023
600847.XSHG,2022-03-29,0.9099999999999966
601020.XSHG,2022-03-29,0.6600000000000001
300647.XSHE,2022-03-29,0.8199999999999967
001203.XSHE,2022-03-29,0.3099999999999987
002113.XSHE,2022-03-29,0.5500000000000007
300197.XSHE,2022-03-29,2.2099999999999937
002017.XSHE,2022-03-29,3.530000000000001
603337.XSHG,2022-03-29,1.4500000000000028
603657.XSHG,2022-03-29,0.740000000000002
300261.XSHE,2022-03-29,24.090000000000003
300967.XSHE,2022-03-29,1.7900000000000027
600818.XSHG,2022-03-29,4.290000000000006
300316.XSHE,2022-03-29,17.50999999999999
600855.XSHG,2022-03-29,0.6300000000000026
002825.XSHE,2022-03-29,1.0199999999999996
600359.XSHG,2022-03-29,0.8599999999999994
688100.XSHG,2022-03-29,0.7699999999999996
688529.XSHG,2022-03-29,0.9800000000000004
603601.XSHG,2022-03-29,3.200000000000003
605339.XSHG,2022-03-29,0.9100000000000001
002013.XSHE,2022-03-29,12.970000000000027
603283.XSHG,2022-03-29,0.8200000000000003
002943.XSHE,2022-03-29,1.6600000000000037
001313.XSHE,2022-03-29,0.8699999999999992
603233.XSHG,2022-03-29,1.4599999999999937
603822.XSHG,2022-03-29,3.0600000000000023
603606.XSHG,2022-03-29,6.289999999999992
300380.XSHE,2022-03-29,2.1199999999999974
603032.XSHG,2022-03-29,2.710000000000008
002665.XSHE,2022-03-29,1.9299999999999997
603053.XSHG,2022-03-29,0.2400000000000002
300066.XSHE,2022-03-29,2.0999999999999943
688008.XSHG,2022-03-29,2.760000000000005
002015.XSHE,2022-03-29,6.069999999999993
000056.XSHE,2022-03-29,3.1099999999999994
300404.XSHE,2022-03-29,3.530000000000001
002956.XSHE,2022-03-29,1.0300000000000011
603308.XSHG,2022-03-29,1.3400000000000034
002211.XSHE,2022-03-29,0.1200000000000001
600888.XSHG,2022-03-29,3.3400000000000034
000700.XSHE,2022-03-29,1.210000000000008
002649.XSHE,2022-03-29,1.1799999999999997
601816.XSHG,2022-03-29,0.07000000000000028
000607.XSHE,2022-03-29,1.0600000000000023
002612.XSHE,2022-03-29,3.0799999999999983
000553.XSHE,2022-03-29,0.9699999999999989
002225.XSHE,2022-03-29,0.14999999999999947
002896.XSHE,2022-03-29,0.9199999999999982
300903.XSHE,2022-03-29,0.7300000000000004
600138.XSHG,2022-03-29,2.410000000000011
300610.XSHE,2022-03-29,3.270000000000003
000581.XSHE,2022-03-29,2.6700000000000017
300546.XSHE,2022-03-29,9.709999999999994
002063.XSHE,2022-03-29,4.039999999999992
002308.XSHE,2022-03-29,1.4300000000000033
300644.XSHE,2022-03-29,0.9899999999999984
300802.XSHE,2022-03-29,1.2100000000000009
600808.XSHG,2022-03-29,0.25
688369.XSHG,2022-03-29,1.9799999999999969
002783.XSHE,2022-03-29,1.240000000000002
002948.XSHE,2022-03-29,0.04999999999999982
605050.XSHG,2022-03-29,0.5399999999999991
600761.XSHG,2022-03-29,3.5500000000000114
002405.XSHE,2022-03-29,1.6799999999999997
002950.XSHE,2022-03-29,0.5899999999999999
300753.XSHE,2022-03-29,1.009999999999998
688190.XSHG,2022-03-29,2.3299999999999983
000955.XSHE,2022-03-29,0.6399999999999988
600606.XSHG,2022-03-29,46.549999999999955
601968.XSHG,2022-03-29,0.17999999999999972
000928.XSHE,2022-03-29,0.5800000000000001
002447.XSHE,2022-03-29,1.2899999999999991
600870.XSHG,2022-03-29,2.3999999999999986
603596.XSHG,2022-03-29,3.219999999999999
603322.XSHG,2022-03-29,2.9400000000000013
600268.XSHG,2022-03-29,2.240000000000002
002839.XSHE,2022-03-29,0.15000000000000036
600429.XSHG,2022-03-29,0.3799999999999999
688385.XSHG,2022-03-29,2.8499999999999943
000900.XSHE,2022-03-29,0.8100000000000023
600262.XSHG,2022-03-29,1.7299999999999969
600162.XSHG,2022-03-29,0.6400000000000006
300947.XSHE,2022-03-29,1.6600000000000037
600215.XSHG,2022-03-29,0.6900000000000013
605287.XSHG,2022-03-29,1.0100000000000016
600692.XSHG,2022-03-29,16.47
600477.XSHG,2022-03-29,4.150000000000006
688201.XSHG,2022-03-29,1.509999999999998
603429.XSHG,2022-03-29,8.049999999999997
300464.XSHE,2022-03-29,1.8099999999999987
603180.XSHG,2022-03-29,2.6799999999999926
600104.XSHG,2022-03-29,3.0100000000000193
301096.XSHE,2022-03-29,3.299999999999997
002179.XSHE,2022-03-29,19.720000000000027
300193.XSHE,2022-03-29,0.5100000000000016
300746.XSHE,2022-03-29,0.8000000000000007
000860.XSHE,2022-03-29,2.1599999999999966
000921.XSHE,2022-03-29,0.5900000000000016
600792.XSHG,2022-03-29,0.879999999999999
600908.XSHG,2022-03-29,0.16999999999999993
002458.XSHE,2022-03-29,2.740000000000009
300684.XSHE,2022-03-29,1.5799999999999983
300177.XSHE,2022-03-29,3.680000000000007
000557.XSHE,2022-03-29,1.3200000000000003
000978.XSHE,2022-03-29,1.0100000000000016
603997.XSHG,2022-03-29,1.1099999999999994
600108.XSHG,2022-03-29,2.240000000000002
688002.XSHG,2022-03-29,1.7700000000000031
002953.XSHE,2022-03-29,1.0100000000000016
300719.XSHE,2022-03-29,0.9100000000000001
300183.XSHE,2022-03-29,3.5799999999999983
002862.XSHE,2022-03-29,0.6500000000000021
000157.XSHE,2022-03-29,8.319999999999993
002919.XSHE,2022-03-29,1.6400000000000006
605318.XSHG,2022-03-29,0.6600000000000001
600841.XSHG,2022-03-29,0.9000000000000021
300625.XSHE,2022-03-29,0.33999999999999986
601728.XSHG,2022-03-29,0.040000000000000036
002028.XSHE,2022-03-29,36.0
300150.XSHE,2022-03-29,0.9599999999999973
600182.XSHG,2022-03-29,0.25
000801.XSHE,2022-03-29,2.760000000000005
601588.XSHG,2022-03-29,0.11000000000000032
600362.XSHG,2022-03-29,0.7099999999999973
000880.XSHE,2022-03-29,0.7800000000000011
300780.XSHE,2022-03-29,0.5100000000000016
688707.XSHG,2022-03-29,2.3800000000000026
000524.XSHE,2022-03-29,4.1200000000000045
300244.XSHE,2022-03-29,21.660000000000025
605028.XSHG,2022-03-29,0.5399999999999991
002549.XSHE,2022-03-29,5.519999999999982
688669.XSHG,2022-03-29,0.7799999999999976
301089.XSHE,2022-03-29,15.0
688323.XSHG,2022-03-29,1.629999999999999
002706.XSHE,2022-03-29,5.650000000000006
300636.XSHE,2022-03-29,5.140000000000001
600122.XSHG,2022-03-29,0.34999999999999964
300174.XSHE,2022-03-29,1.5999999999999943
688248.XSHG,2022-03-29,0.41000000000000014
603799.XSHG,2022-03-29,7.260000000000019
002875.XSHE,2022-03-29,0.8800000000000026
600683.XSHG,2022-03-29,2.6099999999999994
600056.XSHG,2022-03-29,48.33000000000004
600835.XSHG,2022-03-29,2.1500000000000057
688596.XSHG,2022-03-29,0.7199999999999989
601375.XSHG,2022-03-29,0.08000000000000007
600647.XSHG,2022-03-29,16.79000000000002
603079.XSHG,2022-03-29,3.0199999999999996
300864.XSHE,2022-03-29,2.3799999999999955
002468.XSHE,2022-03-29,0.3200000000000003
002727.XSHE,2022-03-29,1.1299999999999955
603859.XSHG,2022-03-29,1.490000000000002
300969.XSHE,2022-03-29,4.869999999999997
600664.XSHG,2022-03-29,1.7000000000000028
002573.XSHE,2022-03-29,1.519999999999996
601952.XSHG,2022-03-29,1.3599999999999994
600506.XSHG,2022-03-29,0.2900000000000009
301027.XSHE,2022-03-29,1.1600000000000001
002315.XSHE,2022-03-29,1.9000000000000057
600958.XSHG,2022-03-29,0.4299999999999997
688151.XSHG,2022-03-29,0.9299999999999997
000610.XSHE,2022-03-29,1.3100000000000023
603912.XSHG,2022-03-29,1.6499999999999986
603990.XSHG,2022-03-29,1.8699999999999974
300248.XSHE,2022-03-29,7.189999999999998
002641.XSHE,2022-03-29,1.1700000000000017
605058.XSHG,2022-03-29,0.5300000000000011
000970.XSHE,2022-03-29,6.72999999999999
688025.XSHG,2022-03-29,1.75
600318.XSHG,2022-03-29,4.039999999999999
301117.XSHE,2022-03-29,3.1499999999999986
603398.XSHG,2022-03-29,8.0
002149.XSHE,2022-03-29,1.0499999999999972
002537.XSHE,2022-03-29,8.540000000000006
300076.XSHE,2022-03-29,1.1699999999999946
002377.XSHE,2022-03-29,0.4299999999999997
600966.XSHG,2022-03-29,0.9799999999999969
601333.XSHG,2022-03-29,0.08000000000000007
300621.XSHE,2022-03-29,0.5500000000000007
600135.XSHG,2022-03-29,0.5500000000000007
003008.XSHE,2022-03-29,0.7100000000000009
600059.XSHG,2022-03-29,1.8299999999999983
601989.XSHG,2022-03-29,0.08999999999999986
688330.XSHG,2022-03-29,4.3500000000000085
300253.XSHE,2022-03-29,8.810000000000002
300169.XSHE,2022-03-29,0.5200000000000031
601187.XSHG,2022-03-29,0.20000000000000018
002739.XSHE,2022-03-29,1.3699999999999974
603197.XSHG,2022-03-29,4.359999999999999
603768.XSHG,2022-03-29,0.34999999999999964
002667.XSHE,2022-03-29,3.779999999999987
000400.XSHE,2022-03-29,6.02000000000001
300338.XSHE,2022-03-29,1.75
002911.XSHE,2022-03-29,0.19000000000000128
002881.XSHE,2022-03-29,2.219999999999999
605158.XSHG,2022-03-29,0.21999999999999886
002504.XSHE,2022-03-29,0.13999999999999968
301211.XSHE,2022-03-29,1.1999999999999993
002719.XSHE,2022-03-29,0.39000000000000057
300043.XSHE,2022-03-29,2.319999999999993
601168.XSHG,2022-03-29,0.4499999999999993
601211.XSHG,2022-03-29,0.1999999999999993
600714.XSHG,2022-03-29,1.4699999999999989
000099.XSHE,2022-03-29,0.8099999999999987
600585.XSHG,2022-03-29,3.0900000000000034
002789.XSHE,2022-03-29,1.2300000000000004
603619.XSHG,2022-03-29,0.5800000000000001
603558.XSHG,2022-03-29,1.8600000000000065
002922.XSHE,2022-03-29,0.7300000000000004
300048.XSHE,2022-03-29,2.3299999999999983
600905.XSHG,2022-03-29,0.08999999999999986
000791.XSHE,2022-03-29,0.6099999999999994
600836.XSHG,2022-03-29,4.13000000000001
688737.XSHG,2022-03-29,1.5400000000000063
000915.XSHE,2022-03-29,5.640000000000001
688280.XSHG,2022-03-29,0.6099999999999994
002877.XSHE,2022-03-29,0.5799999999999983
002558.XSHE,2022-03-29,1.2199999999999989
603156.XSHG,2022-03-29,1.3099999999999952
300515.XSHE,2022-03-29,0.9299999999999997
003003.XSHE,2022-03-29,0.4900000000000002
002567.XSHE,2022-03-29,4.969999999999999
600767.XSHG,2022-03-29,1.4299999999999997
600028.XSHG,2022-03-29,0.3099999999999987
603080.XSHG,2022-03-29,0.34999999999999964
000069.XSHE,2022-03-29,11.930000000000007
600159.XSHG,2022-03-29,0.9199999999999982
603555.XSHG,2022-03-29,0.14000000000000012
603637.XSHG,2022-03-29,1.4100000000000001
002261.XSHE,2022-03-29,1.6200000000000045
300875.XSHE,2022-03-29,1.8999999999999986
600356.XSHG,2022-03-29,0.2900000000000009
601777.XSHG,2022-03-29,0.15000000000000036
300861.XSHE,2022-03-29,3.6099999999999994
600400.XSHG,2022-03-29,0.8999999999999986
600639.XSHG,2022-03-29,2.9200000000000017
300906.XSHE,2022-03-29,1.0899999999999999
002469.XSHE,2022-03-29,1.3599999999999994
300594.XSHE,2022-03-29,0.7699999999999996
300702.XSHE,2022-03-29,6.789999999999992
002796.XSHE,2022-03-29,2.7799999999999976
003007.XSHE,2022-03-29,0.8699999999999974
600327.XSHG,2022-03-29,7.75
600321.XSHG,2022-03-29,0.5499999999999972
002581.XSHE,2022-03-29,3.769999999999996
600757.XSHG,2022-03-29,2.239999999999995
002002.XSHE,2022-03-29,1.3100000000000023
000153.XSHE,2022-03-29,1.4099999999999966
300759.XSHE,2022-03-29,6.840000000000003
300328.XSHE,2022-03-29,1.7899999999999991
000779.XSHE,2022-03-29,0.9600000000000009
000038.XSHE,2022-03-29,1.0700000000000003
000906.XSHE,2022-03-29,2.4299999999999997
688699.XSHG,2022-03-29,6.909999999999997
600423.XSHG,2022-03-29,1.0900000000000016
000599.XSHE,2022-03-29,0.5500000000000007
301028.XSHE,2022-03-29,0.45000000000000107
688021.XSHG,2022-03-29,1.480000000000004
603843.XSHG,2022-03-29,0.3700000000000001
002075.XSHE,2022-03-29,0.3199999999999985
000019.XSHE,2022-03-29,6.670000000000002
600731.XSHG,2022-03-29,5.190000000000005
603811.XSHG,2022-03-29,1.7100000000000009
600876.XSHG,2022-03-29,0.9399999999999977
300128.XSHE,2022-03-29,1.1999999999999957
000611.XSHE,2022-03-29,0.9100000000000001
000597.XSHE,2022-03-29,1.3000000000000043
000990.XSHE,2022-03-29,2.3400000000000034
002644.XSHE,2022-03-29,8.170000000000009
601881.XSHG,2022-03-29,0.16000000000000014
000656.XSHE,2022-03-29,1.1199999999999974
300513.XSHE,2022-03-29,1.2100000000000009
688181.XSHG,2022-03-29,1.0
002198.XSHE,2022-03-29,1.4799999999999969
300811.XSHE,2022-03-29,5.960000000000008
300821.XSHE,2022-03-29,0.48999999999999844
000582.XSHE,2022-03-29,0.6499999999999986
603867.XSHG,2022-03-29,0.8400000000000034
603168.XSHG,2022-03-29,2.0900000000000034
000756.XSHE,2022-03-29,0.6099999999999994
002638.XSHE,2022-03-29,0.3000000000000007
688229.XSHG,2022-03-29,1.3299999999999983
300701.XSHE,2022-03-29,1.3500000000000014
301086.XSHE,2022-03-29,2.009999999999998
600257.XSHG,2022-03-29,4.969999999999999
600780.XSHG,2022-03-29,1.0399999999999991
002134.XSHE,2022-03-29,0.4800000000000004
300004.XSHE,2022-03-29,2.0
300229.XSHE,2022-03-29,2.240000000000002
000429.XSHE,2022-03-29,0.370000000000001
002761.XSHE,2022-03-29,6.780000000000001
600766.XSHG,2022-03-29,1.1400000000000006
600869.XSHG,2022-03-29,1.7100000000000009
603567.XSHG,2022-03-29,1.0199999999999996
600691.XSHG,2022-03-29,3.780000000000001
300377.XSHE,2022-03-29,4.3700000000000045
002182.XSHE,2022-03-29,2.3599999999999994
300832.XSHE,2022-03-29,2.469999999999999
000950.XSHE,2022-03-29,1.9800000000000004
002614.XSHE,2022-03-29,1.1400000000000006
600009.XSHG,2022-03-29,5.469999999999999
605259.XSHG,2022-03-29,1.2099999999999973
603717.XSHG,2022-03-29,0.8100000000000005
300657.XSHE,2022-03-29,1.8999999999999986
300188.XSHE,2022-03-29,6.920000000000016
600984.XSHG,2022-03-29,0.41999999999999993
600243.XSHG,2022-03-29,0.23999999999999932
002459.XSHE,2022-03-29,5.469999999999999
002983.XSHE,2022-03-29,0.7900000000000027
300671.XSHE,2022-03-29,11.330000000000013
301130.XSHE,2022-03-29,1.8200000000000003
002865.XSHE,2022-03-29,7.099999999999994
600090.XSHG,2022-03-29,0.2599999999999998
600588.XSHG,2022-03-29,29.600000000000136
000736.XSHE,2022-03-29,9.630000000000003
000995.XSHE,2022-03-29,1.3500000000000014
002758.XSHE,2022-03-29,9.080000000000005
601727.XSHG,2022-03-29,0.09999999999999964
002033.XSHE,2022-03-29,2.259999999999998
601600.XSHG,2022-03-29,0.1200000000000001
603366.XSHG,2022-03-29,0.2900000000000009
002823.XSHE,2022-03-29,1.3000000000000007
601598.XSHG,2022-03-29,0.08000000000000007
603978.XSHG,2022-03-29,1.2899999999999991
603038.XSHG,2022-03-29,0.870000000000001
688799.XSHG,2022-03-29,1.759999999999998
002520.XSHE,2022-03-29,2.5
002420.XSHE,2022-03-29,0.2400000000000002
300196.XSHE,2022-03-29,1.6799999999999997
688789.XSHG,2022-03-29,8.240000000000009
300937.XSHE,2022-03-29,1.7199999999999989
300315.XSHE,2022-03-29,1.1099999999999994
002603.XSHE,2022-03-29,7.439999999999998
605277.XSHG,2022-03-29,1.8299999999999983
002876.XSHE,2022-03-29,3.440000000000005
601028.XSHG,2022-03-29,1.3399999999999963
600101.XSHG,2022-03-29,2.1199999999999974
300592.XSHE,2022-03-29,0.6300000000000008
688681.XSHG,2022-03-29,0.47999999999999865
603655.XSHG,2022-03-29,0.8000000000000007
603009.XSHG,2022-03-29,0.5100000000000016
300506.XSHE,2022-03-29,0.9700000000000024
000902.XSHE,2022-03-29,3.6899999999999977
603230.XSHG,2022-03-29,0.6100000000000012
000703.XSHE,2022-03-29,1.8100000000000023
000782.XSHE,2022-03-29,0.3400000000000034
605333.XSHG,2022-03-29,1.009999999999998
000932.XSHE,2022-03-29,0.22000000000000064
000546.XSHE,2022-03-29,2.4299999999999997
688303.XSHG,2022-03-29,2.3400000000000034
300267.XSHE,2022-03-29,3.8399999999999963
603983.XSHG,2022-03-29,1.7099999999999973
300039.XSHE,2022-03-29,9.299999999999997
300302.XSHE,2022-03-29,2.1499999999999986
002536.XSHE,2022-03-29,0.8399999999999963
601528.XSHG,2022-03-29,0.1899999999999995
603050.XSHG,2022-03-29,0.6699999999999982
603301.XSHG,2022-03-29,2.8599999999999994
688786.XSHG,2022-03-29,1.5100000000000051
688345.XSHG,2022-03-29,2.479999999999997
002378.XSHE,2022-03-29,0.3299999999999983
300099.XSHE,2022-03-29,3.3599999999999994
603679.XSHG,2022-03-29,0.7800000000000011
000963.XSHE,2022-03-29,9.079999999999984
300194.XSHE,2022-03-29,1.2100000000000009
301178.XSHE,2022-03-29,2.280000000000001
000560.XSHE,2022-03-29,0.639999999999997
600266.XSHG,2022-03-29,0.8900000000000006
600531.XSHG,2022-03-29,0.75
603330.XSHG,2022-03-29,3.4299999999999997
601886.XSHG,2022-03-29,0.8399999999999999
002032.XSHE,2022-03-29,13.689999999999998
300493.XSHE,2022-03-29,1.2399999999999984
300494.XSHE,2022-03-29,1.1499999999999986
002050.XSHE,2022-03-29,4.699999999999989
300465.XSHE,2022-03-29,2.1899999999999977
600201.XSHG,2022-03-29,4.199999999999989
605378.XSHG,2022-03-29,1.639999999999997
002046.XSHE,2022-03-29,2.450000000000003
603387.XSHG,2022-03-29,3.769999999999996
600837.XSHG,2022-03-29,4.240000000000009
603177.XSHG,2022-03-29,0.5
300184.XSHE,2022-03-29,3.049999999999997
300490.XSHE,2022-03-29,1.5
600077.XSHG,2022-03-29,5.140000000000001
000820.XSHE,2022-03-29,0.25
603026.XSHG,2022-03-29,5.659999999999997
002593.XSHE,2022-03-29,0.2599999999999998
002053.XSHE,2022-03-29,1.3300000000000018
300945.XSHE,2022-03-29,0.740000000000002
600256.XSHG,2022-03-29,11.069999999999993
002650.XSHE,2022-03-29,1.7700000000000031
300654.XSHE,2022-03-29,0.620000000000001
002170.XSHE,2022-03-29,5.260000000000005
688575.XSHG,2022-03-29,2.5899999999999963
600498.XSHG,2022-03-29,1.5399999999999991
603299.XSHG,2022-03-29,0.23000000000000043
600729.XSHG,2022-03-29,3.1299999999999955
605081.XSHG,2022-03-29,0.7800000000000011
603536.XSHG,2022-03-29,0.9299999999999997
300565.XSHE,2022-03-29,0.9299999999999997
300827.XSHE,2022-03-29,6.260000000000005
603866.XSHG,2022-03-29,1.6400000000000006
688259.XSHG,2022-03-29,4.11999999999999
002461.XSHE,2022-03-29,0.29999999999999716
600367.XSHG,2022-03-29,5.890000000000001
300410.XSHE,2022-03-29,1.7199999999999989
301129.XSHE,2022-03-29,5.340000000000003
688081.XSHG,2022-03-29,0.5599999999999987
300994.XSHE,2022-03-29,2.120000000000001
002465.XSHE,2022-03-29,1.7800000000000011
688006.XSHG,2022-03-29,4.030000000000001
002291.XSHE,2022-03-29,1.1099999999999994
002730.XSHE,2022-03-29,0.6600000000000001
002780.XSHE,2022-03-29,0.6499999999999986
002815.XSHE,2022-03-29,0.8900000000000006
603633.XSHG,2022-03-29,1.3499999999999979
600073.XSHG,2022-03-29,0.639999999999997
000564.XSHE,2022-03-29,0.28000000000000114
688155.XSHG,2022-03-29,9.060000000000002
688316.XSHG,2022-03-29,1.5399999999999991
300324.XSHE,2022-03-29,2.5
002005.XSHE,2022-03-29,0.5000000000000018
300918.XSHE,2022-03-29,0.370000000000001
603117.XSHG,2022-03-29,0.20999999999999996
600661.XSHG,2022-03-29,3.5800000000000054
000510.XSHE,2022-03-29,1.9300000000000068
002451.XSHE,2022-03-29,0.4299999999999997
300420.XSHE,2022-03-29,1.120000000000001
603389.XSHG,2022-03-29,0.13999999999999968
002654.XSHE,2022-03-29,1.3000000000000007
601158.XSHG,2022-03-29,0.27999999999999936
002478.XSHE,2022-03-29,0.25
000829.XSHE,2022-03-29,10.129999999999995
300543.XSHE,2022-03-29,2.460000000000001
605319.XSHG,2022-03-29,0.6099999999999994
600328.XSHG,2022-03-29,2.4399999999999977
002779.XSHE,2022-03-29,2.530000000000001
603551.XSHG,2022-03-29,0.21999999999999886
603976.XSHG,2022-03-29,1.0499999999999972
002202.XSHE,2022-03-29,2.3900000000000006
300026.XSHE,2022-03-29,46.629999999999995
688329.XSHG,2022-03-29,4.41
002095.XSHE,2022-03-29,1.9099999999999966
600395.XSHG,2022-03-29,3.1000000000000014
002265.XSHE,2022-03-29,1.5599999999999987
300868.XSHE,2022-03-29,0.6500000000000021
002446.XSHE,2022-03-29,0.490000000000002
300395.XSHE,2022-03-29,15.289999999999964
601456.XSHG,2022-03-29,0.33999999999999986
300525.XSHE,2022-03-29,2.0600000000000023
300738.XSHE,2022-03-29,5.609999999999999
300935.XSHE,2022-03-29,2.230000000000004
002428.XSHE,2022-03-29,3.7099999999999937
000821.XSHE,2022-03-29,0.8100000000000023
603727.XSHG,2022-03-29,0.629999999999999
000622.XSHE,2022-03-29,1.5
300112.XSHE,2022-03-29,1.2999999999999972
603505.XSHG,2022-03-29,2.210000000000001
300312.XSHE,2022-03-29,0.29999999999999893
002607.XSHE,2022-03-29,2.479999999999997
300360.XSHE,2022-03-29,1.9799999999999969
600630.XSHG,2022-03-29,1.7399999999999984
000037.XSHE,2022-03-29,1.240000000000002
000600.XSHE,2022-03-29,0.6500000000000021
300957.XSHE,2022-03-29,9.77000000000001
300387.XSHE,2022-03-29,7.170000000000002
600100.XSHG,2022-03-29,2.5600000000000023
600612.XSHG,2022-03-29,99.82000000000062
601607.XSHG,2022-03-29,2.6400000000000006
002452.XSHE,2022-03-29,1.75
300612.XSHE,2022-03-29,6.609999999999999
600267.XSHG,2022-03-29,6.659999999999997
000933.XSHE,2022-03-29,6.699999999999989
000159.XSHE,2022-03-29,0.5500000000000007
603759.XSHG,2022-03-29,0.3100000000000005
003000.XSHE,2022-03-29,0.22000000000000064
603517.XSHG,2022-03-29,3.25
688030.XSHG,2022-03-29,1.0499999999999972
300661.XSHE,2022-03-29,63.070000000000164
300667.XSHE,2022-03-29,1.1900000000000048
600166.XSHG,2022-03-29,2.3700000000000045
603918.XSHG,2022-03-29,1.0800000000000018
603806.XSHG,2022-03-29,11.060000000000002
002279.XSHE,2022-03-29,2.0999999999999943
000905.XSHE,2022-03-29,0.5
003023.XSHE,2022-03-29,0.5500000000000007
600979.XSHG,2022-03-29,0.4400000000000013
603798.XSHG,2022-03-29,0.7100000000000009
688418.XSHG,2022-03-29,0.41000000000000014
688022.XSHG,2022-03-29,1.8400000000000034
300129.XSHE,2022-03-29,0.9199999999999946
000807.XSHE,2022-03-29,3.780000000000001
600892.XSHG,2022-03-29,0.7199999999999989
603188.XSHG,2022-03-29,1.4399999999999995
300056.XSHE,2022-03-29,1.4299999999999997
603303.XSHG,2022-03-29,1.2600000000000016
002663.XSHE,2022-03-29,0.5700000000000003
600707.XSHG,2022-03-29,0.4299999999999997
300643.XSHE,2022-03-29,0.35999999999999943
301075.XSHE,2022-03-29,1.8900000000000006
300879.XSHE,2022-03-29,0.5800000000000018
301080.XSHE,2022-03-29,4.810000000000002
002413.XSHE,2022-03-29,0.5899999999999999
301186.XSHE,2022-03-29,2.029999999999994
600886.XSHG,2022-03-29,3.9799999999999613
603100.XSHG,2022-03-29,0.6199999999999992
002625.XSHE,2022-03-29,5.040000000000006
601326.XSHG,2022-03-29,0.03000000000000025
000529.XSHE,2022-03-29,2.150000000000002
688663.XSHG,2022-03-29,1.3999999999999986
300461.XSHE,2022-03-29,1.2600000000000016
603300.XSHG,2022-03-29,1.7199999999999989
001215.XSHE,2022-03-29,2.1499999999999986
300453.XSHE,2022-03-29,1.1999999999999957
300031.XSHE,2022-03-29,4.200000000000017
688700.XSHG,2022-03-29,4.530000000000001
000751.XSHE,2022-03-29,0.27000000000000135
002584.XSHE,2022-03-29,2.469999999999999
688180.XSHG,2022-03-29,5.349999999999994
300153.XSHE,2022-03-29,1.9200000000000017
600613.XSHG,2022-03-29,11.120000000000005
000709.XSHE,2022-03-29,0.4400000000000013
605255.XSHG,2022-03-29,0.6300000000000026
601998.XSHG,2022-03-29,0.28999999999999915
300392.XSHE,2022-03-29,1.3200000000000003
688687.XSHG,2022-03-29,1.0400000000000027
002543.XSHE,2022-03-29,0.8500000000000014
688378.XSHG,2022-03-29,0.9500000000000028
601008.XSHG,2022-03-29,0.21999999999999975
300195.XSHE,2022-03-29,0.5700000000000003
300695.XSHE,2022-03-29,1.740000000000002
601106.XSHG,2022-03-29,0.040000000000000036
603899.XSHG,2022-03-29,8.790000000000006
300143.XSHE,2022-03-29,1.490000000000002
600708.XSHG,2022-03-29,1.7700000000000031
300600.XSHE,2022-03-29,0.7200000000000024
600621.XSHG,2022-03-29,101.59000000000015
002687.XSHE,2022-03-29,0.7299999999999969
603220.XSHG,2022-03-29,0.8100000000000005
002180.XSHE,2022-03-29,9.97999999999999
300471.XSHE,2022-03-29,4.660000000000011
600216.XSHG,2022-03-29,2.960000000000008
600425.XSHG,2022-03-29,0.5299999999999976
600177.XSHG,2022-03-29,3.2700000000000387
000712.XSHE,2022-03-29,4.469999999999999
002646.XSHE,2022-03-29,0.370000000000001
605599.XSHG,2022-03-29,0.23000000000000043
605188.XSHG,2022-03-29,0.1899999999999995
002392.XSHE,2022-03-29,0.7600000000000051
603166.XSHG,2022-03-29,0.40000000000000036
600615.XSHG,2022-03-29,8.789999999999964
600838.XSHG,2022-03-29,3.280000000000001
601702.XSHG,2022-03-29,0.3800000000000008
002613.XSHE,2022-03-29,2.9200000000000017
002160.XSHE,2022-03-29,0.2699999999999996
002270.XSHE,2022-03-29,0.5400000000000009
002074.XSHE,2022-03-29,7.449999999999989
300639.XSHE,2022-03-29,3.480000000000004
002809.XSHE,2022-03-29,1.5399999999999991
000668.XSHE,2022-03-29,9.329999999999998
002767.XSHE,2022-03-29,0.8499999999999979
300595.XSHE,2022-03-29,14.129999999999995
600898.XSHG,2022-03-29,1.1999999999999993
300857.XSHE,2022-03-29,0.9700000000000024
603348.XSHG,2022-03-29,1.8100000000000023
002729.XSHE,2022-03-29,2.280000000000001
002043.XSHE,2022-03-29,2.660000000000011
605376.XSHG,2022-03-29,2.269999999999996
000688.XSHE,2022-03-29,3.8599999999999994
688262.XSHG,2022-03-29,1.3099999999999952
300927.XSHE,2022-03-29,1.0399999999999991
600987.XSHG,2022-03-29,0.45000000000000284
603066.XSHG,2022-03-29,0.370000000000001
603876.XSHG,2022-03-29,1.7299999999999969
002394.XSHE,2022-03-29,0.5599999999999952
002312.XSHE,2022-03-29,12.590000000000003
603421.XSHG,2022-03-29,0.33999999999999986
300151.XSHE,2022-03-29,7.530000000000001
600698.XSHG,2022-03-29,2.0600000000000023
600305.XSHG,2022-03-29,3.759999999999991
002300.XSHE,2022-03-29,1.4200000000000017
002958.XSHE,2022-03-29,0.08000000000000007
300433.XSHE,2022-03-29,2.4399999999999977
300430.XSHE,2022-03-29,1.5899999999999963
300998.XSHE,2022-03-29,2.2799999999999976
601686.XSHG,2022-03-29,0.16000000000000014
603345.XSHG,2022-03-29,6.170000000000002
002599.XSHE,2022-03-29,0.8000000000000007
600872.XSHG,2022-03-29,14.910000000000025
605180.XSHG,2022-03-29,0.8599999999999994
002915.XSHE,2022-03-29,6.209999999999994
003001.XSHE,2022-03-29,1.5600000000000023
600366.XSHG,2022-03-29,4.430000000000007
300320.XSHE,2022-03-29,9.329999999999998
600406.XSHG,2022-03-29,32.65000000000009
688798.XSHG,2022-03-29,4.689999999999998
600339.XSHG,2022-03-29,0.16000000000000014
000868.XSHE,2022-03-29,1.3599999999999994
000543.XSHE,2022-03-29,0.6300000000000026
600188.XSHG,2022-03-29,8.139999999999986
002275.XSHE,2022-03-29,2.240000000000002
002690.XSHE,2022-03-29,2.970000000000013
600302.XSHG,2022-03-29,0.629999999999999
000726.XSHE,2022-03-29,0.8299999999999983
000027.XSHE,2022-03-29,3.5999999999999943
300352.XSHE,2022-03-29,2.509999999999991
300591.XSHE,2022-03-29,0.27000000000000135
300885.XSHE,2022-03-29,4.439999999999998
000828.XSHE,2022-03-29,1.1400000000000006
000025.XSHE,2022-03-29,0.8500000000000014
688686.XSHG,2022-03-29,7.739999999999981
002589.XSHE,2022-03-29,2.549999999999997
300613.XSHE,2022-03-29,13.45999999999998
600220.XSHG,2022-03-29,1.5400000000000027
002041.XSHE,2022-03-29,24.260000000000048
300503.XSHE,2022-03-29,1.0700000000000003
300664.XSHE,2022-03-29,0.20000000000000107
603095.XSHG,2022-03-29,0.38000000000000256
300243.XSHE,2022-03-29,1.519999999999996
600273.XSHG,2022-03-29,0.38000000000000256
300325.XSHE,2022-03-29,1.5399999999999991
000848.XSHE,2022-03-29,5.280000000000001
600941.XSHG,2022-03-29,1.730000000000004
600153.XSHG,2022-03-29,6.840000000000003
603321.XSHG,2022-03-29,0.1900000000000004
003020.XSHE,2022-03-29,1.4299999999999997
002367.XSHE,2022-03-29,1.2899999999999991
688233.XSHG,2022-03-29,3.9099999999999966
600088.XSHG,2022-03-29,0.9099999999999966
002583.XSHE,2022-03-29,0.7899999999999991
000988.XSHE,2022-03-29,9.20999999999998
300773.XSHE,2022-03-29,1.25
603666.XSHG,2022-03-29,6.25
301065.XSHE,2022-03-29,6.700000000000003
300429.XSHE,2022-03-29,1.8099999999999952
300859.XSHE,2022-03-29,1.139999999999997
301007.XSHE,2022-03-29,0.7099999999999973
600754.XSHG,2022-03-29,9.570000000000022
603159.XSHG,2022-03-29,0.5100000000000016
603948.XSHG,2022-03-29,1.2699999999999996
601689.XSHG,2022-03-29,5.260000000000005
600279.XSHG,2022-03-29,0.3699999999999992
300089.XSHE,2022-03-29,0.8299999999999983
600883.XSHG,2022-03-29,0.8900000000000006
688776.XSHG,2022-03-29,7.840000000000003
600208.XSHG,2022-03-29,0.4200000000000017
002425.XSHE,2022-03-29,1.2800000000000011
000908.XSHE,2022-03-29,0.7400000000000002
002632.XSHE,2022-03-29,0.75
688793.XSHG,2022-03-29,2.780000000000001
300549.XSHE,2022-03-29,1.75
688063.XSHG,2022-03-29,5.780000000000001
688363.XSHG,2022-03-29,3.549999999999997
603338.XSHG,2022-03-29,21.170000000000016
300576.XSHE,2022-03-29,3.4000000000000057
605117.XSHG,2022-03-29,11.880000000000024
603937.XSHG,2022-03-29,0.2699999999999996
603508.XSHG,2022-03-29,0.9400000000000013
002069.XSHE,2022-03-29,0.0
002916.XSHE,2022-03-29,7.789999999999992
300499.XSHE,2022-03-29,3.1700000000000017
600386.XSHG,2022-03-29,0.6400000000000006
002594.XSHE,2022-03-29,7.849999999999994
600874.XSHG,2022-03-29,0.48999999999999844
688056.XSHG,2022-03-29,1.9699999999999989
605006.XSHG,2022-03-29,0.33000000000000007
000989.XSHE,2022-03-29,5.6100000000000065
600581.XSHG,2022-03-29,1.0600000000000023
000938.XSHE,2022-03-29,4.22999999999999
002131.XSHE,2022-03-29,2.200000000000003
002333.XSHE,2022-03-29,0.7399999999999984
603960.XSHG,2022-03-29,5.36999999999999
000533.XSHE,2022-03-29,0.39000000000000057
002349.XSHE,2022-03-29,18.090000000000003
000721.XSHE,2022-03-29,1.0300000000000011
000958.XSHE,2022-03-29,1.7199999999999989
300268.XSHE,2022-03-29,2.4099999999999966
300349.XSHE,2022-03-29,1.6899999999999977
000559.XSHE,2022-03-29,14.800000000000011
300256.XSHE,2022-03-29,0.5
002062.XSHE,2022-03-29,1.5800000000000054
000718.XSHE,2022-03-29,1.2700000000000031
000910.XSHE,2022-03-29,0.8399999999999999
002064.XSHE,2022-03-29,2.1500000000000057
002082.XSHE,2022-03-29,2.259999999999998
002642.XSHE,2022-03-29,1.1600000000000001
000088.XSHE,2022-03-29,0.720000000000006
300641.XSHE,2022-03-29,0.29999999999999893
002790.XSHE,2022-03-29,0.8399999999999999
600379.XSHG,2022-03-29,1.5999999999999979
301085.XSHE,2022-03-29,3.25
002401.XSHE,2022-03-29,1.3499999999999943
688088.XSHG,2022-03-29,1.0999999999999979
002533.XSHE,2022-03-29,0.9200000000000017
603993.XSHG,2022-03-29,0.41000000000000014
601107.XSHG,2022-03-29,0.14000000000000057
600995.XSHG,2022-03-29,6.469999999999999
300181.XSHE,2022-03-29,6.549999999999997
002871.XSHE,2022-03-29,1.4299999999999997
301138.XSHE,2022-03-29,1.7399999999999949
300862.XSHE,2022-03-29,1.0799999999999983
605088.XSHG,2022-03-29,0.35999999999999943
300296.XSHE,2022-03-29,5.119999999999976
300262.XSHE,2022-03-29,0.7699999999999996
002301.XSHE,2022-03-29,0.38999999999999346
300046.XSHE,2022-03-29,3.4299999999999926
002805.XSHE,2022-03-29,1.9699999999999989
000601.XSHE,2022-03-29,4.469999999999999
600287.XSHG,2022-03-29,0.5199999999999996
600844.XSHG,2022-03-29,0.8300000000000018
603626.XSHG,2022-03-29,0.629999999999999
601100.XSHG,2022-03-29,6.5800000000000125
300551.XSHE,2022-03-29,2.6200000000000045
603969.XSHG,2022-03-29,0.870000000000001
002116.XSHE,2022-03-29,1.5600000000000023
000885.XSHE,2022-03-29,0.34999999999999787
002111.XSHE,2022-03-29,1.3399999999999963
603035.XSHG,2022-03-29,0.7900000000000009
603538.XSHG,2022-03-29,6.569999999999993
000777.XSHE,2022-03-29,2.8900000000000006
600861.XSHG,2022-03-29,1.7700000000000031
600732.XSHG,2022-03-29,4.259999999999991
603707.XSHG,2022-03-29,2.8999999999999915
601018.XSHG,2022-03-29,0.08999999999999986
600061.XSHG,2022-03-29,1.0100000000000051
000875.XSHE,2022-03-29,0.4900000000000002
002283.XSHE,2022-03-29,0.9299999999999997
301053.XSHE,2022-03-29,0.8399999999999999
600917.XSHG,2022-03-29,0.17999999999999972
601868.XSHG,2022-03-29,0.04999999999999982
000547.XSHE,2022-03-29,3.7900000000000063
300979.XSHE,2022-03-29,1.0899999999999892
002850.XSHE,2022-03-29,8.370000000000005
603007.XSHG,2022-03-29,0.25
600495.XSHG,2022-03-29,0.8300000000000018
002552.XSHE,2022-03-29,2.1300000000000026
002564.XSHE,2022-03-29,0.5500000000000007
603105.XSHG,2022-03-29,0.6799999999999997
300259.XSHE,2022-03-29,1.4399999999999977
600490.XSHG,2022-03-29,1.980000000000004
601700.XSHG,2022-03-29,1.8400000000000034
000715.XSHE,2022-03-29,0.5199999999999996
300955.XSHE,2022-03-29,0.9400000000000013
603677.XSHG,2022-03-29,1.1500000000000021
605155.XSHG,2022-03-29,0.6799999999999997
301215.XSHE,2022-03-29,0.4500000000000002
688165.XSHG,2022-03-29,0.3000000000000007
600416.XSHG,2022-03-29,2.3599999999999994
600618.XSHG,2022-03-29,17.519999999999982
688221.XSHG,2022-03-29,1.25
605033.XSHG,2022-03-29,1.240000000000002
003037.XSHE,2022-03-29,0.3999999999999986
600184.XSHG,2022-03-29,1.7700000000000031
688036.XSHG,2022-03-29,3.9299999999999926
000918.XSHE,2022-03-29,1.1900000000000004
300729.XSHE,2022-03-29,1.8300000000000054
600567.XSHG,2022-03-29,0.15999999999999837
002859.XSHE,2022-03-29,3.7900000000000063
300295.XSHE,2022-03-29,3.6099999999999994
300762.XSHE,2022-03-29,1.7399999999999949
300772.XSHE,2022-03-29,1.9699999999999989
600448.XSHG,2022-03-29,0.39999999999999947
603286.XSHG,2022-03-29,0.46999999999999886
600055.XSHG,2022-03-29,16.610000000000014
688148.XSHG,2022-03-29,1.1799999999999997
000969.XSHE,2022-03-29,1.6999999999999957
300950.XSHE,2022-03-29,0.879999999999999
605588.XSHG,2022-03-29,1.6000000000000014
000561.XSHE,2022-03-29,0.35999999999999943
300285.XSHE,2022-03-29,21.05000000000001
300450.XSHE,2022-03-29,42.02999999999997
601778.XSHG,2022-03-29,0.1899999999999995
600623.XSHG,2022-03-29,10.990000000000009
688097.XSHG,2022-03-29,1.5
300951.XSHE,2022-03-29,3.530000000000001
600462.XSHG,2022-03-29,0.35999999999999943
002404.XSHE,2022-03-29,0.7099999999999973
603278.XSHG,2022-03-29,0.45000000000000107
688161.XSHG,2022-03-29,0.8500000000000014
002570.XSHE,2022-03-29,0.620000000000001
600765.XSHG,2022-03-29,19.180000000000007
000960.XSHE,2022-03-29,1.769999999999996
601916.XSHG,2022-03-29,0.050000000000000266
600704.XSHG,2022-03-29,3.4399999999999977
002777.XSHE,2022-03-29,1.7900000000000063
600509.XSHG,2022-03-29,0.8200000000000003
601238.XSHG,2022-03-29,0.5500000000000007
605123.XSHG,2022-03-29,6.38000000000001
300688.XSHE,2022-03-29,2.780000000000001
688659.XSHG,2022-03-29,0.4800000000000004
002412.XSHE,2022-03-29,3.239999999999995
603015.XSHG,2022-03-29,0.47000000000000064
600545.XSHG,2022-03-29,0.46999999999999886
300284.XSHE,2022-03-29,1.1099999999999994
600203.XSHG,2022-03-29,0.4399999999999995
603045.XSHG,2022-03-29,1.3000000000000007
603787.XSHG,2022-03-29,0.41000000000000014
300530.XSHE,2022-03-29,6.039999999999992
002159.XSHE,2022-03-29,0.6300000000000026
300289.XSHE,2022-03-29,1.3599999999999994
002572.XSHE,2022-03-29,17.129999999999995
003002.XSHE,2022-03-29,0.46000000000000085
300071.XSHE,2022-03-29,2.780000000000001
600228.XSHG,2022-03-29,0.5599999999999987
300788.XSHE,2022-03-29,0.7299999999999969
002824.XSHE,2022-03-29,3.490000000000002
300306.XSHE,2022-03-29,3.3799999999999955
000661.XSHE,2022-03-29,33.93999999999983
300865.XSHE,2022-03-29,1.3100000000000023
600155.XSHG,2022-03-29,0.8500000000000014
301190.XSHE,2022-03-29,2.030000000000001
300375.XSHE,2022-03-29,0.5899999999999999
600702.XSHG,2022-03-29,26.550000000000068
000735.XSHE,2022-03-29,1.4499999999999957
002849.XSHE,2022-03-29,1.2399999999999984
300846.XSHE,2022-03-29,1.2899999999999991
603329.XSHG,2022-03-29,0.6699999999999999
300537.XSHE,2022-03-29,1.3299999999999983
002178.XSHE,2022-03-29,2.6199999999999974
301127.XSHE,2022-03-29,0.7800000000000011
002676.XSHE,2022-03-29,0.8900000000000006
300065.XSHE,2022-03-29,8.170000000000002
002323.XSHE,2022-03-29,1.7100000000000009
000698.XSHE,2022-03-29,0.34999999999999964
002721.XSHE,2022-03-29,0.33000000000000007
001896.XSHE,2022-03-29,0.2599999999999998
301092.XSHE,2022-03-29,1.620000000000001
002626.XSHE,2022-03-29,8.639999999999986
003006.XSHE,2022-03-29,0.41999999999999993
300696.XSHE,2022-03-29,16.5
600336.XSHG,2022-03-29,0.4400000000000013
603895.XSHG,2022-03-29,1.8300000000000018
000613.XSHE,2022-03-29,0.13999999999999968
600329.XSHG,2022-03-29,7.599999999999994
688013.XSHG,2022-03-29,0.5500000000000007
000997.XSHE,2022-03-29,6.390000000000015
300771.XSHE,2022-03-29,0.990000000000002
000665.XSHE,2022-03-29,4.719999999999999
688223.XSHG,2022-03-29,0.8099999999999987
600255.XSHG,2022-03-29,0.9600000000000009
601512.XSHG,2022-03-29,0.17999999999999972
600128.XSHG,2022-03-29,2.7900000000000027
688192.XSHG,2022-03-29,0.8100000000000023
300733.XSHE,2022-03-29,0.9199999999999982
002502.XSHE,2022-03-29,0.8699999999999974
002506.XSHE,2022-03-29,1.9499999999999957
603527.XSHG,2022-03-29,1.9499999999999993
603917.XSHG,2022-03-29,0.7199999999999989
000877.XSHE,2022-03-29,2.200000000000003
300179.XSHE,2022-03-29,3.9099999999999966
688389.XSHG,2022-03-29,0.5400000000000009
000650.XSHE,2022-03-29,9.349999999999994
603056.XSHG,2022-03-29,1.9100000000000001
301087.XSHE,2022-03-29,2.1099999999999994
688219.XSHG,2022-03-29,0.16999999999999993
603116.XSHG,2022-03-29,0.16999999999999993
600398.XSHG,2022-03-29,1.0300000000000011
600186.XSHG,2022-03-29,0.22000000000000064
600032.XSHG,2022-03-29,0.8499999999999996
605183.XSHG,2022-03-29,0.259999999999998
000415.XSHE,2022-03-29,1.3500000000000014
300920.XSHE,2022-03-29,1.0399999999999991
002010.XSHE,2022-03-29,1.7199999999999989
002521.XSHE,2022-03-29,0.5500000000000007
002479.XSHE,2022-03-29,2.1000000000000014
002302.XSHE,2022-03-29,0.5899999999999963
603383.XSHG,2022-03-29,1.3000000000000043
601858.XSHG,2022-03-29,0.16000000000000014
300687.XSHE,2022-03-29,4.579999999999998
601368.XSHG,2022-03-29,0.14999999999999947
002036.XSHE,2022-03-29,7.299999999999997
300067.XSHE,2022-03-29,0.6499999999999986
603516.XSHG,2022-03-29,1.3000000000000007
601225.XSHG,2022-03-29,1.2100000000000009
603011.XSHG,2022-03-29,0.46000000000000085
605122.XSHG,2022-03-29,1.0899999999999999
603171.XSHG,2022-03-29,1.8599999999999994
002213.XSHE,2022-03-29,0.8199999999999967
300710.XSHE,2022-03-29,1.8100000000000023
600715.XSHG,2022-03-29,0.3100000000000005
600281.XSHG,2022-03-29,0.33000000000000007
600540.XSHG,2022-03-29,1.1000000000000014
002151.XSHE,2022-03-29,4.030000000000001
300417.XSHE,2022-03-29,1.2099999999999937
300892.XSHE,2022-03-29,1.5
688336.XSHG,2022-03-29,0.6899999999999977
300743.XSHE,2022-03-29,0.9199999999999982
300460.XSHE,2022-03-29,1.2399999999999984
300697.XSHE,2022-03-29,0.6400000000000006
002228.XSHE,2022-03-29,0.5
002831.XSHE,2022-03-29,1.6700000000000017
002816.XSHE,2022-03-29,1.0199999999999996
688283.XSHG,2022-03-29,2.5500000000000007
300915.XSHE,2022-03-29,2.200000000000003
601038.XSHG,2022-03-29,1.0899999999999999
600858.XSHG,2022-03-29,0.8399999999999963
605016.XSHG,2022-03-29,3.0100000000000016
688171.XSHG,2022-03-29,1.6999999999999993
301083.XSHE,2022-03-29,0.4900000000000002
601611.XSHG,2022-03-29,0.2599999999999998
688468.XSHG,2022-03-29,0.6799999999999997
600543.XSHG,2022-03-29,0.3699999999999992
300938.XSHE,2022-03-29,1.6799999999999997
600897.XSHG,2022-03-29,1.0799999999999983
603603.XSHG,2022-03-29,0.16999999999999993
000570.XSHE,2022-03-29,0.5799999999999983
