code,date,high_close_diff
002563.XSHE,2021-08-18,2.5999999999999943
603721.XSHG,2021-08-18,0.019999999999999574
688677.XSHG,2021-08-18,0.9300000000000068
002370.XSHE,2021-08-18,0.09999999999999964
688033.XSHG,2021-08-18,1.3099999999999987
300063.XSHE,2021-08-18,0.0799999999999983
000402.XSHE,2021-08-18,0.3599999999999852
300852.XSHE,2021-08-18,2.8900000000000006
603860.XSHG,2021-08-18,0.07000000000000028
002323.XSHE,2021-08-18,0.08000000000000007
002826.XSHE,2021-08-18,0.07000000000000028
605066.XSHG,2021-08-18,0.9499999999999993
603993.XSHG,2021-08-18,0.7899999999999991
000881.XSHE,2021-08-18,1.5700000000000003
600122.XSHG,2021-08-18,0.2400000000000002
000790.XSHE,2021-08-18,0.37999999999999545
603607.XSHG,2021-08-18,0.120000000000001
600535.XSHG,2021-08-18,0.47999999999998977
600961.XSHG,2021-08-18,0.05999999999999872
002073.XSHE,2021-08-18,0.45999999999999375
000812.XSHE,2021-08-18,1.0499999999999972
300397.XSHE,2021-08-18,1.8399999999999963
603089.XSHG,2021-08-18,0.18999999999999773
002019.XSHE,2021-08-18,3.2299999999999898
600238.XSHG,2021-08-18,1.5699999999999932
002568.XSHE,2021-08-18,7.770000000000039
600516.XSHG,2021-08-18,2.4000000000000057
603886.XSHG,2021-08-18,0.019999999999999574
000868.XSHE,2021-08-18,0.9600000000000009
300959.XSHE,2021-08-18,1.0899999999999963
300027.XSHE,2021-08-18,0.15000000000000568
600815.XSHG,2021-08-18,0.18999999999999773
000816.XSHE,2021-08-18,0.0799999999999983
600007.XSHG,2021-08-18,0.14000000000000057
300752.XSHE,2021-08-18,1.6599999999999966
600821.XSHG,2021-08-18,0.19000000000000128
605376.XSHG,2021-08-18,5.210000000000008
002403.XSHE,2021-08-18,0.0
002321.XSHE,2021-08-18,0.0600000000000005
600229.XSHG,2021-08-18,0.009999999999999787
603798.XSHG,2021-08-18,0.41000000000000014
000407.XSHE,2021-08-18,0.0
688077.XSHG,2021-08-18,2.4299999999999997
600512.XSHG,2021-08-18,0.6499999999999986
000096.XSHE,2021-08-18,0.17999999999999972
300479.XSHE,2021-08-18,0.3100000000000023
600399.XSHG,2021-08-18,3.269999999999996
688788.XSHG,2021-08-18,3.4199999999999875
603861.XSHG,2021-08-18,0.040000000000000924
001696.XSHE,2021-08-18,2.8100000000000023
300418.XSHE,2021-08-18,0.1600000000000108
002839.XSHE,2021-08-18,0.07000000000000028
300555.XSHE,2021-08-18,0.05000000000000071
603260.XSHG,2021-08-18,4.390000000000015
000851.XSHE,2021-08-18,0.3100000000000005
600664.XSHG,2021-08-18,0.740000000000002
601669.XSHG,2021-08-18,0.35000000000000053
601881.XSHG,2021-08-18,0.08000000000000007
688009.XSHG,2021-08-18,0.0
688571.XSHG,2021-08-18,0.08000000000000007
600243.XSHG,2021-08-18,0.03000000000000025
603996.XSHG,2021-08-18,0.0
000046.XSHE,2021-08-18,1.7000000000000028
300769.XSHE,2021-08-18,22.370000000000005
603585.XSHG,2021-08-18,0.17999999999999972
688315.XSHG,2021-08-18,1.6199999999999974
002335.XSHE,2021-08-18,7.219999999999999
300055.XSHE,2021-08-18,2.799999999999997
300966.XSHE,2021-08-18,1.4100000000000037
002243.XSHE,2021-08-18,0.1399999999999988
300138.XSHE,2021-08-18,0.6500000000000057
002047.XSHE,2021-08-18,0.030000000000001137
000563.XSHE,2021-08-18,0.5200000000000031
002732.XSHE,2021-08-18,0.07000000000000028
600355.XSHG,2021-08-18,0.3500000000000014
600059.XSHG,2021-08-18,0.7399999999999949
002002.XSHE,2021-08-18,1.740000000000009
600410.XSHG,2021-08-18,0.7599999999999909
300987.XSHE,2021-08-18,0.14999999999999858
002483.XSHE,2021-08-18,0.16000000000000014
000633.XSHE,2021-08-18,1.5700000000000003
002686.XSHE,2021-08-18,0.03999999999999915
301001.XSHE,2021-08-18,0.6599999999999966
000949.XSHE,2021-08-18,0.8999999999999986
002667.XSHE,2021-08-18,13.570000000000007
603998.XSHG,2021-08-18,0.16999999999999815
688218.XSHG,2021-08-18,0.26000000000000156
000987.XSHE,2021-08-18,0.1600000000000037
002312.XSHE,2021-08-18,6.740000000000009
300196.XSHE,2021-08-18,3.460000000000008
601077.XSHG,2021-08-18,0.0
300244.XSHE,2021-08-18,4.2900000000000205
600549.XSHG,2021-08-18,7.460000000000036
600791.XSHG,2021-08-18,0.14000000000000057
300291.XSHE,2021-08-18,0.0799999999999983
600716.XSHG,2021-08-18,0.0
300076.XSHE,2021-08-18,0.6600000000000037
688568.XSHG,2021-08-18,1.8699999999999903
688655.XSHG,2021-08-18,0.5700000000000003
000999.XSHE,2021-08-18,0.020000000000003126
300812.XSHE,2021-08-18,0.5399999999999991
002875.XSHE,2021-08-18,0.22000000000000064
002491.XSHE,2021-08-18,0.05000000000000071
600368.XSHG,2021-08-18,0.06999999999999851
688308.XSHG,2021-08-18,1.8299999999999983
600652.XSHG,2021-08-18,0.0
000975.XSHE,2021-08-18,0.8100000000000023
688089.XSHG,2021-08-18,1.9500000000000028
600137.XSHG,2021-08-18,0.08999999999999986
000050.XSHE,2021-08-18,0.8499999999999943
300411.XSHE,2021-08-18,0.10000000000000142
300698.XSHE,2021-08-18,0.04999999999999716
605005.XSHG,2021-08-18,0.17999999999999972
002217.XSHE,2021-08-18,0.28000000000000114
300623.XSHE,2021-08-18,2.539999999999992
600965.XSHG,2021-08-18,0.0
603893.XSHG,2021-08-18,2.990000000000009
300203.XSHE,2021-08-18,0.02999999999999936
000498.XSHE,2021-08-18,0.08000000000000185
002870.XSHE,2021-08-18,1.009999999999998
002385.XSHE,2021-08-18,1.6599999999999966
000931.XSHE,2021-08-18,0.040000000000000924
300770.XSHE,2021-08-18,0.9200000000000017
600282.XSHG,2021-08-18,0.3299999999999983
002492.XSHE,2021-08-18,0.39000000000000057
002674.XSHE,2021-08-18,0.5500000000000007
300811.XSHE,2021-08-18,2.6899999999999977
600613.XSHG,2021-08-18,0.28000000000000114
000558.XSHE,2021-08-18,0.060000000000002274
002956.XSHE,2021-08-18,0.9200000000000017
000796.XSHE,2021-08-18,0.23999999999999844
300323.XSHE,2021-08-18,1.8399999999999963
300888.XSHE,2021-08-18,0.8500000000000085
002880.XSHE,2021-08-18,0.6700000000000017
688314.XSHG,2021-08-18,1.9200000000000017
600138.XSHG,2021-08-18,0.10999999999999943
000718.XSHE,2021-08-18,2.779999999999994
300943.XSHE,2021-08-18,0.6900000000000013
603700.XSHG,2021-08-18,0.7100000000000009
003040.XSHE,2021-08-18,0.0
002235.XSHE,2021-08-18,0.05000000000000071
300100.XSHE,2021-08-18,0.5700000000000003
688779.XSHG,2021-08-18,0.07000000000000028
000088.XSHE,2021-08-18,0.240000000000002
002313.XSHE,2021-08-18,0.259999999999998
300791.XSHE,2021-08-18,2.0999999999999943
600160.XSHG,2021-08-18,3.3600000000000136
688301.XSHG,2021-08-18,6.3700000000000045
688621.XSHG,2021-08-18,3.5799999999999983
002996.XSHE,2021-08-18,0.28000000000000114
000759.XSHE,2021-08-18,0.14999999999999858
000713.XSHE,2021-08-18,0.3200000000000003
002899.XSHE,2021-08-18,0.21000000000000085
605116.XSHG,2021-08-18,0.33000000000000007
002983.XSHE,2021-08-18,0.33000000000000185
600123.XSHG,2021-08-18,0.3299999999999983
002181.XSHE,2021-08-18,0.019999999999999574
002700.XSHE,2021-08-18,0.0
002968.XSHE,2021-08-18,3.1899999999999977
300637.XSHE,2021-08-18,0.22000000000000242
300337.XSHE,2021-08-18,0.17999999999999972
600735.XSHG,2021-08-18,0.060000000000002274
002214.XSHE,2021-08-18,1.2600000000000051
002876.XSHE,2021-08-18,2.069999999999993
300715.XSHE,2021-08-18,3.3299999999999983
002230.XSHE,2021-08-18,11.090000000000032
002303.XSHE,2021-08-18,0.0
600537.XSHG,2021-08-18,0.26000000000000156
002187.XSHE,2021-08-18,0.08000000000000185
002740.XSHE,2021-08-18,0.0600000000000005
000631.XSHE,2021-08-18,0.3999999999999986
000978.XSHE,2021-08-18,0.11999999999999922
002164.XSHE,2021-08-18,0.19000000000000128
601633.XSHG,2021-08-18,5.549999999999983
603517.XSHG,2021-08-18,1.8999999999999915
300470.XSHE,2021-08-18,0.7399999999999807
002998.XSHE,2021-08-18,0.040000000000000924
300653.XSHE,2021-08-18,0.44999999999998863
603161.XSHG,2021-08-18,0.5799999999999983
000860.XSHE,2021-08-18,0.7200000000000131
600446.XSHG,2021-08-18,0.6599999999999966
603650.XSHG,2021-08-18,1.3900000000000006
002438.XSHE,2021-08-18,1.8699999999999974
300069.XSHE,2021-08-18,0.740000000000002
300495.XSHE,2021-08-18,0.16000000000000014
601608.XSHG,2021-08-18,0.02999999999999936
300444.XSHE,2021-08-18,0.6900000000000013
600062.XSHG,2021-08-18,0.23999999999999488
688168.XSHG,2021-08-18,0.9500000000000028
600792.XSHG,2021-08-18,0.6099999999999994
603678.XSHG,2021-08-18,2.7099999999999795
002275.XSHE,2021-08-18,0.05000000000000071
000613.XSHE,2021-08-18,0.07000000000000028
300067.XSHE,2021-08-18,1.0700000000000003
000651.XSHE,2021-08-18,17.56999999999971
300719.XSHE,2021-08-18,0.6499999999999986
002308.XSHE,2021-08-18,0.13000000000000078
300012.XSHE,2021-08-18,12.999999999999943
600869.XSHG,2021-08-18,1.1799999999999997
601225.XSHG,2021-08-18,0.17999999999999972
601898.XSHG,2021-08-18,0.28999999999999915
000601.XSHE,2021-08-18,0.8999999999999986
603611.XSHG,2021-08-18,0.18999999999999773
603970.XSHG,2021-08-18,0.6499999999999986
603067.XSHG,2021-08-18,0.14999999999999858
300598.XSHE,2021-08-18,2.200000000000017
300070.XSHE,2021-08-18,0.9300000000000068
600831.XSHG,2021-08-18,0.07000000000000028
002892.XSHE,2021-08-18,0.39000000000000057
600748.XSHG,2021-08-18,0.07000000000000028
300899.XSHE,2021-08-18,0.8599999999999994
000514.XSHE,2021-08-18,0.09999999999999787
300675.XSHE,2021-08-18,0.379999999999999
601208.XSHG,2021-08-18,0.6499999999999986
002651.XSHE,2021-08-18,2.740000000000002
002803.XSHE,2021-08-18,0.75
603966.XSHG,2021-08-18,0.08999999999999986
688087.XSHG,2021-08-18,0.44000000000001194
002380.XSHE,2021-08-18,0.19999999999999574
688363.XSHG,2021-08-18,7.52000000000001
300879.XSHE,2021-08-18,0.2900000000000027
300736.XSHE,2021-08-18,0.41999999999999815
002785.XSHE,2021-08-18,0.1999999999999993
300202.XSHE,2021-08-18,1.2899999999999991
300746.XSHE,2021-08-18,0.20999999999999908
002577.XSHE,2021-08-18,0.16999999999999815
300439.XSHE,2021-08-18,0.5500000000000043
688368.XSHG,2021-08-18,15.760000000000048
300902.XSHE,2021-08-18,0.6400000000000006
600022.XSHG,2021-08-18,0.23000000000000043
688199.XSHG,2021-08-18,0.46999999999999886
300624.XSHE,2021-08-18,0.5899999999999892
301037.XSHE,2021-08-18,1.6299999999999955
300164.XSHE,2021-08-18,0.0
002706.XSHE,2021-08-18,22.22999999999999
000596.XSHE,2021-08-18,6.279999999999973
002289.XSHE,2021-08-18,0.16000000000000014
600019.XSHG,2021-08-18,0.41000000000000014
600618.XSHG,2021-08-18,3.5600000000000023
000540.XSHE,2021-08-18,1.6299999999999955
300975.XSHE,2021-08-18,0.03999999999999915
000597.XSHE,2021-08-18,0.19000000000000128
002618.XSHE,2021-08-18,0.17999999999999972
600083.XSHG,2021-08-18,0.019999999999999574
002415.XSHE,2021-08-18,10.879999999999882
600966.XSHG,2021-08-18,0.9199999999999875
300237.XSHE,2021-08-18,0.509999999999998
600853.XSHG,2021-08-18,0.02999999999999936
300331.XSHE,2021-08-18,0.5
300863.XSHE,2021-08-18,1.4300000000000068
600728.XSHG,2021-08-18,0.12999999999999545
002937.XSHE,2021-08-18,0.23999999999999844
688383.XSHG,2021-08-18,3.3799999999999955
605266.XSHG,2021-08-18,2.7900000000000063
688233.XSHG,2021-08-18,5.049999999999997
002833.XSHE,2021-08-18,0.9399999999999977
300831.XSHE,2021-08-18,0.40000000000000036
300049.XSHE,2021-08-18,1.1899999999999977
600010.XSHG,2021-08-18,0.4200000000000017
603041.XSHG,2021-08-18,0.0
002975.XSHE,2021-08-18,3.3799999999999955
603900.XSHG,2021-08-18,0.08000000000000007
600703.XSHG,2021-08-18,40.16999999999996
300915.XSHE,2021-08-18,0.980000000000004
002290.XSHE,2021-08-18,0.10999999999999943
000833.XSHE,2021-08-18,0.0
603588.XSHG,2021-08-18,3.1400000000000006
002721.XSHE,2021-08-18,0.02999999999999936
300309.XSHE,2021-08-18,1.8999999999999986
688619.XSHG,2021-08-18,0.120000000000001
603716.XSHG,2021-08-18,0.21000000000000085
300877.XSHE,2021-08-18,0.38000000000000256
300900.XSHE,2021-08-18,1.0300000000000011
688101.XSHG,2021-08-18,0.5799999999999983
002500.XSHE,2021-08-18,0.08999999999999897
300833.XSHE,2021-08-18,1.2600000000000051
300146.XSHE,2021-08-18,23.720000000000027
000029.XSHE,2021-08-18,0.1700000000000017
000038.XSHE,2021-08-18,0.0
300697.XSHE,2021-08-18,0.6799999999999997
002437.XSHE,2021-08-18,0.0
601319.XSHG,2021-08-18,0.040000000000000036
603838.XSHG,2021-08-18,0.3699999999999992
300113.XSHE,2021-08-18,2.089999999999989
601678.XSHG,2021-08-18,3.279999999999994
300554.XSHE,2021-08-18,0.5500000000000007
601088.XSHG,2021-08-18,0.5799999999999983
600570.XSHG,2021-08-18,32.12000000000012
603655.XSHG,2021-08-18,0.21999999999999886
002771.XSHE,2021-08-18,0.10999999999999943
605303.XSHG,2021-08-18,0.010000000000001563
300195.XSHE,2021-08-18,1.0800000000000018
002516.XSHE,2021-08-18,0.8500000000000014
300787.XSHE,2021-08-18,1.2800000000000011
002846.XSHE,2021-08-18,0.04999999999999716
600742.XSHG,2021-08-18,0.37999999999999545
002079.XSHE,2021-08-18,3.1099999999999994
300807.XSHE,2021-08-18,0.16000000000000014
600567.XSHG,2021-08-18,0.129999999999999
688005.XSHG,2021-08-18,9.800000000000011
000550.XSHE,2021-08-18,0.6700000000000017
002984.XSHE,2021-08-18,0.360000000000003
603356.XSHG,2021-08-18,0.009999999999999787
600726.XSHG,2021-08-18,0.03999999999999915
600527.XSHG,2021-08-18,0.25
002278.XSHE,2021-08-18,0.049999999999998934
600213.XSHG,2021-08-18,0.35999999999999943
603229.XSHG,2021-08-18,3.059999999999995
603077.XSHG,2021-08-18,0.9799999999999969
300527.XSHE,2021-08-18,0.4200000000000017
002037.XSHE,2021-08-18,0.03999999999999915
300296.XSHE,2021-08-18,1.3300000000000125
600058.XSHG,2021-08-18,0.3399999999999963
300151.XSHE,2021-08-18,4.099999999999994
603238.XSHG,2021-08-18,0.41000000000000014
600753.XSHG,2021-08-18,6.079999999999984
688680.XSHG,2021-08-18,4.800000000000011
601816.XSHG,2021-08-18,0.009999999999999787
300408.XSHE,2021-08-18,10.219999999999999
600461.XSHG,2021-08-18,0.14000000000000057
002298.XSHE,2021-08-18,0.030000000000001137
000920.XSHE,2021-08-18,0.490000000000002
002747.XSHE,2021-08-18,0.25
600846.XSHG,2021-08-18,1.710000000000008
603600.XSHG,2021-08-18,0.120000000000001
002470.XSHE,2021-08-18,0.08000000000000007
002461.XSHE,2021-08-18,0.22000000000000242
600367.XSHG,2021-08-18,2.3100000000000023
300290.XSHE,2021-08-18,0.3200000000000003
600905.XSHG,2021-08-18,0.019999999999999574
605289.XSHG,2021-08-18,0.33999999999999986
600620.XSHG,2021-08-18,51.25
601398.XSHG,2021-08-18,0.019999999999999574
601588.XSHG,2021-08-18,0.0
603212.XSHG,2021-08-18,1.240000000000002
603895.XSHG,2021-08-18,0.5700000000000003
002304.XSHE,2021-08-18,8.25
603667.XSHG,2021-08-18,0.4599999999999973
603289.XSHG,2021-08-18,0.33000000000000007
600744.XSHG,2021-08-18,0.740000000000002
002338.XSHE,2021-08-18,0.1599999999999966
603699.XSHG,2021-08-18,0.13000000000000078
000686.XSHE,2021-08-18,0.9500000000000028
300918.XSHE,2021-08-18,0.14000000000000057
300413.XSHE,2021-08-18,4.030000000000001
600704.XSHG,2021-08-18,4.300000000000011
002776.XSHE,2021-08-18,0.17999999999999972
601212.XSHG,2021-08-18,0.04999999999999982
000430.XSHE,2021-08-18,0.23000000000000043
300957.XSHE,2021-08-18,8.090000000000003
600976.XSHG,2021-08-18,12.590000000000003
300823.XSHE,2021-08-18,0.7300000000000004
600103.XSHG,2021-08-18,0.049999999999998934
300564.XSHE,2021-08-18,0.10999999999999943
002841.XSHE,2021-08-18,4.510000000000019
000663.XSHE,2021-08-18,0.37999999999999545
002054.XSHE,2021-08-18,0.0
600536.XSHG,2021-08-18,4.569999999999993
300416.XSHE,2021-08-18,1.0400000000000063
601169.XSHG,2021-08-18,0.03999999999999915
300150.XSHE,2021-08-18,0.0
603090.XSHG,2021-08-18,0.3000000000000007
600386.XSHG,2021-08-18,0.10999999999999943
300526.XSHE,2021-08-18,1.4000000000000057
002273.XSHE,2021-08-18,2.829999999999984
688508.XSHG,2021-08-18,3.5
600114.XSHG,2021-08-18,0.9799999999999969
688357.XSHG,2021-08-18,1.7800000000000011
001208.XSHE,2021-08-18,0.0
002198.XSHE,2021-08-18,0.8200000000000003
002549.XSHE,2021-08-18,2.7700000000000102
000059.XSHE,2021-08-18,0.11999999999999922
002280.XSHE,2021-08-18,0.0
600429.XSHG,2021-08-18,0.03000000000000025
300144.XSHE,2021-08-18,4.099999999999994
603010.XSHG,2021-08-18,1.8600000000000136
600698.XSHG,2021-08-18,0.7199999999999989
688051.XSHG,2021-08-18,0.6300000000000026
600793.XSHG,2021-08-18,0.0
601001.XSHG,2021-08-18,0.8999999999999986
000779.XSHE,2021-08-18,0.120000000000001
300615.XSHE,2021-08-18,0.40000000000000213
300035.XSHE,2021-08-18,2.5400000000000205
601700.XSHG,2021-08-18,1.3000000000000007
601015.XSHG,2021-08-18,0.0
300445.XSHE,2021-08-18,0.44999999999998863
600188.XSHG,2021-08-18,2.1199999999999974
600358.XSHG,2021-08-18,0.09999999999999964
688599.XSHG,2021-08-18,1.0799999999999983
688595.XSHG,2021-08-18,3.509999999999991
002856.XSHE,2021-08-18,0.05000000000000071
300024.XSHE,2021-08-18,7.350000000000023
300108.XSHE,2021-08-18,0.0
688158.XSHG,2021-08-18,0.1599999999999966
000806.XSHE,2021-08-18,0.509999999999998
000838.XSHE,2021-08-18,0.0
300720.XSHE,2021-08-18,0.37000000000000455
000836.XSHE,2021-08-18,0.0
002080.XSHE,2021-08-18,2.1200000000000045
600486.XSHG,2021-08-18,10.789999999999964
002938.XSHE,2021-08-18,1.0599999999999952
600335.XSHG,2021-08-18,0.10999999999999943
600332.XSHG,2021-08-18,0.060000000000002274
002410.XSHE,2021-08-18,19.909999999999968
600055.XSHG,2021-08-18,22.930000000000007
600260.XSHG,2021-08-18,0.0
000585.XSHE,2021-08-18,0.029999999999999805
300649.XSHE,2021-08-18,1.009999999999998
000750.XSHE,2021-08-18,0.0
688800.XSHG,2021-08-18,5.719999999999999
600106.XSHG,2021-08-18,0.0
688336.XSHG,2021-08-18,0.10999999999999943
300002.XSHE,2021-08-18,0.14999999999999147
600004.XSHG,2021-08-18,0.19000000000000128
300466.XSHE,2021-08-18,0.8200000000000003
600104.XSHG,2021-08-18,0.4099999999999966
002349.XSHE,2021-08-18,0.7100000000000009
688408.XSHG,2021-08-18,5.819999999999993
002541.XSHE,2021-08-18,6.230000000000018
300749.XSHE,2021-08-18,0.3500000000000014
603959.XSHG,2021-08-18,0.6099999999999994
000548.XSHE,2021-08-18,0.030000000000001137
000695.XSHE,2021-08-18,0.9100000000000001
002447.XSHE,2021-08-18,1.4699999999999989
000422.XSHE,2021-08-18,6.630000000000024
002733.XSHE,2021-08-18,2.5900000000000034
002728.XSHE,2021-08-18,0.030000000000001137
300276.XSHE,2021-08-18,1.480000000000004
600730.XSHG,2021-08-18,0.2699999999999996
603556.XSHG,2021-08-18,0.08999999999999986
603030.XSHG,2021-08-18,0.1899999999999995
000504.XSHE,2021-08-18,0.09999999999999432
603662.XSHG,2021-08-18,0.9600000000000009
300222.XSHE,2021-08-18,0.9599999999999937
688278.XSHG,2021-08-18,0.16999999999999815
688288.XSHG,2021-08-18,0.21000000000000085
603520.XSHG,2021-08-18,2.7900000000000063
600989.XSHG,2021-08-18,0.0799999999999983
688198.XSHG,2021-08-18,9.019999999999982
603007.XSHG,2021-08-18,0.05000000000000071
002913.XSHE,2021-08-18,1.7800000000000011
002808.XSHE,2021-08-18,0.07000000000000028
600171.XSHG,2021-08-18,1.5899999999999892
600647.XSHG,2021-08-18,0.8199999999999932
600674.XSHG,2021-08-18,1.4399999999999977
688202.XSHG,2021-08-18,30.040000000000077
002310.XSHE,2021-08-18,0.9299999999999784
603869.XSHG,2021-08-18,0.22000000000000064
002867.XSHE,2021-08-18,0.25
000150.XSHE,2021-08-18,0.16000000000000014
002452.XSHE,2021-08-18,0.3999999999999986
300017.XSHE,2021-08-18,0.7099999999999795
300724.XSHE,2021-08-18,8.45999999999998
600326.XSHG,2021-08-18,0.0799999999999983
603681.XSHG,2021-08-18,0.1999999999999993
688086.XSHG,2021-08-18,0.5499999999999972
601518.XSHG,2021-08-18,0.010000000000000231
002695.XSHE,2021-08-18,1.519999999999996
600017.XSHG,2021-08-18,0.03999999999999915
601233.XSHG,2021-08-18,0.0
000586.XSHE,2021-08-18,0.2700000000000031
001965.XSHE,2021-08-18,0.03000000000000025
688139.XSHG,2021-08-18,0.28000000000000114
600223.XSHG,2021-08-18,0.46999999999999886
601899.XSHG,2021-08-18,0.14000000000000057
003003.XSHE,2021-08-18,0.08000000000000007
300112.XSHE,2021-08-18,0.5200000000000031
601968.XSHG,2021-08-18,0.1899999999999995
300641.XSHE,2021-08-18,0.27999999999999936
603351.XSHG,2021-08-18,0.3500000000000014
688656.XSHG,2021-08-18,1.0700000000000003
601990.XSHG,2021-08-18,0.17999999999999972
002675.XSHE,2021-08-18,1.6200000000000045
600758.XSHG,2021-08-18,0.22999999999999865
300269.XSHE,2021-08-18,0.4299999999999997
688219.XSHG,2021-08-18,0.10999999999999943
603195.XSHG,2021-08-18,3.2299999999999898
002603.XSHE,2021-08-18,0.3500000000000085
002458.XSHE,2021-08-18,1.0699999999999932
600173.XSHG,2021-08-18,0.40000000000000036
000012.XSHE,2021-08-18,9.439999999999998
600323.XSHG,2021-08-18,1.1400000000000006
600800.XSHG,2021-08-18,0.37000000000000455
000711.XSHE,2021-08-18,0.21000000000000085
002413.XSHE,2021-08-18,0.20000000000000284
300071.XSHE,2021-08-18,0.23000000000000043
600487.XSHG,2021-08-18,0.10999999999998522
002056.XSHE,2021-08-18,3.1299999999999955
688559.XSHG,2021-08-18,1.240000000000002
300693.XSHE,2021-08-18,9.170000000000002
000989.XSHE,2021-08-18,0.5700000000000003
002068.XSHE,2021-08-18,0.28999999999999915
600308.XSHG,2021-08-18,0.37999999999999545
600918.XSHG,2021-08-18,0.0
000526.XSHE,2021-08-18,0.5700000000000003
688030.XSHG,2021-08-18,0.4599999999999973
603177.XSHG,2021-08-18,0.019999999999999574
002455.XSHE,2021-08-18,8.069999999999993
002873.XSHE,2021-08-18,0.129999999999999
300822.XSHE,2021-08-18,1.2099999999999937
600708.XSHG,2021-08-18,0.0
000937.XSHE,2021-08-18,0.259999999999998
600684.XSHG,2021-08-18,0.0
603806.XSHG,2021-08-18,10.220000000000027
000066.XSHE,2021-08-18,2.069999999999993
688215.XSHG,2021-08-18,0.35999999999999943
300820.XSHE,2021-08-18,4.159999999999997
300420.XSHE,2021-08-18,0.0899999999999963
002702.XSHE,2021-08-18,0.7100000000000009
600808.XSHG,2021-08-18,0.47000000000000064
002572.XSHE,2021-08-18,4.889999999999986
600894.XSHG,2021-08-18,0.08000000000000185
000963.XSHE,2021-08-18,17.039999999999964
002986.XSHE,2021-08-18,0.0
300499.XSHE,2021-08-18,3.0899999999999963
600827.XSHG,2021-08-18,0.9500000000000028
000752.XSHE,2021-08-18,0.6099999999999994
000807.XSHE,2021-08-18,2.950000000000003
000892.XSHE,2021-08-18,0.16999999999999993
300374.XSHE,2021-08-18,1.6599999999999966
600895.XSHG,2021-08-18,1.0100000000000477
300660.XSHE,2021-08-18,2.0700000000000074
605162.XSHG,2021-08-18,0.8600000000000012
603920.XSHG,2021-08-18,0.379999999999999
605168.XSHG,2021-08-18,4.599999999999994
688626.XSHG,2021-08-18,0.25
688060.XSHG,2021-08-18,0.7600000000000051
688501.XSHG,2021-08-18,0.1999999999999993
000510.XSHE,2021-08-18,2.5
600195.XSHG,2021-08-18,0.6300000000000026
002389.XSHE,2021-08-18,1.8499999999999943
002245.XSHE,2021-08-18,4.710000000000036
002144.XSHE,2021-08-18,0.0
300747.XSHE,2021-08-18,6.689999999999998
002653.XSHE,2021-08-18,1.3499999999999943
601279.XSHG,2021-08-18,0.4900000000000002
000715.XSHE,2021-08-18,0.7199999999999989
601686.XSHG,2021-08-18,0.03999999999999915
300685.XSHE,2021-08-18,1.75
002725.XSHE,2021-08-18,0.129999999999999
600088.XSHG,2021-08-18,0.47000000000000597
002676.XSHE,2021-08-18,0.9800000000000004
300829.XSHE,2021-08-18,1.9399999999999977
300839.XSHE,2021-08-18,0.41000000000000014
300567.XSHE,2021-08-18,2.6100000000000136
603197.XSHG,2021-08-18,2.0799999999999983
600155.XSHG,2021-08-18,0.120000000000001
002845.XSHE,2021-08-18,1.6099999999999994
002149.XSHE,2021-08-18,1.8900000000000006
002174.XSHE,2021-08-18,0.02999999999999403
603529.XSHG,2021-08-18,0.9600000000000009
300832.XSHE,2021-08-18,2.5700000000000074
300228.XSHE,2021-08-18,7.439999999999998
002623.XSHE,2021-08-18,0.8399999999999963
001979.XSHE,2021-08-18,0.08999999999999986
600933.XSHG,2021-08-18,0.4900000000000002
603127.XSHG,2021-08-18,27.220000000000027
603306.XSHG,2021-08-18,2.009999999999991
300391.XSHE,2021-08-18,0.5999999999999943
003015.XSHE,2021-08-18,0.2400000000000002
603557.XSHG,2021-08-18,0.1299999999999999
300485.XSHE,2021-08-18,0.9600000000000009
600633.XSHG,2021-08-18,0.240000000000002
603778.XSHG,2021-08-18,0.19000000000000128
600331.XSHG,2021-08-18,2.059999999999995
600369.XSHG,2021-08-18,0.0
600321.XSHG,2021-08-18,0.08000000000000007
300274.XSHE,2021-08-18,79.23000000000002
603657.XSHG,2021-08-18,0.46000000000000085
300758.XSHE,2021-08-18,0.480000000000004
603377.XSHG,2021-08-18,0.23000000000000043
300385.XSHE,2021-08-18,1.5700000000000003
600115.XSHG,2021-08-18,0.1299999999999999
603313.XSHG,2021-08-18,1.4100000000000001
688088.XSHG,2021-08-18,0.259999999999998
000605.XSHE,2021-08-18,0.10000000000000142
000885.XSHE,2021-08-18,0.09999999999999787
600845.XSHG,2021-08-18,4.75
603773.XSHG,2021-08-18,0.3200000000000003
600580.XSHG,2021-08-18,4.359999999999999
300400.XSHE,2021-08-18,3.8500000000000085
601211.XSHG,2021-08-18,0.07000000000000028
605305.XSHG,2021-08-18,2.9299999999999997
688588.XSHG,2021-08-18,0.060000000000002274
300243.XSHE,2021-08-18,0.4000000000000057
600302.XSHG,2021-08-18,0.0
300206.XSHE,2021-08-18,1.240000000000009
300213.XSHE,2021-08-18,0.0
600556.XSHG,2021-08-18,0.720000000000006
001202.XSHE,2021-08-18,0.07000000000000028
688059.XSHG,2021-08-18,1.0
002585.XSHE,2021-08-18,2.549999999999997
300401.XSHE,2021-08-18,1.3799999999999955
000065.XSHE,2021-08-18,0.0
300097.XSHE,2021-08-18,0.990000000000002
600702.XSHG,2021-08-18,17.340000000000032
000630.XSHE,2021-08-18,1.4699999999999989
002790.XSHE,2021-08-18,0.240000000000002
301042.XSHE,2021-08-18,0.990000000000002
600477.XSHG,2021-08-18,1.2800000000000011
002167.XSHE,2021-08-18,0.5499999999999972
603333.XSHG,2021-08-18,0.33999999999999986
000797.XSHE,2021-08-18,0.0
000901.XSHE,2021-08-18,0.0
300905.XSHE,2021-08-18,0.9200000000000017
603258.XSHG,2021-08-18,0.00999999999999801
001206.XSHE,2021-08-18,0.9099999999999966
688157.XSHG,2021-08-18,2.9399999999999977
300421.XSHE,2021-08-18,0.14000000000000057
002029.XSHE,2021-08-18,0.09999999999999432
002877.XSHE,2021-08-18,0.08999999999999986
300384.XSHE,2021-08-18,5.209999999999994
002745.XSHE,2021-08-18,2.5
688516.XSHG,2021-08-18,8.259999999999991
300737.XSHE,2021-08-18,0.25
002631.XSHE,2021-08-18,0.41999999999999815
300079.XSHE,2021-08-18,1.25
601988.XSHG,2021-08-18,0.0
000889.XSHE,2021-08-18,0.0
002682.XSHE,2021-08-18,0.019999999999999574
002715.XSHE,2021-08-18,0.08999999999999986
002718.XSHE,2021-08-18,0.1600000000000037
688557.XSHG,2021-08-18,0.46000000000000085
000890.XSHE,2021-08-18,0.03999999999999915
300016.XSHE,2021-08-18,0.28999999999999915
300224.XSHE,2021-08-18,0.8500000000000085
300350.XSHE,2021-08-18,1.0600000000000023
601188.XSHG,2021-08-18,0.0
000610.XSHE,2021-08-18,0.07000000000000028
600165.XSHG,2021-08-18,1.5399999999999991
605028.XSHG,2021-08-18,0.7100000000000009
600688.XSHG,2021-08-18,0.03999999999999915
600217.XSHG,2021-08-18,0.48999999999999844
300489.XSHE,2021-08-18,0.6099999999999994
605058.XSHG,2021-08-18,0.5399999999999991
600052.XSHG,2021-08-18,0.3099999999999987
603566.XSHG,2021-08-18,1.2299999999999969
002393.XSHE,2021-08-18,0.010000000000001563
600713.XSHG,2021-08-18,0.29999999999999716
002185.XSHE,2021-08-18,2.1899999999999977
600067.XSHG,2021-08-18,0.8999999999999915
300145.XSHE,2021-08-18,2.739999999999995
002369.XSHE,2021-08-18,0.21000000000000085
300179.XSHE,2021-08-18,2.530000000000001
000825.XSHE,2021-08-18,1.269999999999996
601339.XSHG,2021-08-18,0.15000000000000036
688787.XSHG,2021-08-18,9.099999999999994
000995.XSHE,2021-08-18,0.8700000000000045
000593.XSHE,2021-08-18,0.0
300546.XSHE,2021-08-18,0.6700000000000017
601229.XSHG,2021-08-18,0.030000000000001137
002859.XSHE,2021-08-18,1.6099999999999994
600802.XSHG,2021-08-18,0.08999999999999986
002496.XSHE,2021-08-18,0.15000000000000568
002189.XSHE,2021-08-18,0.10000000000000142
301003.XSHE,2021-08-18,0.8800000000000026
300093.XSHE,2021-08-18,0.7199999999999989
300785.XSHE,2021-08-18,1.3599999999999994
300751.XSHE,2021-08-18,57.75
301007.XSHE,2021-08-18,0.5400000000000027
300360.XSHE,2021-08-18,0.3200000000000074
300252.XSHE,2021-08-18,2.4399999999999977
600917.XSHG,2021-08-18,0.07000000000000028
000019.XSHE,2021-08-18,0.10999999999999943
002673.XSHE,2021-08-18,0.6099999999999994
300881.XSHE,2021-08-18,0.5399999999999991
300989.XSHE,2021-08-18,0.6099999999999994
300798.XSHE,2021-08-18,0.0
601231.XSHG,2021-08-18,0.04999999999999716
688613.XSHG,2021-08-18,0.6300000000000097
300963.XSHE,2021-08-18,0.4399999999999977
300766.XSHE,2021-08-18,0.08000000000000007
000428.XSHE,2021-08-18,0.7899999999999991
002596.XSHE,2021-08-18,0.14999999999999858
002819.XSHE,2021-08-18,1.7199999999999989
300498.XSHE,2021-08-18,0.03999999999999915
300633.XSHE,2021-08-18,1.5
600602.XSHG,2021-08-18,5.640000000000327
688670.XSHG,2021-08-18,4.209999999999994
600893.XSHG,2021-08-18,1.0900000000000034
002392.XSHE,2021-08-18,0.0
000589.XSHE,2021-08-18,0.240000000000002
002955.XSHE,2021-08-18,0.7300000000000004
300602.XSHE,2021-08-18,3.4799999999999898
300516.XSHE,2021-08-18,1.4200000000000017
601388.XSHG,2021-08-18,1.0600000000000023
002177.XSHE,2021-08-18,1.9499999999999957
002248.XSHE,2021-08-18,0.21000000000000085
002162.XSHE,2021-08-18,0.10999999999999943
002672.XSHE,2021-08-18,0.0
605179.XSHG,2021-08-18,0.129999999999999
600146.XSHG,2021-08-18,0.0
301021.XSHE,2021-08-18,0.5399999999999991
600573.XSHG,2021-08-18,0.13000000000000078
601098.XSHG,2021-08-18,0.040000000000000924
003041.XSHE,2021-08-18,0.3099999999999987
300631.XSHE,2021-08-18,4.189999999999998
300543.XSHE,2021-08-18,0.3299999999999983
600526.XSHG,2021-08-18,0.0
002884.XSHE,2021-08-18,1.9099999999999966
600612.XSHG,2021-08-18,72.18000000000029
688069.XSHG,2021-08-18,0.5700000000000074
600798.XSHG,2021-08-18,0.0
300166.XSHE,2021-08-18,0.18000000000000682
300773.XSHE,2021-08-18,2.5
600139.XSHG,2021-08-18,0.360000000000003
688256.XSHG,2021-08-18,1.3700000000000045
600157.XSHG,2021-08-18,0.5100000000000051
603899.XSHG,2021-08-18,2.5900000000000034
002277.XSHE,2021-08-18,0.18999999999999773
600203.XSHG,2021-08-18,0.17999999999999972
600251.XSHG,2021-08-18,1.0300000000000011
002026.XSHE,2021-08-18,2.9200000000000017
002559.XSHE,2021-08-18,0.15000000000000568
300972.XSHE,2021-08-18,0.5
000818.XSHE,2021-08-18,1.1000000000000085
300387.XSHE,2021-08-18,0.28999999999999915
600033.XSHG,2021-08-18,0.0
600767.XSHG,2021-08-18,1.3900000000000006
002226.XSHE,2021-08-18,3.469999999999999
300236.XSHE,2021-08-18,0.9099999999999966
600737.XSHG,2021-08-18,1.1099999999999994
600847.XSHG,2021-08-18,0.21000000000000085
300667.XSHE,2021-08-18,1.1400000000000006
688690.XSHG,2021-08-18,0.19999999999998863
002587.XSHE,2021-08-18,0.4399999999999977
688396.XSHG,2021-08-18,4.200000000000003
600468.XSHG,2021-08-18,1.970000000000006
000861.XSHE,2021-08-18,0.19999999999999574
000863.XSHE,2021-08-18,0.14000000000000057
603507.XSHG,2021-08-18,0.7200000000000024
000829.XSHE,2021-08-18,19.590000000000032
603843.XSHG,2021-08-18,0.020000000000000462
600662.XSHG,2021-08-18,1.839999999999975
603186.XSHG,2021-08-18,1.0900000000000034
300096.XSHE,2021-08-18,0.6199999999999974
603817.XSHG,2021-08-18,0.009999999999999787
002590.XSHE,2021-08-18,0.3200000000000003
002352.XSHE,2021-08-18,3.769999999999982
688217.XSHG,2021-08-18,0.4899999999999949
300178.XSHE,2021-08-18,0.4499999999999993
300292.XSHE,2021-08-18,0.0
002486.XSHE,2021-08-18,0.0
603489.XSHG,2021-08-18,0.9699999999999989
300448.XSHE,2021-08-18,0.5499999999999972
002239.XSHE,2021-08-18,0.6299999999999955
300364.XSHE,2021-08-18,0.3000000000000007
600105.XSHG,2021-08-18,0.11999999999999744
300582.XSHE,2021-08-18,3.6300000000000097
603220.XSHG,2021-08-18,0.28999999999999915
300115.XSHE,2021-08-18,0.11999999999997613
300254.XSHE,2021-08-18,0.09999999999999964
603912.XSHG,2021-08-18,0.7199999999999989
601222.XSHG,2021-08-18,0.8800000000000026
002306.XSHE,2021-08-18,0.25
600592.XSHG,2021-08-18,0.240000000000002
002175.XSHE,2021-08-18,0.18999999999999773
600546.XSHG,2021-08-18,1.6499999999999986
600675.XSHG,2021-08-18,0.6800000000000068
300664.XSHE,2021-08-18,0.09999999999999964
002061.XSHE,2021-08-18,0.040000000000000924
000821.XSHE,2021-08-18,1.379999999999999
601949.XSHG,2021-08-18,0.009999999999999787
603508.XSHG,2021-08-18,1.25
603218.XSHG,2021-08-18,3.200000000000003
600050.XSHG,2021-08-18,0.009999999999999787
002161.XSHE,2021-08-18,0.10999999999999943
600642.XSHG,2021-08-18,0.519999999999996
300307.XSHE,2021-08-18,1.3399999999999999
600119.XSHG,2021-08-18,0.26000000000000156
300248.XSHE,2021-08-18,1.009999999999991
300128.XSHE,2021-08-18,1.5
600589.XSHG,2021-08-18,0.05000000000000071
601619.XSHG,2021-08-18,0.02999999999999936
601568.XSHG,2021-08-18,0.0
002405.XSHE,2021-08-18,0.28000000000000114
300210.XSHE,2021-08-18,0.05999999999999872
603016.XSHG,2021-08-18,0.7199999999999989
000782.XSHE,2021-08-18,0.3099999999999987
000930.XSHE,2021-08-18,0.11999999999999744
601003.XSHG,2021-08-18,0.2700000000000031
600785.XSHG,2021-08-18,0.45999999999999375
002971.XSHE,2021-08-18,0.41999999999999815
600903.XSHG,2021-08-18,0.20999999999999908
002205.XSHE,2021-08-18,0.1899999999999995
300126.XSHE,2021-08-18,0.14999999999999858
300843.XSHE,2021-08-18,0.5100000000000016
300376.XSHE,2021-08-18,5.7900000000000205
002763.XSHE,2021-08-18,0.18999999999999773
601258.XSHG,2021-08-18,0.05000000000000071
603076.XSHG,2021-08-18,1.8200000000000003
300981.XSHE,2021-08-18,2.8900000000000006
002810.XSHE,2021-08-18,0.9399999999999977
002390.XSHE,2021-08-18,2.260000000000005
689009.XSHG,2021-08-18,0.539999999999992
300838.XSHE,2021-08-18,0.5299999999999976
300875.XSHE,2021-08-18,0.5999999999999943
688398.XSHG,2021-08-18,1.4699999999999989
600776.XSHG,2021-08-18,0.14999999999999858
000951.XSHE,2021-08-18,1.2399999999999949
002869.XSHE,2021-08-18,0.22999999999999687
002947.XSHE,2021-08-18,0.7100000000000009
002129.XSHE,2021-08-18,9.439999999999998
002800.XSHE,2021-08-18,0.629999999999999
300215.XSHE,2021-08-18,2.819999999999993
600984.XSHG,2021-08-18,0.13000000000000256
300935.XSHE,2021-08-18,2.3400000000000034
600100.XSHG,2021-08-18,0.8500000000000085
603279.XSHG,2021-08-18,0.39000000000000057
300103.XSHE,2021-08-18,0.19999999999999574
300808.XSHE,2021-08-18,0.2900000000000009
002827.XSHE,2021-08-18,0.04999999999999716
300961.XSHE,2021-08-18,0.4400000000000013
001872.XSHE,2021-08-18,0.4900000000000091
603511.XSHG,2021-08-18,0.39000000000000057
603598.XSHG,2021-08-18,0.03999999999999915
000524.XSHE,2021-08-18,0.5500000000000043
002538.XSHE,2021-08-18,1.1700000000000017
600076.XSHG,2021-08-18,0.0
605298.XSHG,2021-08-18,0.19000000000000128
601975.XSHG,2021-08-18,0.010000000000000009
002635.XSHE,2021-08-18,0.23999999999999488
002022.XSHE,2021-08-18,1.6199999999999761
300658.XSHE,2021-08-18,0.6700000000000017
300015.XSHE,2021-08-18,85.20000000000005
002553.XSHE,2021-08-18,1.6300000000000026
002562.XSHE,2021-08-18,0.07000000000000028
688321.XSHG,2021-08-18,0.46000000000000085
000531.XSHE,2021-08-18,1.9699999999999989
000880.XSHE,2021-08-18,0.16000000000000014
688222.XSHG,2021-08-18,0.5700000000000003
600868.XSHG,2021-08-18,1.0799999999999983
603035.XSHG,2021-08-18,0.09999999999999964
688597.XSHG,2021-08-18,0.120000000000001
002480.XSHE,2021-08-18,0.4499999999999993
600729.XSHG,2021-08-18,0.04000000000000625
000967.XSHE,2021-08-18,0.1599999999999966
603339.XSHG,2021-08-18,0.33000000000000185
002435.XSHE,2021-08-18,0.7699999999999996
002558.XSHE,2021-08-18,0.03999999999999915
600810.XSHG,2021-08-18,0.3500000000000014
603516.XSHG,2021-08-18,0.46999999999999886
600269.XSHG,2021-08-18,0.0
603661.XSHG,2021-08-18,0.7299999999999969
002381.XSHE,2021-08-18,0.0
603000.XSHG,2021-08-18,0.4200000000000017
300423.XSHE,2021-08-18,1.009999999999998
603050.XSHG,2021-08-18,0.5999999999999979
300190.XSHE,2021-08-18,0.5600000000000023
603618.XSHG,2021-08-18,0.4399999999999977
002340.XSHE,2021-08-18,2.3899999999999864
600278.XSHG,2021-08-18,0.0
600870.XSHG,2021-08-18,0.0
000627.XSHE,2021-08-18,2.3299999999999983
603626.XSHG,2021-08-18,0.25
300599.XSHE,2021-08-18,0.09999999999999964
688590.XSHG,2021-08-18,0.35999999999999943
000089.XSHE,2021-08-18,0.14000000000000057
002211.XSHE,2021-08-18,0.1299999999999999
002285.XSHE,2021-08-18,1.1799999999999926
603088.XSHG,2021-08-18,0.129999999999999
002342.XSHE,2021-08-18,0.05000000000000071
000155.XSHE,2021-08-18,1.1000000000000014
002374.XSHE,2021-08-18,0.46999999999999886
300149.XSHE,2021-08-18,1.0499999999999972
603983.XSHG,2021-08-18,0.8799999999999955
600706.XSHG,2021-08-18,0.030000000000001137
002574.XSHE,2021-08-18,0.02000000000000135
300742.XSHE,2021-08-18,0.019999999999999574
600959.XSHG,2021-08-18,0.009999999999999787
002570.XSHE,2021-08-18,0.049999999999998934
000791.XSHE,2021-08-18,0.34999999999999787
600901.XSHG,2021-08-18,0.020000000000000462
603599.XSHG,2021-08-18,0.4099999999999966
688025.XSHG,2021-08-18,3.8400000000000034
000011.XSHE,2021-08-18,0.0800000000000054
002387.XSHE,2021-08-18,0.32000000000000384
000915.XSHE,2021-08-18,2.410000000000011
000960.XSHE,2021-08-18,1.6000000000000014
002016.XSHE,2021-08-18,0.07000000000000028
600522.XSHG,2021-08-18,4.200000000000003
001207.XSHE,2021-08-18,0.0
600663.XSHG,2021-08-18,0.4000000000000057
002158.XSHE,2021-08-18,0.769999999999996
600094.XSHG,2021-08-18,0.11999999999999922
002036.XSHE,2021-08-18,3.3299999999999983
002879.XSHE,2021-08-18,0.1700000000000017
300321.XSHE,2021-08-18,1.1000000000000014
002065.XSHE,2021-08-18,1.8700000000000045
688070.XSHG,2021-08-18,0.5799999999999983
603033.XSHG,2021-08-18,1.2399999999999949
002633.XSHE,2021-08-18,0.05000000000000071
002900.XSHE,2021-08-18,1.9399999999999977
603927.XSHG,2021-08-18,0.0
300591.XSHE,2021-08-18,0.09999999999999964
688090.XSHG,2021-08-18,1.019999999999996
300651.XSHE,2021-08-18,2.8800000000000026
300501.XSHE,2021-08-18,3.3299999999999983
000936.XSHE,2021-08-18,0.12999999999999545
002445.XSHE,2021-08-18,0.0
300529.XSHE,2021-08-18,1.7600000000000051
300326.XSHE,2021-08-18,1.3499999999999943
300105.XSHE,2021-08-18,1.2700000000000031
000157.XSHE,2021-08-18,0.75
600718.XSHG,2021-08-18,1.210000000000008
300046.XSHE,2021-08-18,6.680000000000007
688008.XSHG,2021-08-18,2.8500000000000014
300141.XSHE,2021-08-18,2.4399999999999977
600732.XSHG,2021-08-18,1.470000000000006
002391.XSHE,2021-08-18,0.0
600373.XSHG,2021-08-18,0.3300000000000054
603809.XSHG,2021-08-18,1.0900000000000034
600080.XSHG,2021-08-18,1.5800000000000054
601866.XSHG,2021-08-18,0.010000000000000231
002397.XSHE,2021-08-18,1.6799999999999997
300330.XSHE,2021-08-18,0.22000000000000242
000875.XSHE,2021-08-18,0.20000000000000107
300789.XSHE,2021-08-18,1.9899999999999949
600722.XSHG,2021-08-18,0.30000000000000426
300739.XSHE,2021-08-18,1.8100000000000023
002255.XSHE,2021-08-18,0.21000000000000085
000551.XSHE,2021-08-18,5.079999999999998
300267.XSHE,2021-08-18,0.4200000000000017
002258.XSHE,2021-08-18,3.0600000000000023
600026.XSHG,2021-08-18,0.0600000000000005
000858.XSHE,2021-08-18,64.1200000000008
000545.XSHE,2021-08-18,0.3500000000000014
600330.XSHG,2021-08-18,3.710000000000001
000619.XSHE,2021-08-18,0.0
688311.XSHG,2021-08-18,4.089999999999989
688733.XSHG,2021-08-18,2.1199999999999974
000566.XSHE,2021-08-18,0.4000000000000057
603819.XSHG,2021-08-18,0.0799999999999983
300258.XSHE,2021-08-18,4.210000000000001
000767.XSHE,2021-08-18,0.10000000000000142
002911.XSHE,2021-08-18,0.41000000000000014
300441.XSHE,2021-08-18,0.9900000000000091
688169.XSHG,2021-08-18,25.029999999999973
300373.XSHE,2021-08-18,2.030000000000001
002982.XSHE,2021-08-18,0.8299999999999983
603298.XSHG,2021-08-18,0.14000000000000057
000001.XSHE,2021-08-18,70.59999999999991
002138.XSHE,2021-08-18,6.649999999999977
301045.XSHE,2021-08-18,0.09000000000000341
002783.XSHE,2021-08-18,2.8999999999999986
002779.XSHE,2021-08-18,0.030000000000001137
688566.XSHG,2021-08-18,0.2699999999999996
300399.XSHE,2021-08-18,0.120000000000001
300553.XSHE,2021-08-18,4.590000000000003
000573.XSHE,2021-08-18,0.07000000000000028
000554.XSHE,2021-08-18,0.120000000000001
600749.XSHG,2021-08-18,0.18999999999999773
300415.XSHE,2021-08-18,0.1599999999999966
002157.XSHE,2021-08-18,1.3100000000000023
002866.XSHE,2021-08-18,0.6099999999999994
300023.XSHE,2021-08-18,1.0200000000000031
300960.XSHE,2021-08-18,1.490000000000002
300117.XSHE,2021-08-18,2.3000000000000043
002178.XSHE,2021-08-18,0.19000000000000128
002528.XSHE,2021-08-18,0.0
603696.XSHG,2021-08-18,0.1999999999999993
002565.XSHE,2021-08-18,0.16999999999999815
002287.XSHE,2021-08-18,0.0899999999999963
300726.XSHE,2021-08-18,0.4899999999999949
000938.XSHE,2021-08-18,5.780000000000001
601226.XSHG,2021-08-18,0.15000000000000036
002402.XSHE,2021-08-18,7.53000000000003
601058.XSHG,2021-08-18,1.7000000000000028
600096.XSHG,2021-08-18,2.1200000000000045
002261.XSHE,2021-08-18,0.6099999999999994
002627.XSHE,2021-08-18,0.0
300487.XSHE,2021-08-18,6.140000000000015
600518.XSHG,2021-08-18,5.430000000000007
688528.XSHG,2021-08-18,0.02999999999999936
603499.XSHG,2021-08-18,0.0
003016.XSHE,2021-08-18,0.2400000000000002
603336.XSHG,2021-08-18,0.07000000000000028
002599.XSHE,2021-08-18,0.0
300419.XSHE,2021-08-18,1.6899999999999977
300051.XSHE,2021-08-18,0.620000000000001
603963.XSHG,2021-08-18,0.129999999999999
000659.XSHE,2021-08-18,1.8500000000000085
301024.XSHE,2021-08-18,1.4099999999999966
688488.XSHG,2021-08-18,0.25
002254.XSHE,2021-08-18,0.18000000000000682
603379.XSHG,2021-08-18,0.23999999999999488
000009.XSHE,2021-08-18,8.72999999999999
603171.XSHG,2021-08-18,0.0
600136.XSHG,2021-08-18,0.23000000000000043
600857.XSHG,2021-08-18,0.04999999999999716
300221.XSHE,2021-08-18,0.25
301036.XSHE,2021-08-18,0.6900000000000048
688178.XSHG,2021-08-18,0.28999999999999915
603665.XSHG,2021-08-18,0.10000000000000142
600382.XSHG,2021-08-18,0.10000000000000142
600198.XSHG,2021-08-18,0.3100000000000005
000622.XSHE,2021-08-18,0.0799999999999983
600540.XSHG,2021-08-18,0.36999999999999744
603527.XSHG,2021-08-18,0.25
000965.XSHE,2021-08-18,0.0
603985.XSHG,2021-08-18,1.240000000000009
603737.XSHG,2021-08-18,14.770000000000095
603335.XSHG,2021-08-18,0.0
600506.XSHG,2021-08-18,0.02999999999999936
600426.XSHG,2021-08-18,4.840000000000032
600777.XSHG,2021-08-18,0.30000000000000426
300800.XSHE,2021-08-18,0.3400000000000034
603121.XSHG,2021-08-18,0.4499999999999993
603883.XSHG,2021-08-18,0.0
300666.XSHE,2021-08-18,0.29999999999999716
688466.XSHG,2021-08-18,0.23999999999999844
002490.XSHE,2021-08-18,0.019999999999999574
600621.XSHG,2021-08-18,48.909999999999854
688108.XSHG,2021-08-18,0.0600000000000005
002489.XSHE,2021-08-18,0.0
002485.XSHE,2021-08-18,0.17999999999999972
300496.XSHE,2021-08-18,18.66999999999996
601139.XSHG,2021-08-18,0.33999999999999986
603380.XSHG,2021-08-18,0.3000000000000007
000166.XSHE,2021-08-18,0.03000000000000025
688660.XSHG,2021-08-18,0.39000000000000057
002467.XSHE,2021-08-18,0.12000000000000455
300504.XSHE,2021-08-18,0.05000000000000071
600859.XSHG,2021-08-18,1.3799999999999955
002274.XSHE,2021-08-18,1.0499999999999972
600145.XSHG,2021-08-18,0.0
600030.XSHG,2021-08-18,0.8300000000000125
300475.XSHE,2021-08-18,0.5800000000000054
300950.XSHE,2021-08-18,1.1299999999999955
603718.XSHG,2021-08-18,0.9499999999999993
600673.XSHG,2021-08-18,0.4099999999999966
000523.XSHE,2021-08-18,0.0
002089.XSHE,2021-08-18,1.6099999999999994
002471.XSHE,2021-08-18,0.41999999999999815
003027.XSHE,2021-08-18,0.0
300220.XSHE,2021-08-18,0.0
300268.XSHE,2021-08-18,0.9299999999999997
301048.XSHE,2021-08-18,1.879999999999999
600072.XSHG,2021-08-18,0.0800000000000054
600587.XSHG,2021-08-18,3.2299999999999898
002301.XSHE,2021-08-18,0.240000000000002
603803.XSHG,2021-08-18,0.21999999999999975
600833.XSHG,2021-08-18,0.35999999999999943
603386.XSHG,2021-08-18,0.07000000000000028
603713.XSHG,2021-08-18,3.3200000000000074
000638.XSHE,2021-08-18,0.21999999999999886
002945.XSHE,2021-08-18,0.1999999999999993
600681.XSHG,2021-08-18,0.15000000000000568
300512.XSHE,2021-08-18,0.45000000000000284
603995.XSHG,2021-08-18,0.9199999999999946
000672.XSHE,2021-08-18,0.7199999999999989
002027.XSHE,2021-08-18,2.760000000000005
688004.XSHG,2021-08-18,0.22999999999999687
601811.XSHG,2021-08-18,0.040000000000000924
002454.XSHE,2021-08-18,1.6600000000000001
603066.XSHG,2021-08-18,0.0
000856.XSHE,2021-08-18,0.1999999999999993
600212.XSHG,2021-08-18,0.19000000000000128
300478.XSHE,2021-08-18,1.1999999999999993
300673.XSHE,2021-08-18,0.1700000000000017
600756.XSHG,2021-08-18,0.04999999999999716
000897.XSHE,2021-08-18,0.0
300272.XSHE,2021-08-18,0.6899999999999977
002864.XSHE,2021-08-18,0.0
300129.XSHE,2021-08-18,0.0
300201.XSHE,2021-08-18,0.7399999999999949
000876.XSHE,2021-08-18,0.7199999999999989
000600.XSHE,2021-08-18,0.07000000000000028
600623.XSHG,2021-08-18,18.519999999999982
300968.XSHE,2021-08-18,0.2400000000000002
688377.XSHG,2021-08-18,0.02000000000000135
000612.XSHE,2021-08-18,1.960000000000008
002468.XSHE,2021-08-18,0.05000000000000071
688577.XSHG,2021-08-18,1.1799999999999997
600313.XSHG,2021-08-18,0.0
603360.XSHG,2021-08-18,0.0
603053.XSHG,2021-08-18,0.07000000000000028
603683.XSHG,2021-08-18,0.8200000000000003
600888.XSHG,2021-08-18,3.210000000000008
002761.XSHE,2021-08-18,0.05999999999999872
600629.XSHG,2021-08-18,0.07000000000000028
600159.XSHG,2021-08-18,0.0
688686.XSHG,2021-08-18,6.3799999999999955
000922.XSHE,2021-08-18,0.0
688669.XSHG,2021-08-18,0.5100000000000051
300992.XSHE,2021-08-18,2.0999999999999943
603967.XSHG,2021-08-18,0.019999999999999574
000976.XSHE,2021-08-18,0.5100000000000016
002460.XSHE,2021-08-18,45.25
002462.XSHE,2021-08-18,0.0
300005.XSHE,2021-08-18,0.12000000000000455
002576.XSHE,2021-08-18,0.28000000000000114
300020.XSHE,2021-08-18,1.2299999999999898
002373.XSHE,2021-08-18,0.6200000000000045
300559.XSHE,2021-08-18,2.1500000000000057
600419.XSHG,2021-08-18,0.060000000000002274
688126.XSHG,2021-08-18,0.2900000000000027
603823.XSHG,2021-08-18,0.21000000000000085
300600.XSHE,2021-08-18,3.0700000000000003
603208.XSHG,2021-08-18,2.1400000000000006
301046.XSHE,2021-08-18,3.1200000000000045
300644.XSHE,2021-08-18,0.0799999999999983
605128.XSHG,2021-08-18,0.5800000000000054
600328.XSHG,2021-08-18,1.8999999999999986
601886.XSHG,2021-08-18,0.08000000000000185
002933.XSHE,2021-08-18,0.17999999999999972
601002.XSHG,2021-08-18,0.0
600063.XSHG,2021-08-18,1.6700000000000017
000062.XSHE,2021-08-18,1.4000000000000057
002049.XSHE,2021-08-18,25.84999999999991
600006.XSHG,2021-08-18,0.14999999999999858
002788.XSHE,2021-08-18,0.2699999999999996
600939.XSHG,2021-08-18,0.06000000000000005
601218.XSHG,2021-08-18,0.08999999999999986
600177.XSHG,2021-08-18,0.8199999999999932
000800.XSHE,2021-08-18,0.25
603767.XSHG,2021-08-18,0.03999999999999915
603928.XSHG,2021-08-18,0.09999999999999964
688425.XSHG,2021-08-18,0.0
000910.XSHE,2021-08-18,0.18000000000000682
000409.XSHE,2021-08-18,0.08999999999999986
002948.XSHE,2021-08-18,0.020000000000000462
002802.XSHE,2021-08-18,0.46999999999999886
002973.XSHE,2021-08-18,0.030000000000001137
600801.XSHG,2021-08-18,2.8799999999999955
002128.XSHE,2021-08-18,0.9399999999999977
603020.XSHG,2021-08-18,1.3700000000000045
002668.XSHE,2021-08-18,0.0
600378.XSHG,2021-08-18,3.260000000000005
002759.XSHE,2021-08-18,3.410000000000011
000615.XSHE,2021-08-18,3.980000000000018
605500.XSHG,2021-08-18,0.019999999999999574
688636.XSHG,2021-08-18,0.9000000000000057
603505.XSHG,2021-08-18,1.9099999999999966
300872.XSHE,2021-08-18,1.6600000000000037
001209.XSHE,2021-08-18,1.6099999999999994
600305.XSHG,2021-08-18,1.7799999999999727
600060.XSHG,2021-08-18,1.1899999999999977
601016.XSHG,2021-08-18,0.13000000000000078
603028.XSHG,2021-08-18,0.0600000000000005
000700.XSHE,2021-08-18,1.2000000000000028
601028.XSHG,2021-08-18,0.14000000000000057
603979.XSHG,2021-08-18,0.8200000000000003
603758.XSHG,2021-08-18,0.16999999999999993
002531.XSHE,2021-08-18,2.200000000000003
600668.XSHG,2021-08-18,0.1699999999999875
300322.XSHE,2021-08-18,0.30999999999999517
002429.XSHE,2021-08-18,0.17999999999999972
002708.XSHE,2021-08-18,0.120000000000001
002778.XSHE,2021-08-18,0.1700000000000017
600661.XSHG,2021-08-18,1.2800000000000011
688165.XSHG,2021-08-18,0.2699999999999996
688659.XSHG,2021-08-18,0.1999999999999993
000815.XSHE,2021-08-18,0.08000000000000185
300727.XSHE,2021-08-18,0.8300000000000054
301033.XSHE,2021-08-18,2.269999999999996
300263.XSHE,2021-08-18,4.329999999999998
301002.XSHE,2021-08-18,1.6200000000000045
002640.XSHE,2021-08-18,0.0
002865.XSHE,2021-08-18,0.6799999999999997
002887.XSHE,2021-08-18,0.0799999999999983
600864.XSHG,2021-08-18,0.3100000000000023
601888.XSHG,2021-08-18,25.24000000000001
002872.XSHE,2021-08-18,0.0600000000000005
002484.XSHE,2021-08-18,3.5600000000000023
688323.XSHG,2021-08-18,0.6900000000000048
002416.XSHE,2021-08-18,0.8200000000000003
003039.XSHE,2021-08-18,0.0
300955.XSHE,2021-08-18,0.5700000000000003
301041.XSHE,2021-08-18,1.1199999999999974
002105.XSHE,2021-08-18,0.03999999999999915
603876.XSHG,2021-08-18,0.6499999999999986
002842.XSHE,2021-08-18,0.8300000000000018
600183.XSHG,2021-08-18,3.4399999999999977
300301.XSHE,2021-08-18,0.10999999999999943
300219.XSHE,2021-08-18,0.5300000000000011
300392.XSHE,2021-08-18,0.240000000000002
603081.XSHG,2021-08-18,0.22000000000000064
000883.XSHE,2021-08-18,0.05999999999999872
002567.XSHE,2021-08-18,0.10999999999999943
300565.XSHE,2021-08-18,0.9899999999999984
601577.XSHG,2021-08-18,0.0600000000000005
300620.XSHE,2021-08-18,1.740000000000002
600502.XSHG,2021-08-18,0.3999999999999986
300862.XSHE,2021-08-18,0.6499999999999986
300075.XSHE,2021-08-18,0.0
000729.XSHE,2021-08-18,0.1700000000000017
300870.XSHE,2021-08-18,3.6499999999999986
002005.XSHE,2021-08-18,0.20000000000000284
600116.XSHG,2021-08-18,1.3200000000000003
600604.XSHG,2021-08-18,2.6300000000000523
300430.XSHE,2021-08-18,0.5500000000000043
300748.XSHE,2021-08-18,1.0899999999999963
688189.XSHG,2021-08-18,0.18999999999999773
002767.XSHE,2021-08-18,0.3200000000000003
300674.XSHE,2021-08-18,0.2699999999999996
688819.XSHG,2021-08-18,3.1600000000000037
600439.XSHG,2021-08-18,0.1600000000000037
002677.XSHE,2021-08-18,1.3800000000000097
603799.XSHG,2021-08-18,9.150000000000006
600258.XSHG,2021-08-18,2.039999999999999
300508.XSHE,2021-08-18,4.800000000000011
002985.XSHE,2021-08-18,4.390000000000015
000570.XSHE,2021-08-18,0.75
000918.XSHE,2021-08-18,0.2400000000000002
603535.XSHG,2021-08-18,0.35999999999999943
600887.XSHG,2021-08-18,56.34999999999991
002148.XSHE,2021-08-18,0.3100000000000023
300945.XSHE,2021-08-18,0.379999999999999
603408.XSHG,2021-08-18,0.09999999999999964
600558.XSHG,2021-08-18,0.28999999999999915
002028.XSHE,2021-08-18,22.0
002987.XSHE,2021-08-18,1.4200000000000017
300456.XSHE,2021-08-18,3.1599999999999966
688200.XSHG,2021-08-18,13.619999999999948
300522.XSHE,2021-08-18,1.6400000000000006
688296.XSHG,2021-08-18,1.990000000000002
002096.XSHE,2021-08-18,0.14999999999999858
300110.XSHE,2021-08-18,0.16000000000000014
600338.XSHG,2021-08-18,1.1899999999999977
000722.XSHE,2021-08-18,0.08999999999999986
000517.XSHE,2021-08-18,0.10999999999999943
601311.XSHG,2021-08-18,0.6400000000000006
601727.XSHG,2021-08-18,0.25
603882.XSHG,2021-08-18,2.0900000000000034
601567.XSHG,2021-08-18,3.719999999999999
000413.XSHE,2021-08-18,0.040000000000000924
600353.XSHG,2021-08-18,0.07000000000000028
603725.XSHG,2021-08-18,0.08999999999999986
600271.XSHG,2021-08-18,0.9800000000000182
603859.XSHG,2021-08-18,0.740000000000002
000533.XSHE,2021-08-18,0.0
002624.XSHE,2021-08-18,0.1599999999999966
002925.XSHE,2021-08-18,0.6200000000000045
000004.XSHE,2021-08-18,1.789999999999992
300741.XSHE,2021-08-18,0.35999999999999943
600169.XSHG,2021-08-18,0.5
688159.XSHG,2021-08-18,0.3400000000000034
300123.XSHE,2021-08-18,0.9100000000000108
600200.XSHG,2021-08-18,0.21999999999999886
002760.XSHE,2021-08-18,0.3500000000000014
603568.XSHG,2021-08-18,2.75
688129.XSHG,2021-08-18,0.060000000000002274
300458.XSHE,2021-08-18,4.539999999999992
002051.XSHE,2021-08-18,0.75
002508.XSHE,2021-08-18,6.329999999999984
603999.XSHG,2021-08-18,0.0
603855.XSHG,2021-08-18,0.6600000000000001
600488.XSHG,2021-08-18,0.0
600152.XSHG,2021-08-18,0.4299999999999997
300386.XSHE,2021-08-18,1.8100000000000023
603536.XSHG,2021-08-18,0.08000000000000007
000709.XSHE,2021-08-18,0.4299999999999997
000993.XSHE,2021-08-18,0.4399999999999977
600032.XSHG,2021-08-18,1.2400000000000002
603810.XSHG,2021-08-18,0.16000000000000014
002655.XSHE,2021-08-18,0.129999999999999
600403.XSHG,2021-08-18,0.259999999999998
601878.XSHG,2021-08-18,0.02000000000000135
605208.XSHG,2021-08-18,1.4800000000000004
605077.XSHG,2021-08-18,0.7100000000000009
600977.XSHG,2021-08-18,0.019999999999999574
000955.XSHE,2021-08-18,0.08000000000000007
002530.XSHE,2021-08-18,0.03999999999999915
002612.XSHE,2021-08-18,4.220000000000013
300893.XSHE,2021-08-18,0.25
002350.XSHE,2021-08-18,0.4400000000000013
605178.XSHG,2021-08-18,0.09999999999999432
600185.XSHG,2021-08-18,2.4399999999999977
300980.XSHE,2021-08-18,1.3100000000000023
300136.XSHE,2021-08-18,3.680000000000007
002465.XSHE,2021-08-18,0.3400000000000034
002902.XSHE,2021-08-18,0.019999999999999574
300473.XSHE,2021-08-18,0.5499999999999972
000668.XSHE,2021-08-18,0.10999999999999943
002347.XSHE,2021-08-18,0.39000000000000057
300540.XSHE,2021-08-18,5.369999999999997
002394.XSHE,2021-08-18,0.0
600236.XSHG,2021-08-18,0.07000000000000028
688335.XSHG,2021-08-18,1.2899999999999991
601360.XSHG,2021-08-18,0.03999999999999915
300078.XSHE,2021-08-18,0.5
002963.XSHE,2021-08-18,0.14000000000000057
000917.XSHE,2021-08-18,0.46999999999999886
300702.XSHE,2021-08-18,0.38000000000000966
688585.XSHG,2021-08-18,0.3200000000000003
300816.XSHE,2021-08-18,1.6500000000000057
603719.XSHG,2021-08-18,0.6400000000000006
600118.XSHG,2021-08-18,0.839999999999975
002523.XSHE,2021-08-18,0.07000000000000028
603222.XSHG,2021-08-18,0.26000000000000156
002504.XSHE,2021-08-18,0.05999999999999961
600650.XSHG,2021-08-18,0.0
300102.XSHE,2021-08-18,0.20999999999999375
688616.XSHG,2021-08-18,0.05000000000000071
603366.XSHG,2021-08-18,0.0
603555.XSHG,2021-08-18,0.06000000000000005
300952.XSHE,2021-08-18,0.28999999999999915
600521.XSHG,2021-08-18,5.8700000000000045
300494.XSHE,2021-08-18,0.08999999999999986
603608.XSHG,2021-08-18,0.02999999999999936
000908.XSHE,2021-08-18,0.28999999999999915
601187.XSHG,2021-08-18,0.08000000000000007
601021.XSHG,2021-08-18,1.8499999999999943
300690.XSHE,2021-08-18,0.5
000792.XSHE,2021-08-18,5.110000000000014
000780.XSHE,2021-08-18,0.769999999999996
300238.XSHE,2021-08-18,1.75
002209.XSHE,2021-08-18,0.21999999999999886
600265.XSHG,2021-08-18,0.28000000000000114
600880.XSHG,2021-08-18,0.3500000000000085
002591.XSHE,2021-08-18,0.10000000000000142
000415.XSHE,2021-08-18,0.21999999999999886
603786.XSHG,2021-08-18,0.030000000000001137
300018.XSHE,2021-08-18,1.509999999999998
002949.XSHE,2021-08-18,0.3500000000000014
300979.XSHE,2021-08-18,0.6199999999999903
002487.XSHE,2021-08-18,0.6000000000000014
603978.XSHG,2021-08-18,0.4399999999999977
688269.XSHG,2021-08-18,3.5600000000000023
300288.XSHE,2021-08-18,0.30000000000000426
002223.XSHE,2021-08-18,7.25
601827.XSHG,2021-08-18,0.08999999999999986
300073.XSHE,2021-08-18,5.590000000000032
002206.XSHE,2021-08-18,1.3400000000000034
000156.XSHE,2021-08-18,0.05000000000000071
000685.XSHE,2021-08-18,1.2199999999999989
002787.XSHE,2021-08-18,0.07000000000000028
002965.XSHE,2021-08-18,0.060000000000002274
300938.XSHE,2021-08-18,1.5
300797.XSHE,2021-08-18,0.21999999999999886
300532.XSHE,2021-08-18,1.7099999999999937
300183.XSHE,2021-08-18,1.3599999999999994
301030.XSHE,2021-08-18,1.1000000000000014
688798.XSHG,2021-08-18,0.2699999999999818
300928.XSHE,2021-08-18,1.1700000000000017
002739.XSHE,2021-08-18,0.46000000000000085
300091.XSHE,2021-08-18,2.9200000000000017
002664.XSHE,2021-08-18,3.260000000000005
600320.XSHG,2021-08-18,0.5500000000000043
601865.XSHG,2021-08-18,1.6099999999999994
600310.XSHG,2021-08-18,0.4299999999999997
300687.XSHE,2021-08-18,1.5899999999999892
600187.XSHG,2021-08-18,0.0
000788.XSHE,2021-08-18,0.08000000000000185
002602.XSHE,2021-08-18,0.19000000000000483
300383.XSHE,2021-08-18,6.889999999999986
601298.XSHG,2021-08-18,0.019999999999999574
300595.XSHE,2021-08-18,17.59999999999991
688569.XSHG,2021-08-18,0.030000000000001137
300969.XSHE,2021-08-18,0.46999999999999886
002849.XSHE,2021-08-18,0.0
002850.XSHE,2021-08-18,4.77000000000001
600248.XSHG,2021-08-18,0.379999999999999
301028.XSHE,2021-08-18,0.10000000000000142
002058.XSHE,2021-08-18,0.6400000000000006
300578.XSHE,2021-08-18,0.0
300796.XSHE,2021-08-18,0.0799999999999983
003816.XSHE,2021-08-18,0.009999999999999787
603755.XSHG,2021-08-18,0.3199999999999932
603908.XSHG,2021-08-18,0.9299999999999997
600876.XSHG,2021-08-18,0.519999999999996
688661.XSHG,2021-08-18,5.140000000000001
600249.XSHG,2021-08-18,0.34999999999999787
002444.XSHE,2021-08-18,1.4099999999999966
300304.XSHE,2021-08-18,0.8299999999999983
301040.XSHE,2021-08-18,1.6099999999999994
002607.XSHE,2021-08-18,1.8999999999999915
002024.XSHE,2021-08-18,4.400000000000034
300930.XSHE,2021-08-18,0.5899999999999999
600500.XSHG,2021-08-18,1.3599999999999994
000623.XSHE,2021-08-18,1.759999999999991
601390.XSHG,2021-08-18,0.010000000000000675
300356.XSHE,2021-08-18,0.16000000000000014
603388.XSHG,2021-08-18,0.23000000000000043
300316.XSHE,2021-08-18,14.559999999999945
300343.XSHE,2021-08-18,15.330000000000013
300338.XSHE,2021-08-18,1.8999999999999986
688080.XSHG,2021-08-18,2.8800000000000097
688608.XSHG,2021-08-18,11.0
002997.XSHE,2021-08-18,0.019999999999999574
601137.XSHG,2021-08-18,0.7999999999999972
688505.XSHG,2021-08-18,0.16999999999999993
002327.XSHE,2021-08-18,0.20999999999999375
600242.XSHG,2021-08-18,0.029999999999999805
002218.XSHE,2021-08-18,1.1199999999999974
000753.XSHE,2021-08-18,0.10999999999999943
000673.XSHE,2021-08-18,0.23000000000000043
300828.XSHE,2021-08-18,0.08000000000000185
603685.XSHG,2021-08-18,0.21999999999999886
300757.XSHE,2021-08-18,2.0
002598.XSHE,2021-08-18,0.9800000000000004
600210.XSHG,2021-08-18,3.739999999999995
002661.XSHE,2021-08-18,0.21000000000000085
002103.XSHE,2021-08-18,0.019999999999999574
600266.XSHG,2021-08-18,0.13000000000000256
002722.XSHE,2021-08-18,0.23000000000000043
002537.XSHE,2021-08-18,0.6199999999999974
300608.XSHE,2021-08-18,0.4399999999999977
300191.XSHE,2021-08-18,0.7400000000000091
300167.XSHE,2021-08-18,0.5599999999999952
300911.XSHE,2021-08-18,0.35999999999999943
300997.XSHE,2021-08-18,0.05000000000000071
600420.XSHG,2021-08-18,0.5499999999999972
300434.XSHE,2021-08-18,1.509999999999998
688550.XSHG,2021-08-18,0.8100000000000023
300876.XSHE,2021-08-18,0.4299999999999997
600232.XSHG,2021-08-18,0.0
688513.XSHG,2021-08-18,0.9000000000000057
688161.XSHG,2021-08-18,0.9399999999999977
002060.XSHE,2021-08-18,0.0
300172.XSHE,2021-08-18,0.28999999999999915
003028.XSHE,2021-08-18,0.6899999999999977
002696.XSHE,2021-08-18,0.0
002821.XSHE,2021-08-18,37.58999999999992
600505.XSHG,2021-08-18,0.23000000000000043
600132.XSHG,2021-08-18,31.139999999999986
002478.XSHE,2021-08-18,0.13000000000000078
300562.XSHE,2021-08-18,0.3200000000000003
002960.XSHE,2021-08-18,0.3399999999999963
300708.XSHE,2021-08-18,2.8400000000000034
603109.XSHG,2021-08-18,0.21000000000000085
603198.XSHG,2021-08-18,0.39000000000000057
600834.XSHG,2021-08-18,0.6799999999999997
600455.XSHG,2021-08-18,0.0
605378.XSHG,2021-08-18,0.0899999999999963
300471.XSHE,2021-08-18,11.180000000000007
600428.XSHG,2021-08-18,0.0
300802.XSHE,2021-08-18,1.8800000000000097
300878.XSHE,2021-08-18,0.39000000000000057
000400.XSHE,2021-08-18,4.599999999999994
601238.XSHG,2021-08-18,0.5399999999999991
601100.XSHG,2021-08-18,2.2799999999999727
600340.XSHG,2021-08-18,0.0
300577.XSHE,2021-08-18,1.0
002611.XSHE,2021-08-18,0.0
300378.XSHE,2021-08-18,1.4699999999999989
300778.XSHE,2021-08-18,0.05999999999999517
002279.XSHE,2021-08-18,0.0
002789.XSHE,2021-08-18,1.6099999999999994
600230.XSHG,2021-08-18,1.2899999999999991
605180.XSHG,2021-08-18,0.07000000000000028
600916.XSHG,2021-08-18,0.15000000000000036
300497.XSHE,2021-08-18,2.789999999999992
002777.XSHE,2021-08-18,0.15000000000000568
603856.XSHG,2021-08-18,0.2599999999999998
600843.XSHG,2021-08-18,0.05000000000000071
600418.XSHG,2021-08-18,2.1499999999999915
603486.XSHG,2021-08-18,2.829999999999984
002922.XSHE,2021-08-18,0.5300000000000011
301000.XSHE,2021-08-18,1.7800000000000011
605228.XSHG,2021-08-18,0.0
688128.XSHG,2021-08-18,0.4099999999999966
688345.XSHG,2021-08-18,2.539999999999992
688123.XSHG,2021-08-18,1.6199999999999974
000541.XSHE,2021-08-18,4.009999999999991
600012.XSHG,2021-08-18,0.09999999999999964
601366.XSHG,2021-08-18,0.0
000537.XSHE,2021-08-18,0.07000000000000028
600113.XSHG,2021-08-18,0.05000000000000071
300428.XSHE,2021-08-18,3.75
002663.XSHE,2021-08-18,0.16000000000000014
002813.XSHE,2021-08-18,0.25
300713.XSHE,2021-08-18,1.2800000000000011
300946.XSHE,2021-08-18,1.0500000000000043
603138.XSHG,2021-08-18,0.5899999999999963
300483.XSHE,2021-08-18,0.4099999999999966
603158.XSHG,2021-08-18,2.6000000000000014
300859.XSHE,2021-08-18,0.08000000000000185
601106.XSHG,2021-08-18,0.009999999999999787
002476.XSHE,2021-08-18,0.21000000000000085
603813.XSHG,2021-08-18,0.03999999999999915
688093.XSHG,2021-08-18,0.04999999999999716
603888.XSHG,2021-08-18,0.3199999999999932
605499.XSHG,2021-08-18,4.650000000000006
002632.XSHE,2021-08-18,0.28999999999999915
603948.XSHG,2021-08-18,0.1999999999999993
600489.XSHG,2021-08-18,0.2400000000000091
600130.XSHG,2021-08-18,0.9000000000000021
002750.XSHE,2021-08-18,0.0
000926.XSHE,2021-08-18,0.02999999999999936
002324.XSHE,2021-08-18,2.030000000000001
600630.XSHG,2021-08-18,0.0600000000000005
600433.XSHG,2021-08-18,0.45000000000000284
603708.XSHG,2021-08-18,0.09999999999999787
605488.XSHG,2021-08-18,0.259999999999998
600385.XSHG,2021-08-18,0.14000000000000057
000426.XSHE,2021-08-18,2.710000000000008
603239.XSHG,2021-08-18,0.0
000803.XSHE,2021-08-18,1.6199999999999974
600297.XSHG,2021-08-18,0.19000000000000128
603002.XSHG,2021-08-18,0.7799999999999994
300851.XSHE,2021-08-18,0.9799999999999969
000912.XSHE,2021-08-18,0.13000000000000078
603118.XSHG,2021-08-18,0.11999999999999744
603444.XSHG,2021-08-18,1.0600000000000023
603863.XSHG,2021-08-18,0.049999999999998934
603630.XSHG,2021-08-18,0.240000000000002
300377.XSHE,2021-08-18,3.9399999999999977
600983.XSHG,2021-08-18,0.22000000000000242
002329.XSHE,2021-08-18,0.120000000000001
300247.XSHE,2021-08-18,0.26000000000000156
300755.XSHE,2021-08-18,1.25
300896.XSHE,2021-08-18,64.09000000000015
300920.XSHE,2021-08-18,0.030000000000001137
002003.XSHE,2021-08-18,0.3499999999999943
300194.XSHE,2021-08-18,0.05999999999999872
000933.XSHE,2021-08-18,7.840000000000003
300706.XSHE,2021-08-18,1.1899999999999977
301019.XSHE,2021-08-18,1.1099999999999994
688276.XSHG,2021-08-18,0.25
001210.XSHE,2021-08-18,2.0700000000000003
002092.XSHE,2021-08-18,1.8699999999999974
300510.XSHE,2021-08-18,3.1799999999999997
000608.XSHE,2021-08-18,0.9199999999999946
000900.XSHE,2021-08-18,0.13999999999999346
300549.XSHE,2021-08-18,0.5399999999999991
002510.XSHE,2021-08-18,0.5200000000000031
601778.XSHG,2021-08-18,0.15000000000000036
605166.XSHG,2021-08-18,0.120000000000001
603355.XSHG,2021-08-18,0.22999999999999687
300819.XSHE,2021-08-18,0.0
002159.XSHE,2021-08-18,0.05999999999999872
600389.XSHG,2021-08-18,4.650000000000006
688138.XSHG,2021-08-18,0.5800000000000018
600719.XSHG,2021-08-18,0.0
688066.XSHG,2021-08-18,0.9399999999999977
600919.XSHG,2021-08-18,0.120000000000001
002579.XSHE,2021-08-18,1.3299999999999983
003042.XSHE,2021-08-18,0.120000000000001
600422.XSHG,2021-08-18,0.10999999999999943
688778.XSHG,2021-08-18,2.3000000000000114
600095.XSHG,2021-08-18,0.5
600071.XSHG,2021-08-18,0.8700000000000045
688181.XSHG,2021-08-18,1.3799999999999955
600299.XSHG,2021-08-18,0.0
688355.XSHG,2021-08-18,0.2699999999999996
300730.XSHE,2021-08-18,0.15000000000000213
600182.XSHG,2021-08-18,0.120000000000001
000652.XSHE,2021-08-18,0.5600000000000023
600375.XSHG,2021-08-18,0.9699999999999989
000830.XSHE,2021-08-18,2.1899999999999977
688179.XSHG,2021-08-18,0.46999999999999886
688333.XSHG,2021-08-18,4.010000000000019
002221.XSHE,2021-08-18,0.8599999999999994
002031.XSHE,2021-08-18,0.4399999999999977
002755.XSHE,2021-08-18,0.07000000000000028
600874.XSHG,2021-08-18,0.07000000000000028
002382.XSHE,2021-08-18,1.0600000000000023
300626.XSHE,2021-08-18,0.0
603686.XSHG,2021-08-18,0.17999999999999972
688579.XSHG,2021-08-18,0.0600000000000005
603776.XSHG,2021-08-18,2.030000000000001
300716.XSHE,2021-08-18,0.26000000000000156
300107.XSHE,2021-08-18,0.38000000000000256
002154.XSHE,2021-08-18,0.9499999999999886
002751.XSHE,2021-08-18,0.20000000000000284
603322.XSHG,2021-08-18,0.240000000000002
000027.XSHE,2021-08-18,2.0200000000000102
600761.XSHG,2021-08-18,1.700000000000017
688258.XSHG,2021-08-18,0.4399999999999977
002231.XSHE,2021-08-18,0.08999999999999986
002871.XSHE,2021-08-18,0.240000000000002
301011.XSHE,2021-08-18,0.46000000000000085
000677.XSHE,2021-08-18,0.7399999999999949
688018.XSHG,2021-08-18,11.380000000000024
603887.XSHG,2021-08-18,0.05000000000000071
605333.XSHG,2021-08-18,0.0600000000000005
300897.XSHE,2021-08-18,0.5700000000000003
300628.XSHE,2021-08-18,14.339999999999918
002035.XSHE,2021-08-18,1.6599999999999966
300147.XSHE,2021-08-18,0.10999999999999943
600128.XSHG,2021-08-18,0.05999999999999872
688310.XSHG,2021-08-18,2.8699999999999974
002681.XSHE,2021-08-18,0.4299999999999997
688316.XSHG,2021-08-18,2.3700000000000045
002644.XSHE,2021-08-18,0.21999999999999886
688598.XSHG,2021-08-18,11.930000000000007
600697.XSHG,2021-08-18,0.0
000538.XSHE,2021-08-18,11.659999999999854
000761.XSHE,2021-08-18,0.019999999999999574
601997.XSHG,2021-08-18,0.030000000000001137
002889.XSHE,2021-08-18,0.0
000969.XSHE,2021-08-18,0.9500000000000028
002482.XSHE,2021-08-18,0.0
000977.XSHE,2021-08-18,0.0
300021.XSHE,2021-08-18,2.039999999999999
000536.XSHE,2021-08-18,0.2900000000000009
300913.XSHE,2021-08-18,0.120000000000001
605296.XSHG,2021-08-18,0.20000000000000284
300848.XSHE,2021-08-18,0.09999999999999432
300654.XSHE,2021-08-18,0.019999999999999574
301010.XSHE,2021-08-18,0.04999999999999716
000028.XSHE,2021-08-18,0.5700000000000216
300223.XSHE,2021-08-18,23.329999999999984
603268.XSHG,2021-08-18,0.6600000000000001
600031.XSHG,2021-08-18,8.389999999999873
688681.XSHG,2021-08-18,0.13999999999999702
000008.XSHE,2021-08-18,0.2700000000000031
300124.XSHE,2021-08-18,62.200000000000045
002398.XSHE,2021-08-18,0.4399999999999977
600262.XSHG,2021-08-18,0.3000000000000007
688116.XSHG,2021-08-18,4.219999999999999
300180.XSHE,2021-08-18,0.490000000000002
000997.XSHE,2021-08-18,2.3600000000000136
002952.XSHE,2021-08-18,0.0
605099.XSHG,2021-08-18,1.8299999999999983
002232.XSHE,2021-08-18,0.3399999999999963
300991.XSHE,2021-08-18,2.3399999999999963
002363.XSHE,2021-08-18,0.0600000000000005
300165.XSHE,2021-08-18,0.4100000000000037
300640.XSHE,2021-08-18,0.05000000000000071
688596.XSHG,2021-08-18,1.2899999999999991
600351.XSHG,2021-08-18,0.8200000000000003
002192.XSHE,2021-08-18,15.329999999999984
600665.XSHG,2021-08-18,0.09999999999999964
002355.XSHE,2021-08-18,0.1899999999999995
600362.XSHG,2021-08-18,0.35999999999999943
000962.XSHE,2021-08-18,0.6400000000000006
000581.XSHE,2021-08-18,0.769999999999996
300636.XSHE,2021-08-18,0.6500000000000057
600774.XSHG,2021-08-18,6.650000000000006
605177.XSHG,2021-08-18,0.28999999999999915
002109.XSHE,2021-08-18,0.75
300503.XSHE,2021-08-18,1.2199999999999989
002578.XSHE,2021-08-18,0.26000000000000156
600091.XSHG,2021-08-18,0.08000000000000007
603013.XSHG,2021-08-18,0.4800000000000004
603185.XSHG,2021-08-18,21.94999999999999
002353.XSHE,2021-08-18,2.5500000000000114
600805.XSHG,2021-08-18,0.12999999999999545
002797.XSHE,2021-08-18,0.15000000000000036
000732.XSHE,2021-08-18,0.040000000000000036
000905.XSHE,2021-08-18,0.08000000000000185
002388.XSHE,2021-08-18,0.23000000000000043
002622.XSHE,2021-08-18,0.05999999999999872
603589.XSHG,2021-08-18,0.6099999999999994
002546.XSHE,2021-08-18,0.19999999999999574
002034.XSHE,2021-08-18,1.3200000000000003
600293.XSHG,2021-08-18,0.5299999999999994
300311.XSHE,2021-08-18,1.3200000000000074
600850.XSHG,2021-08-18,0.5699999999999932
600053.XSHG,2021-08-18,0.4100000000000037
688456.XSHG,2021-08-18,1.9800000000000004
600048.XSHG,2021-08-18,6.210000000000036
003035.XSHE,2021-08-18,0.05999999999999872
002600.XSHE,2021-08-18,0.21000000000000085
603929.XSHG,2021-08-18,0.05000000000000071
002942.XSHE,2021-08-18,0.0799999999999983
300699.XSHE,2021-08-18,2.3400000000000034
002334.XSHE,2021-08-18,4.049999999999997
600448.XSHG,2021-08-18,0.019999999999999574
603311.XSHG,2021-08-18,0.019999999999999574
300034.XSHE,2021-08-18,9.379999999999995
601528.XSHG,2021-08-18,0.0
000626.XSHE,2021-08-18,4.489999999999952
002962.XSHE,2021-08-18,0.40000000000000213
003002.XSHE,2021-08-18,0.009999999999999787
002690.XSHE,2021-08-18,1.3600000000000136
300611.XSHE,2021-08-18,0.19000000000000128
002357.XSHE,2021-08-18,0.03999999999999915
600421.XSHG,2021-08-18,1.25
603112.XSHG,2021-08-18,0.0
300038.XSHE,2021-08-18,0.040000000000000036
002916.XSHE,2021-08-18,3.8000000000000114
603501.XSHG,2021-08-18,3.2199999999999704
603915.XSHG,2021-08-18,1.6300000000000026
002346.XSHE,2021-08-18,0.6399999999999935
300054.XSHE,2021-08-18,2.569999999999993
002038.XSHE,2021-08-18,0.8700000000000045
300026.XSHE,2021-08-18,1.9499999999999886
002527.XSHE,2021-08-18,0.5200000000000031
300139.XSHE,2021-08-18,0.35999999999999943
600882.XSHG,2021-08-18,4.780000000000001
002883.XSHE,2021-08-18,0.05000000000000071
600383.XSHG,2021-08-18,2.280000000000001
603609.XSHG,2021-08-18,0.09999999999999964
600694.XSHG,2021-08-18,0.14999999999999147
300662.XSHE,2021-08-18,0.46000000000000085
603816.XSHG,2021-08-18,1.0499999999999972
688011.XSHG,2021-08-18,0.5100000000000051
300917.XSHE,2021-08-18,0.14000000000000057
600872.XSHG,2021-08-18,5.759999999999991
600525.XSHG,2021-08-18,2.4200000000000017
300648.XSHE,2021-08-18,8.860000000000014
002176.XSHE,2021-08-18,15.550000000000011
600551.XSHG,2021-08-18,0.07000000000000028
002652.XSHE,2021-08-18,0.10000000000000142
300857.XSHE,2021-08-18,0.34999999999999787
605056.XSHG,2021-08-18,0.2699999999999996
300048.XSHE,2021-08-18,0.4199999999999946
000703.XSHE,2021-08-18,3.4200000000000017
603085.XSHG,2021-08-18,0.21000000000000085
600436.XSHG,2021-08-18,22.590000000000146
000603.XSHE,2021-08-18,0.7700000000000031
300700.XSHE,2021-08-18,0.05000000000000071
000503.XSHE,2021-08-18,0.7800000000000011
002903.XSHE,2021-08-18,0.29999999999999716
688113.XSHG,2021-08-18,1.0100000000000051
601766.XSHG,2021-08-18,0.009999999999999787
002101.XSHE,2021-08-18,0.3300000000000054
002406.XSHE,2021-08-18,0.34999999999999787
600166.XSHG,2021-08-18,1.5700000000000074
002901.XSHE,2021-08-18,0.6000000000000014
603393.XSHG,2021-08-18,0.7700000000000031
601985.XSHG,2021-08-18,0.010000000000000675
000611.XSHE,2021-08-18,0.05000000000000071
600259.XSHG,2021-08-18,2.019999999999996
600860.XSHG,2021-08-18,0.8300000000000001
000733.XSHE,2021-08-18,8.360000000000014
000561.XSHE,2021-08-18,0.41000000000000014
601615.XSHG,2021-08-18,0.25
002503.XSHE,2021-08-18,0.38000000000000256
000657.XSHE,2021-08-18,2.1200000000000045
600638.XSHG,2021-08-18,1.019999999999996
300443.XSHE,2021-08-18,2.1899999999999977
600507.XSHG,2021-08-18,0.4300000000000068
000710.XSHE,2021-08-18,1.3300000000000125
601958.XSHG,2021-08-18,0.3200000000000003
688019.XSHG,2021-08-18,5.019999999999982
603116.XSHG,2021-08-18,0.019999999999999574
603131.XSHG,2021-08-18,0.9299999999999926
002645.XSHE,2021-08-18,1.0300000000000011
002506.XSHE,2021-08-18,1.1700000000000017
300348.XSHE,2021-08-18,2.9099999999999966
300135.XSHE,2021-08-18,0.25
603919.XSHG,2021-08-18,0.9300000000000068
601789.XSHG,2021-08-18,0.02000000000000135
600133.XSHG,2021-08-18,0.0799999999999983
000656.XSHE,2021-08-18,0.29999999999999716
300775.XSHE,2021-08-18,1.2399999999999949
300255.XSHE,2021-08-18,0.240000000000002
300890.XSHE,2021-08-18,1.5399999999999991
600705.XSHG,2021-08-18,1.990000000000009
688037.XSHG,2021-08-18,3.1500000000000057
002907.XSHE,2021-08-18,0.0
603001.XSHG,2021-08-18,0.02999999999999936
002188.XSHE,2021-08-18,0.10000000000000053
002464.XSHE,2021-08-18,0.0
002017.XSHE,2021-08-18,0.19000000000000483
300627.XSHE,2021-08-18,3.019999999999982
300265.XSHE,2021-08-18,1.4499999999999957
002375.XSHE,2021-08-18,0.990000000000002
603087.XSHG,2021-08-18,1.9000000000000057
002121.XSHE,2021-08-18,4.040000000000006
300506.XSHE,2021-08-18,1.5499999999999972
600112.XSHG,2021-08-18,0.0
601717.XSHG,2021-08-18,1.2100000000000009
601995.XSHG,2021-08-18,0.259999999999998
300606.XSHE,2021-08-18,0.2900000000000027
300958.XSHE,2021-08-18,0.8900000000000006
600811.XSHG,2021-08-18,0.14999999999999858
605007.XSHG,2021-08-18,0.6400000000000006
002620.XSHE,2021-08-18,0.31999999999999673
300694.XSHE,2021-08-18,0.20000000000000107
003020.XSHE,2021-08-18,1.6099999999999994
688071.XSHG,2021-08-18,1.0
600879.XSHG,2021-08-18,1.4599999999999795
600863.XSHG,2021-08-18,0.39000000000000057
002838.XSHE,2021-08-18,0.8499999999999943
002066.XSHE,2021-08-18,0.5399999999999991
002920.XSHE,2021-08-18,3.2299999999999898
002741.XSHE,2021-08-18,3.1200000000000045
603565.XSHG,2021-08-18,4.339999999999996
688555.XSHG,2021-08-18,0.41999999999999815
603777.XSHG,2021-08-18,0.4399999999999977
600127.XSHG,2021-08-18,0.0
605136.XSHG,2021-08-18,0.129999999999999
000544.XSHE,2021-08-18,0.0
300873.XSHE,2021-08-18,2.210000000000001
300561.XSHE,2021-08-18,4.519999999999996
000039.XSHE,2021-08-18,10.990000000000009
601138.XSHG,2021-08-18,0.07000000000000028
002440.XSHE,2021-08-18,0.46999999999999886
002912.XSHE,2021-08-18,0.2400000000000091
002195.XSHE,2021-08-18,0.6000000000000014
002088.XSHE,2021-08-18,3.980000000000004
300230.XSHE,2021-08-18,0.21000000000000085
300197.XSHE,2021-08-18,0.9500000000000028
300619.XSHE,2021-08-18,3.6400000000000006
002013.XSHE,2021-08-18,4.71999999999997
300363.XSHE,2021-08-18,11.810000000000002
000850.XSHE,2021-08-18,0.0
002564.XSHE,2021-08-18,0.29999999999999893
603299.XSHG,2021-08-18,0.25
300618.XSHE,2021-08-18,3.4099999999999966
600098.XSHG,2021-08-18,0.28000000000000114
300426.XSHE,2021-08-18,0.46000000000000085
688356.XSHG,2021-08-18,10.159999999999997
688533.XSHG,2021-08-18,0.21000000000000085
600498.XSHG,2021-08-18,0.0
002006.XSHE,2021-08-18,3.319999999999993
002124.XSHE,2021-08-18,0.9899999999999949
002918.XSHE,2021-08-18,0.8900000000000006
300607.XSHE,2021-08-18,2.510000000000005
603808.XSHG,2021-08-18,0.3000000000000007
688589.XSHG,2021-08-18,2.1799999999999997
002556.XSHE,2021-08-18,0.9200000000000017
605009.XSHG,2021-08-18,1.3299999999999983
600992.XSHG,2021-08-18,0.41999999999999993
603717.XSHG,2021-08-18,0.5799999999999983
603551.XSHG,2021-08-18,0.08000000000000007
300795.XSHE,2021-08-18,0.46999999999999886
300065.XSHE,2021-08-18,3.7700000000000102
600545.XSHG,2021-08-18,0.20999999999999908
002337.XSHE,2021-08-18,0.11000000000000298
300729.XSHE,2021-08-18,1.6099999999999994
000996.XSHE,2021-08-18,0.3999999999999986
002408.XSHE,2021-08-18,0.9400000000000119
300613.XSHE,2021-08-18,19.600000000000023
600743.XSHG,2021-08-18,0.0
603159.XSHG,2021-08-18,0.07000000000000028
003029.XSHE,2021-08-18,0.14999999999999858
300910.XSHE,2021-08-18,2.8299999999999983
300933.XSHE,2021-08-18,0.08000000000000007
300293.XSHE,2021-08-18,2.1299999999999955
300984.XSHE,2021-08-18,0.0
300086.XSHE,2021-08-18,0.23999999999999844
600641.XSHG,2021-08-18,13.799999999999955
688021.XSHG,2021-08-18,1.3599999999999994
688299.XSHG,2021-08-18,1.9100000000000037
603100.XSHG,2021-08-18,0.3000000000000007
600290.XSHG,2021-08-18,0.759999999999998
002466.XSHE,2021-08-18,8.6099999999999
000048.XSHE,2021-08-18,0.8000000000000114
002919.XSHE,2021-08-18,0.5899999999999963
300043.XSHE,2021-08-18,0.0
600329.XSHG,2021-08-18,1.5
002294.XSHE,2021-08-18,6.289999999999964
603012.XSHG,2021-08-18,0.019999999999999574
603727.XSHG,2021-08-18,0.17999999999999972
002793.XSHE,2021-08-18,0.25
002638.XSHE,2021-08-18,0.09999999999999964
300177.XSHE,2021-08-18,1.1100000000000136
603025.XSHG,2021-08-18,0.5300000000000011
603189.XSHG,2021-08-18,0.030000000000001137
300956.XSHE,2021-08-18,0.3200000000000003
002542.XSHE,2021-08-18,0.18999999999999773
603822.XSHG,2021-08-18,1.3599999999999994
000419.XSHE,2021-08-18,0.1599999999999966
002237.XSHE,2021-08-18,1.2399999999999949
300990.XSHE,2021-08-18,4.049999999999997
000697.XSHE,2021-08-18,2.539999999999999
300760.XSHE,2021-08-18,3.8700000000000045
301016.XSHE,2021-08-18,0.629999999999999
601011.XSHG,2021-08-18,0.13000000000000078
600548.XSHG,2021-08-18,0.08000000000000185
603019.XSHG,2021-08-18,1.2000000000000028
603690.XSHG,2021-08-18,0.740000000000002
002033.XSHE,2021-08-18,0.779999999999994
002597.XSHE,2021-08-18,3.930000000000007
000632.XSHE,2021-08-18,0.08000000000000185
605003.XSHG,2021-08-18,0.05000000000000071
688338.XSHG,2021-08-18,0.8500000000000014
603056.XSHG,2021-08-18,0.05000000000000071
002041.XSHE,2021-08-18,0.539999999999992
002203.XSHE,2021-08-18,0.0800000000000054
601127.XSHG,2021-08-18,0.28999999999999915
601965.XSHG,2021-08-18,0.38000000000000256
603605.XSHG,2021-08-18,3.8000000000000114
688099.XSHG,2021-08-18,6.489999999999995
600739.XSHG,2021-08-18,9.580000000000041
601086.XSHG,2021-08-18,0.0
688081.XSHG,2021-08-18,0.36999999999999744
002515.XSHE,2021-08-18,0.8900000000000006
688118.XSHG,2021-08-18,0.16000000000000014
603106.XSHG,2021-08-18,0.0
300818.XSHE,2021-08-18,0.7900000000000027
002372.XSHE,2021-08-18,0.75
002928.XSHE,2021-08-18,0.03999999999999915
300462.XSHE,2021-08-18,0.5300000000000011
300686.XSHE,2021-08-18,0.23999999999999844
300814.XSHE,2021-08-18,0.759999999999998
300181.XSHE,2021-08-18,1.6199999999999974
603903.XSHG,2021-08-18,0.0
688131.XSHG,2021-08-18,8.240000000000009
603439.XSHG,2021-08-18,0.41000000000000014
601918.XSHG,2021-08-18,0.040000000000000036
000521.XSHE,2021-08-18,0.120000000000001
300303.XSHE,2021-08-18,8.36999999999999
605167.XSHG,2021-08-18,0.20999999999999908
300062.XSHE,2021-08-18,2.8299999999999983
603578.XSHG,2021-08-18,0.22000000000000242
000416.XSHE,2021-08-18,0.10000000000000142
002052.XSHE,2021-08-18,0.0
002012.XSHE,2021-08-18,0.730000000000004
600388.XSHG,2021-08-18,0.6200000000000045
603098.XSHG,2021-08-18,2.960000000000001
603256.XSHG,2021-08-18,0.030000000000001137
601117.XSHG,2021-08-18,0.7199999999999989
002828.XSHE,2021-08-18,0.05000000000000071
300240.XSHE,2021-08-18,0.5999999999999979
301017.XSHE,2021-08-18,0.21999999999999886
002085.XSHE,2021-08-18,0.3200000000000003
603636.XSHG,2021-08-18,0.3399999999999963
601777.XSHG,2021-08-18,0.08000000000000007
002488.XSHE,2021-08-18,0.17999999999999972
603139.XSHG,2021-08-18,0.05000000000000071
300064.XSHE,2021-08-18,0.370000000000001
688687.XSHG,2021-08-18,1.6099999999999994
688600.XSHG,2021-08-18,0.129999999999999
601689.XSHG,2021-08-18,2.559999999999995
603236.XSHG,2021-08-18,1.6299999999999955
603103.XSHG,2021-08-18,0.0
603105.XSHG,2021-08-18,0.2599999999999998
603680.XSHG,2021-08-18,0.19000000000000128
002521.XSHE,2021-08-18,0.030000000000001137
600121.XSHG,2021-08-18,0.05000000000000071
002829.XSHE,2021-08-18,1.2199999999999989
603269.XSHG,2021-08-18,0.009999999999999787
002229.XSHE,2021-08-18,0.0
002917.XSHE,2021-08-18,0.2900000000000027
002691.XSHE,2021-08-18,0.03000000000000025
688312.XSHG,2021-08-18,0.490000000000002
300344.XSHE,2021-08-18,0.14999999999999858
300152.XSHE,2021-08-18,0.8999999999999986
600306.XSHG,2021-08-18,0.35999999999999943
002300.XSHE,2021-08-18,0.0
603968.XSHG,2021-08-18,0.8100000000000023
600191.XSHG,2021-08-18,0.020000000000000462
600077.XSHG,2021-08-18,0.0799999999999983
002959.XSHE,2021-08-18,0.14000000000000057
688317.XSHG,2021-08-18,0.5800000000000054
002414.XSHE,2021-08-18,11.299999999999983
002281.XSHE,2021-08-18,0.9200000000000017
300971.XSHE,2021-08-18,0.21000000000000085
300676.XSHE,2021-08-18,0.9899999999999949
002077.XSHE,2021-08-18,0.02000000000000135
603991.XSHG,2021-08-18,0.00999999999999801
000488.XSHE,2021-08-18,0.5900000000000034
300563.XSHE,2021-08-18,0.05999999999999872
600051.XSHG,2021-08-18,0.10000000000000142
002705.XSHE,2021-08-18,0.0
300325.XSHE,2021-08-18,1.0300000000000011
002081.XSHE,2021-08-18,0.6000000000000227
002588.XSHE,2021-08-18,1.0600000000000023
603223.XSHG,2021-08-18,0.20000000000000284
600075.XSHG,2021-08-18,0.9699999999999989
000837.XSHE,2021-08-18,0.9299999999999997
300414.XSHE,2021-08-18,0.8100000000000023
002074.XSHE,2021-08-18,8.300000000000011
001201.XSHE,2021-08-18,0.509999999999998
000928.XSHE,2021-08-18,0.3500000000000014
300740.XSHE,2021-08-18,1.0300000000000011
600644.XSHG,2021-08-18,0.5799999999999983
601858.XSHG,2021-08-18,0.02999999999999936
000637.XSHE,2021-08-18,1.1899999999999977
603688.XSHG,2021-08-18,1.75
002905.XSHE,2021-08-18,0.1899999999999995
600070.XSHG,2021-08-18,0.0
000972.XSHE,2021-08-18,0.03000000000000025
300429.XSHE,2021-08-18,4.349999999999994
601860.XSHG,2021-08-18,0.020000000000000018
603939.XSHG,2021-08-18,2.329999999999984
002244.XSHE,2021-08-18,0.120000000000001
300621.XSHE,2021-08-18,0.6600000000000001
600717.XSHG,2021-08-18,0.3200000000000074
600463.XSHG,2021-08-18,0.0
688567.XSHG,2021-08-18,2.5500000000000043
688350.XSHG,2021-08-18,0.6600000000000001
600619.XSHG,2021-08-18,8.430000000000007
300962.XSHE,2021-08-18,0.4799999999999969
600339.XSHG,2021-08-18,0.0
300410.XSHE,2021-08-18,2.2099999999999937
002295.XSHE,2021-08-18,0.2599999999999998
000516.XSHE,2021-08-18,8.870000000000005
002860.XSHE,2021-08-18,0.0799999999999983
300571.XSHE,2021-08-18,0.36000000000001364
300590.XSHE,2021-08-18,1.230000000000004
600365.XSHG,2021-08-18,0.14000000000000057
002857.XSHE,2021-08-18,0.41999999999999815
600746.XSHG,2021-08-18,10.02000000000001
600180.XSHG,2021-08-18,0.0
600216.XSHG,2021-08-18,1.6700000000000017
603200.XSHG,2021-08-18,0.4200000000000017
688556.XSHG,2021-08-18,4.170000000000002
000957.XSHE,2021-08-18,0.6099999999999994
600309.XSHG,2021-08-18,82.28999999999996
000783.XSHE,2021-08-18,0.4199999999999946
300109.XSHE,2021-08-18,0.12999999999999545
300761.XSHE,2021-08-18,0.23000000000000043
300334.XSHE,2021-08-18,0.0
600689.XSHG,2021-08-18,0.029999999999997584
603518.XSHG,2021-08-18,1.120000000000001
002165.XSHE,2021-08-18,0.30000000000000426
300625.XSHE,2021-08-18,0.09999999999999787
688305.XSHG,2021-08-18,2.6000000000000085
600603.XSHG,2021-08-18,0.0
002044.XSHE,2021-08-18,0.4899999999999949
300358.XSHE,2021-08-18,4.060000000000002
000887.XSHE,2021-08-18,2.269999999999982
002536.XSHE,2021-08-18,0.6799999999999997
600569.XSHG,2021-08-18,0.370000000000001
002931.XSHE,2021-08-18,0.8200000000000003
300033.XSHE,2021-08-18,13.349999999999909
300366.XSHE,2021-08-18,0.0
002830.XSHE,2021-08-18,0.16000000000000014
600547.XSHG,2021-08-18,0.21999999999997044
000525.XSHE,2021-08-18,0.23000000000000043
688100.XSHG,2021-08-18,0.3200000000000003
688799.XSHG,2021-08-18,0.3100000000000023
300081.XSHE,2021-08-18,0.15000000000000568
002286.XSHE,2021-08-18,0.8899999999999935
300003.XSHE,2021-08-18,0.09000000000000341
300389.XSHE,2021-08-18,1.0
300594.XSHE,2021-08-18,0.39000000000000057
600830.XSHG,2021-08-18,0.10999999999999943
603115.XSHG,2021-08-18,0.6900000000000013
002742.XSHE,2021-08-18,0.2799999999999976
300390.XSHE,2021-08-18,7.71999999999997
300650.XSHE,2021-08-18,0.44000000000000483
002610.XSHE,2021-08-18,0.0
300422.XSHE,2021-08-18,0.35999999999999943
600350.XSHG,2021-08-18,0.45000000000000107
688768.XSHG,2021-08-18,8.280000000000001
002976.XSHE,2021-08-18,0.16000000000000014
002512.XSHE,2021-08-18,0.28000000000000114
000042.XSHE,2021-08-18,1.5799999999999983
300825.XSHE,2021-08-18,1.389999999999997
002646.XSHE,2021-08-18,0.21999999999999886
603639.XSHG,2021-08-18,0.7199999999999989
002799.XSHE,2021-08-18,0.6700000000000017
002249.XSHE,2021-08-18,0.0
002534.XSHE,2021-08-18,2.039999999999999
600300.XSHG,2021-08-18,0.14999999999999858
300264.XSHE,2021-08-18,0.1999999999999993
605339.XSHG,2021-08-18,1.0
002497.XSHE,2021-08-18,4.960000000000008
300939.XSHE,2021-08-18,0.27999999999999403
601020.XSHG,2021-08-18,1.1499999999999986
688039.XSHG,2021-08-18,1.1700000000000017
603396.XSHG,2021-08-18,14.659999999999997
600605.XSHG,2021-08-18,0.9900000000000091
601799.XSHG,2021-08-18,5.200000000000017
000032.XSHE,2021-08-18,0.8400000000000034
603613.XSHG,2021-08-18,0.8400000000000034
600162.XSHG,2021-08-18,0.08000000000000007
000620.XSHE,2021-08-18,0.07000000000000028
600193.XSHG,2021-08-18,1.2000000000000028
603169.XSHG,2021-08-18,0.120000000000001
300622.XSHE,2021-08-18,1.3100000000000023
600624.XSHG,2021-08-18,0.0
000030.XSHE,2021-08-18,0.46000000000000085
000731.XSHE,2021-08-18,1.690000000000012
000716.XSHE,2021-08-18,0.08000000000000007
002204.XSHE,2021-08-18,0.28999999999999915
600611.XSHG,2021-08-18,0.0
600148.XSHG,2021-08-18,0.36999999999999744
002969.XSHE,2021-08-18,0.02999999999999936
300597.XSHE,2021-08-18,0.0
600298.XSHG,2021-08-18,2.3000000000000114
300446.XSHE,2021-08-18,1.3200000000000003
300207.XSHE,2021-08-18,14.46999999999997
600497.XSHG,2021-08-18,2.180000000000007
600219.XSHG,2021-08-18,1.1500000000000057
688010.XSHG,2021-08-18,0.3999999999999986
300347.XSHE,2021-08-18,50.700000000000045
301029.XSHE,2021-08-18,1.9699999999999989
002354.XSHE,2021-08-18,0.05999999999999872
600714.XSHG,2021-08-18,1.0500000000000007
300289.XSHE,2021-08-18,0.14999999999999858
600523.XSHG,2021-08-18,0.25
300127.XSHE,2021-08-18,3.3500000000000014
000667.XSHE,2021-08-18,0.25
000795.XSHE,2021-08-18,0.5800000000000018
002233.XSHE,2021-08-18,0.05999999999999872
300940.XSHE,2021-08-18,0.1600000000000037
600381.XSHG,2021-08-18,0.049999999999998934
000911.XSHE,2021-08-18,0.3400000000000034
688027.XSHG,2021-08-18,2.4799999999999898
300111.XSHE,2021-08-18,0.09000000000000075
002551.XSHE,2021-08-18,0.5799999999999983
300983.XSHE,2021-08-18,1.2199999999999989
000572.XSHE,2021-08-18,1.25
603063.XSHG,2021-08-18,0.4499999999999993
688395.XSHG,2021-08-18,0.7699999999999996
300030.XSHE,2021-08-18,0.04000000000000625
002693.XSHE,2021-08-18,0.02999999999999936
002299.XSHE,2021-08-18,0.740000000000002
002238.XSHE,2021-08-18,0.029999999999997584
300866.XSHE,2021-08-18,2.6700000000000017
600897.XSHG,2021-08-18,0.15000000000000568
600960.XSHG,2021-08-18,0.129999999999999
002935.XSHE,2021-08-18,0.0799999999999983
300806.XSHE,2021-08-18,3.519999999999996
002331.XSHE,2021-08-18,0.6000000000000014
688228.XSHG,2021-08-18,0.1700000000000017
603183.XSHG,2021-08-18,0.20000000000000284
603338.XSHG,2021-08-18,28.410000000000025
300302.XSHE,2021-08-18,2.969999999999999
600073.XSHG,2021-08-18,0.129999999999999
600158.XSHG,2021-08-18,0.13000000000000966
603363.XSHG,2021-08-18,0.0600000000000005
600377.XSHG,2021-08-18,0.19000000000000128
300009.XSHE,2021-08-18,2.0
300438.XSHE,2021-08-18,8.76000000000002
601116.XSHG,2021-08-18,0.009999999999999787
002544.XSHE,2021-08-18,0.5100000000000051
000768.XSHE,2021-08-18,2.8000000000000114
300314.XSHE,2021-08-18,2.3599999999999994
000736.XSHE,2021-08-18,0.08999999999999986
300004.XSHE,2021-08-18,0.360000000000003
300763.XSHE,2021-08-18,52.08000000000004
601186.XSHG,2021-08-18,0.009999999999999787
601952.XSHG,2021-08-18,0.08999999999999986
300169.XSHE,2021-08-18,0.5899999999999999
600699.XSHG,2021-08-18,4.260000000000005
300398.XSHE,2021-08-18,2.230000000000004
600283.XSHG,2021-08-18,0.03999999999999915
002111.XSHE,2021-08-18,1.8800000000000097
003005.XSHE,2021-08-18,0.11999999999999744
605123.XSHG,2021-08-18,1.0
300082.XSHE,2021-08-18,2.3200000000000216
300999.XSHE,2021-08-18,0.7000000000000028
688565.XSHG,2021-08-18,0.14999999999999858
000739.XSHE,2021-08-18,11.980000000000018
002893.XSHE,2021-08-18,0.28999999999999915
605218.XSHG,2021-08-18,0.5399999999999991
688001.XSHG,2021-08-18,0.5
603679.XSHG,2021-08-18,0.0
000403.XSHE,2021-08-18,3.0299999999999727
300271.XSHE,2021-08-18,0.4300000000000068
603701.XSHG,2021-08-18,0.46000000000000085
002988.XSHE,2021-08-18,0.10999999999999943
603766.XSHG,2021-08-18,0.05999999999999872
688601.XSHG,2021-08-18,5.460000000000008
601900.XSHG,2021-08-18,0.020000000000000462
603227.XSHG,2021-08-18,0.7900000000000009
600068.XSHG,2021-08-18,0.9499999999999957
003030.XSHE,2021-08-18,0.120000000000001
688055.XSHG,2021-08-18,0.40999999999999925
688390.XSHG,2021-08-18,20.210000000000036
600759.XSHG,2021-08-18,0.129999999999999
688015.XSHG,2021-08-18,0.1999999999999993
300903.XSHE,2021-08-18,1.759999999999998
688520.XSHG,2021-08-18,4.18
300008.XSHE,2021-08-18,0.6899999999999977
300380.XSHE,2021-08-18,0.30999999999999517
300457.XSHE,2021-08-18,3.430000000000007
002507.XSHE,2021-08-18,2.539999999999992
600649.XSHG,2021-08-18,0.4299999999999926
002475.XSHE,2021-08-18,9.1400000000001
600733.XSHG,2021-08-18,1.9699999999999989
300721.XSHE,2021-08-18,2.719999999999999
603221.XSHG,2021-08-18,0.019999999999999574
300601.XSHE,2021-08-18,2.4899999999999807
600239.XSHG,2021-08-18,0.19000000000000483
300826.XSHE,2021-08-18,0.2099999999999973
002046.XSHE,2021-08-18,1.6400000000000006
603733.XSHG,2021-08-18,0.6000000000000014
300362.XSHE,2021-08-18,0.0
300921.XSHE,2021-08-18,0.5399999999999991
688183.XSHG,2021-08-18,0.040000000000000924
002150.XSHE,2021-08-18,0.0
300882.XSHE,2021-08-18,0.19000000000000128
688689.XSHG,2021-08-18,0.8599999999999994
601328.XSHG,2021-08-18,0.02000000000000135
000919.XSHE,2021-08-18,0.03999999999999915
600906.XSHG,2021-08-18,0.0
600881.XSHG,2021-08-18,2.6200000000000045
603129.XSHG,2021-08-18,2.510000000000005
603997.XSHG,2021-08-18,0.2599999999999998
600276.XSHG,2021-08-18,14.120000000000346
002423.XSHE,2021-08-18,0.10000000000000142
601126.XSHG,2021-08-18,2.5600000000000023
300095.XSHE,2021-08-18,0.9399999999999977
000423.XSHE,2021-08-18,0.8199999999999932
002543.XSHE,2021-08-18,0.44999999999999574
300433.XSHE,2021-08-18,0.3400000000000034
603043.XSHG,2021-08-18,0.5200000000000031
688538.XSHG,2021-08-18,0.009999999999999787
002557.XSHE,2021-08-18,4.340000000000003
002007.XSHE,2021-08-18,10.02000000000021
603658.XSHG,2021-08-18,4.400000000000006
300045.XSHE,2021-08-18,0.0
002343.XSHE,2021-08-18,0.02999999999999936
000006.XSHE,2021-08-18,0.4899999999999807
300813.XSHE,2021-08-18,0.6900000000000119
300368.XSHE,2021-08-18,1.7900000000000063
002656.XSHE,2021-08-18,0.0
600149.XSHG,2021-08-18,0.10999999999999943
000005.XSHE,2021-08-18,0.7199999999999989
002225.XSHE,2021-08-18,0.040000000000000924
600475.XSHG,2021-08-18,0.14000000000000057
688663.XSHG,2021-08-18,1.4200000000000017
002023.XSHE,2021-08-18,2.6699999999999875
603278.XSHG,2021-08-18,0.22000000000000064
300596.XSHE,2021-08-18,0.7800000000000011
300906.XSHE,2021-08-18,0.14999999999999858
000025.XSHE,2021-08-18,0.5499999999999972
600841.XSHG,2021-08-18,0.39000000000000057
600725.XSHG,2021-08-18,0.490000000000002
603399.XSHG,2021-08-18,0.1399999999999988
688698.XSHG,2021-08-18,0.16000000000000014
002967.XSHE,2021-08-18,0.6900000000000048
300214.XSHE,2021-08-18,0.03999999999999915
600190.XSHG,2021-08-18,0.03000000000000025
002186.XSHE,2021-08-18,0.0
300505.XSHE,2021-08-18,2.280000000000001
300340.XSHE,2021-08-18,2.1700000000000017
600572.XSHG,2021-08-18,0.29999999999999716
603958.XSHG,2021-08-18,0.09999999999999964
301015.XSHE,2021-08-18,0.3099999999999987
002837.XSHE,2021-08-18,5.150000000000006
600231.XSHG,2021-08-18,0.4499999999999993
300160.XSHE,2021-08-18,1.240000000000002
300712.XSHE,2021-08-18,7.75
300782.XSHE,2021-08-18,33.65000000000009
600828.XSHG,2021-08-18,0.0
688148.XSHG,2021-08-18,0.28999999999999915
600018.XSHG,2021-08-18,0.03000000000000025
601066.XSHG,2021-08-18,0.0
688668.XSHG,2021-08-18,1.0999999999999943
003043.XSHE,2021-08-18,2.5600000000000023
603031.XSHG,2021-08-18,0.509999999999998
002836.XSHE,2021-08-18,0.019999999999999574
605337.XSHG,2021-08-18,1.9200000000000017
603901.XSHG,2021-08-18,2.239999999999995
000506.XSHE,2021-08-18,0.5099999999999998
002078.XSHE,2021-08-18,0.9399999999999977
600346.XSHG,2021-08-18,4.610000000000014
603619.XSHG,2021-08-18,0.009999999999999787
600480.XSHG,2021-08-18,0.23999999999999844
002021.XSHE,2021-08-18,0.28000000000000114
600163.XSHG,2021-08-18,0.16999999999999993
300299.XSHE,2021-08-18,0.0799999999999983
002519.XSHE,2021-08-18,0.11999999999999744
002878.XSHE,2021-08-18,0.30000000000000426
688560.XSHG,2021-08-18,1.1799999999999997
688606.XSHG,2021-08-18,0.07999999999998408
000822.XSHE,2021-08-18,0.8399999999999999
605199.XSHG,2021-08-18,0.6000000000000014
603629.XSHG,2021-08-18,0.7100000000000009
000959.XSHE,2021-08-18,0.5700000000000003
300507.XSHE,2021-08-18,0.9200000000000017
601939.XSHG,2021-08-18,0.040000000000000924
600206.XSHG,2021-08-18,3.8999999999999986
002499.XSHE,2021-08-18,0.0600000000000005
603398.XSHG,2021-08-18,0.25
600107.XSHG,2021-08-18,0.17999999999999972
002153.XSHE,2021-08-18,2.1899999999999977
300187.XSHE,2021-08-18,0.29000000000000625
601158.XSHG,2021-08-18,0.10999999999999943
002271.XSHE,2021-08-18,80.68000000000006
002399.XSHE,2021-08-18,0.38000000000000256
300977.XSHE,2021-08-18,1.2800000000000011
600466.XSHG,2021-08-18,0.07000000000000028
002726.XSHE,2021-08-18,0.0899999999999963
300657.XSHE,2021-08-18,1.5600000000000023
300317.XSHE,2021-08-18,1.3000000000000007
600890.XSHG,2021-08-18,0.0
300772.XSHE,2021-08-18,1.4200000000000017
000100.XSHE,2021-08-18,0.16000000000000014
300821.XSHE,2021-08-18,0.0
600267.XSHG,2021-08-18,1.0300000000000011
002228.XSHE,2021-08-18,0.09999999999999432
688191.XSHG,2021-08-18,0.00999999999999801
300116.XSHE,2021-08-18,0.17999999999999972
300572.XSHE,2021-08-18,0.5600000000000023
300605.XSHE,2021-08-18,0.0400000000000027
600695.XSHG,2021-08-18,0.04999999999999982
300161.XSHE,2021-08-18,0.44999999999999574
002110.XSHE,2021-08-18,0.14999999999999858
600495.XSHG,2021-08-18,0.15000000000000213
688633.XSHG,2021-08-18,2.489999999999995
601009.XSHG,2021-08-18,0.28000000000000114
603156.XSHG,2021-08-18,2.460000000000008
688777.XSHG,2021-08-18,4.3799999999999955
603533.XSHG,2021-08-18,0.259999999999998
600818.XSHG,2021-08-18,0.060000000000002274
300259.XSHE,2021-08-18,1.3100000000000023
300396.XSHE,2021-08-18,0.18999999999999773
603309.XSHG,2021-08-18,0.22000000000000597
000070.XSHE,2021-08-18,0.10999999999999943
300168.XSHE,2021-08-18,0.980000000000004
300231.XSHE,2021-08-18,0.19999999999998863
300885.XSHE,2021-08-18,0.8699999999999974
603055.XSHG,2021-08-18,0.7300000000000004
002958.XSHE,2021-08-18,0.0
600851.XSHG,2021-08-18,0.0
600653.XSHG,2021-08-18,0.0
601702.XSHG,2021-08-18,0.2400000000000002
688575.XSHG,2021-08-18,1.0399999999999991
688607.XSHG,2021-08-18,0.6700000000000017
300171.XSHE,2021-08-18,2.8700000000000045
002151.XSHE,2021-08-18,2.4499999999999886
605389.XSHG,2021-08-18,1.5600000000000023
688510.XSHG,2021-08-18,0.5500000000000007
300780.XSHE,2021-08-18,0.02000000000000135
600490.XSHG,2021-08-18,2.5400000000000063
002781.XSHE,2021-08-18,0.05999999999999961
300335.XSHE,2021-08-18,0.28000000000000114
002241.XSHE,2021-08-18,9.25
002589.XSHE,2021-08-18,0.10000000000000142
002084.XSHE,2021-08-18,0.5700000000000003
002106.XSHE,2021-08-18,0.0
600161.XSHG,2021-08-18,5.3799999999999955
300099.XSHE,2021-08-18,6.349999999999994
000002.XSHE,2021-08-18,32.88999999999987
000417.XSHE,2021-08-18,0.18999999999999773
002351.XSHE,2021-08-18,3.769999999999996
300044.XSHE,2021-08-18,0.0
600710.XSHG,2021-08-18,0.20000000000000284
601336.XSHG,2021-08-18,0.22000000000000597
301005.XSHE,2021-08-18,1.4499999999999957
300481.XSHE,2021-08-18,0.25
600626.XSHG,2021-08-18,0.11000000000000654
603663.XSHG,2021-08-18,0.9399999999999977
600027.XSHG,2021-08-18,0.019999999999999574
000929.XSHE,2021-08-18,0.370000000000001
603155.XSHG,2021-08-18,1.8299999999999983
002709.XSHE,2021-08-18,34.8900000000001
600509.XSHG,2021-08-18,0.5
000839.XSHE,2021-08-18,1.5
600768.XSHG,2021-08-18,0.16999999999999815
603637.XSHG,2021-08-18,0.25
603800.XSHG,2021-08-18,0.3000000000000007
688386.XSHG,2021-08-18,0.28999999999999915
000408.XSHE,2021-08-18,0.0
688580.XSHG,2021-08-18,1.6899999999999977
000835.XSHE,2021-08-18,0.0
300762.XSHE,2021-08-18,1.230000000000004
300545.XSHE,2021-08-18,1.1000000000000014
000676.XSHE,2021-08-18,0.6899999999999977
300570.XSHE,2021-08-18,0.3299999999999983
600867.XSHG,2021-08-18,2.0600000000000023
601595.XSHG,2021-08-18,0.07000000000000028
605086.XSHG,2021-08-18,0.629999999999999
603320.XSHG,2021-08-18,0.28000000000000114
603950.XSHG,2021-08-18,0.15000000000000213
603569.XSHG,2021-08-18,0.14000000000000057
688393.XSHG,2021-08-18,0.46999999999999886
000848.XSHE,2021-08-18,21.910000000000025
603045.XSHG,2021-08-18,0.8300000000000018
601111.XSHG,2021-08-18,0.11000000000000121
300282.XSHE,2021-08-18,0.05000000000000071
002896.XSHE,2021-08-18,1.0600000000000023
300352.XSHE,2021-08-18,0.18999999999999773
603519.XSHG,2021-08-18,1.279999999999994
300324.XSHE,2021-08-18,0.0
600820.XSHG,2021-08-18,0.28999999999999204
688369.XSHG,2021-08-18,1.1599999999999966
000720.XSHE,2021-08-18,0.14000000000000057
300279.XSHE,2021-08-18,0.6400000000000006
300809.XSHE,2021-08-18,0.5500000000000007
603011.XSHG,2021-08-18,0.14999999999999858
002240.XSHE,2021-08-18,1.8200000000000074
000786.XSHE,2021-08-18,2.509999999999991
002446.XSHE,2021-08-18,0.0
300092.XSHE,2021-08-18,0.5700000000000003
300357.XSHE,2021-08-18,8.53000000000003
002145.XSHE,2021-08-18,1.25
300610.XSHE,2021-08-18,0.0
601018.XSHG,2021-08-18,0.0
600896.XSHG,2021-08-18,0.0
600854.XSHG,2021-08-18,0.120000000000001
603583.XSHG,2021-08-18,3.259999999999991
003017.XSHE,2021-08-18,0.25
688026.XSHG,2021-08-18,3.8699999999999903
002411.XSHE,2021-08-18,0.9199999999999946
300212.XSHE,2021-08-18,11.870000000000005
300566.XSHE,2021-08-18,0.7399999999999949
000501.XSHE,2021-08-18,0.3200000000000074
600135.XSHG,2021-08-18,0.33999999999999986
688367.XSHG,2021-08-18,0.48999999999999844
600327.XSHG,2021-08-18,3.3100000000000023
600279.XSHG,2021-08-18,0.0
603385.XSHG,2021-08-18,0.10000000000000142
600596.XSHG,2021-08-18,0.0
300402.XSHE,2021-08-18,0.0
601665.XSHG,2021-08-18,0.08999999999999986
300923.XSHE,2021-08-18,1.0500000000000043
603707.XSHG,2021-08-18,0.23000000000000398
002200.XSHE,2021-08-18,0.08999999999999986
002575.XSHE,2021-08-18,0.2699999999999996
600979.XSHG,2021-08-18,0.0
688068.XSHG,2021-08-18,2.780000000000001
605258.XSHG,2021-08-18,0.7399999999999949
002929.XSHE,2021-08-18,0.33000000000000185
688499.XSHG,2021-08-18,14.0
002684.XSHE,2021-08-18,3.190000000000005
688318.XSHG,2021-08-18,2.259999999999991
688509.XSHG,2021-08-18,0.27000000000000046
603300.XSHG,2021-08-18,0.8499999999999979
000036.XSHE,2021-08-18,0.8399999999999963
002367.XSHE,2021-08-18,0.23999999999999488
002009.XSHE,2021-08-18,4.259999999999991
600460.XSHG,2021-08-18,27.409999999999968
603365.XSHG,2021-08-18,0.6900000000000013
300232.XSHE,2021-08-18,0.29000000000000625
300964.XSHE,2021-08-18,0.13000000000000256
000717.XSHE,2021-08-18,0.25
002030.XSHE,2021-08-18,10.699999999999989
600877.XSHG,2021-08-18,0.46000000000000085
603039.XSHG,2021-08-18,11.139999999999986
300672.XSHE,2021-08-18,5.819999999999993
300464.XSHE,2021-08-18,0.129999999999999
002045.XSHE,2021-08-18,2.3699999999999903
002719.XSHE,2021-08-18,0.05999999999999872
300947.XSHE,2021-08-18,0.060000000000002274
600757.XSHG,2021-08-18,0.07000000000000028
603123.XSHG,2021-08-18,0.020000000000000462
605368.XSHG,2021-08-18,0.3100000000000005
002774.XSHE,2021-08-18,0.05999999999999961
300208.XSHE,2021-08-18,3.8100000000000023
688718.XSHG,2021-08-18,1.3999999999999986
002307.XSHE,2021-08-18,1.1699999999999982
002004.XSHE,2021-08-18,0.21000000000000796
688133.XSHG,2021-08-18,0.7799999999999727
688536.XSHG,2021-08-18,24.120000000000005
300926.XSHE,2021-08-18,0.28000000000000114
688156.XSHG,2021-08-18,0.5
002921.XSHE,2021-08-18,0.3000000000000007
002625.XSHE,2021-08-18,1.3300000000000125
002616.XSHE,2021-08-18,0.509999999999998
002087.XSHE,2021-08-18,0.07000000000000028
603332.XSHG,2021-08-18,0.22000000000000242
688058.XSHG,2021-08-18,1.1199999999999903
300298.XSHE,2021-08-18,0.25
300579.XSHE,2021-08-18,0.7600000000000051
688286.XSHG,2021-08-18,2.0
600577.XSHG,2021-08-18,6.27000000000001
600797.XSHG,2021-08-18,0.37999999999999545
002418.XSHE,2021-08-18,0.3500000000000014
603580.XSHG,2021-08-18,0.03999999999999915
300846.XSHE,2021-08-18,0.16999999999999993
300019.XSHE,2021-08-18,10.849999999999994
600963.XSHG,2021-08-18,0.7999999999999972
300006.XSHE,2021-08-18,1.0800000000000125
601999.XSHG,2021-08-18,0.0
600295.XSHG,2021-08-18,1.009999999999991
601928.XSHG,2021-08-18,0.09999999999999964
000925.XSHE,2021-08-18,0.07000000000000028
002469.XSHE,2021-08-18,0.5100000000000051
605398.XSHG,2021-08-18,0.10000000000000142
300585.XSHE,2021-08-18,0.5300000000000011
300029.XSHE,2021-08-18,0.34999999999999964
600153.XSHG,2021-08-18,0.35000000000002274
002495.XSHE,2021-08-18,0.9700000000000024
603789.XSHG,2021-08-18,0.019999999999999574
002449.XSHE,2021-08-18,0.7300000000000004
002621.XSHE,2021-08-18,0.240000000000002
600449.XSHG,2021-08-18,0.0799999999999983
002712.XSHE,2021-08-18,0.26000000000000156
600807.XSHG,2021-08-18,0.07000000000000028
603157.XSHG,2021-08-18,0.0
002746.XSHE,2021-08-18,0.0400000000000027
002943.XSHE,2021-08-18,0.23000000000000043
301012.XSHE,2021-08-18,6.109999999999999
002853.XSHE,2021-08-18,0.4200000000000017
600926.XSHG,2021-08-18,0.2700000000000031
300074.XSHE,2021-08-18,0.13000000000000256
002524.XSHE,2021-08-18,0.17999999999999972
002247.XSHE,2021-08-18,0.0
688319.XSHG,2021-08-18,0.0800000000000054
600178.XSHG,2021-08-18,0.0
002067.XSHE,2021-08-18,0.0
601869.XSHG,2021-08-18,0.26000000000000156
002417.XSHE,2021-08-18,0.03999999999999915
002648.XSHE,2021-08-18,12.620000000000005
002654.XSHE,2021-08-18,0.07000000000000028
002330.XSHE,2021-08-18,0.019999999999999574
688379.XSHG,2021-08-18,0.1700000000000017
002758.XSHE,2021-08-18,0.4299999999999997
003007.XSHE,2021-08-18,0.0
002042.XSHE,2021-08-18,0.4899999999999949
300118.XSHE,2021-08-18,2.3900000000000006
600064.XSHG,2021-08-18,0.539999999999992
300122.XSHE,2021-08-18,11.290000000000077
000798.XSHE,2021-08-18,0.25
002194.XSHE,2021-08-18,0.0
600207.XSHG,2021-08-18,0.10999999999999943
002688.XSHE,2021-08-18,0.3499999999999943
605288.XSHG,2021-08-18,1.240000000000009
002011.XSHE,2021-08-18,0.36999999999999744
002780.XSHE,2021-08-18,0.14000000000000057
300239.XSHE,2021-08-18,0.9699999999999989
600855.XSHG,2021-08-18,0.2799999999999976
603638.XSHG,2021-08-18,1.1899999999999977
002193.XSHE,2021-08-18,0.030000000000001137
300407.XSHE,2021-08-18,1.8000000000000043
600456.XSHG,2021-08-18,2.0900000000000034
300883.XSHE,2021-08-18,0.05000000000000071
002514.XSHE,2021-08-18,0.46999999999999886
603969.XSHG,2021-08-18,0.10000000000000142
601068.XSHG,2021-08-18,0.08000000000000007
002886.XSHE,2021-08-18,0.2600000000000051
600037.XSHG,2021-08-18,0.10999999999999943
600711.XSHG,2021-08-18,3.0
002560.XSHE,2021-08-18,0.6800000000000033
002267.XSHE,2021-08-18,0.3099999999999987
002641.XSHE,2021-08-18,0.3100000000000023
600318.XSHG,2021-08-18,0.20000000000000284
600750.XSHG,2021-08-18,0.0
300142.XSHE,2021-08-18,5.889999999999873
688683.XSHG,2021-08-18,0.36999999999999744
300351.XSHE,2021-08-18,0.04999999999999716
300837.XSHE,2021-08-18,0.3200000000000003
603099.XSHG,2021-08-18,0.08999999999999986
300454.XSHE,2021-08-18,2.6999999999999886
300735.XSHE,2021-08-18,0.1700000000000017
601108.XSHG,2021-08-18,0.040000000000000924
603228.XSHG,2021-08-18,1.9699999999999989
002183.XSHE,2021-08-18,1.9500000000000028
000762.XSHE,2021-08-18,0.0
002333.XSHE,2021-08-18,0.0
300556.XSHE,2021-08-18,0.10999999999999943
603308.XSHG,2021-08-18,0.5399999999999991
002749.XSHE,2021-08-18,0.5999999999999943
600996.XSHG,2021-08-18,0.0
000014.XSHE,2021-08-18,0.6400000000000006
600462.XSHG,2021-08-18,0.22999999999999865
002775.XSHE,2021-08-18,0.15000000000000213
600090.XSHG,2021-08-18,0.05000000000000071
002314.XSHE,2021-08-18,0.019999999999999574
603421.XSHG,2021-08-18,0.19000000000000128
300050.XSHE,2021-08-18,1.5900000000000034
301004.XSHE,2021-08-18,0.21999999999999886
600363.XSHG,2021-08-18,1.3700000000000045
688667.XSHG,2021-08-18,1.240000000000009
600866.XSHG,2021-08-18,0.14000000000000057
600782.XSHG,2021-08-18,2.6499999999999915
300732.XSHE,2021-08-18,2.210000000000001
600819.XSHG,2021-08-18,0.41000000000000014
000519.XSHE,2021-08-18,2.6099999999999994
600221.XSHG,2021-08-18,0.03000000000000025
688166.XSHG,2021-08-18,0.36999999999999744
603180.XSHG,2021-08-18,0.4300000000000068
603788.XSHG,2021-08-18,0.08999999999999986
600593.XSHG,2021-08-18,0.0
300077.XSHE,2021-08-18,5.0
600760.XSHG,2021-08-18,10.940000000000055
603528.XSHG,2021-08-18,0.21000000000000085
603058.XSHG,2021-08-18,0.040000000000000036
603833.XSHG,2021-08-18,2.890000000000015
605155.XSHG,2021-08-18,0.4800000000000004
000650.XSHE,2021-08-18,4.680000000000007
600179.XSHG,2021-08-18,0.05000000000000071
300493.XSHE,2021-08-18,0.34999999999999787
002586.XSHE,2021-08-18,0.25
000625.XSHE,2021-08-18,15.420000000000016
002792.XSHE,2021-08-18,0.0
600599.XSHG,2021-08-18,0.0
603703.XSHG,2021-08-18,0.38000000000000256
603890.XSHG,2021-08-18,0.8699999999999974
002097.XSHE,2021-08-18,1.759999999999998
301006.XSHE,2021-08-18,1.3200000000000003
000410.XSHE,2021-08-18,0.16999999999999993
300901.XSHE,2021-08-18,0.10999999999999943
002130.XSHE,2021-08-18,3.9199999999999875
600220.XSHG,2021-08-18,0.08999999999999986
601658.XSHG,2021-08-18,0.019999999999999574
600929.XSHG,2021-08-18,0.10000000000000053
002463.XSHE,2021-08-18,0.05999999999999517
603358.XSHG,2021-08-18,1.3800000000000026
603871.XSHG,2021-08-18,0.07000000000000739
002316.XSHE,2021-08-18,0.2400000000000002
002970.XSHE,2021-08-18,0.21999999999999886
000719.XSHE,2021-08-18,0.0
002909.XSHE,2021-08-18,0.17999999999999972
601966.XSHG,2021-08-18,0.9399999999999977
603329.XSHG,2021-08-18,0.08000000000000007
603383.XSHG,2021-08-18,1.5799999999999983
603345.XSHG,2021-08-18,9.640000000000015
688266.XSHG,2021-08-18,1.490000000000009
600671.XSHG,2021-08-18,0.05999999999999872
601666.XSHG,2021-08-18,0.4800000000000004
300300.XSHE,2021-08-18,0.20000000000000284
000333.XSHE,2021-08-18,2.3700000000000045
000725.XSHE,2021-08-18,0.0
688268.XSHG,2021-08-18,1.5500000000000114
000016.XSHE,2021-08-18,1.9300000000000068
600452.XSHG,2021-08-18,5.569999999999993
603612.XSHG,2021-08-18,0.4299999999999997
600693.XSHG,2021-08-18,0.0
300681.XSHE,2021-08-18,0.0
000728.XSHE,2021-08-18,0.10999999999999943
000090.XSHE,2021-08-18,0.3200000000000003
300427.XSHE,2021-08-18,1.3999999999999986
300535.XSHE,2021-08-18,1.1899999999999977
600416.XSHG,2021-08-18,0.7800000000000011
000692.XSHE,2021-08-18,0.11999999999999744
603078.XSHG,2021-08-18,2.25
600125.XSHG,2021-08-18,0.5100000000000051
000591.XSHE,2021-08-18,0.8400000000000034
002305.XSHE,2021-08-18,0.0
000567.XSHE,2021-08-18,0.18999999999999773
002628.XSHE,2021-08-18,0.07000000000000028
300916.XSHE,2021-08-18,6.400000000000006
603987.XSHG,2021-08-18,0.8800000000000026
300242.XSHE,2021-08-18,0.05000000000000071
688658.XSHG,2021-08-18,0.18999999999999773
600029.XSHG,2021-08-18,0.129999999999999
605133.XSHG,2021-08-18,0.03999999999999915
600993.XSHG,2021-08-18,22.860000000000014
688195.XSHG,2021-08-18,0.9200000000000017
002735.XSHE,2021-08-18,1.0700000000000003
600343.XSHG,2021-08-18,0.46000000000000085
600284.XSHG,2021-08-18,0.0
603111.XSHG,2021-08-18,0.05000000000000071
002951.XSHE,2021-08-18,0.019999999999999574
603283.XSHG,2021-08-18,1.3699999999999974
301032.XSHE,2021-08-18,0.6899999999999995
601969.XSHG,2021-08-18,0.75
000582.XSHE,2021-08-18,0.05000000000000426
002360.XSHE,2021-08-18,0.4099999999999966
600636.XSHG,2021-08-18,1.0800000000000125
000671.XSHE,2021-08-18,0.3599999999999852
300365.XSHE,2021-08-18,3.769999999999996
002263.XSHE,2021-08-18,0.17999999999999972
002319.XSHE,2021-08-18,0.7399999999999984
300277.XSHE,2021-08-18,0.04999999999999716
300677.XSHE,2021-08-18,16.340000000000032
601611.XSHG,2021-08-18,0.0
002977.XSHE,2021-08-18,1.6899999999999977
601600.XSHG,2021-08-18,0.1999999999999993
603936.XSHG,2021-08-18,0.8999999999999986
002419.XSHE,2021-08-18,1.1499999999999986
600595.XSHG,2021-08-18,0.3200000000000003
300948.XSHE,2021-08-18,1.490000000000002
600606.XSHG,2021-08-18,4.509999999999991
300661.XSHE,2021-08-18,34.149999999999864
688682.XSHG,2021-08-18,7.460000000000008
002184.XSHE,2021-08-18,0.18999999999999773
300767.XSHE,2021-08-18,16.340000000000032
000153.XSHE,2021-08-18,2.259999999999998
000568.XSHE,2021-08-18,94.43000000000029
300261.XSHE,2021-08-18,0.0899999999999963
000021.XSHE,2021-08-18,0.8000000000000114
002008.XSHE,2021-08-18,7.6200000000000045
002119.XSHE,2021-08-18,0.8299999999999983
600028.XSHG,2021-08-18,0.0
601377.XSHG,2021-08-18,0.0
603669.XSHG,2021-08-18,0.3200000000000003
000971.XSHE,2021-08-18,0.02999999999999936
300656.XSHE,2021-08-18,1.5600000000000023
300668.XSHE,2021-08-18,3.970000000000006
601901.XSHG,2021-08-18,0.10000000000000142
300320.XSHE,2021-08-18,3.509999999999991
000040.XSHE,2021-08-18,0.6499999999999986
601828.XSHG,2021-08-18,0.07000000000000028
601156.XSHG,2021-08-18,0.16000000000000014
300459.XSHE,2021-08-18,0.14000000000000057
300583.XSHE,2021-08-18,0.509999999999998
605196.XSHG,2021-08-18,0.3200000000000003
603530.XSHG,2021-08-18,0.16999999999999815
002614.XSHE,2021-08-18,0.29999999999999716
002292.XSHE,2021-08-18,0.1600000000000037
002608.XSHE,2021-08-18,0.0
300548.XSHE,2021-08-18,3.1300000000000097
605286.XSHG,2021-08-18,0.0
603233.XSHG,2021-08-18,3.700000000000003
603096.XSHG,2021-08-18,2.6099999999999994
002328.XSHE,2021-08-18,0.17999999999999972
000529.XSHE,2021-08-18,0.07000000000000028
600639.XSHG,2021-08-18,0.7399999999999949
603319.XSHG,2021-08-18,0.2700000000000031
000404.XSHE,2021-08-18,0.120000000000001
688076.XSHG,2021-08-18,0.980000000000004
601456.XSHG,2021-08-18,0.15000000000000036
605008.XSHG,2021-08-18,1.3900000000000006
300313.XSHE,2021-08-18,2.3100000000000005
301039.XSHE,2021-08-18,0.47000000000000064
688186.XSHG,2021-08-18,2.0900000000000034
300589.XSHE,2021-08-18,1.8500000000000085
000679.XSHE,2021-08-18,0.120000000000001
002727.XSHE,2021-08-18,1.769999999999996
603937.XSHG,2021-08-18,0.11000000000000121
002317.XSHE,2021-08-18,0.7599999999999909
688699.XSHG,2021-08-18,21.079999999999984
688007.XSHG,2021-08-18,2.0900000000000034
000819.XSHE,2021-08-18,0.4199999999999946
301047.XSHE,2021-08-18,8.719999999999914
000017.XSHE,2021-08-18,0.02999999999999936
603330.XSHG,2021-08-18,0.10999999999999943
000063.XSHE,2021-08-18,0.6800000000000637
605100.XSHG,2021-08-18,0.05999999999999517
000035.XSHE,2021-08-18,0.5500000000000007
688518.XSHG,2021-08-18,2.8200000000000003
688625.XSHG,2021-08-18,1.8900000000000006
600218.XSHG,2021-08-18,0.0
600804.XSHG,2021-08-18,0.240000000000002
600289.XSHG,2021-08-18,0.0
300460.XSHE,2021-08-18,0.6400000000000006
002113.XSHE,2021-08-18,0.0
605588.XSHG,2021-08-18,0.0
300643.XSHE,2021-08-18,0.33000000000000007
300774.XSHE,2021-08-18,0.8900000000000006
300511.XSHE,2021-08-18,0.629999999999999
688359.XSHG,2021-08-18,4.0
300864.XSHE,2021-08-18,3.1299999999999955
600250.XSHG,2021-08-18,0.05000000000000071
601606.XSHG,2021-08-18,0.5499999999999989
300089.XSHE,2021-08-18,0.6099999999999994
002882.XSHE,2021-08-18,0.0
300022.XSHE,2021-08-18,0.35999999999999943
300771.XSHE,2021-08-18,0.17999999999999972
601609.XSHG,2021-08-18,0.0600000000000005
603188.XSHG,2021-08-18,0.3100000000000005
300451.XSHE,2021-08-18,4.099999999999994
300435.XSHE,2021-08-18,8.030000000000001
300683.XSHE,2021-08-18,0.3999999999999986
300725.XSHE,2021-08-18,12.610000000000014
000534.XSHE,2021-08-18,1.4599999999999937
300929.XSHE,2021-08-18,0.379999999999999
605016.XSHG,2021-08-18,0.990000000000002
002716.XSHE,2021-08-18,0.3100000000000005
300432.XSHE,2021-08-18,4.4199999999999875
300847.XSHE,2021-08-18,0.620000000000001
300655.XSHE,2021-08-18,5.090000000000003
601628.XSHG,2021-08-18,0.519999999999996
601808.XSHG,2021-08-18,0.010000000000001563
002160.XSHE,2021-08-18,0.1899999999999995
300892.XSHE,2021-08-18,0.4399999999999977
603301.XSHG,2021-08-18,1.75
600406.XSHG,2021-08-18,18.32000000000005
603232.XSHG,2021-08-18,0.8999999999999986
000616.XSHE,2021-08-18,0.0
600973.XSHG,2021-08-18,0.3500000000000014
300085.XSHE,2021-08-18,4.849999999999994
300647.XSHE,2021-08-18,0.25
002885.XSHE,2021-08-18,1.0
300205.XSHE,2021-08-18,1.5899999999999892
002266.XSHE,2021-08-18,2.4299999999999926
300612.XSHE,2021-08-18,0.44000000000000483
300629.XSHE,2021-08-18,1.8100000000000023
603989.XSHG,2021-08-18,1.0699999999999932
600082.XSHG,2021-08-18,0.0
300140.XSHE,2021-08-18,0.5
603828.XSHG,2021-08-18,0.05000000000000071
002234.XSHE,2021-08-18,0.46000000000000085
600814.XSHG,2021-08-18,0.18999999999999773
688083.XSHG,2021-08-18,5.75
002639.XSHE,2021-08-18,1.2099999999999973
300068.XSHE,2021-08-18,1.509999999999998
688036.XSHG,2021-08-18,2.2299999999999898
000678.XSHE,2021-08-18,0.17999999999999972
688216.XSHG,2021-08-18,5.0
000831.XSHE,2021-08-18,9.469999999999999
600057.XSHG,2021-08-18,1.3499999999999943
600352.XSHG,2021-08-18,2.8500000000000227
603466.XSHG,2021-08-18,0.5399999999999991
600823.XSHG,2021-08-18,2.219999999999999
300531.XSHE,2021-08-18,0.20999999999999375
000049.XSHE,2021-08-18,0.15999999999996817
002547.XSHE,2021-08-18,0.25
600898.XSHG,2021-08-18,0.02999999999999936
000708.XSHE,2021-08-18,0.5700000000000074
600616.XSHG,2021-08-18,18.929999999999836
600397.XSHG,2021-08-18,0.03999999999999915
002897.XSHE,2021-08-18,2.8999999999999986
002366.XSHE,2021-08-18,0.049999999999998934
000981.XSHE,2021-08-18,0.0
600256.XSHG,2021-08-18,4.689999999999998
600873.XSHG,2021-08-18,0.1599999999999966
002582.XSHE,2021-08-18,0.3999999999999986
300251.XSHE,2021-08-18,0.5099999999999909
601599.XSHG,2021-08-18,0.13000000000000078
002433.XSHE,2021-08-18,0.03999999999999915
000810.XSHE,2021-08-18,1.509999999999998
002473.XSHE,2021-08-18,0.23000000000000043
603868.XSHG,2021-08-18,0.14999999999999858
603389.XSHG,2021-08-18,0.0
002824.XSHE,2021-08-18,1.0200000000000031
688003.XSHG,2021-08-18,1.3100000000000023
300695.XSHE,2021-08-18,0.480000000000004
000698.XSHE,2021-08-18,0.3999999999999986
002315.XSHE,2021-08-18,2.0
300539.XSHE,2021-08-18,0.3999999999999986
603080.XSHG,2021-08-18,0.22999999999999865
000425.XSHE,2021-08-18,2.6300000000000523
002770.XSHE,2021-08-18,0.08000000000000007
601163.XSHG,2021-08-18,0.0
688180.XSHG,2021-08-18,1.4400000000000048
000811.XSHE,2021-08-18,5.859999999999985
300614.XSHE,2021-08-18,1.2700000000000031
300998.XSHE,2021-08-18,1.1000000000000014
300691.XSHE,2021-08-18,0.6400000000000006
600975.XSHG,2021-08-18,0.0799999999999983
300436.XSHE,2021-08-18,0.060000000000002274
600643.XSHG,2021-08-18,0.3500000000000014
601519.XSHG,2021-08-18,0.379999999999999
600476.XSHG,2021-08-18,0.03999999999999915
002990.XSHE,2021-08-18,0.1599999999999966
300678.XSHE,2021-08-18,0.10999999999999943
688006.XSHG,2021-08-18,3.5500000000000114
688639.XSHG,2021-08-18,3.799999999999997
603682.XSHG,2021-08-18,0.04999999999999982
002566.XSHE,2021-08-18,0.43000000000000327
300403.XSHE,2021-08-18,0.8700000000000045
688586.XSHG,2021-08-18,0.1699999999999946
300119.XSHE,2021-08-18,2.480000000000018
000068.XSHE,2021-08-18,0.0
601838.XSHG,2021-08-18,0.010000000000001563
600126.XSHG,2021-08-18,0.21999999999999886
002659.XSHE,2021-08-18,0.04999999999999982
601818.XSHG,2021-08-18,0.040000000000000036
002545.XSHE,2021-08-18,1.3100000000000023
605068.XSHG,2021-08-18,0.769999999999996
300404.XSHE,2021-08-18,0.29999999999999716
301013.XSHE,2021-08-18,2.4499999999999993
300786.XSHE,2021-08-18,2.6300000000000026
002264.XSHE,2021-08-18,0.05000000000000071
601688.XSHG,2021-08-18,0.09999999999999787
000895.XSHE,2021-08-18,27.379999999999995
300951.XSHE,2021-08-18,1.8500000000000085
300986.XSHE,2021-08-18,0.4099999999999966
300333.XSHE,2021-08-18,0.3999999999999986
002076.XSHE,2021-08-18,0.4599999999999991
002615.XSHE,2021-08-18,0.5700000000000003
300550.XSHE,2021-08-18,1.1400000000000006
600303.XSHG,2021-08-18,0.389999999999997
601236.XSHG,2021-08-18,0.0
600691.XSHG,2021-08-18,0.0
688188.XSHG,2021-08-18,34.789999999999964
002208.XSHE,2021-08-18,0.060000000000002274
000069.XSHE,2021-08-18,0.9599999999999795
000628.XSHE,2021-08-18,0.13000000000000256
688057.XSHG,2021-08-18,0.4299999999999997
000727.XSHE,2021-08-18,0.120000000000001
300777.XSHE,2021-08-18,1.509999999999998
600909.XSHG,2021-08-18,0.019999999999999574
002581.XSHE,2021-08-18,0.28999999999999915
605222.XSHG,2021-08-18,0.0
002801.XSHE,2021-08-18,0.0
300635.XSHE,2021-08-18,0.5199999999999996
002678.XSHE,2021-08-18,0.3099999999999987
603729.XSHG,2021-08-18,0.08999999999999986
300801.XSHE,2021-08-18,0.9200000000000017
601616.XSHG,2021-08-18,0.05999999999999961
603326.XSHG,2021-08-18,0.05000000000000071
600391.XSHG,2021-08-18,0.9200000000000017
000401.XSHE,2021-08-18,0.06999999999999318
300260.XSHE,2021-08-18,0.36999999999999034
300534.XSHE,2021-08-18,0.46000000000000085
600871.XSHG,2021-08-18,0.0
688611.XSHG,2021-08-18,4.429999999999993
300484.XSHE,2021-08-18,2.779999999999987
002140.XSHE,2021-08-18,9.810000000000002
600773.XSHG,2021-08-18,0.0
300281.XSHE,2021-08-18,1.1799999999999997
300211.XSHE,2021-08-18,1.759999999999991
603668.XSHG,2021-08-18,0.009999999999999787
002908.XSHE,2021-08-18,0.46000000000000085
600408.XSHG,2021-08-18,0.34000000000000163
000505.XSHE,2021-08-18,0.0
301020.XSHE,2021-08-18,2.719999999999999
688065.XSHG,2021-08-18,1.1200000000000045
002665.XSHE,2021-08-18,1.1099999999999994
600962.XSHG,2021-08-18,0.0600000000000005
688201.XSHG,2021-08-18,1.0799999999999983
002550.XSHE,2021-08-18,0.09000000000000341
300294.XSHE,2021-08-18,5.640000000000015
603456.XSHG,2021-08-18,7.929999999999978
605011.XSHG,2021-08-18,0.0
002533.XSHE,2021-08-18,1.7000000000000028
600156.XSHG,2021-08-18,0.040000000000000036
300931.XSHE,2021-08-18,1.1600000000000001
600981.XSHG,2021-08-18,0.15000000000000036
605255.XSHG,2021-08-18,0.14000000000000057
300174.XSHE,2021-08-18,0.2700000000000031
002202.XSHE,2021-08-18,1.1200000000000045
600883.XSHG,2021-08-18,0.18999999999999773
688017.XSHG,2021-08-18,3.6899999999999977
605299.XSHG,2021-08-18,0.8900000000000006
600227.XSHG,2021-08-18,0.23000000000000043
600861.XSHG,2021-08-18,0.6999999999999957
601998.XSHG,2021-08-18,0.02999999999999936
603378.XSHG,2021-08-18,1.9199999999999946
605118.XSHG,2021-08-18,0.040000000000000924
002383.XSHE,2021-08-18,0.09000000000000341
603558.XSHG,2021-08-18,0.7299999999999969
600838.XSHG,2021-08-18,0.6800000000000068
600396.XSHG,2021-08-18,0.0
300341.XSHE,2021-08-18,0.9299999999999997
002493.XSHE,2021-08-18,8.859999999999957
002662.XSHE,2021-08-18,0.28999999999999915
601698.XSHG,2021-08-18,0.040000000000000924
002762.XSHE,2021-08-18,1.8200000000000003
000702.XSHE,2021-08-18,0.0
000559.XSHE,2021-08-18,1.1100000000000136
600528.XSHG,2021-08-18,0.17999999999999972
688028.XSHG,2021-08-18,0.4200000000000017
603113.XSHG,2021-08-18,0.7300000000000004
000990.XSHE,2021-08-18,0.47000000000000597
000899.XSHE,2021-08-18,0.3100000000000023
600288.XSHG,2021-08-18,0.22999999999999687
000723.XSHE,2021-08-18,6.579999999999998
300001.XSHE,2021-08-18,2.219999999999999
301027.XSHE,2021-08-18,1.3699999999999974
300558.XSHE,2021-08-18,3.3400000000000034
688096.XSHG,2021-08-18,0.3100000000000005
300359.XSHE,2021-08-18,0.25
600775.XSHG,2021-08-18,0.049999999999998934
601919.XSHG,2021-08-18,0.0
300492.XSHE,2021-08-18,2.5999999999999943
300521.XSHE,2021-08-18,0.990000000000002
688221.XSHG,2021-08-18,0.18999999999999773
601555.XSHG,2021-08-18,0.0
600425.XSHG,2021-08-18,0.0
002666.XSHE,2021-08-18,0.0
300204.XSHE,2021-08-18,1.3299999999999983
605020.XSHG,2021-08-18,3.3500000000000014
002348.XSHE,2021-08-18,0.41000000000000014
600779.XSHG,2021-08-18,11.009999999999991
600565.XSHG,2021-08-18,0.25
000982.XSHE,2021-08-18,0.509999999999998
002731.XSHE,2021-08-18,0.0
003031.XSHE,2021-08-18,0.0
600517.XSHG,2021-08-18,0.21999999999999886
000587.XSHE,2021-08-18,0.4399999999999977
300709.XSHE,2021-08-18,0.4399999999999977
000862.XSHE,2021-08-18,0.1700000000000017
300226.XSHE,2021-08-18,7.009999999999991
002252.XSHE,2021-08-18,0.0
600987.XSHG,2021-08-18,0.05999999999999872
001205.XSHE,2021-08-18,0.629999999999999
300066.XSHE,2021-08-18,1.8900000000000006
300148.XSHE,2021-08-18,0.05999999999999872
300437.XSHE,2021-08-18,0.23000000000000043
600720.XSHG,2021-08-18,0.0
300552.XSHE,2021-08-18,1.2100000000000009
603023.XSHG,2021-08-18,0.06999999999999673
002479.XSHE,2021-08-18,0.0799999999999983
603022.XSHG,2021-08-18,0.14999999999999858
300925.XSHE,2021-08-18,1.4500000000000028
300805.XSHE,2021-08-18,0.03999999999999915
600322.XSHG,2021-08-18,0.02999999999999936
300886.XSHE,2021-08-18,1.3200000000000003
002734.XSHE,2021-08-18,0.09999999999999432
002966.XSHE,2021-08-18,0.04999999999999982
603697.XSHG,2021-08-18,0.490000000000002
601788.XSHG,2021-08-18,0.120000000000001
002427.XSHE,2021-08-18,0.2400000000000002
300513.XSHE,2021-08-18,0.9399999999999977
000539.XSHE,2021-08-18,0.0
300707.XSHE,2021-08-18,0.9400000000000048
688609.XSHG,2021-08-18,0.06999999999999851
002453.XSHE,2021-08-18,1.490000000000002
000571.XSHE,2021-08-18,0.23000000000000043
002786.XSHE,2021-08-18,1.2100000000000009
600995.XSHG,2021-08-18,0.35999999999999943
600511.XSHG,2021-08-18,1.9799999999999898
300557.XSHE,2021-08-18,0.4599999999999973
600438.XSHG,2021-08-18,25.200000000000045
603738.XSHG,2021-08-18,2.4200000000000017
000809.XSHE,2021-08-18,0.03000000000000025
300949.XSHE,2021-08-18,0.46000000000000085
300463.XSHE,2021-08-18,1.0799999999999983
688517.XSHG,2021-08-18,0.120000000000001
600858.XSHG,2021-08-18,0.21000000000000085
002242.XSHE,2021-08-18,2.6599999999999966
300227.XSHE,2021-08-18,0.6699999999999946
688617.XSHG,2021-08-18,0.46999999999997044
600583.XSHG,2021-08-18,0.0
300087.XSHE,2021-08-18,3.7800000000000296
002694.XSHE,2021-08-18,0.03999999999999915
002831.XSHE,2021-08-18,0.29999999999999716
600563.XSHG,2021-08-18,3.3299999999999272
002139.XSHE,2021-08-18,8.590000000000003
002795.XSHE,2021-08-18,0.10000000000000142
002069.XSHE,2021-08-18,0.07000000000000028
600745.XSHG,2021-08-18,11.759999999999991
605018.XSHG,2021-08-18,0.129999999999999
603214.XSHG,2021-08-18,0.6799999999999997
600683.XSHG,2021-08-18,0.0
601579.XSHG,2021-08-18,0.20000000000000107
000888.XSHE,2021-08-18,0.4399999999999977
002868.XSHE,2021-08-18,0.019999999999999574
688106.XSHG,2021-08-18,1.3599999999999994
000564.XSHE,2021-08-18,0.0799999999999983
688002.XSHG,2021-08-18,0.7299999999999898
688085.XSHG,2021-08-18,1.0500000000000043
603515.XSHG,2021-08-18,0.8599999999999994
600617.XSHG,2021-08-18,0.4299999999999784
300336.XSHE,2021-08-18,0.13999999999999702
600738.XSHG,2021-08-18,0.6700000000000017
002613.XSHE,2021-08-18,0.11000000000000121
600560.XSHG,2021-08-18,0.2700000000000031
601012.XSHG,2021-08-18,48.180000000000064
300106.XSHE,2021-08-18,1.2899999999999991
600458.XSHG,2021-08-18,4.0
300486.XSHE,2021-08-18,0.3000000000000007
600273.XSHG,2021-08-18,0.2900000000000027
002284.XSHE,2021-08-18,0.9699999999999989
603133.XSHG,2021-08-18,0.2900000000000009
300449.XSHE,2021-08-18,0.07000000000000028
300515.XSHE,2021-08-18,1.8499999999999979
002554.XSHE,2021-08-18,0.14000000000000057
603181.XSHG,2021-08-18,1.7000000000000028
605050.XSHG,2021-08-18,0.030000000000001137
002555.XSHE,2021-08-18,0.8500000000000227
600423.XSHG,2021-08-18,0.02999999999999936
600292.XSHG,2021-08-18,0.25
000801.XSHE,2021-08-18,2.030000000000001
300094.XSHE,2021-08-18,0.2699999999999996
600225.XSHG,2021-08-18,0.04999999999999982
600131.XSHG,2021-08-18,0.6300000000000097
002420.XSHE,2021-08-18,0.040000000000000036
603896.XSHG,2021-08-18,0.490000000000002
002339.XSHE,2021-08-18,0.0
300327.XSHE,2021-08-18,5.409999999999997
600812.XSHG,2021-08-18,0.7299999999999969
002552.XSHE,2021-08-18,0.02999999999999403
600387.XSHG,2021-08-18,0.16999999999999993
000755.XSHE,2021-08-18,0.0
000757.XSHE,2021-08-18,0.0
002532.XSHE,2021-08-18,1.730000000000004
002647.XSHE,2021-08-18,0.030000000000001137
002253.XSHE,2021-08-18,0.19000000000000483
002815.XSHE,2021-08-18,0.7799999999999976
603458.XSHG,2021-08-18,0.16999999999999815
603992.XSHG,2021-08-18,0.7199999999999989
603826.XSHG,2021-08-18,0.6199999999999974
300424.XSHE,2021-08-18,0.8099999999999987
000968.XSHE,2021-08-18,0.40999999999999837
300779.XSHE,2021-08-18,0.0799999999999983
600741.XSHG,2021-08-18,2.4200000000000728
000785.XSHE,2021-08-18,0.5900000000000034
002122.XSHE,2021-08-18,1.3500000000000014
600686.XSHG,2021-08-18,1.3299999999999983
600361.XSHG,2021-08-18,1.9200000000000017
300783.XSHE,2021-08-18,1.3299999999999983
300880.XSHE,2021-08-18,0.5500000000000007
600900.XSHG,2021-08-18,0.3299999999999983
600360.XSHG,2021-08-18,3.3599999999999994
300514.XSHE,2021-08-18,0.26000000000000156
002769.XSHE,2021-08-18,0.0
600754.XSHG,2021-08-18,7.299999999999983
603178.XSHG,2021-08-18,0.16999999999999993
601956.XSHG,2021-08-18,0.009999999999999787
688789.XSHG,2021-08-18,11.089999999999975
603829.XSHG,2021-08-18,0.5199999999999996
300217.XSHE,2021-08-18,0.12999999999999545
002442.XSHE,2021-08-18,0.6400000000000006
002529.XSHE,2021-08-18,0.0
600336.XSHG,2021-08-18,0.05999999999999872
000045.XSHE,2021-08-18,0.14999999999999858
002441.XSHE,2021-08-18,0.4299999999999997
600099.XSHG,2021-08-18,0.3100000000000023
600459.XSHG,2021-08-18,13.469999999999999
002093.XSHE,2021-08-18,0.25
002898.XSHE,2021-08-18,0.10999999999999943
600172.XSHG,2021-08-18,2.240000000000002
000055.XSHE,2021-08-18,0.3999999999999986
688239.XSHG,2021-08-18,2.980000000000004
300781.XSHE,2021-08-18,0.030000000000001137
000507.XSHE,2021-08-18,0.8200000000000003
000882.XSHE,2021-08-18,0.03000000000000025
688136.XSHG,2021-08-18,0.7199999999999989
603160.XSHG,2021-08-18,0.0
600892.XSHG,2021-08-18,0.5999999999999979
002296.XSHE,2021-08-18,0.05000000000000426
000691.XSHE,2021-08-18,0.02999999999999936
603918.XSHG,2021-08-18,1.370000000000001
002809.XSHE,2021-08-18,0.0
300442.XSHE,2021-08-18,1.2600000000000051
003021.XSHE,2021-08-18,1.9899999999999949
000921.XSHE,2021-08-18,0.10999999999999943
600539.XSHG,2021-08-18,0.0600000000000005
600201.XSHG,2021-08-18,14.939999999999998
600359.XSHG,2021-08-18,0.0799999999999983
600093.XSHG,2021-08-18,0.0
600690.XSHG,2021-08-18,22.360000000000127
603357.XSHG,2021-08-18,0.08000000000000007
600379.XSHG,2021-08-18,1.0499999999999972
600586.XSHG,2021-08-18,2.75
600651.XSHG,2021-08-18,112.47000000000116
300040.XSHE,2021-08-18,1.4699999999999989
688185.XSHG,2021-08-18,11.480000000000018
600968.XSHG,2021-08-18,0.009999999999999787
002100.XSHE,2021-08-18,0.5999999999999943
300056.XSHE,2021-08-18,0.35999999999999943
600578.XSHG,2021-08-18,0.0
601890.XSHG,2021-08-18,0.030000000000001137
002439.XSHE,2021-08-18,8.969999999999999
000893.XSHE,2021-08-18,0.0800000000000054
603101.XSHG,2021-08-18,0.03999999999999915
300406.XSHE,2021-08-18,0.4300000000000068
000909.XSHE,2021-08-18,0.02000000000000135
600825.XSHG,2021-08-18,0.25
000970.XSHE,2021-08-18,2.5999999999999943
601699.XSHG,2021-08-18,3.8100000000000023
605186.XSHG,2021-08-18,1.3800000000000026
600479.XSHG,2021-08-18,0.5400000000000063
601872.XSHG,2021-08-18,0.0
688277.XSHG,2021-08-18,0.10000000000000142
601798.XSHG,2021-08-18,0.08000000000000007
603916.XSHG,2021-08-18,0.20000000000000284
600036.XSHG,2021-08-18,2.230000000000018
300346.XSHE,2021-08-18,28.99000000000001
603006.XSHG,2021-08-18,0.0400000000000027
600562.XSHG,2021-08-18,0.7900000000000063
603321.XSHG,2021-08-18,0.03000000000000025
002459.XSHE,2021-08-18,2.930000000000007
300170.XSHE,2021-08-18,0.13000000000000256
300058.XSHE,2021-08-18,0.38999999999998636
002881.XSHE,2021-08-18,0.6399999999999935
000099.XSHE,2021-08-18,0.03999999999999915
003008.XSHE,2021-08-18,0.44000000000000483
603387.XSHG,2021-08-18,2.3699999999999974
603839.XSHG,2021-08-18,0.0
300919.XSHE,2021-08-18,3.969999999999999
000948.XSHE,2021-08-18,0.019999999999999574
688418.XSHG,2021-08-18,0.13000000000000256
000961.XSHE,2021-08-18,0.19000000000000483
002123.XSHE,2021-08-18,2.5
600889.XSHG,2021-08-18,0.3299999999999983
688160.XSHG,2021-08-18,1.3100000000000023
300379.XSHE,2021-08-18,2.5999999999999943
600755.XSHG,2021-08-18,0.0
002064.XSHE,2021-08-18,2.3700000000000045
600275.XSHG,2021-08-18,0.14000000000000057
300199.XSHE,2021-08-18,1.25
002757.XSHE,2021-08-18,0.0
603217.XSHG,2021-08-18,1.3400000000000034
688038.XSHG,2021-08-18,0.3200000000000003
300680.XSHE,2021-08-18,3.6300000000000097
002377.XSHE,2021-08-18,0.08999999999999986
600354.XSHG,2021-08-18,0.5599999999999987
002197.XSHE,2021-08-18,0.2099999999999973
000932.XSHE,2021-08-18,0.17999999999999972
603757.XSHG,2021-08-18,3.1499999999999986
002142.XSHE,2021-08-18,2.6699999999999875
002250.XSHE,2021-08-18,3.079999999999984
300679.XSHE,2021-08-18,7.389999999999986
002818.XSHE,2021-08-18,0.0
603331.XSHG,2021-08-18,0.33999999999999986
300273.XSHE,2021-08-18,0.4100000000000037
603559.XSHG,2021-08-18,0.0
300297.XSHE,2021-08-18,0.35999999999999943
603848.XSHG,2021-08-18,0.0600000000000005
601375.XSHG,2021-08-18,0.03000000000000025
300573.XSHE,2021-08-18,1.539999999999992
600513.XSHG,2021-08-18,0.0
601880.XSHG,2021-08-18,0.02999999999999936
601216.XSHG,2021-08-18,0.15000000000000568
002356.XSHE,2021-08-18,1.1600000000000037
000687.XSHE,2021-08-18,0.0
603926.XSHG,2021-08-18,0.5599999999999987
300965.XSHE,2021-08-18,3.989999999999995
002166.XSHE,2021-08-18,0.21999999999999886
000789.XSHE,2021-08-18,0.0
300988.XSHE,2021-08-18,0.8200000000000003
300711.XSHE,2021-08-18,0.05999999999999872
000669.XSHE,2021-08-18,0.46999999999999886
603906.XSHG,2021-08-18,5.63000000000001
600186.XSHG,2021-08-18,0.5399999999999991
300835.XSHE,2021-08-18,0.9600000000000009
600143.XSHG,2021-08-18,3.400000000000034
002518.XSHE,2021-08-18,14.319999999999993
002336.XSHE,2021-08-18,0.04999999999999982
003037.XSHE,2021-08-18,0.27999999999999936
603369.XSHG,2021-08-18,1.190000000000012
600557.XSHG,2021-08-18,0.7000000000000028
603603.XSHG,2021-08-18,0.1200000000000001
000546.XSHE,2021-08-18,0.16999999999999993
605399.XSHG,2021-08-18,0.0
688511.XSHG,2021-08-18,1.9000000000000057
300659.XSHE,2021-08-18,0.6299999999999955
000037.XSHE,2021-08-18,0.240000000000002
000532.XSHE,2021-08-18,0.10000000000000853
300568.XSHE,2021-08-18,13.650000000000006
603303.XSHG,2021-08-18,0.8100000000000023
002594.XSHE,2021-08-18,4.509999999999991
002210.XSHE,2021-08-18,0.21000000000000085
605300.XSHG,2021-08-18,0.5300000000000011
002407.XSHE,2021-08-18,7.0
002072.XSHE,2021-08-18,0.08999999999999986
002114.XSHE,2021-08-18,0.5500000000000007
300257.XSHE,2021-08-18,0.7700000000000102
002992.XSHE,2021-08-18,0.13000000000000256
600990.XSHG,2021-08-18,0.0799999999999983
600398.XSHG,2021-08-18,0.17999999999999972
002443.XSHE,2021-08-18,0.03999999999999915
002421.XSHE,2021-08-18,0.0
000923.XSHE,2021-08-18,0.0799999999999983
600478.XSHG,2021-08-18,2.049999999999997
002981.XSHE,2021-08-18,0.019999999999999574
002724.XSHE,2021-08-18,0.01999999999999602
600648.XSHG,2021-08-18,0.07000000000000739
002297.XSHE,2021-08-18,0.0
002961.XSHE,2021-08-18,0.35999999999999943
600184.XSHG,2021-08-18,0.6599999999999966
600655.XSHG,2021-08-18,72.54999999999973
002717.XSHE,2021-08-18,0.0
002526.XSHE,2021-08-18,0.0
605183.XSHG,2021-08-18,0.7799999999999976
300345.XSHE,2021-08-18,1.379999999999999
600277.XSHG,2021-08-18,0.370000000000001
600196.XSHG,2021-08-18,18.550000000000068
300759.XSHE,2021-08-18,5.039999999999992
600696.XSHG,2021-08-18,4.300000000000011
002535.XSHE,2021-08-18,0.16999999999999993
600141.XSHG,2021-08-18,4.550000000000011
603266.XSHG,2021-08-18,0.120000000000001
603768.XSHG,2021-08-18,0.21999999999999886
300665.XSHE,2021-08-18,0.14000000000000057
600997.XSHG,2021-08-18,0.75
688298.XSHG,2021-08-18,0.5900000000000034
002040.XSHE,2021-08-18,0.030000000000001137
600967.XSHG,2021-08-18,0.1599999999999966
300080.XSHE,2021-08-18,0.14000000000000057
605319.XSHG,2021-08-18,0.3299999999999983
300994.XSHE,2021-08-18,1.1200000000000045
300523.XSHE,2021-08-18,1.2000000000000028
300638.XSHE,2021-08-18,5.1299999999999955
002822.XSHE,2021-08-18,0.040000000000000924
002270.XSHE,2021-08-18,0.6400000000000006
000158.XSHE,2021-08-18,0.1999999999999993
300469.XSHE,2021-08-18,0.21999999999999886
300840.XSHE,2021-08-18,0.1899999999999995
603656.XSHG,2021-08-18,0.019999999999999574
002752.XSHE,2021-08-18,0.019999999999999574
603606.XSHG,2021-08-18,0.6099999999999994
605507.XSHG,2021-08-18,0.1600000000000037
605111.XSHG,2021-08-18,2.430000000000007
002344.XSHE,2021-08-18,0.05000000000000071
300270.XSHE,2021-08-18,2.1499999999999986
000421.XSHE,2021-08-18,0.7100000000000009
002609.XSHE,2021-08-18,0.44999999999999574
000513.XSHE,2021-08-18,1.7800000000000296
600576.XSHG,2021-08-18,0.08999999999999986
600530.XSHG,2021-08-18,0.07000000000000028
300256.XSHE,2021-08-18,1.8399999999999999
605268.XSHG,2021-08-18,0.6600000000000001
600794.XSHG,2021-08-18,0.4200000000000017
300569.XSHE,2021-08-18,3.969999999999999
300718.XSHE,2021-08-18,1.519999999999996
600110.XSHG,2021-08-18,9.039999999999992
300057.XSHE,2021-08-18,0.9699999999999989
603267.XSHG,2021-08-18,5.650000000000006
002502.XSHE,2021-08-18,1.0700000000000003
000705.XSHE,2021-08-18,0.28000000000000114
002513.XSHE,2021-08-18,0.33000000000000007
300722.XSHE,2021-08-18,4.159999999999997
002141.XSHE,2021-08-18,1.6099999999999994
300367.XSHE,2021-08-18,0.0
300817.XSHE,2021-08-18,0.5700000000000003
603982.XSHG,2021-08-18,0.019999999999999574
603878.XSHG,2021-08-18,0.10999999999999943
002796.XSHE,2021-08-18,0.09999999999999787
000690.XSHE,2021-08-18,1.919999999999959
603825.XSHG,2021-08-18,0.7300000000000004
003010.XSHE,2021-08-18,0.33999999999999986
002737.XSHE,2021-08-18,0.0
601228.XSHG,2021-08-18,0.010000000000000231
000913.XSHE,2021-08-18,0.3200000000000003
000607.XSHE,2021-08-18,0.0
603586.XSHG,2021-08-18,0.15000000000000036
000726.XSHE,2021-08-18,0.25
002227.XSHE,2021-08-18,1.5200000000000031
603836.XSHG,2021-08-18,0.16000000000000014
000758.XSHE,2021-08-18,2.740000000000009
300865.XSHE,2021-08-18,0.3500000000000014
300225.XSHE,2021-08-18,1.259999999999991
002179.XSHE,2021-08-18,14.32000000000005
300134.XSHE,2021-08-18,0.0799999999999983
300189.XSHE,2021-08-18,0.2600000000000051
002888.XSHE,2021-08-18,0.030000000000001137
002980.XSHE,2021-08-18,0.36999999999999744
601177.XSHG,2021-08-18,0.15000000000000036
002791.XSHE,2021-08-18,33.54000000000002
300518.XSHE,2021-08-18,1.1199999999999974
002657.XSHE,2021-08-18,0.4299999999999997
603949.XSHG,2021-08-18,0.05999999999999872
002147.XSHE,2021-08-18,0.2699999999999996
600503.XSHG,2021-08-18,0.02999999999999936
300474.XSHE,2021-08-18,5.280000000000001
002855.XSHE,2021-08-18,0.16000000000000014
002671.XSHE,2021-08-18,0.0
300868.XSHE,2021-08-18,0.10000000000000142
603337.XSHG,2021-08-18,0.28999999999999915
002619.XSHE,2021-08-18,0.11999999999999922
688208.XSHG,2021-08-18,2.260000000000005
688981.XSHG,2021-08-18,0.04999999999999716
002163.XSHE,2021-08-18,1.1200000000000045
300867.XSHE,2021-08-18,0.5300000000000011
001211.XSHE,2021-08-18,0.509999999999998
300342.XSHE,2021-08-18,0.5700000000000003
605158.XSHG,2021-08-18,0.0
600715.XSHG,2021-08-18,0.15000000000000036
600958.XSHG,2021-08-18,0.0
002650.XSHE,2021-08-18,1.4500000000000028
601128.XSHG,2021-08-18,0.0
603726.XSHG,2021-08-18,0.36999999999999744
002498.XSHE,2021-08-18,0.0
002593.XSHE,2021-08-18,0.030000000000001137
603037.XSHG,2021-08-18,0.21999999999999886
300184.XSHE,2021-08-18,0.7000000000000028
300689.XSHE,2021-08-18,1.220000000000006
601512.XSHG,2021-08-18,0.02000000000000135
603648.XSHG,2021-08-18,0.009999999999999787
600769.XSHG,2021-08-18,0.4899999999999949
600307.XSHG,2021-08-18,0.5
601369.XSHG,2021-08-18,0.5299999999999976
600533.XSHG,2021-08-18,0.17999999999999972
603712.XSHG,2021-08-18,0.8999999999999986
603126.XSHG,2021-08-18,0.129999999999999
601996.XSHG,2021-08-18,0.23000000000000043
603956.XSHG,2021-08-18,1.0
002362.XSHE,2021-08-18,0.14000000000000057
688561.XSHG,2021-08-18,1.7000000000000028
300632.XSHE,2021-08-18,0.23000000000000398
600601.XSHG,2021-08-18,0.0
000635.XSHE,2021-08-18,1.8200000000000003
300684.XSHE,2021-08-18,2.6499999999999915
600751.XSHG,2021-08-18,0.05999999999999872
601963.XSHG,2021-08-18,0.02999999999999936
300052.XSHE,2021-08-18,0.030000000000001137
002191.XSHE,2021-08-18,1.3700000000000045
688092.XSHG,2021-08-18,2.299999999999997
600376.XSHG,2021-08-18,0.20000000000000284
600287.XSHG,2021-08-18,0.10000000000000142
002669.XSHE,2021-08-18,0.14999999999999858
600999.XSHG,2021-08-18,0.4099999999999966
002923.XSHE,2021-08-18,0.5300000000000011
002059.XSHE,2021-08-18,0.08000000000000007
002134.XSHE,2021-08-18,0.15000000000000036
300799.XSHE,2021-08-18,2.010000000000005
002156.XSHE,2021-08-18,0.759999999999998
603203.XSHG,2021-08-18,3.469999999999999
300908.XSHE,2021-08-18,2.289999999999999
601877.XSHG,2021-08-18,2.219999999999999
601929.XSHG,2021-08-18,0.0
688519.XSHG,2021-08-18,0.7100000000000009
002765.XSHE,2021-08-18,0.3699999999999992
002311.XSHE,2021-08-18,9.479999999999961
688665.XSHG,2021-08-18,3.819999999999993
688127.XSHG,2021-08-18,0.21000000000000085
000721.XSHE,2021-08-18,0.08999999999999986
600724.XSHG,2021-08-18,0.1599999999999966
603110.XSHG,2021-08-18,0.8099999999999952
002474.XSHE,2021-08-18,0.12000000000000455
002322.XSHE,2021-08-18,0.0
603931.XSHG,2021-08-18,0.07000000000000028
603797.XSHG,2021-08-18,0.019999999999999574
605189.XSHG,2021-08-18,0.05000000000000071
002573.XSHE,2021-08-18,0.1600000000000037
601019.XSHG,2021-08-18,0.010000000000000675
002511.XSHE,2021-08-18,3.319999999999993
300530.XSHE,2021-08-18,0.39000000000000057
002376.XSHE,2021-08-18,0.03999999999999915
603187.XSHG,2021-08-18,1.490000000000009
300453.XSHE,2021-08-18,0.7000000000000028
688309.XSHG,2021-08-18,0.15000000000000213
603390.XSHG,2021-08-18,0.0
300634.XSHE,2021-08-18,0.10999999999999943
600789.XSHG,2021-08-18,0.060000000000002274
688067.XSHG,2021-08-18,0.21999999999999886
600763.XSHG,2021-08-18,15.389999999999986
002082.XSHE,2021-08-18,0.5
000666.XSHE,2021-08-18,0.2699999999999996
002117.XSHE,2021-08-18,0.35999999999999943
601857.XSHG,2021-08-18,0.010000000000000675
601992.XSHG,2021-08-18,0.019999999999999574
688526.XSHG,2021-08-18,0.5899999999999999
002714.XSHE,2021-08-18,7.2000000000000455
600731.XSHG,2021-08-18,1.0900000000000034
601010.XSHG,2021-08-18,0.0
300163.XSHE,2021-08-18,0.07000000000000028
300810.XSHE,2021-08-18,1.5800000000000054
600676.XSHG,2021-08-18,0.0
300349.XSHE,2021-08-18,0.23999999999999488
000543.XSHE,2021-08-18,0.05999999999999872
000737.XSHE,2021-08-18,0.629999999999999
688389.XSHG,2021-08-18,0.41999999999999815
002358.XSHE,2021-08-18,0.16999999999999815
002685.XSHE,2021-08-18,0.02999999999999936
600552.XSHG,2021-08-18,1.0700000000000074
603938.XSHG,2021-08-18,4.3799999999999955
603709.XSHG,2021-08-18,0.010000000000001563
000061.XSHE,2021-08-18,0.44999999999998863
002738.XSHE,2021-08-18,1.230000000000004
002835.XSHE,2021-08-18,0.03999999999999915
002605.XSHE,2021-08-18,0.05000000000001137
601333.XSHG,2021-08-18,0.010000000000000231
600467.XSHG,2021-08-18,0.08999999999999986
002409.XSHE,2021-08-18,7.019999999999982
600575.XSHG,2021-08-18,0.0
300375.XSHE,2021-08-18,1.0499999999999972
000973.XSHE,2021-08-18,0.19000000000000128
300209.XSHE,2021-08-18,0.029999999999997584
002025.XSHE,2021-08-18,1.8400000000000318
300101.XSHE,2021-08-18,7.9199999999999875
002991.XSHE,2021-08-18,1.1200000000000045
002050.XSHE,2021-08-18,14.670000000000016
300286.XSHE,2021-08-18,3.8900000000000006
601601.XSHG,2021-08-18,0.509999999999998
688328.XSHG,2021-08-18,0.8200000000000003
601696.XSHG,2021-08-18,0.21999999999999886
688029.XSHG,2021-08-18,13.009999999999991
603315.XSHG,2021-08-18,1.0599999999999952
688226.XSHG,2021-08-18,0.0
600550.XSHG,2021-08-18,0.9200000000000017
600079.XSHG,2021-08-18,0.9399999999999977
600312.XSHG,2021-08-18,0.5899999999999963
600392.XSHG,2021-08-18,5.72999999999999
688628.XSHG,2021-08-18,0.22999999999999687
002262.XSHE,2021-08-18,0.8599999999999994
002430.XSHE,2021-08-18,1.019999999999996
688122.XSHG,2021-08-18,2.719999999999999
000927.XSHE,2021-08-18,0.0
601318.XSHG,2021-08-18,0.1699999999999875
600529.XSHG,2021-08-18,1.92999999999995
600081.XSHG,2021-08-18,2.0
300502.XSHE,2021-08-18,5.47999999999999
600936.XSHG,2021-08-18,0.010000000000000231
688728.XSHG,2021-08-18,5.75
600707.XSHG,2021-08-18,0.0400000000000027
300306.XSHE,2021-08-18,0.1700000000000017
600151.XSHG,2021-08-18,2.289999999999999
300584.XSHE,2021-08-18,0.030000000000001137
300528.XSHE,2021-08-18,0.009999999999999787
603083.XSHG,2021-08-18,0.8100000000000023
000778.XSHE,2021-08-18,0.14999999999999858
002915.XSHE,2021-08-18,1.0899999999999963
000953.XSHE,2021-08-18,0.0
002891.XSHE,2021-08-18,3.2900000000000063
600366.XSHG,2021-08-18,1.4399999999999977
000411.XSHE,2021-08-18,0.129999999999999
000712.XSHE,2021-08-18,0.5300000000000011
300381.XSHE,2021-08-18,0.6199999999999974
688300.XSHG,2021-08-18,1.8699999999999903
300542.XSHE,2021-08-18,0.4099999999999966
002426.XSHE,2021-08-18,0.16000000000000014
600483.XSHG,2021-08-18,0.28999999999999915
600884.XSHG,2021-08-18,21.100000000000023
002805.XSHE,2021-08-18,1.6599999999999966
600803.XSHG,2021-08-18,1.8100000000000023
600395.XSHG,2021-08-18,0.7299999999999969
000738.XSHE,2021-08-18,0.0
300856.XSHE,2021-08-18,0.28999999999999915
300447.XSHE,2021-08-18,4.800000000000004
603286.XSHG,2021-08-18,0.41999999999999993
603676.XSHG,2021-08-18,0.0
605117.XSHG,2021-08-18,4.599999999999994
688700.XSHG,2021-08-18,1.5200000000000031
601101.XSHG,2021-08-18,0.9600000000000009
688079.XSHG,2021-08-18,0.379999999999999
300193.XSHE,2021-08-18,0.9799999999999969
600824.XSHG,2021-08-18,0.3299999999999983
300884.XSHE,2021-08-18,0.36999999999999744
300500.XSHE,2021-08-18,3.710000000000001
603596.XSHG,2021-08-18,0.14000000000000057
300853.XSHE,2021-08-18,1.4500000000000028
002320.XSHE,2021-08-18,1.0799999999999983
603801.XSHG,2021-08-18,1.1799999999999997
300765.XSHE,2021-08-18,0.060000000000002274
688529.XSHG,2021-08-18,1.1099999999999994
603628.XSHG,2021-08-18,0.4499999999999993
000852.XSHE,2021-08-18,0.0
600615.XSHG,2021-08-18,11.18999999999994
603095.XSHG,2021-08-18,0.4800000000000004
600865.XSHG,2021-08-18,0.10999999999999943
600597.XSHG,2021-08-18,0.5200000000000031
002268.XSHE,2021-08-18,6.46999999999997
600470.XSHG,2021-08-18,0.34999999999999964
300733.XSHE,2021-08-18,1.0999999999999979
605169.XSHG,2021-08-18,0.0
300319.XSHE,2021-08-18,2.1099999999999994
300616.XSHE,2021-08-18,1.6800000000000068
300858.XSHE,2021-08-18,2.4200000000000017
000560.XSHE,2021-08-18,0.16000000000000014
002520.XSHE,2021-08-18,1.0700000000000074
300717.XSHE,2021-08-18,0.1700000000000017
603003.XSHG,2021-08-18,0.0
603015.XSHG,2021-08-18,0.6000000000000014
603167.XSHG,2021-08-18,0.019999999999999574
300465.XSHE,2021-08-18,0.6499999999999986
002015.XSHE,2021-08-18,5.6499999999999915
300461.XSHE,2021-08-18,1.3100000000000023
600234.XSHG,2021-08-18,0.7199999999999989
688098.XSHG,2021-08-18,0.08000000000000007
002851.XSHE,2021-08-18,1.4699999999999989
601933.XSHG,2021-08-18,0.0
002687.XSHE,2021-08-18,2.6700000000000017
300477.XSHE,2021-08-18,4.13000000000001
002861.XSHE,2021-08-18,0.0
600393.XSHG,2021-08-18,0.08999999999999986
605089.XSHG,2021-08-18,4.780000000000001
002265.XSHE,2021-08-18,0.010000000000000675
688313.XSHG,2021-08-18,0.13000000000000078
600836.XSHG,2021-08-18,1.2000000000000028
600543.XSHG,2021-08-18,0.04999999999999716
002843.XSHE,2021-08-18,0.2699999999999996
600510.XSHG,2021-08-18,1.5100000000000051
003009.XSHE,2021-08-18,1.0799999999999983
600021.XSHG,2021-08-18,0.019999999999999574
300936.XSHE,2021-08-18,0.21999999999999886
300130.XSHE,2021-08-18,0.9200000000000017
002748.XSHE,2021-08-18,0.8000000000000007
605001.XSHG,2021-08-18,0.05000000000000071
300642.XSHE,2021-08-18,0.05999999999998806
300284.XSHE,2021-08-18,1.3699999999999974
300072.XSHE,2021-08-18,3.8799999999999955
600435.XSHG,2021-08-18,0.8100000000000023
600839.XSHG,2021-08-18,0.0
600956.XSHG,2021-08-18,0.3099999999999987
000557.XSHE,2021-08-18,0.3299999999999983
002131.XSHE,2021-08-18,0.4399999999999977
300790.XSHE,2021-08-18,0.480000000000004
603179.XSHG,2021-08-18,0.6800000000000068
605080.XSHG,2021-08-18,2.6099999999999994
600261.XSHG,2021-08-18,0.21000000000000796
603633.XSHG,2021-08-18,1.5700000000000003
600685.XSHG,2021-08-18,0.14000000000000057
688679.XSHG,2021-08-18,0.08000000000000007
601636.XSHG,2021-08-18,0.29999999999999716
600658.XSHG,2021-08-18,0.360000000000003
603060.XSHG,2021-08-18,0.28999999999999915
002701.XSHE,2021-08-18,1.1199999999999974
603477.XSHG,2021-08-18,0.1999999999999993
603677.XSHG,2021-08-18,0.4200000000000017
605069.XSHG,2021-08-18,0.0
002584.XSHE,2021-08-18,0.129999999999999
600272.XSHG,2021-08-18,0.02999999999999936
000010.XSHE,2021-08-18,0.269999999999996
300768.XSHE,2021-08-18,0.3299999999999983
603117.XSHG,2021-08-18,0.009999999999999787
600025.XSHG,2021-08-18,0.019999999999999574
605259.XSHG,2021-08-18,0.4299999999999997
605589.XSHG,2021-08-18,1.1299999999999955
300871.XSHE,2021-08-18,0.6199999999999974
600499.XSHG,2021-08-18,22.879999999999995
002606.XSHE,2021-08-18,0.33999999999999986
002216.XSHE,2021-08-18,4.1699999999999875
003025.XSHE,2021-08-18,0.0
603068.XSHG,2021-08-18,7.939999999999998
688196.XSHG,2021-08-18,2.6899999999999977
601198.XSHG,2021-08-18,0.13000000000000078
600640.XSHG,2021-08-18,1.0900000000000034
603317.XSHG,2021-08-18,1.0599999999999952
600348.XSHG,2021-08-18,7.5
600660.XSHG,2021-08-18,149.80999999999995
301043.XSHE,2021-08-18,1.5499999999999972
300520.XSHE,2021-08-18,0.01999999999999602
002798.XSHE,2021-08-18,0.3399999999999963
000555.XSHE,2021-08-18,0.14999999999999858
600491.XSHG,2021-08-18,0.3299999999999983
603032.XSHG,2021-08-18,1.7299999999999969
603815.XSHG,2021-08-18,0.0
300861.XSHE,2021-08-18,1.9200000000000017
300750.XSHE,2021-08-18,7.930000000000007
002847.XSHE,2021-08-18,0.14000000000000057
300652.XSHE,2021-08-18,0.07000000000000028
601515.XSHG,2021-08-18,0.029999999999997584
300039.XSHE,2021-08-18,1.9699999999999989
002862.XSHE,2021-08-18,0.6800000000000033
002378.XSHE,2021-08-18,0.5700000000000003
300891.XSHE,2021-08-18,0.7800000000000011
603877.XSHG,2021-08-18,2.780000000000001
002108.XSHE,2021-08-18,3.0900000000000034
300860.XSHE,2021-08-18,1.5500000000000114
600886.XSHG,2021-08-18,2.990000000000009
600590.XSHG,2021-08-18,0.0
603042.XSHG,2021-08-18,0.15000000000000036
603706.XSHG,2021-08-18,0.06999999999999851
002940.XSHE,2021-08-18,0.6099999999999994
003004.XSHE,2021-08-18,0.0
002683.XSHE,2021-08-18,0.4899999999999949
003019.XSHE,2021-08-18,0.03999999999999915
002120.XSHE,2021-08-18,1.0700000000000074
600008.XSHG,2021-08-18,0.08000000000000185
002642.XSHE,2021-08-18,0.08999999999999986
301023.XSHE,2021-08-18,0.789999999999992
300849.XSHE,2021-08-18,0.26000000000000156
002075.XSHE,2021-08-18,0.16999999999999815
600610.XSHG,2021-08-18,18.519999999999982
300114.XSHE,2021-08-18,3.4499999999999886
603328.XSHG,2021-08-18,0.10999999999999943
688020.XSHG,2021-08-18,3.780000000000001
601607.XSHG,2021-08-18,0.07000000000000028
603818.XSHG,2021-08-18,0.2699999999999996
603897.XSHG,2021-08-18,2.6099999999999994
605365.XSHG,2021-08-18,0.7600000000000016
300088.XSHE,2021-08-18,2.259999999999991
000639.XSHE,2021-08-18,0.3299999999999983
600390.XSHG,2021-08-18,0.240000000000002
300815.XSHE,2021-08-18,0.9200000000000017
300153.XSHE,2021-08-18,3.5900000000000034
000707.XSHE,2021-08-18,0.0
300824.XSHE,2021-08-18,0.10000000000000142
600988.XSHG,2021-08-18,0.4900000000000091
002365.XSHE,2021-08-18,0.1999999999999993
603297.XSHG,2021-08-18,1.1800000000000068
601199.XSHG,2021-08-18,0.13999999999999702
603192.XSHG,2021-08-18,0.3000000000000007
600809.XSHG,2021-08-18,35.86999999999989
300120.XSHE,2021-08-18,2.730000000000004
002126.XSHE,2021-08-18,0.730000000000004
605388.XSHG,2021-08-18,0.19000000000000128
000985.XSHE,2021-08-18,0.03999999999999915
300491.XSHE,2021-08-18,1.0
688360.XSHG,2021-08-18,0.2099999999999973
300249.XSHE,2021-08-18,0.30999999999999517
300887.XSHE,2021-08-18,4.560000000000002
002978.XSHE,2021-08-18,0.3200000000000003
601801.XSHG,2021-08-18,0.02999999999999936
300476.XSHE,2021-08-18,1.8199999999999932
605090.XSHG,2021-08-18,0.5600000000000023
002561.XSHE,2021-08-18,0.02000000000000135
603018.XSHG,2021-08-18,1.1799999999999997
000629.XSHE,2021-08-18,0.46999999999999886
600766.XSHG,2021-08-18,0.03999999999999915
300175.XSHE,2021-08-18,0.21999999999999886
000617.XSHE,2021-08-18,1.0200000000000031
601008.XSHG,2021-08-18,0.020000000000000462
000966.XSHE,2021-08-18,1.3800000000000026
300710.XSHE,2021-08-18,1.0700000000000003
688111.XSHG,2021-08-18,13.860000000000014
605151.XSHG,2021-08-18,0.019999999999999574
002448.XSHE,2021-08-18,0.1700000000000017
603666.XSHG,2021-08-18,3.3000000000000114
300159.XSHE,2021-08-18,8.640000000000015
688365.XSHG,2021-08-18,0.13000000000000078
002137.XSHE,2021-08-18,0.16000000000000014
002660.XSHE,2021-08-18,0.2699999999999996
002168.XSHE,2021-08-18,0.5999999999999943
002135.XSHE,2021-08-18,0.41000000000000014
002569.XSHE,2021-08-18,0.0
300995.XSHE,2021-08-18,0.5399999999999991
600600.XSHG,2021-08-18,0.0
002020.XSHE,2021-08-18,0.7000000000000028
603687.XSHG,2021-08-18,0.1200000000000001
600285.XSHG,2021-08-18,0.5900000000000034
000823.XSHE,2021-08-18,0.0
688097.XSHG,2021-08-18,1.1999999999999957
300894.XSHE,2021-08-18,1.5599999999999952
603036.XSHG,2021-08-18,0.009999999999999787
002832.XSHE,2021-08-18,3.7700000000000102
002807.XSHE,2021-08-18,0.0
300743.XSHE,2021-08-18,0.3500000000000014
000598.XSHE,2021-08-18,1.7200000000000273
002384.XSHE,2021-08-18,3.680000000000007
603500.XSHG,2021-08-18,0.23000000000000043
300803.XSHE,2021-08-18,0.7899999999999991
600771.XSHG,2021-08-18,15.26000000000002
605377.XSHG,2021-08-18,0.4400000000000013
300192.XSHE,2021-08-18,0.33999999999999986
300218.XSHE,2021-08-18,0.5599999999999952
601500.XSHG,2021-08-18,0.040000000000000036
300490.XSHE,2021-08-18,0.75
000552.XSHE,2021-08-18,0.2799999999999976
002395.XSHE,2021-08-18,1.0499999999999972
603790.XSHG,2021-08-18,0.15999999999999837
002091.XSHE,2021-08-18,2.3500000000000085
603980.XSHG,2021-08-18,0.019999999999999574
600009.XSHG,2021-08-18,0.09000000000000341
300895.XSHE,2021-08-18,0.09000000000000341
300480.XSHE,2021-08-18,1.1599999999999966
002679.XSHE,2021-08-18,0.8099999999999987
600682.XSHG,2021-08-18,4.75
000060.XSHE,2021-08-18,5.019999999999982
688022.XSHG,2021-08-18,0.7100000000000009
600508.XSHG,2021-08-18,0.45000000000000284
300355.XSHE,2021-08-18,0.5
600066.XSHG,2021-08-18,2.7999999999999545
603353.XSHG,2021-08-18,0.23000000000000398
300031.XSHE,2021-08-18,0.269999999999996
600120.XSHG,2021-08-18,0.7699999999999818
300010.XSHE,2021-08-18,1.1899999999999977
603367.XSHG,2021-08-18,0.049999999999998934
600311.XSHG,2021-08-18,0.08999999999999986
002782.XSHE,2021-08-18,0.6799999999999997
002457.XSHE,2021-08-18,0.4800000000000004
003033.XSHE,2021-08-18,0.030000000000001137
002048.XSHE,2021-08-18,2.25
003038.XSHE,2021-08-18,2.9299999999999997
002501.XSHE,2021-08-18,0.22999999999999687
603577.XSHG,2021-08-18,0.23999999999999844
000683.XSHE,2021-08-18,2.5900000000000034
000565.XSHE,2021-08-18,0.9899999999999949
000877.XSHE,2021-08-18,0.8799999999999955
600415.XSHG,2021-08-18,0.8199999999999932
600482.XSHG,2021-08-18,0.8500000000000014
002601.XSHE,2021-08-18,9.32000000000005
688229.XSHG,2021-08-18,1.2999999999999972
300332.XSHE,2021-08-18,0.4599999999999991
300937.XSHE,2021-08-18,0.2700000000000031
000056.XSHE,2021-08-18,0.379999999999999
000584.XSHE,2021-08-18,0.5399999999999991
002368.XSHE,2021-08-18,0.4900000000000091
002055.XSHE,2021-08-18,0.6000000000000014
300841.XSHE,2021-08-18,8.25
002926.XSHE,2021-08-18,0.05000000000000071
002213.XSHE,2021-08-18,0.9299999999999997
002098.XSHE,2021-08-18,0.4499999999999993
300382.XSHE,2021-08-18,17.210000000000036
600199.XSHG,2021-08-18,0.37999999999999545
600176.XSHG,2021-08-18,4.330000000000041
002895.XSHE,2021-08-18,1.2100000000000009
600822.XSHG,2021-08-18,0.05000000000000071
300158.XSHE,2021-08-18,4.689999999999998
002222.XSHE,2021-08-18,0.8800000000000026
300907.XSHE,2021-08-18,0.38000000000000256
600337.XSHG,2021-08-18,0.14000000000000057
600764.XSHG,2021-08-18,1.3100000000000023
600016.XSHG,2021-08-18,0.29000000000000625
600628.XSHG,2021-08-18,2.3999999999999773
600657.XSHG,2021-08-18,0.3299999999999983
601882.XSHG,2021-08-18,0.019999999999999574
600372.XSHG,2021-08-18,0.14999999999999858
002936.XSHE,2021-08-18,0.009999999999999787
300405.XSHE,2021-08-18,0.0
300855.XSHE,2021-08-18,0.3500000000000014
600000.XSHG,2021-08-18,0.8499999999999943
600723.XSHG,2021-08-18,0.11999999999999744
002083.XSHE,2021-08-18,0.0
000682.XSHE,2021-08-18,0.9399999999999977
003023.XSHE,2021-08-18,0.14999999999999858
000902.XSHE,2021-08-18,3.0799999999999983
601006.XSHG,2021-08-18,0.07000000000000028
688578.XSHG,2021-08-18,0.28000000000000114
300603.XSHE,2021-08-18,0.33000000000000185
600538.XSHG,2021-08-18,0.19000000000000128
600637.XSHG,2021-08-18,0.05000000000000426
601330.XSHG,2021-08-18,0.019999999999999574
603027.XSHG,2021-08-18,0.0
600444.XSHG,2021-08-18,0.5599999999999987
002190.XSHE,2021-08-18,1.1400000000000006
688793.XSHG,2021-08-18,1.7000000000000028
300850.XSHE,2021-08-18,12.349999999999994
002634.XSHE,2021-08-18,0.14999999999999858
000058.XSHE,2021-08-18,0.2799999999999976
003000.XSHE,2021-08-18,0.8100000000000005
002224.XSHE,2021-08-18,0.07000000000000028
300927.XSHE,2021-08-18,0.020000000000003126
300200.XSHE,2021-08-18,0.9299999999999997
600315.XSHG,2021-08-18,2.3700000000000045
002848.XSHE,2021-08-18,0.040000000000000924
600281.XSHG,2021-08-18,0.21000000000000085
002063.XSHE,2021-08-18,0.2400000000000091
600150.XSHG,2021-08-18,0.29999999999999716
603136.XSHG,2021-08-18,0.6299999999999955
003013.XSHE,2021-08-18,0.5899999999999999
300541.XSHE,2021-08-18,0.23000000000000398
601618.XSHG,2021-08-18,0.05000000000000071
300723.XSHE,2021-08-18,2.4000000000000057
300162.XSHE,2021-08-18,0.5800000000000054
002291.XSHE,2021-08-18,2.8599999999999994
300482.XSHE,2021-08-18,6.920000000000016
300315.XSHE,2021-08-18,0.240000000000002
603909.XSHG,2021-08-18,0.46000000000000085
688618.XSHG,2021-08-18,0.4200000000000017
002207.XSHE,2021-08-18,0.16000000000000014
603324.XSHG,2021-08-18,0.4399999999999977
600257.XSHG,2021-08-18,0.39000000000000057
600765.XSHG,2021-08-18,6.730000000000018
688500.XSHG,2021-08-18,0.25
002522.XSHE,2021-08-18,0.769999999999996
002379.XSHE,2021-08-18,0.7199999999999989
600409.XSHG,2021-08-18,3.049999999999997
600117.XSHG,2021-08-18,0.33000000000000007
300412.XSHE,2021-08-18,1.1499999999999986
002199.XSHE,2021-08-18,0.6000000000000014
601162.XSHG,2021-08-18,0.040000000000000036
600982.XSHG,2021-08-18,0.2900000000000009
001896.XSHE,2021-08-18,0.3600000000000012
603290.XSHG,2021-08-18,9.03000000000003
300575.XSHE,2021-08-18,0.5899999999999892
003006.XSHE,2021-08-18,0.8300000000000018
605088.XSHG,2021-08-18,0.3099999999999987
002626.XSHE,2021-08-18,2.7399999999999523
603759.XSHG,2021-08-18,0.28000000000000114
600609.XSHG,2021-08-18,1.9399999999999977
002505.XSHE,2021-08-18,0.6100000000000065
002425.XSHE,2021-08-18,0.0
002434.XSHE,2021-08-18,0.07000000000000028
603392.XSHG,2021-08-18,19.22999999999996
688366.XSHG,2021-08-18,4.8300000000000125
600241.XSHG,2021-08-18,0.0
688078.XSHG,2021-08-18,0.8100000000000023
300581.XSHE,2021-08-18,9.629999999999995
688358.XSHG,2021-08-18,0.09000000000000341
002432.XSHE,2021-08-18,0.060000000000002274
002115.XSHE,2021-08-18,0.11999999999999744
600635.XSHG,2021-08-18,1.6200000000000045
002133.XSHE,2021-08-18,0.0
002422.XSHE,2021-08-18,1.3900000000000006
300898.XSHE,2021-08-18,0.6499999999999986
600721.XSHG,2021-08-18,0.0
603811.XSHG,2021-08-18,1.1099999999999994
003026.XSHE,2021-08-18,1.480000000000004
301035.XSHE,2021-08-18,1.990000000000002
601166.XSHG,2021-08-18,0.9899999999999949
002053.XSHE,2021-08-18,0.370000000000001
600712.XSHG,2021-08-18,0.19000000000000128
600844.XSHG,2021-08-18,0.21000000000000085
002820.XSHE,2021-08-18,0.03999999999999915
000553.XSHE,2021-08-18,0.4200000000000017
000595.XSHE,2021-08-18,0.2599999999999998
002116.XSHE,2021-08-18,0.0
002713.XSHE,2021-08-18,0.33999999999999986
002062.XSHE,2021-08-18,0.6000000000000014
002345.XSHE,2021-08-18,0.28999999999999915
300229.XSHE,2021-08-18,0.38000000000000256
300982.XSHE,2021-08-18,4.439999999999998
300253.XSHE,2021-08-18,5.990000000000009
002957.XSHE,2021-08-18,0.4200000000000017
600969.XSHG,2021-08-18,0.019999999999999574
600469.XSHG,2021-08-18,0.030000000000001137
600246.XSHG,2021-08-18,1.2399999999999949
300318.XSHE,2021-08-18,1.6799999999999926
688013.XSHG,2021-08-18,0.0799999999999983
300793.XSHE,2021-08-18,0.41999999999999815
002272.XSHE,2021-08-18,0.1700000000000017
300245.XSHE,2021-08-18,0.0799999999999983
688630.XSHG,2021-08-18,3.7099999999999937
603898.XSHG,2021-08-18,0.39000000000000057
300308.XSHE,2021-08-18,8.109999999999985
002014.XSHE,2021-08-18,0.09000000000000341
002236.XSHE,2021-08-18,7.7700000000000955
002386.XSHE,2021-08-18,0.6799999999999997
002256.XSHE,2021-08-18,4.8700000000000045
300842.XSHE,2021-08-18,10.709999999999994
603059.XSHG,2021-08-18,0.19000000000000128
003011.XSHE,2021-08-18,0.39000000000000057
002753.XSHE,2021-08-18,1.2100000000000009
600061.XSHG,2021-08-18,0.45000000000000284
600400.XSHG,2021-08-18,0.0
002670.XSHE,2021-08-18,0.21000000000000085
002318.XSHE,2021-08-18,1.4599999999999937
300688.XSHE,2021-08-18,0.19000000000000128
002451.XSHE,2021-08-18,0.6799999999999997
603615.XSHG,2021-08-18,0.0
300059.XSHE,2021-08-18,32.960000000000036
600020.XSHG,2021-08-18,0.08000000000000007
603009.XSHG,2021-08-18,0.10000000000000142
300353.XSHE,2021-08-18,0.5900000000000034
603858.XSHG,2021-08-18,0.03999999999999915
603038.XSHG,2021-08-18,0.38000000000000256
603196.XSHG,2021-08-18,0.05999999999999961
605287.XSHG,2021-08-18,0.17999999999999972
300745.XSHE,2021-08-18,1.3200000000000003
300143.XSHE,2021-08-18,2.510000000000005
300132.XSHE,2021-08-18,1.8399999999999892
600101.XSHG,2021-08-18,0.509999999999998
603602.XSHG,2021-08-18,0.28000000000000114
601099.XSHG,2021-08-18,0.0600000000000005
002095.XSHE,2021-08-18,0.3100000000000023
300941.XSHE,2021-08-18,0.0
600816.XSHG,2021-08-18,0.0
688155.XSHG,2021-08-18,3.980000000000018
002906.XSHE,2021-08-18,1.6200000000000045
300682.XSHE,2021-08-18,0.129999999999999
300235.XSHE,2021-08-18,0.17999999999999972
603660.XSHG,2021-08-18,0.03999999999999915
000869.XSHE,2021-08-18,0.75
300731.XSHE,2021-08-18,3.3100000000000023
300121.XSHE,2021-08-18,1.1199999999999903
600835.XSHG,2021-08-18,0.6899999999999977
002517.XSHE,2021-08-18,0.0
300753.XSHE,2021-08-18,0.0
300889.XSHE,2021-08-18,0.370000000000001
601368.XSHG,2021-08-18,0.009999999999999787
688023.XSHG,2021-08-18,4.479999999999961
300592.XSHE,2021-08-18,1.3599999999999994
600515.XSHG,2021-08-18,0.21999999999999886
300198.XSHE,2021-08-18,1.730000000000004
002361.XSHE,2021-08-18,0.5500000000000043
600555.XSHG,2021-08-18,0.08999999999999986
300250.XSHE,2021-08-18,1.1000000000000014
603005.XSHG,2021-08-18,1.0699999999999932
300576.XSHE,2021-08-18,4.189999999999998
002481.XSHE,2021-08-18,1.8600000000000136
002766.XSHE,2021-08-18,0.0600000000000005
603867.XSHG,2021-08-18,1.1099999999999994
603506.XSHG,2021-08-18,0.10000000000000142
688095.XSHG,2021-08-18,4.889999999999986
000590.XSHE,2021-08-18,0.3100000000000023
300312.XSHE,2021-08-18,0.35999999999999943
600039.XSHG,2021-08-18,1.0700000000000003
002428.XSHE,2021-08-18,0.0
603659.XSHG,2021-08-18,3.5299999999999727
601921.XSHG,2021-08-18,0.05999999999999872
002146.XSHE,2021-08-18,0.37000000000000455
300703.XSHE,2021-08-18,0.08999999999999986
300669.XSHE,2021-08-18,0.33999999999999986
600581.XSHG,2021-08-18,1.0700000000000003
300036.XSHE,2021-08-18,3.619999999999976
603079.XSHG,2021-08-18,0.28999999999999915
000751.XSHE,2021-08-18,0.8300000000000001
300537.XSHE,2021-08-18,1.5
600085.XSHG,2021-08-18,4.740000000000009
300283.XSHE,2021-08-18,0.6199999999999974
301018.XSHE,2021-08-18,0.41000000000000014
603739.XSHG,2021-08-18,0.9600000000000009
603728.XSHG,2021-08-18,0.8000000000000007
002039.XSHE,2021-08-18,0.04999999999999716
600928.XSHG,2021-08-18,0.019999999999999574
300133.XSHE,2021-08-18,0.5099999999999909
000886.XSHE,2021-08-18,0.030000000000001137
300844.XSHE,2021-08-18,0.10999999999999943
002773.XSHE,2021-08-18,0.22999999999999687
300942.XSHE,2021-08-18,0.01999999999999602
300973.XSHE,2021-08-18,5.069999999999993
601399.XSHG,2021-08-18,0.11000000000000032
300339.XSHE,2021-08-18,5.239999999999981
600371.XSHG,2021-08-18,0.12000000000000455
300369.XSHE,2021-08-18,1.0700000000000216
600566.XSHG,2021-08-18,0.3299999999999983
300328.XSHE,2021-08-18,1.8399999999999963
603323.XSHG,2021-08-18,0.0
000903.XSHE,2021-08-18,0.12000000000000455
300976.XSHE,2021-08-18,1.6299999999999955
603316.XSHG,2021-08-18,0.009999999999999787
300275.XSHE,2021-08-18,0.019999999999999574
002890.XSHE,2021-08-18,0.0
603866.XSHG,2021-08-18,0.45000000000000284
002649.XSHE,2021-08-18,0.19999999999999574
300696.XSHE,2021-08-18,5.6699999999999875
600202.XSHG,2021-08-18,0.3999999999999986
688378.XSHG,2021-08-18,2.6700000000000017
002401.XSHE,2021-08-18,0.35999999999999943
300519.XSHE,2021-08-18,0.12000000000000455
600056.XSHG,2021-08-18,0.39000000000000057
002629.XSHE,2021-08-18,0.11000000000000121
600054.XSHG,2021-08-18,0.21999999999999886
688117.XSHG,2021-08-18,0.3200000000000003
002172.XSHE,2021-08-18,0.5999999999999996
601038.XSHG,2021-08-18,0.19000000000000128
601908.XSHG,2021-08-18,0.8699999999999974
601916.XSHG,2021-08-18,0.010000000000000231
603318.XSHG,2021-08-18,0.21000000000000085
000609.XSHE,2021-08-18,0.0
603538.XSHG,2021-08-18,0.28000000000000114
002152.XSHE,2021-08-18,1.8300000000000125
600584.XSHG,2021-08-18,0.29000000000002046
300262.XSHE,2021-08-18,0.5100000000000051
605098.XSHG,2021-08-18,0.020000000000003126
002723.XSHE,2021-08-18,0.5700000000000003
300588.XSHE,2021-08-18,0.19000000000000128
600829.XSHG,2021-08-18,0.9500000000000028
603069.XSHG,2021-08-18,0.03999999999999915
002932.XSHE,2021-08-18,1.3900000000000006
605338.XSHG,2021-08-18,0.740000000000002
002259.XSHE,2021-08-18,0.02000000000000135
600645.XSHG,2021-08-18,21.110000000000014
300756.XSHE,2021-08-18,0.27999999999999403
000952.XSHE,2021-08-18,0.019999999999999574
002326.XSHE,2021-08-18,8.180000000000007
603960.XSHG,2021-08-18,4.530000000000001
601718.XSHG,2021-08-18,0.0
002707.XSHE,2021-08-18,0.730000000000004
002930.XSHE,2021-08-18,0.18999999999999773
601326.XSHG,2021-08-18,0.0
600129.XSHG,2021-08-18,0.6700000000000017
000518.XSHE,2021-08-18,0.0799999999999983
000878.XSHE,2021-08-18,0.4200000000000017
002404.XSHE,2021-08-18,0.3000000000000007
300287.XSHE,2021-08-18,0.37000000000000455
600015.XSHG,2021-08-18,0.05000000000000071
002698.XSHE,2021-08-18,0.25
002173.XSHE,2021-08-18,0.08999999999999986
600848.XSHG,2021-08-18,0.1700000000000017
600679.XSHG,2021-08-18,0.23000000000000043
600035.XSHG,2021-08-18,0.030000000000001137
002001.XSHE,2021-08-18,1.3899999999999864
301038.XSHE,2021-08-18,0.8699999999999974
603108.XSHG,2021-08-18,0.39000000000000057
301008.XSHE,2021-08-18,0.75
002643.XSHE,2021-08-18,0.3499999999999943
601288.XSHG,2021-08-18,0.019999999999999574
603587.XSHG,2021-08-18,0.33999999999999986
002941.XSHE,2021-08-18,0.0
600192.XSHG,2021-08-18,0.23000000000000043
600571.XSHG,2021-08-18,0.3300000000000125
002858.XSHE,2021-08-18,1.2100000000000009
600817.XSHG,2021-08-18,1.3800000000000026
603305.XSHG,2021-08-18,0.35999999999999943
300007.XSHE,2021-08-18,1.8299999999999983
300329.XSHE,2021-08-18,5.900000000000006
000898.XSHE,2021-08-18,0.030000000000001137
601113.XSHG,2021-08-18,0.020000000000000462
603610.XSHG,2021-08-18,0.5799999999999983
002155.XSHE,2021-08-18,1.6400000000000041
300967.XSHE,2021-08-18,0.6199999999999974
600038.XSHG,2021-08-18,1.0199999999999818
600654.XSHG,2021-08-18,49.23000000000047
600108.XSHG,2021-08-18,0.5800000000000018
300047.XSHE,2021-08-18,0.21000000000000085
300409.XSHE,2021-08-18,3.8700000000000045
300517.XSHE,2021-08-18,3.460000000000001
605055.XSHG,2021-08-18,0.08999999999999986
003022.XSHE,2021-08-18,2.010000000000005
002436.XSHE,2021-08-18,7.649999999999977
300587.XSHE,2021-08-18,1.8200000000000074
600237.XSHG,2021-08-18,0.259999999999998
002043.XSHE,2021-08-18,1.6299999999999955
300468.XSHE,2021-08-18,1.2100000000000009
603093.XSHG,2021-08-18,0.22999999999999865
300663.XSHE,2021-08-18,1.4500000000000028
000026.XSHE,2021-08-18,0.0
000159.XSHE,2021-08-18,1.0300000000000011
600333.XSHG,2021-08-18,0.33999999999999986
600579.XSHG,2021-08-18,0.1899999999999995
688388.XSHG,2021-08-18,3.4399999999999977
600780.XSHG,2021-08-18,0.10999999999999943
605336.XSHG,2021-08-18,0.08999999999999986
603922.XSHG,2021-08-18,0.5899999999999999
600345.XSHG,2021-08-18,0.08000000000000185
600097.XSHG,2021-08-18,0.009999999999999787
600496.XSHG,2021-08-18,0.3999999999999986
600301.XSHG,2021-08-18,0.8699999999999992
688056.XSHG,2021-08-18,1.0300000000000011
688521.XSHG,2021-08-18,1.9300000000000068
605060.XSHG,2021-08-18,0.27000000000000135
002689.XSHE,2021-08-18,0.02999999999999936
300455.XSHE,2021-08-18,0.29000000000000625
000020.XSHE,2021-08-18,0.05000000000000071
300013.XSHE,2021-08-18,0.08999999999999986
002196.XSHE,2021-08-18,0.39000000000000057
000826.XSHE,2021-08-18,1.25
300792.XSHE,2021-08-18,8.120000000000005
002840.XSHE,2021-08-18,0.14999999999999858
600228.XSHG,2021-08-18,0.31999999999999673
688678.XSHG,2021-08-18,0.490000000000002
300645.XSHE,2021-08-18,0.39000000000000057
601179.XSHG,2021-08-18,0.08000000000000007
000636.XSHE,2021-08-18,5.899999999999977
000520.XSHE,2021-08-18,0.07000000000000028
603277.XSHG,2021-08-18,0.08999999999999986
002630.XSHE,2021-08-18,0.17999999999999972
002325.XSHE,2021-08-18,0.0
600837.XSHG,2021-08-18,1.650000000000034
600608.XSHG,2021-08-18,22.399999999999977
605108.XSHG,2021-08-18,0.8000000000000007
002806.XSHE,2021-08-18,0.41000000000000014
002571.XSHE,2021-08-18,0.3200000000000003
002283.XSHE,2021-08-18,0.1700000000000017
002756.XSHE,2021-08-18,4.5
600985.XSHG,2021-08-18,1.1400000000000006
600011.XSHG,2021-08-18,0.04999999999999716
600826.XSHG,2021-08-18,0.0
000606.XSHE,2021-08-18,0.14000000000000057
300970.XSHE,2021-08-18,1.0799999999999983
000799.XSHE,2021-08-18,6.92999999999995
600795.XSHG,2021-08-18,2.7100000000000364
603881.XSHG,2021-08-18,0.5899999999999963
603008.XSHG,2021-08-18,0.6199999999999974
300580.XSHE,2021-08-18,0.7699999999999996
600770.XSHG,2021-08-18,2.509999999999991
300234.XSHE,2021-08-18,1.8599999999999994
600168.XSHG,2021-08-18,0.07000000000000028
601566.XSHG,2021-08-18,2.66
000661.XSHE,2021-08-18,106.19000000000005
300053.XSHE,2021-08-18,0.4099999999999966
688330.XSHG,2021-08-18,3.299999999999997
300241.XSHE,2021-08-18,1.3799999999999955
002583.XSHE,2021-08-18,0.11000000000000298
603226.XSHG,2021-08-18,0.19000000000000128
300538.XSHE,2021-08-18,1.5700000000000003
002658.XSHE,2021-08-18,0.4299999999999997
002927.XSHE,2021-08-18,0.019999999999999574
688109.XSHG,2021-08-18,0.46999999999999886
605198.XSHG,2021-08-18,0.5899999999999999
300388.XSHE,2021-08-18,0.46000000000000085
002219.XSHE,2021-08-18,0.3299999999999983
300869.XSHE,2021-08-18,1.6799999999999997
002293.XSHE,2021-08-18,0.5799999999999983
002309.XSHE,2021-08-18,0.9800000000000004
600280.XSHG,2021-08-18,0.10999999999999943
600325.XSHG,2021-08-18,0.18999999999999773
601668.XSHG,2021-08-18,0.0
300670.XSHE,2021-08-18,0.5500000000000007
002180.XSHE,2021-08-18,2.319999999999993
301031.XSHE,2021-08-18,6.159999999999997
002729.XSHE,2021-08-18,0.21000000000000085
000766.XSHE,2021-08-18,0.1999999999999993
603259.XSHG,2021-08-18,9.67999999999995
000776.XSHE,2021-08-18,0.0
300305.XSHE,2021-08-18,2.0700000000000074
301022.XSHE,2021-08-18,1.8699999999999974
000813.XSHE,2021-08-18,0.28999999999999915
688339.XSHG,2021-08-18,18.160000000000025
600778.XSHG,2021-08-18,0.0
688558.XSHG,2021-08-18,0.03999999999999915
000701.XSHE,2021-08-18,0.019999999999999574
688303.XSHG,2021-08-18,0.9000000000000057
601000.XSHG,2021-08-18,0.0
603879.XSHG,2021-08-18,0.2799999999999976
600520.XSHG,2021-08-18,0.509999999999998
300395.XSHE,2021-08-18,3.4199999999999875
600998.XSHG,2021-08-18,0.27999999999999936
002768.XSHE,2021-08-18,0.060000000000002274
300909.XSHE,2021-08-18,1.2999999999999972
003032.XSHE,2021-08-18,0.0
000429.XSHE,2021-08-18,0.2799999999999976
002995.XSHE,2021-08-18,0.8000000000000043
688050.XSHG,2021-08-18,11.930000000000007
002979.XSHE,2021-08-18,2.1000000000000014
300014.XSHE,2021-08-18,57.680000000000064
000958.XSHE,2021-08-18,0.05000000000000071
003036.XSHE,2021-08-18,0.0
002953.XSHE,2021-08-18,0.00999999999999801
300032.XSHE,2021-08-18,0.21000000000000085
002950.XSHE,2021-08-18,0.22000000000000242
300394.XSHE,2021-08-18,1.839999999999975
002730.XSHE,2021-08-18,0.39000000000000057
003001.XSHE,2021-08-18,0.0
688260.XSHG,2021-08-18,0.7100000000000009
002332.XSHE,2021-08-18,0.129999999999999
002118.XSHE,2021-08-18,0.120000000000001
605081.XSHG,2021-08-18,0.07000000000000028
002910.XSHE,2021-08-18,0.07000000000000028
002102.XSHE,2021-08-18,0.17999999999999972
300354.XSHE,2021-08-18,3.239999999999995
300285.XSHE,2021-08-18,20.059999999999945
300131.XSHE,2021-08-18,1.1100000000000136
601168.XSHG,2021-08-18,0.25
600531.XSHG,2021-08-18,1.5899999999999963
601069.XSHG,2021-08-18,0.010000000000001563
000592.XSHE,2021-08-18,0.129999999999999
002246.XSHE,2021-08-18,0.0
300593.XSHE,2021-08-18,2.969999999999999
300188.XSHE,2021-08-18,5.3300000000000125
601007.XSHG,2021-08-18,0.019999999999999574
300176.XSHE,2021-08-18,0.04999999999999716
600291.XSHG,2021-08-18,0.0
002104.XSHE,2021-08-18,0.05999999999999517
603976.XSHG,2021-08-18,0.8400000000000034
600084.XSHG,2021-08-18,0.7899999999999991
002412.XSHE,2021-08-18,0.29999999999999716
600167.XSHG,2021-08-18,0.0799999999999983
600268.XSHG,2021-08-18,0.0
600856.XSHG,2021-08-18,0.0600000000000005
600532.XSHG,2021-08-18,0.3499999999999943
603026.XSHG,2021-08-18,5.980000000000018
002743.XSHE,2021-08-18,0.0600000000000005
603327.XSHG,2021-08-18,0.07000000000000028
601155.XSHG,2021-08-18,0.2700000000000031
300098.XSHE,2021-08-18,0.9300000000000068
300639.XSHE,2021-08-18,2.0700000000000074
600980.XSHG,2021-08-18,0.25
000756.XSHE,2021-08-18,0.05999999999999872
300450.XSHE,2021-08-18,25.839999999999918
600481.XSHG,2021-08-18,1.0799999999999983
600370.XSHG,2021-08-18,0.07000000000000028
603885.XSHG,2021-08-18,1.3999999999999986
601005.XSHG,2021-08-18,0.020000000000000018
300246.XSHE,2021-08-18,0.240000000000002
601107.XSHG,2021-08-18,0.0
603616.XSHG,2021-08-18,0.08000000000000007
603128.XSHG,2021-08-18,0.28999999999999915
002099.XSHE,2021-08-18,1.1400000000000006
603889.XSHG,2021-08-18,1.3200000000000003
600109.XSHG,2021-08-18,1.0500000000000114
603601.XSHG,2021-08-18,3.6699999999999875
002086.XSHE,2021-08-18,0.040000000000000036
002371.XSHE,2021-08-18,33.710000000000036
002812.XSHE,2021-08-18,17.84999999999991
001914.XSHE,2021-08-18,2.8300000000000125
600252.XSHG,2021-08-18,0.769999999999996
002302.XSHE,2021-08-18,1.4200000000000017
600678.XSHG,2021-08-18,0.25
002364.XSHE,2021-08-18,1.0400000000000063
600023.XSHG,2021-08-18,0.019999999999999574
002540.XSHE,2021-08-18,0.5
600255.XSHG,2021-08-18,0.8200000000000003
002032.XSHE,2021-08-18,0.9400000000000546
601991.XSHG,2021-08-18,0.0
601800.XSHG,2021-08-18,0.08999999999999986
605188.XSHG,2021-08-18,0.019999999999999574
300776.XSHE,2021-08-18,5.8700000000000045
603617.XSHG,2021-08-18,0.4800000000000004
600189.XSHG,2021-08-18,0.0
603086.XSHG,2021-08-18,0.060000000000002274
600089.XSHG,2021-08-18,12.259999999999991
300488.XSHE,2021-08-18,3.9399999999999977
300185.XSHE,2021-08-18,0.26000000000000156
603933.XSHG,2021-08-18,0.9400000000000013
600208.XSHG,2021-08-18,0.0
603416.XSHG,2021-08-18,3.440000000000012
605318.XSHG,2021-08-18,0.009999999999999787
600226.XSHG,2021-08-18,0.0
688676.XSHG,2021-08-18,0.2699999999999996
603017.XSHG,2021-08-18,0.38000000000000256
603779.XSHG,2021-08-18,0.3200000000000003
600501.XSHG,2021-08-18,0.37000000000000455
600380.XSHG,2021-08-18,0.5600000000000023
605277.XSHG,2021-08-18,0.3999999999999986
605369.XSHG,2021-08-18,2.3300000000000125
300173.XSHE,2021-08-18,2.8200000000000003
000078.XSHE,2021-08-18,0.6200000000000045
002182.XSHE,2021-08-18,1.5999999999999943
002269.XSHE,2021-08-18,0.21999999999999886
603787.XSHG,2021-08-18,0.13000000000000256
300996.XSHE,2021-08-18,0.3200000000000003
605122.XSHG,2021-08-18,0.030000000000001137
000998.XSHE,2021-08-18,4.219999999999999
300705.XSHE,2021-08-18,1.8200000000000003
600692.XSHG,2021-08-18,0.269999999999996
002170.XSHE,2021-08-18,2.260000000000005
002989.XSHE,2021-08-18,0.22999999999999687
300467.XSHE,2021-08-18,0.1700000000000017
002811.XSHE,2021-08-18,0.07000000000000028
300041.XSHE,2021-08-18,3.1400000000000006
600622.XSHG,2021-08-18,2.8899999999999864
300084.XSHE,2021-08-18,0.08999999999999986
601200.XSHG,2021-08-18,0.030000000000001137
002736.XSHE,2021-08-18,0.11999999999999922
600875.XSHG,2021-08-18,0.0
000576.XSHE,2021-08-18,0.5099999999999909
600111.XSHG,2021-08-18,19.300000000000068
600078.XSHG,2021-08-18,2.1999999999999993
002456.XSHE,2021-08-18,1.0199999999999818
300738.XSHE,2021-08-18,3.049999999999997
002112.XSHE,2021-08-18,0.259999999999998
688696.XSHG,2021-08-18,3.0
688012.XSHG,2021-08-18,3.3100000000000023
002999.XSHE,2021-08-18,0.03999999999999915
300452.XSHE,2021-08-18,0.6100000000000065
600493.XSHG,2021-08-18,0.129999999999999
002825.XSHE,2021-08-18,0.8300000000000018
603166.XSHG,2021-08-18,0.21999999999999886
603880.XSHG,2021-08-18,0.08999999999999986
603986.XSHG,2021-08-18,6.680000000000064
300370.XSHE,2021-08-18,0.9799999999999969
600585.XSHG,2021-08-18,0.29999999999998295
600235.XSHG,2021-08-18,0.03999999999999915
603225.XSHG,2021-08-18,1.3200000000000003
600559.XSHG,2021-08-18,0.8299999999999841
300912.XSHE,2021-08-18,0.40000000000000213
600588.XSHG,2021-08-18,19.539999999999964
002010.XSHE,2021-08-18,1.2900000000000063
002107.XSHE,2021-08-18,1.1400000000000006
601989.XSHG,2021-08-18,0.009999999999999787
000950.XSHE,2021-08-18,0.02999999999999936
000151.XSHE,2021-08-18,0.4200000000000017
001203.XSHE,2021-08-18,0.029999999999997584
300671.XSHE,2021-08-18,10.060000000000002
600316.XSHG,2021-08-18,1.6699999999999875
300042.XSHE,2021-08-18,0.4099999999999966
603977.XSHG,2021-08-18,0.28000000000000114
603359.XSHG,2021-08-18,0.03999999999999915
600211.XSHG,2021-08-18,2.969999999999999
600667.XSHG,2021-08-18,0.22000000000000597
002094.XSHE,2021-08-18,0.6900000000000013
002772.XSHE,2021-08-18,0.7300000000000004
002396.XSHE,2021-08-18,4.680000000000007
688399.XSHG,2021-08-18,1.9599999999999795
002816.XSHE,2021-08-18,0.4499999999999993
300551.XSHE,2021-08-18,0.20000000000000284
603496.XSHG,2021-08-18,0.4800000000000004
300061.XSHE,2021-08-18,2.480000000000004
603368.XSHG,2021-08-18,0.0
600582.XSHG,2021-08-18,5.490000000000009
603590.XSHG,2021-08-18,0.1599999999999966
603955.XSHG,2021-08-18,0.05999999999999872
600790.XSHG,2021-08-18,0.10999999999999943
600666.XSHG,2021-08-18,0.379999999999999
605006.XSHG,2021-08-18,0.3600000000000012
688329.XSHG,2021-08-18,0.5799999999999983
000828.XSHE,2021-08-18,0.11999999999999744
002431.XSHE,2021-08-18,0.1999999999999993
300993.XSHE,2021-08-18,0.05999999999999872
300536.XSHE,2021-08-18,0.5499999999999972
600233.XSHG,2021-08-18,0.0
603711.XSHG,2021-08-18,0.3299999999999983
301025.XSHE,2021-08-18,0.4800000000000004
603021.XSHG,2021-08-18,0.0
002637.XSHE,2021-08-18,1.6899999999999977
300560.XSHE,2021-08-18,0.020000000000003126
600908.XSHG,2021-08-18,0.009999999999999787
603722.XSHG,2021-08-18,0.8799999999999955
603988.XSHG,2021-08-18,0.6700000000000017
300154.XSHE,2021-08-18,0.21000000000000085
601598.XSHG,2021-08-18,0.05999999999999961
300472.XSHE,2021-08-18,1.3900000000000006
600356.XSHG,2021-08-18,0.03999999999999915
600740.XSHG,2021-08-18,0.9399999999999977
600971.XSHG,2021-08-18,1.1599999999999966
688551.XSHG,2021-08-18,2.989999999999995
301009.XSHE,2021-08-18,1.1999999999999993
300547.XSHE,2021-08-18,1.5399999999999991
000735.XSHE,2021-08-18,0.35999999999999943
002132.XSHE,2021-08-18,0.28999999999999915
601118.XSHG,2021-08-18,0.010000000000000675
002863.XSHE,2021-08-18,0.06999999999999851
603579.XSHG,2021-08-18,1.3599999999999994
688685.XSHG,2021-08-18,0.4599999999999973
600734.XSHG,2021-08-18,0.040000000000000924
000031.XSHE,2021-08-18,0.18999999999999773
000681.XSHE,2021-08-18,0.04999999999999716
300037.XSHE,2021-08-18,9.789999999999964
300953.XSHE,2021-08-18,3.280000000000001
600598.XSHG,2021-08-18,0.17999999999999972
600796.XSHG,2021-08-18,0.0899999999999963
000338.XSHE,2021-08-18,5.139999999999986
300604.XSHE,2021-08-18,11.330000000000041
603348.XSHG,2021-08-18,1.0300000000000011
000777.XSHE,2021-08-18,0.6299999999999955
000034.XSHE,2021-08-18,0.060000000000002274
300922.XSHE,2021-08-18,0.0
002580.XSHE,2021-08-18,1.3299999999999983
603990.XSHG,2021-08-18,1.240000000000002
688016.XSHG,2021-08-18,7.990000000000009
002946.XSHE,2021-08-18,0.21999999999999886
002125.XSHE,2021-08-18,1.240000000000002
000301.XSHE,2021-08-18,1.3099999999999952
002424.XSHE,2021-08-18,0.21999999999999886
688063.XSHG,2021-08-18,11.02000000000001
002201.XSHE,2021-08-18,5.469999999999999
002703.XSHE,2021-08-18,0.0
000509.XSHE,2021-08-18,0.4399999999999977
300125.XSHE,2021-08-18,1.1000000000000085
000655.XSHE,2021-08-18,0.35999999999999943
300083.XSHE,2021-08-18,2.469999999999999
000802.XSHE,2021-08-18,0.14000000000000057
002548.XSHE,2021-08-18,0.14999999999999858
002341.XSHE,2021-08-18,1.0900000000000034
002276.XSHE,2021-08-18,0.29999999999999716
000007.XSHE,2021-08-18,0.5999999999999943
002090.XSHE,2021-08-18,0.5200000000000031
300011.XSHE,2021-08-18,1.4299999999999997
002282.XSHE,2021-08-18,0.8699999999999974
300310.XSHE,2021-08-18,0.1599999999999966
688135.XSHG,2021-08-18,2.1400000000000006
300830.XSHE,2021-08-18,0.20999999999999908
000528.XSHE,2021-08-18,1.0100000000000051
002472.XSHE,2021-08-18,2.519999999999996
600736.XSHG,2021-08-18,0.269999999999996
603029.XSHG,2021-08-18,0.1899999999999995
002169.XSHE,2021-08-18,2.2299999999999898
000680.XSHE,2021-08-18,0.10000000000000142
002817.XSHE,2021-08-18,0.21999999999999886
300278.XSHE,2021-08-18,0.6499999999999986
300932.XSHE,2021-08-18,1.759999999999998
002595.XSHE,2021-08-18,2.4399999999999977
600784.XSHG,2021-08-18,0.21000000000000085
603429.XSHG,2021-08-18,3.280000000000001
300393.XSHE,2021-08-18,5.030000000000001
688662.XSHG,2021-08-18,1.029999999999994
002251.XSHE,2021-08-18,0.14999999999999858
600594.XSHG,2021-08-18,0.1700000000000017
603488.XSHG,2021-08-18,0.08999999999999986
000023.XSHE,2021-08-18,0.23999999999999488
000599.XSHE,2021-08-18,0.120000000000001
300371.XSHE,2021-08-18,0.14999999999999858
603595.XSHG,2021-08-18,2.030000000000001
000859.XSHE,2021-08-18,0.10999999999999943
600862.XSHG,2021-08-18,6.259999999999991
003012.XSHE,2021-08-18,0.11000000000000121
603730.XSHG,2021-08-18,1.0599999999999987
300509.XSHE,2021-08-18,0.6799999999999997
002212.XSHE,2021-08-18,1.8700000000000045
688468.XSHG,2021-08-18,0.5899999999999999
688289.XSHG,2021-08-18,0.35999999999999943
300425.XSHE,2021-08-18,0.6699999999999946
000820.XSHE,2021-08-18,0.16000000000000014
300609.XSHE,2021-08-18,0.1999999999999993
603567.XSHG,2021-08-18,0.8999999999999986
603199.XSHG,2021-08-18,0.18000000000000327
600787.XSHG,2021-08-18,4.960000000000008
600197.XSHG,2021-08-18,0.4300000000000068
300417.XSHE,2021-08-18,0.7999999999999972
300182.XSHE,2021-08-18,4.009999999999991
002699.XSHE,2021-08-18,1.9899999999999949
300025.XSHE,2021-08-18,0.0799999999999983
002494.XSHE,2021-08-18,0.02999999999999936
000988.XSHE,2021-08-18,2.5300000000000296
603288.XSHG,2021-08-18,7.740000000000009
300533.XSHE,2021-08-18,0.0799999999999983
000420.XSHE,2021-08-18,1.3699999999999974
300617.XSHE,2021-08-18,5.539999999999992
600781.XSHG,2021-08-18,0.0
605358.XSHG,2021-08-18,0.9699999999999989
603040.XSHG,2021-08-18,1.0
300155.XSHE,2021-08-18,0.0799999999999983
300692.XSHE,2021-08-18,0.379999999999999
002171.XSHE,2021-08-18,0.8699999999999974
000688.XSHE,2021-08-18,1.5
600405.XSHG,2021-08-18,1.3599999999999994
002972.XSHE,2021-08-18,0.030000000000001137
603168.XSHG,2021-08-18,0.0
000665.XSHE,2021-08-18,0.05999999999999872
300233.XSHE,2021-08-18,0.7099999999999937
002127.XSHE,2021-08-18,4.089999999999989
600568.XSHG,2021-08-18,0.25
002539.XSHE,2021-08-18,1.769999999999996
603165.XSHG,2021-08-18,0.129999999999999
000530.XSHE,2021-08-18,0.10999999999999943
002823.XSHE,2021-08-18,0.259999999999998
300630.XSHE,2021-08-18,1.5300000000000011
603689.XSHG,2021-08-18,0.0600000000000005
600885.XSHG,2021-08-18,8.259999999999962
600170.XSHG,2021-08-18,0.0
000980.XSHE,2021-08-18,1.6699999999999982
300701.XSHE,2021-08-18,1.4299999999999997
002852.XSHE,2021-08-18,0.18999999999999773
600209.XSHG,2021-08-18,0.07000000000000028
000547.XSHE,2021-08-18,2.410000000000025
000793.XSHE,2021-08-18,0.0
000502.XSHE,2021-08-18,0.0
605366.XSHG,2021-08-18,0.0
002288.XSHE,2021-08-18,0.44999999999999574
600727.XSHG,2021-08-18,1.0399999999999991
688385.XSHG,2021-08-18,2.1999999999999957
002993.XSHE,2021-08-18,2.4100000000000037
300440.XSHE,2021-08-18,0.0
002592.XSHE,2021-08-18,2.030000000000001
300788.XSHE,2021-08-18,0.3500000000000014
603917.XSHG,2021-08-18,0.08000000000000007
300157.XSHE,2021-08-18,2.0799999999999983
600561.XSHG,2021-08-18,0.16999999999999993
300280.XSHE,2021-08-18,0.00999999999999801
688177.XSHG,2021-08-18,0.41999999999999815
600519.XSHG,2021-08-18,163.46000000000095
300295.XSHE,2021-08-18,0.10999999999999943
603698.XSHG,2021-08-18,0.4400000000000013
002057.XSHE,2021-08-18,0.8500000000000014
002215.XSHE,2021-08-18,0.0800000000000054
002939.XSHE,2021-08-18,0.0
002400.XSHE,2021-08-18,0.9299999999999926
002136.XSHE,2021-08-18,1.5
601677.XSHG,2021-08-18,3.3100000000000023
600319.XSHG,2021-08-18,0.11000000000000032
000906.XSHE,2021-08-18,1.6199999999999974
300266.XSHE,2021-08-18,0.18999999999999773
000935.XSHE,2021-08-18,0.0
002697.XSHE,2021-08-18,0.4399999999999977
300586.XSHE,2021-08-18,0.0
003018.XSHE,2021-08-18,0.019999999999999574
300836.XSHE,2021-08-18,0.11000000000000654
300845.XSHE,2021-08-18,0.0
002636.XSHE,2021-08-18,0.8200000000000003
301026.XSHE,2021-08-18,3.319999999999993
300985.XSHE,2021-08-18,6.839999999999996
002692.XSHE,2021-08-18,0.46000000000000085
300525.XSHE,2021-08-18,1.3999999999999915
600215.XSHG,2021-08-18,0.05000000000000071
600783.XSHG,2021-08-18,0.3100000000000023
600222.XSHG,2021-08-18,0.5300000000000011
600986.XSHG,2021-08-18,0.0
002617.XSHE,2021-08-18,1.5700000000000074
300137.XSHE,2021-08-18,0.4099999999999966
300978.XSHE,2021-08-18,0.11000000000000298
