code,momentum_5d
603713.XSHG,0.056582236972770435
002144.XSHE,0.033908542334322826
605008.XSHG,-0.013834128075022167
603157.XSHG,-0.042959584100813894
002302.XSHE,-0.04860432695097023
600478.XSHG,0.09190701530291283
600409.XSHG,0.026142218152515398
603797.XSHG,-0.01580802624928796
002560.XSHE,0.05480530471164745
002683.XSHE,0.05165613627365369
603777.XSHG,0.008385601283141142
002548.XSHE,0.020966774564377934
600389.XSHG,0.025211062121359627
002976.XSHE,-0.048623253418259696
300602.XSHE,-0.04632575067675092
002708.XSHE,-0.01891333080910688
002990.XSHE,0.05334048894168199
600980.XSHG,0.024760684891948048
300527.XSHE,-0.041743422728184
600237.XSHG,-0.02784420371690809
603318.XSHG,-0.034624383014163346
300328.XSHE,-0.006914383406137755
603311.XSHG,0.015560561992119642
002433.XSHE,0.0001379645658731235
605369.XSHG,-0.022672026619355298
300806.XSHE,0.040195869824558625
600158.XSHG,0.023096611143538552
601118.XSHG,-0.01321933742721672
002922.XSHE,0.013391998828503986
300170.XSHE,-0.051028976497810186
688181.XSHG,-0.004964361111917288
600232.XSHG,-0.018129751640057028
603392.XSHG,-0.04076519393031181
600250.XSHG,-0.005872452278805604
002183.XSHE,-0.03808258386286093
002307.XSHE,-0.04648853329585345
300427.XSHE,-0.025573535407839763
300213.XSHE,-0.0014535936622334551
000735.XSHE,-0.008859065134684723
300132.XSHE,-0.012149953333435074
000793.XSHE,-0.017121108300762956
002478.XSHE,0.0027421713235393184
603183.XSHG,-0.01674133247951624
601116.XSHG,-0.044029291025587364
002690.XSHE,-0.07558275584634512
002365.XSHE,0.010870835136891924
300454.XSHE,-0.048277453848594866
600640.XSHG,-0.05588763340585579
600874.XSHG,0.005043969854686373
688365.XSHG,-0.05510224014782639
000078.XSHE,0.06174580978718431
300443.XSHE,0.09397198616652878
000600.XSHE,0.03306688875728077
002582.XSHE,0.05391229127463638
002335.XSHE,-0.03688748003013461
000796.XSHE,-0.01257473909683698
300006.XSHE,0.02963033847338583
002028.XSHE,0.01673464019593595
300694.XSHE,-0.015253598764765883
600615.XSHG,-0.04242405339791107
600570.XSHG,-0.06233028936077048
601929.XSHG,0.011817977883628783
601198.XSHG,-0.00671522892975958
002414.XSHE,0.00440979729963707
002493.XSHE,-0.04571985030099464
002556.XSHE,0.009365795809342225
000585.XSHE,-0.00089091340753987
600726.XSHG,-0.001710744285569346
300865.XSHE,-0.061188596317222566
002637.XSHE,0.008405074698375713
603329.XSHG,-0.0923165089498813
002203.XSHE,-0.02580257878542355
600769.XSHG,0.05585925298138943
688077.XSHG,0.0004361810242555324
600381.XSHG,-0.021483426285364655
300668.XSHE,-0.036235720269816266
300109.XSHE,0.024375018817419308
002294.XSHE,-0.031663824144685555
300879.XSHE,-0.04095374954699792
300271.XSHE,-0.0606169336023612
600563.XSHG,0.048504160366297275
002015.XSHE,0.10781213849444694
300442.XSHE,0.014332541838860008
600802.XSHG,-0.00250284589896254
002685.XSHE,0.021830110553656145
600048.XSHG,-0.015536586259359336
000813.XSHE,-0.030148362628054017
600326.XSHG,-0.016994787600744774
600422.XSHG,0.00681621224024757
688521.XSHG,-0.07785121087047463
688335.XSHG,-0.016017918114085386
000498.XSHE,0.008639396833093713
601311.XSHG,-0.006139308246464359
603103.XSHG,-0.00038681753180858786
002889.XSHE,-0.038107191048676735
002793.XSHE,-0.04089779276842543
002142.XSHE,-0.04756826674694484
300140.XSHE,-0.04314047822742531
600738.XSHG,-0.07226741578113981
300616.XSHE,0.019615482563165698
002238.XSHE,-0.0030528719459579634
000908.XSHE,0.018869524638797222
600095.XSHG,-0.05962170665573418
300884.XSHE,-0.0870091370471908
002551.XSHE,0.07790911028902274
600549.XSHG,0.1830248937744416
603053.XSHG,-0.052924088626883206
002979.XSHE,-0.07756553703284756
603289.XSHG,0.028121386875471447
688309.XSHG,-0.027594011663769704
000557.XSHE,0.06207238591040344
002871.XSHE,-0.010523976081730668
300627.XSHE,-0.013635960660151963
300342.XSHE,-0.1269326579369855
600892.XSHG,-0.021065879912343058
300656.XSHE,-0.019327752125478662
688788.XSHG,-0.11208091283919233
300416.XSHE,0.01782028324424224
605388.XSHG,-0.015770548001222576
300603.XSHE,-0.09947011207017828
300726.XSHE,0.12402860057073217
002124.XSHE,-0.07805938943933849
300076.XSHE,-0.030713246944036536
300369.XSHE,-0.0644023967450898
600917.XSHG,-0.029139308829248804
000893.XSHE,-0.02067114140659151
002620.XSHE,0.03129836027837121
002766.XSHE,0.21131398386933792
688550.XSHG,-0.03582802747664256
300169.XSHE,-0.03229920294545484
002609.XSHE,-0.04742871825658579
300498.XSHE,-0.05152225697270277
601901.XSHG,-0.02343647847244329
600196.XSHG,0.04408088276074297
600126.XSHG,-0.0034638741958217412
002959.XSHE,0.032142594913846065
300080.XSHE,-0.040305044473164166
600582.XSHG,0.038626052175968
300193.XSHE,-0.014790450137120093
000859.XSHE,-0.012073492775889112
601555.XSHG,-0.01086771740628719
002371.XSHE,-0.009461625182236656
601226.XSHG,0.05123601767222276
603133.XSHG,-0.16220010347074149
002299.XSHE,-0.0318392302261003
002062.XSHE,0.014644204506430654
688050.XSHG,-0.011226194957195264
600981.XSHG,-0.0020212823789510226
603967.XSHG,0.018802595207599974
300757.XSHE,0.013938880474213522
600098.XSHG,-0.05207493379848937
603565.XSHG,-0.06239367462273556
300838.XSHE,-0.0692757560754875
300351.XSHE,0.006375100041156066
300467.XSHE,-0.003111690190790682
002168.XSHE,-0.12977748802688155
300779.XSHE,-0.04690655480298838
002093.XSHE,-0.0096508973933651
603283.XSHG,-0.0426607267195859
002681.XSHE,0.0008868530018166579
688136.XSHG,-0.15854801884058747
002396.XSHE,-0.024209426999492703
600818.XSHG,-0.014615922130018957
601138.XSHG,-0.031419680235177536
300380.XSHE,-0.020959196592226524
000552.XSHE,0.09967626645035874
002778.XSHE,0.05492196415598438
688116.XSHG,0.13241851162628068
002538.XSHE,-0.015976061779146785
300552.XSHE,0.06658452805665317
600829.XSHG,0.09022273564646786
300882.XSHE,-0.07985747285359854
002927.XSHE,-0.02097751030998803
002936.XSHE,-0.003962080529605495
000758.XSHE,0.06604785966103718
002857.XSHE,0.003028369441216122
600936.XSHG,-0.005908253126205212
601368.XSHG,-0.006727914882864491
000626.XSHE,0.02751276510455017
603396.XSHG,0.011794654762253514
002717.XSHE,0.00875024325488817
002816.XSHE,0.014840678333275455
300711.XSHE,-0.1343419174534211
601208.XSHG,0.04167546478848207
300307.XSHE,-0.07922885083597156
600651.XSHG,-0.0025450993295053174
002530.XSHE,0.03309513036433119
002968.XSHE,0.013534227361725663
603351.XSHG,-0.03409443782333751
002426.XSHE,-0.017737310743171947
600758.XSHG,0.05796696451764643
002490.XSHE,-0.06806527404147152
300210.XSHE,-0.040337032998443725
300167.XSHE,-0.0442058532697757
300004.XSHE,-0.0013509768020132339
002088.XSHE,-0.023432432769379282
600320.XSHG,-0.0019939334533772696
601788.XSHG,-0.040006442199956097
600241.XSHG,0.00077974518967968
002635.XSHE,-0.04182389205190347
600689.XSHG,0.027810598007802334
300134.XSHE,-0.057261417855316514
300628.XSHE,-0.061510385444363734
300712.XSHE,0.03750923143636013
600376.XSHG,0.007873782895071638
600645.XSHG,0.0029024383206000433
000836.XSHE,0.00995088209445293
002475.XSHE,0.03217280905099017
000848.XSHE,0.15089148812109376
300260.XSHE,-0.050920313576897656
002921.XSHE,0.011494221759599108
300802.XSHE,-0.01755348642444568
600824.XSHG,0.02814059501713248
002892.XSHE,-0.005903767446908934
300084.XSHE,-0.008635066515479038
300529.XSHE,0.01129563569217802
300836.XSHE,-0.07107422980775159
000999.XSHE,0.002499683987186995
000702.XSHE,0.015742016771129262
300756.XSHE,-0.039829519487789
000807.XSHE,-0.0617657563567835
002258.XSHE,0.019893063485731294
300236.XSHE,0.005313318201280219
603708.XSHG,-0.07021719467819836
300319.XSHE,-0.039442042606768674
300061.XSHE,-0.02584411615609459
688558.XSHG,-0.014740729377761646
300890.XSHE,0.01084131700951083
300548.XSHE,-0.024638655492575653
002404.XSHE,0.0662747159688072
002508.XSHE,0.024282572604475194
603353.XSHG,-0.0009528544224111368
002377.XSHE,0.0041348873382716575
300176.XSHE,-0.042988255802851386
603991.XSHG,-0.02206865283221281
603612.XSHG,-0.05013064911522348
300015.XSHE,-0.010541350501556235
002152.XSHE,-0.016923990261632285
000547.XSHE,0.07209223937731736
600157.XSHG,-0.0530971381076706
000582.XSHE,-0.02546385505622097
300462.XSHE,-0.04286874300823526
002344.XSHE,0.007746163305303897
002175.XSHE,-0.13480144943614378
000900.XSHE,0.047611825620572576
605100.XSHG,0.0006407938047719164
603828.XSHG,-0.017983408318652163
603026.XSHG,0.12111245457156446
002578.XSHE,0.023653871270896017
300589.XSHE,-0.004303751921311879
300259.XSHE,-0.00021485702674365476
600375.XSHG,-0.13605105446776208
601609.XSHG,-0.015383024359355133
300325.XSHE,-0.018041962938693652
600956.XSHG,-0.05156044314479327
600340.XSHG,-0.029699812307362516
002897.XSHE,-0.02025535503617779
002161.XSHE,-0.05231546607893969
002928.XSHE,-0.046625602558521356
601616.XSHG,0.041106180413005386
300426.XSHE,-0.042721153967301556
300334.XSHE,-0.04409656402777972
000959.XSHE,0.029056248104536955
000555.XSHE,-0.06585371318164099
002824.XSHE,0.004557150272691338
600310.XSHG,0.0533212528516332
603809.XSHG,-0.01936578923924835
601028.XSHG,0.013124960588278943
002598.XSHE,-0.01947663241843963
600397.XSHG,0.04781070031354542
688039.XSHG,-0.01034299503339453
000955.XSHE,0.09420242079344354
000667.XSHE,-0.009192658713199481
002993.XSHE,-0.08041154292405621
688189.XSHG,0.004989758855397524
600990.XSHG,0.022398416105694735
002909.XSHE,0.016317697771864
600482.XSHG,-0.0009662089227638936
603083.XSHG,-0.0028661207422551946
603660.XSHG,-0.05246527402926539
600798.XSHG,0.07305819988116176
000732.XSHE,0.03272462507019611
603739.XSHG,-0.009555161770511932
603369.XSHG,0.06403428462789065
600820.XSHG,-0.011105361245395034
002362.XSHE,0.006712166052723035
603085.XSHG,-0.001474373377327972
600777.XSHG,0.0026245099510171354
300399.XSHE,-0.027880556066862933
002444.XSHE,0.00689701810931068
002042.XSHE,-0.12744389496860847
002301.XSHE,-0.03487970065158471
600089.XSHG,0.09118693099911132
600495.XSHG,0.02608999865731232
002797.XSHE,-0.06230670228232885
600487.XSHG,-0.017005511970665795
300152.XSHE,0.0032105085873335402
300095.XSHE,-0.0038457968610187618
300792.XSHE,-0.05185105714511959
300256.XSHE,-0.05917421292910681
002103.XSHE,-0.02264264535362149
603393.XSHG,0.0020956692485481557
603218.XSHG,0.04770335965082844
002059.XSHE,0.0028986244339009697
002908.XSHE,-0.006264577149575047
000850.XSHE,0.0030362427532410093
600814.XSHG,-0.0036045160058139417
603399.XSHG,0.03602395289671907
002085.XSHE,-0.07193934406667715
002962.XSHE,-0.14065158457958718
300148.XSHE,-0.008765675706955009
601900.XSHG,-0.006566360966083068
603915.XSHG,-0.004842372939981313
300293.XSHE,-0.02098594629570685
601518.XSHG,0.024368908903757196
002599.XSHE,-0.021521512708599762
002528.XSHE,0.01842860985951001
300820.XSHE,-0.00555431941530779
600467.XSHG,0.05770787452768368
601258.XSHG,-0.0031567512452978855
002500.XSHE,-0.01693106165648093
600416.XSHG,0.057698592345319606
300775.XSHE,-0.04161812359183887
002674.XSHE,-0.18301378205554106
300184.XSHE,-0.04589953357789508
688051.XSHG,0.015752540016707322
600532.XSHG,-0.020987129509019528
603439.XSHG,-0.030441167248715446
002395.XSHE,0.013547225535392084
600172.XSHG,-0.0036447481885742775
002014.XSHE,0.018801083820447068
002020.XSHE,0.04332305440256377
002715.XSHE,-0.03269105871435426
000066.XSHE,0.0137863362732142
300288.XSHE,-0.002234708358600849
600641.XSHG,0.14530512858411923
688366.XSHG,-0.01035959447757405
600301.XSHG,0.035416342685586494
300360.XSHE,-0.011891830396427654
300382.XSHE,0.0011948198501632867
600975.XSHG,0.013858936684036798
002277.XSHE,-0.0034479819687521854
300736.XSHE,-0.06437080617159516
300618.XSHE,0.05680441384260494
600039.XSHG,-0.033049062248491946
002458.XSHE,-0.0853788666226508
605058.XSHG,-0.060832388070049356
600883.XSHG,-0.0683742170778284
605266.XSHG,-0.07730697445977822
002462.XSHE,0.003889096422129066
603600.XSHG,-0.0488596842812747
002457.XSHE,0.0007812383478629885
600246.XSHG,-0.053014726495024735
600589.XSHG,-0.035301325363649695
600693.XSHG,0.09128788928556988
000429.XSHE,0.0005078039710593625
603606.XSHG,0.12930772744038366
605336.XSHG,-0.04096095252341648
600337.XSHG,-0.04208993577061511
600373.XSHG,-0.03202728371914389
300001.XSHE,0.0020664687006410956
600598.XSHG,0.04603651665010123
002231.XSHE,-0.08717010637334499
002447.XSHE,-0.034917408285296665
600678.XSHG,0.018931978783950774
300484.XSHE,0.021113099607286755
600593.XSHG,-0.13326397176022953
000812.XSHE,0.08591380948786681
600730.XSHG,-0.0106233259330339
601512.XSHG,-0.07761420206619588
603790.XSHG,0.011064012235647121
003001.XSHE,-0.03913588819037028
603969.XSHG,-0.024717707357365063
002687.XSHE,0.032658777852928964
000665.XSHE,-0.01593753858311123
002099.XSHE,0.069033682757837
002777.XSHE,-0.0161586723616248
002767.XSHE,0.01513025559373219
300652.XSHE,-0.06651646042521232
300623.XSHE,-0.03227804977084855
600061.XSHG,-0.0561675875879743
300653.XSHE,-0.02525513802528129
300221.XSHE,0.05317385241832034
002659.XSHE,-0.05078908790730793
601599.XSHG,0.013347578435069764
688093.XSHG,-0.023209686988242575
600796.XSHG,0.015583093437793547
600262.XSHG,-0.012536935562457364
601021.XSHG,-0.022662212172934185
600789.XSHG,0.10009877499966147
600995.XSHG,0.026139676797183955
002394.XSHE,-0.0017388064279954783
000932.XSHE,-0.012440660466856265
300155.XSHE,-0.007129878745752844
603177.XSHG,0.04925598769077673
600058.XSHG,0.04878956674945932
688188.XSHG,-0.009293903352466408
002368.XSHE,-0.062475200430349265
300642.XSHE,0.046186252696373456
003005.XSHE,-0.07003892838108795
603416.XSHG,-0.04799982934824988
300861.XSHE,0.033118859980886456
603700.XSHG,-0.013550445811760112
603617.XSHG,0.06761183378904571
300526.XSHE,0.06784488448950807
605003.XSHG,-0.059523705347287764
002460.XSHE,0.09506601799181388
300395.XSHE,-0.06243427154294695
002986.XSHE,-0.014528210243757934
000633.XSHE,0.1332657891074211
300133.XSHE,-0.073338978631906
601188.XSHG,0.011590997528561993
600503.XSHG,-0.004949436197371301
002772.XSHE,0.00785419172493991
601688.XSHG,-0.05021303312809523
002480.XSHE,0.030531468838411173
603959.XSHG,-0.04266875516079735
603023.XSHG,-0.022149755934656318
603729.XSHG,-0.026623665381415133
601166.XSHG,-0.023923907031320933
688360.XSHG,-0.009217260669687366
002221.XSHE,-0.016402055491705744
002405.XSHE,-0.028674553673102694
601628.XSHG,-0.04030074265014223
000789.XSHE,-0.026882928004646985
002931.XSHE,0.024767539485805342
300550.XSHE,-0.021935881699051387
603677.XSHG,0.007727160312117003
000333.XSHE,0.036361881781117864
300495.XSHE,-0.05164972091399184
603906.XSHG,-0.0005721708105343691
600977.XSHG,-0.028115696644311426
601601.XSHG,-0.03926995685852434
002542.XSHE,0.00917411493385764
300896.XSHE,0.040930292335898476
300657.XSHE,0.005607491577368964
002950.XSHE,0.03326441403500097
300461.XSHE,0.00674597751573236
002188.XSHE,0.04515368755052106
601872.XSHG,-0.03294300076042974
603041.XSHG,-0.019799783536294392
600368.XSHG,0.020560799297054712
688569.XSHG,-0.008028287276782255
002261.XSHE,0.03436039956838639
300539.XSHE,-0.02382059682623463
300243.XSHE,-0.0752628528629437
002678.XSHE,-0.026791061073089987
000525.XSHE,0.013886507548782796
300014.XSHE,0.04195057750586047
002572.XSHE,-0.03512474300333526
300875.XSHE,-0.0885681887130205
600456.XSHG,0.041577880059271835
600319.XSHG,0.16563664152946475
600403.XSHG,0.09171440335293206
300366.XSHE,-0.0376908394086474
600516.XSHG,0.043709218670017445
300564.XSHE,-0.032893759348025936
000691.XSHE,0.009711035171603474
000617.XSHE,-0.031228337822493603
002451.XSHE,0.00879556794319743
300187.XSHE,-0.0036093852573261115
300663.XSHE,0.0009861571564822279
600459.XSHG,0.04548330112354508
300556.XSHE,-0.004932439289912407
002369.XSHE,-0.013661897759388947
688058.XSHG,-0.021102032513668417
002988.XSHE,-0.0046898222252897
300713.XSHE,-0.03112782570792366
600257.XSHG,0.08397342139278713
300292.XSHE,-0.04052553119823454
300121.XSHE,-0.06198962413157998
300441.XSHE,0.002830380013091542
603808.XSHG,-0.02159160551140616
003816.XSHE,-0.028085210150679035
600153.XSHG,-0.011824327114528535
600425.XSHG,-0.01305527186129593
300759.XSHE,0.08969421281514893
000810.XSHE,-0.05442480456768764
605108.XSHG,-0.017488251556885166
002540.XSHE,0.012709664419548537
002663.XSHE,-0.03489295986633528
300750.XSHE,0.11563506746230136
000685.XSHE,0.0066276403293988465
300916.XSHE,0.023606939365863965
601816.XSHG,0.005275872697037765
002691.XSHE,0.08582022049556765
300105.XSHE,0.024518235280620384
300388.XSHE,-0.01677736919474656
002707.XSHE,-0.014082164743099132
688298.XSHG,0.0500351587627906
300120.XSHE,-0.01986616392335049
600761.XSHG,-0.00453931773994363
300562.XSHE,0.04958671337578981
600650.XSHG,0.040344300221591606
002025.XSHE,0.028174309458724955
300098.XSHE,-0.04927687297614405
000966.XSHE,0.06801156572912492
002638.XSHE,0.018474643222550956
002167.XSHE,0.023725727262026864
300531.XSHE,-0.00331421498363918
003026.XSHE,0.03074105114114925
002247.XSHE,-0.03386441786956383
002373.XSHE,-0.00020857481125842459
300634.XSHE,-0.08994985696598082
002878.XSHE,-0.04227959212754945
300810.XSHE,-0.017272885964113256
603131.XSHG,-0.02099199414272916
300191.XSHE,-0.026958368633140394
000958.XSHE,0.004568168254921127
600297.XSHG,-0.04703244564459572
600460.XSHG,0.06952150810730014
300286.XSHE,-0.05002642498849713
002963.XSHE,0.003170941445065873
002865.XSHE,-0.01598575417467832
300878.XSHE,-0.0007744394046678635
601799.XSHG,-0.02633990589671092
600378.XSHG,-0.06879155240881712
603689.XSHG,-0.004368246900880859
603657.XSHG,-0.0540556794374526
688101.XSHG,0.03004069500267681
300068.XSHE,-0.004857127198007891
603668.XSHG,-0.0049456055019879396
603507.XSHG,0.046691502328272794
002923.XSHE,-0.0013094713738691262
300354.XSHE,-0.014177524057970708
300376.XSHE,-0.018257378744696552
002657.XSHE,-0.07266834626171895
002842.XSHE,0.027764004047684376
600999.XSHG,-0.029037912038193635
000756.XSHE,0.02919620053387021
600988.XSHG,0.04002671390229334
000533.XSHE,0.011813982174980912
000598.XSHE,-0.01015171151181416
600560.XSHG,0.002622454898457492
603239.XSHG,0.009663341195408974
603520.XSHG,-0.08532818369595532
300178.XSHE,0.14300241199165095
600331.XSHG,0.010968988415227162
603058.XSHG,-0.029339984954818387
300185.XSHE,-0.03826897682283392
300516.XSHE,-0.008313168756050728
603799.XSHG,0.1198098164977527
002713.XSHE,0.0308947549796681
002140.XSHE,-0.006931773236295825
603322.XSHG,-0.1211760918321554
603030.XSHG,-0.019988421807905433
002199.XSHE,-0.018260417743367528
600692.XSHG,0.03813481796131818
603189.XSHG,-0.05414012437332236
600390.XSHG,0.0041605265747832855
600188.XSHG,-0.015343858689883678
600167.XSHG,0.011290761685409002
688510.XSHG,0.01651795333017694
300665.XSHE,0.022569067250556074
300337.XSHE,-0.03918179477801664
002391.XSHE,0.028987568387770894
688158.XSHG,-0.011925323441292292
600599.XSHG,0.02172031138580715
600020.XSHG,-0.019176209087585338
300449.XSHE,0.020949013050936466
300251.XSHE,-0.03492627818140497
600749.XSHG,0.013411560791742588
002290.XSHE,0.02665116463825048
300592.XSHE,-0.05189859441665114
300002.XSHE,-0.001093779614324093
300783.XSHE,-0.021763471655222508
300122.XSHE,0.06870437884639846
688981.XSHG,-0.07797246465524434
300045.XSHE,-0.03195049721325936
002092.XSHE,0.003542189823248734
002304.XSHE,0.11433963588328606
002488.XSHE,-0.01440921308363486
600303.XSHG,0.031948787943330365
000032.XSHE,-0.016999984344081297
002326.XSHE,0.16971991245902596
000567.XSHE,-0.03704280008568955
002353.XSHE,-0.08252584836763287
603489.XSHG,-0.03532227992886591
002420.XSHE,0.0015668873033606034
688138.XSHG,0.04005733923916442
300500.XSHE,-0.017835274892061798
000507.XSHE,0.01926057186265704
002432.XSHE,0.10677513519899115
300329.XSHE,-0.012812563478617901
600518.XSHG,0.016197722944235934
688215.XSHG,-0.03185594287229673
002153.XSHE,-0.049567224448447855
603661.XSHG,-0.03154961777493609
601568.XSHG,-0.04915430457237667
000026.XSHE,0.011239696015332812
600861.XSHG,-0.11106475162894386
601336.XSHG,-0.020212228679687437
300032.XSHE,-0.024354909094678384
002787.XSHE,-0.004902307362671138
300407.XSHE,-0.03529203758758727
002346.XSHE,0.010458093556411781
601233.XSHG,0.007628734444128706
688288.XSHG,-0.012971681630553396
002473.XSHE,0.013486002350949221
002601.XSHE,0.02791671896238834
300215.XSHE,0.039593008781027436
300885.XSHE,-0.09297191212675202
002065.XSHE,-0.06733286585361045
600483.XSHG,0.011433144321782017
000790.XSHE,-0.005737857527908893
600247.XSHG,-0.12526601679160304
002940.XSHE,-0.039373382298385655
300278.XSHE,-0.033524621272676386
603444.XSHG,0.04067103956903188
000006.XSHE,0.004641055763434656
300741.XSHE,-0.054170970723982234
600275.XSHG,0.04856897730286762
600208.XSHG,0.0022642708067023847
600217.XSHG,-0.034218352196364085
300909.XSHE,-0.05096350762511097
300584.XSHE,-0.005018586488196326
601888.XSHG,0.07449573634259497
300523.XSHE,-0.07003526732213819
603488.XSHG,-0.03955953706123205
600418.XSHG,0.00039340686535918167
300313.XSHE,-0.03254788432145269
000682.XSHE,0.029526141580631125
600704.XSHG,-0.003710535771718256
300491.XSHE,-0.03837407731779952
002378.XSHE,0.12796424815887544
002387.XSHE,-0.06038127887762988
000713.XSHE,0.19742836649440082
600287.XSHG,0.03760522491297213
300318.XSHE,0.0398935162372737
002105.XSHE,-0.02991137573097223
300054.XSHE,0.11052507958051075
000632.XSHE,0.033321835056914675
601360.XSHG,-0.09923180412152068
601101.XSHG,0.13777597723603116
600028.XSHG,-0.022562387315981435
002126.XSHE,0.04750255710960676
002550.XSHE,0.024249295910574085
300604.XSHE,0.03171634027795832
600377.XSHG,-0.012969565217374942
002217.XSHE,-0.028632367799792918
300110.XSHE,0.0665101840108083
600550.XSHG,0.09857797745360468
603895.XSHG,-0.013569678700540905
002948.XSHE,-0.042200396522721506
002319.XSHE,-0.0061801905945310515
002434.XSHE,-0.026920020094298933
603829.XSHG,0.02004010560601232
000029.XSHE,-0.07273342913809204
002252.XSHE,-0.03776114235805974
000560.XSHE,0.03379800606734526
002442.XSHE,-0.03243165657898518
600077.XSHG,0.015504411009672096
002072.XSHE,0.02425013877626942
600395.XSHG,0.0344475688991293
000828.XSHE,-0.020957791505389994
600596.XSHG,-0.05636858843088552
002802.XSHE,0.020746344699925416
002223.XSHE,0.0642875504119427
002518.XSHE,0.06758545192980493
603982.XSHG,-0.02427116423066593
300596.XSHE,-0.006390729513999667
600284.XSHG,0.013213090339100718
603188.XSHG,-0.035056298773871786
002281.XSHE,-0.00704980009817224
002535.XSHE,-0.029630436782190704
300285.XSHE,0.07241718059048462
600710.XSHG,-0.013695458781532048
002886.XSHE,0.017705122919907796
300474.XSHE,-0.013116236233049826
600053.XSHG,-0.04488219870510525
600336.XSHG,0.08001941475267126
300869.XSHE,0.03866914144668648
600488.XSHG,0.07177346446041627
300346.XSHE,0.1821416307993839
002870.XSHE,0.14092722391415807
002661.XSHE,-0.010642105991229837
002449.XSHE,-0.013778043532880927
600757.XSHG,0.009232580699957402
002671.XSHE,0.02104490138407157
002770.XSHE,-0.02548527432820219
600508.XSHG,0.14504892349577808
601678.XSHG,0.05736763735549572
002576.XSHE,0.0631003538895572
300917.XSHE,0.02576168955215678
000977.XSHE,-0.07743752596370437
600017.XSHG,0.017578810519049994
600179.XSHG,0.004634782692240805
300180.XSHE,-0.05492140279923058
300229.XSHE,-0.11111192150692674
600225.XSHG,-0.06241817406478683
300062.XSHE,-0.10864682305645093
600639.XSHG,0.008177008360794416
600658.XSHG,0.03195129581403868
000012.XSHE,-0.0005905045789886178
002798.XSHE,-0.025662741834429303
000038.XSHE,0.014746196864056186
002314.XSHE,0.03298298044507134
600741.XSHG,-0.05329223570364771
002818.XSHE,-0.03457278315788065
002861.XSHE,-0.04718857283159594
002497.XSHE,0.12415520766870242
601298.XSHG,0.029287112417669164
300225.XSHE,0.07613564530952431
300087.XSHE,0.1338051974795038
600918.XSHG,-0.0012001568300222462
300100.XSHE,-0.05570311191657911
600657.XSHG,-0.011665937443944795
003017.XSHE,-0.08592831443443057
000089.XSHE,-0.02163530476372634
600509.XSHG,-0.05231344161997588
688018.XSHG,-0.005333879819914414
002464.XSHE,0.014288541205735847
600220.XSHG,0.05149498499058426
000510.XSHE,0.05825083849512502
601567.XSHG,0.009227136508528916
600997.XSHG,0.08530874973314301
002170.XSHE,0.023764109181450045
300183.XSHE,-0.008275035281065681
300304.XSHE,-0.024658252363186146
688196.XSHG,0.09190981763597139
600735.XSHG,-0.04430807598341932
300448.XSHE,-0.06453237896881941
601108.XSHG,-0.03998971349406752
688013.XSHG,-0.028089090454873584
000880.XSHE,0.02824888378710119
002823.XSHE,0.003563592083015009
300203.XSHE,-0.0017214739537176095
002128.XSHE,0.037591151084129776
601598.XSHG,-0.0301461735898389
002233.XSHE,-0.03207859359099477
600643.XSHG,-0.027789912890551674
600780.XSHG,0.058584894160389575
000952.XSHE,0.009667130059911579
002676.XSHE,0.037105103108605896
003025.XSHE,0.14675366443549553
688078.XSHG,-0.02477062283701084
600557.XSHG,0.0051973527769518125
688333.XSHG,0.11388172556669823
000017.XSHE,-0.027937416740981637
000048.XSHE,0.00942390901903579
000802.XSHE,-0.04295986522844385
003013.XSHE,-0.046133617388302614
000936.XSHE,0.03253415850055251
002902.XSHE,0.0019164455953387567
600117.XSHG,-0.022197399161578965
600653.XSHG,0.0048659017572903925
300593.XSHE,-0.05624508086770019
601949.XSHG,-0.032835149382863665
601006.XSHG,-0.022064756439458835
002880.XSHE,0.048716014617952164
600600.XSHG,-0.06833749375224493
688098.XSHG,0.02019728292346973
688128.XSHG,0.016066218421985058
600207.XSHG,0.06368308429380647
002275.XSHE,0.028052934525437584
300607.XSHE,-0.04224166758579735
600191.XSHG,0.05272477628326181
688378.XSHG,0.03890897303155498
600439.XSHG,-0.028253381871518834
601969.XSHG,0.08366836758474419
300331.XSHE,-0.05705625576004936
300471.XSHE,0.10626113497950912
002113.XSHE,0.0034599240647561445
002771.XSHE,0.054384246462798144
002875.XSHE,-0.012666117320000711
300742.XSHE,-0.09305043475353184
600458.XSHG,0.03255092660898734
300650.XSHE,-0.0948560860426385
002173.XSHE,-0.151101109035971
601689.XSHG,0.0036281981643027476
002406.XSHE,0.004174774511465688
002272.XSHE,0.1888100031889037
300906.XSHE,-0.10163572309694734
603421.XSHG,-0.005126918823027585
603987.XSHG,0.037685996204626496
300119.XSHE,-0.03831823257099356
600203.XSHG,-0.050206199251437475
300913.XSHE,-0.10235298272885573
603055.XSHG,-0.002680869412988174
600030.XSHG,-0.038324319417023835
002268.XSHE,-0.024474316920678543
002122.XSHE,-0.00959256073682696
300144.XSHE,-0.03727197073564532
600727.XSHG,0.003942882762673457
000988.XSHE,0.007385129781676452
601898.XSHG,0.043829514536700184
601398.XSHG,-0.024415416670179338
000759.XSHE,0.002602920661515542
002709.XSHE,0.05614515030372665
688068.XSHG,0.11196221394821369
002384.XSHE,-0.025461944665378915
000627.XSHE,-0.02904030995274648
601965.XSHG,-0.03449186472097339
600433.XSHG,0.09076774189235035
002569.XSHE,-0.06021863713713616
300089.XSHE,0.18795466938049465
603321.XSHG,0.06323532656419012
600733.XSHG,-0.06407028687828581
688218.XSHG,-0.04429427458038878
300093.XSHE,0.01303599793209399
601766.XSHG,-0.026934793124507035
002007.XSHE,-0.009392513504197586
300563.XSHE,-0.037999621365574984
601958.XSHG,0.007758964943446156
600295.XSHG,0.0827197673791369
002622.XSHE,0.013597579910898452
300918.XSHE,0.020669655166408993
300130.XSHE,-0.025052587213462384
600868.XSHG,0.0025562650403463186
300768.XSHE,-0.024028993268429527
002075.XSHE,0.05696978882309908
002035.XSHE,-0.014300981885711297
601778.XSHG,0.05028113537374218
002910.XSHE,0.018210894924457967
603113.XSHG,0.012626902141752352
603601.XSHG,-0.014449978728497903
600119.XSHG,0.06034517755467832
002271.XSHE,0.05375736486970436
300565.XSHE,-0.10102705707223206
600856.XSHG,-0.020960197132630212
600887.XSHG,0.0033197526707787646
000401.XSHE,-0.04288841340371208
300339.XSHE,-0.029100971790345924
300501.XSHE,-0.008346104012678924
600548.XSHG,0.014580315613850276
603699.XSHG,-0.08935000153199663
300159.XSHE,-0.04071252279650749
300452.XSHE,-0.11299827190560009
300830.XSHE,-0.02381362432405834
601828.XSHG,-0.02103112033562167
000716.XSHE,0.03185995061719766
002452.XSHE,0.0036854625938365533
600558.XSHG,0.01023370450577889
002180.XSHE,-0.02551487744494122
600242.XSHG,-0.007294777098257876
300137.XSHE,-0.03476770121736608
600276.XSHG,0.08407655581164887
002171.XSHE,-0.035107584030354626
600722.XSHG,-0.012284857100631801
002466.XSHE,0.17481421280885628
600817.XSHG,0.04191141058398658
600719.XSHG,0.02257241471082931
600618.XSHG,0.025656043501875746
002399.XSHE,-0.009536710285960105
002820.XSHE,0.06736121992581356
002575.XSHE,-0.08478915564513087
300041.XSHE,-0.022069646090850575
000965.XSHE,0.014731491767349282
002884.XSHE,-0.0031920345399644168
002645.XSHE,0.00665515588923811
002005.XSHE,-0.04911565199868146
603192.XSHG,-0.023206848697844853
002843.XSHE,0.027938987523673704
300125.XSHE,0.10021567488542348
600249.XSHG,-0.050747062601346926
000564.XSHE,0.01805064391623182
002960.XSHE,0.01737403339626141
600145.XSHG,-0.02472970632959374
300338.XSHE,0.048132651243056726
002489.XSHE,0.002655654032992536
300697.XSHE,-0.027386782367431497
603019.XSHG,-0.017566055468660285
603728.XSHG,0.08289429802664812
300160.XSHE,-0.0032547534644196477
300620.XSHE,-0.031612339309366
002400.XSHE,-0.00347712604351344
600571.XSHG,-0.020961618647960336
002375.XSHE,-0.056573450858365106
600630.XSHG,0.02521693610916527
002416.XSHE,-0.023162589417072776
600278.XSHG,-0.012275278751703065
600857.XSHG,0.08108034560696517
601187.XSHG,0.0075449977834095155
000953.XSHE,0.006767732910618867
300598.XSHE,-0.02267193544593013
000001.XSHE,-0.055366864592099635
300888.XSHE,0.16084079171173205
300263.XSHE,-0.04672334246413179
002131.XSHE,-0.007576377504666968
002756.XSHE,0.18647185267672217
300624.XSHE,-0.13877557307025556
600426.XSHG,-0.025478353556355755
600070.XSHG,-0.04967245895106976
601916.XSHG,-0.01354213938511216
002526.XSHE,0.012390183387599918
300340.XSHE,0.1005889806333354
603936.XSHG,-0.0324082373555845
300349.XSHE,-0.026454638681199277
300489.XSHE,0.029761098000922512
300433.XSHE,-0.04473085805772463
300289.XSHE,0.05870957899882569
688010.XSHG,-0.030108649568879164
300451.XSHE,0.023071869611028882
002206.XSHE,-0.023109866048728375
603717.XSHG,0.08682285416298664
688229.XSHG,-0.05092589100163604
002166.XSHE,0.020686213668469382
002512.XSHE,-0.05319748954768927
300009.XSHE,0.04872415518064456
300594.XSHE,-0.01608230806749692
002916.XSHE,-0.062434997918406725
601718.XSHG,0.018721420608784012
603429.XSHG,-0.00913410461565398
002689.XSHE,-0.012755080068700655
601186.XSHG,-0.040159613314264986
002792.XSHE,-0.07709931918658491
600213.XSHG,0.03310459311436939
601199.XSHG,0.023590436233117962
603996.XSHG,-0.15645594656659265
300079.XSHE,-0.013838062012797928
600022.XSHG,0.03329455340917359
002724.XSHE,-0.032996780936810924
002872.XSHE,-0.050504900166738774
002723.XSHE,0.05601350103274716
002317.XSHE,-0.06602444075187688
000803.XSHE,0.036320078398039767
300536.XSHE,-0.03674181059419772
002882.XSHE,-0.0035778327378683944
300227.XSHE,0.07439513675461942
688199.XSHG,-0.009057870636958898
000539.XSHE,0.0007898549071853091
603703.XSHG,0.047501379405059885
603655.XSHG,-0.15991144549242048
300029.XSHE,-0.02755668441065312
600123.XSHG,0.09124454274584944
000797.XSHE,-0.019802752221504523
300048.XSHE,0.016157768743843642
002607.XSHE,0.031564247665274964
002898.XSHE,0.046402896079768434
300275.XSHE,0.001028569635504531
002022.XSHE,0.06261076866743316
600827.XSHG,0.06794538308825286
600966.XSHG,-0.04175951139773876
688179.XSHG,0.1475002342895241
000829.XSHE,0.016637280260919735
603988.XSHG,0.0046310425685670495
002574.XSHE,0.036434862438099014
600398.XSHG,-0.023520315501892403
603638.XSHG,0.0050118366996298866
002308.XSHE,-0.056790091675981785
600728.XSHG,-0.0247698648796154
300871.XSHE,-0.029450104906000918
002837.XSHE,-0.04200472569310881
002987.XSHE,-0.04970570083918478
688508.XSHG,-0.048632415429740505
600724.XSHG,0.003944019377191195
300393.XSHE,-0.00520967112904
002300.XSHE,0.027118136857156614
000576.XSHE,-0.012661530477242961
002456.XSHE,-0.020103098169254947
002826.XSHE,0.011125998168285054
300040.XSHE,0.04826620747517331
603931.XSHG,-0.027456551360401333
601007.XSHG,0.034509697843189954
300778.XSHE,-0.04664182767967847
600773.XSHG,0.04508043833218238
603680.XSHG,0.10447264121795014
300131.XSHE,-0.038607764930928865
002613.XSHE,-0.019237506039319355
603323.XSHG,0.0014152991060050295
600152.XSHG,0.11635729003140985
002721.XSHE,0.039586852636910475
300671.XSHE,-0.019149897909265357
300417.XSHE,-0.01647595646168082
300220.XSHE,-0.10056533813426563
600081.XSHG,0.1121149396291976
002318.XSHE,0.055434721481409516
600790.XSHG,0.05092760770157883
603200.XSHG,0.07507053013139058
600603.XSHG,0.003028300680061824
002295.XSHE,0.01261529686956422
300532.XSHE,-0.013091644374359977
002848.XSHE,-0.016755313893693155
000409.XSHE,0.04018170068043195
300798.XSHE,-0.08836405617669015
601608.XSHG,-0.006113255457032894
603900.XSHG,-0.01379010704868695
688180.XSHG,0.03849299540512864
603063.XSHG,0.19361685775702708
002149.XSHE,0.1453048333223538
300799.XSHE,-0.04121348581537495
300021.XSHE,0.06699793852481514
002073.XSHE,0.09215335348133907
002592.XSHE,-0.06690260611351981
002812.XSHE,0.14139436326745394
000928.XSHE,0.022904889332677977
300586.XSHE,0.05115160255221868
601127.XSHG,-0.16548992273990792
300597.XSHE,-0.034270883637892505
600299.XSHG,0.00514995554267055
002504.XSHE,0.014789669125710656
603882.XSHG,0.05718180039380917
600565.XSHG,-0.0015207456427872197
603603.XSHG,-0.09967410797369117
603901.XSHG,0.031069928165142303
002160.XSHE,0.1487844735843878
603686.XSHG,-0.0028113514658602116
600307.XSHG,0.04609413758717004
002536.XSHE,-0.010853163774940434
300749.XSHE,-0.0133285010471638
688536.XSHG,0.021804080183570437
000673.XSHE,-0.029081346527601103
002454.XSHE,-0.007605822275838531
300800.XSHE,-0.14155139496022837
600797.XSHG,-0.030784297059949877
600807.XSHG,0.014550267615002737
000938.XSHE,-0.035784367163071484
300777.XSHE,-0.06799298776959249
603300.XSHG,0.002800071655107726
601128.XSHG,-0.022611627364075237
002232.XSHE,-0.0285321891119131
002932.XSHE,0.07082929178931821
002841.XSHE,-0.007558782159883511
000821.XSHE,0.1800340763638587
300432.XSHE,0.03870064840339081
002749.XSHE,-0.04418019020541117
002866.XSHE,0.0661757705684662
000008.XSHE,0.004091745596546204
000666.XSHE,0.03745306832600307
300296.XSHE,-0.017292219551080047
002274.XSHE,0.026283190250718198
603755.XSHG,0.0010888648005177373
601010.XSHG,0.009130001649778773
603225.XSHG,0.05925520382033832
300576.XSHE,0.042160904789335464
605009.XSHG,0.14315244212125847
688390.XSHG,0.027936532973974724
605006.XSHG,-0.033019402703526615
600960.XSHG,0.05577463908026392
600133.XSHG,0.005330119545098887
603823.XSHG,0.033759572790256806
000860.XSHE,0.05442200317165266
688228.XSHG,-0.035043930890924904
600854.XSHG,-0.005388651861858912
600370.XSHG,0.00812533978474062
603233.XSHG,-0.08123407486182564
603867.XSHG,-0.05621571816348922
300847.XSHE,-0.04534365378398632
300402.XSHE,0.03294097011363216
600406.XSHG,0.07263017195896501
600515.XSHG,0.04459973409323286
688200.XSHG,0.11553184390057164
603033.XSHG,0.06338219502827601
002846.XSHE,-0.0428244097938673
601375.XSHG,-0.011664291650140341
300224.XSHE,0.04143913305311521
300739.XSHE,0.016879562733913042
002219.XSHE,-0.00037707313288751557
688529.XSHG,-0.034184620479729436
002608.XSHE,0.08368478691821064
000918.XSHE,-0.020641235383714596
605218.XSHG,-0.044870316558262326
002586.XSHE,0.020909907908115918
603551.XSHG,-0.012969244081292807
600168.XSHG,0.003595413226950006
300791.XSHE,0.006114346410256178
300490.XSHE,0.040751937159620034
600108.XSHG,0.04645619271336342
300528.XSHE,-0.03489898736993448
300010.XSHE,-0.052467436847773455
600269.XSHG,0.012655390992689627
300103.XSHE,-0.024393092534786304
000046.XSHE,0.02296710103670679
601369.XSHG,0.017793133729886515
300696.XSHE,-0.13755188522299303
000978.XSHE,0.015602339686787387
300049.XSHE,0.010336237478301067
688015.XSHG,0.021673141269802996
603989.XSHG,-0.030534666057783953
600602.XSHG,-0.03926805571612366
300817.XSHE,-0.11239660356832055
300083.XSHE,-0.07155730993872916
002975.XSHE,-0.009160521554871634
000990.XSHE,-0.005901559620388396
002900.XSHE,0.02147341671114966
300762.XSHE,-0.019679496984602474
605199.XSHG,0.009134590637046656
688005.XSHG,0.1836568869830602
600617.XSHG,0.016895022916736578
300710.XSHE,-0.006838726604386489
002224.XSHE,-0.0015331534032144052
300022.XSHE,0.06407882488257105
603366.XSHG,0.036469403288744554
603610.XSHG,-0.004357379606401982
601238.XSHG,-0.055146278284054134
002303.XSHE,-0.023246099506491417
000869.XSHE,0.10192701733813168
300486.XSHE,-0.08197763098046754
600210.XSHG,0.004348841678658143
601069.XSHG,0.0002578225229954191
000878.XSHE,-0.008524406249937222
002614.XSHE,0.031003006730677844
002141.XSHE,0.05493547474070269
600660.XSHG,0.044750713453048666
300415.XSHE,-0.08879207444781634
603926.XSHG,-0.008125235607129848
002461.XSHE,0.182115247507748
300208.XSHE,0.19095912349459507
000737.XSHE,0.06697763517450034
002519.XSHE,0.007072083385788231
600683.XSHG,0.007067406024082262
603706.XSHG,0.002736052848051271
000922.XSHE,-0.012926660048107726
300042.XSHE,-0.037777085980989576
601515.XSHG,-0.008277485662300518
600620.XSHG,-0.029006027256769144
002379.XSHE,-0.006814639356531992
600898.XSHG,0.02763528256646388
002235.XSHE,-0.0438266182627554
002597.XSHE,0.13173989717663756
002066.XSHE,0.03663480999767487
600612.XSHG,-0.030916290024454042
002418.XSHE,-0.005504278924258643
600146.XSHG,-0.1108489169276983
300635.XSHE,-0.1096730744178154
002082.XSHE,0.03892965117198463
300311.XSHE,-0.062289448799972294
300509.XSHE,-0.02571273867665936
600127.XSHG,0.09867931997052021
600801.XSHG,-0.0472165632959065
600962.XSHG,0.10693278536521916
601611.XSHG,-0.016300226332845058
603798.XSHG,0.015117408993902019
603387.XSHG,0.05376625679477365
600383.XSHG,-0.02899326914843689
600662.XSHG,-0.00034186472230272186
300912.XSHE,-0.02655323201968365
600961.XSHG,0.041960437516542964
000090.XSHE,-0.019082329922503135
000150.XSHE,0.0038059825811447255
000619.XSHE,-0.04853529665648908
600536.XSHG,0.005487033220020412
600292.XSHG,0.1995422290295449
601619.XSHG,0.1608186000572461
300771.XSHE,-0.013141463343733593
000070.XSHE,-0.015523100206773319
603628.XSHG,0.01569193073604845
002533.XSHE,0.019880585406304614
600327.XSHG,0.049157508715539915
000056.XSHE,-0.013529169590982337
601456.XSHG,-0.022845731785556277
688129.XSHG,-0.044886697407104686
600037.XSHG,-0.04903740054399055
600355.XSHG,-0.028341608829527062
002952.XSHE,-0.0032493383770875114
300218.XSHE,0.009401095467245726
000983.XSHE,0.026396547258244977
300600.XSHE,0.036254465515491885
688108.XSHG,-0.0398019914586125
300405.XSHE,-0.04763541052558752
300716.XSHE,-0.04989794983900974
000960.XSHE,0.041482140033197876
300525.XSHE,-0.01635957070353629
300809.XSHE,-0.10700224144353777
300870.XSHE,-0.04242150870386721
605186.XSHG,0.02926388605268413
300466.XSHE,-0.07031625162791254
300397.XSHE,-0.05230319897262588
300488.XSHE,-0.03240339507644609
300751.XSHE,0.11602856353390038
600714.XSHG,0.02978596638546314
601818.XSHG,-0.03383585965297044
002019.XSHE,-0.013205917696391681
000852.XSHE,0.009579556728058079
300406.XSHE,0.023250491041444554
600876.XSHG,0.001513044709114163
603949.XSHG,0.013613026727511112
000703.XSHE,-0.038072489619704095
605118.XSHG,-0.0998410179177803
002858.XSHE,-0.17469805121910847
002089.XSHE,0.02970207838821648
603006.XSHG,0.15068325185450307
600585.XSHG,-0.041226130534728934
603203.XSHG,-0.05399832019450776
601319.XSHG,-0.029915419055952536
000521.XSHE,0.03208985874154939
000910.XSHE,-0.030968160821888364
601099.XSHG,-0.019451203009139422
300575.XSHE,-0.004435478014964831
600499.XSHG,0.15921216356949705
600889.XSHG,-0.0811670951726837
300761.XSHE,-0.07635539571059577
603899.XSHG,0.0005744503576061337
688393.XSHG,-0.010881764039187534
600919.XSHG,-0.050180794385273626
600050.XSHG,-0.03213379314663044
603303.XSHG,-0.04361882388076404
002895.XSHE,0.01544317704817939
600189.XSHG,0.04730194355484758
002942.XSHE,-0.01762456950464687
300842.XSHE,0.06275058756944712
002840.XSHE,-0.003405520663959903
603886.XSHG,0.03823243065119322
688012.XSHG,-0.0196334199139059
600573.XSHG,0.20461983021774002
300619.XSHE,-0.03067123456562556
600463.XSHG,0.011346664228283568
002660.XSHE,-0.009794147173071109
300770.XSHE,-0.09086034057593073
688165.XSHG,0.01872364716009627
603332.XSHG,-0.18192117412121905
300622.XSHE,0.023490315641955417
601998.XSHG,-0.021977182776016135
002117.XSHE,0.02362866708295056
688090.XSHG,-0.03221712567125034
002626.XSHE,-0.035632263851622416
300161.XSHE,-0.011240397622343447
603663.XSHG,0.06515227772607164
002061.XSHE,0.008337784378102625
603339.XSHG,0.12746561756190833
002868.XSHE,0.02306386595869175
688159.XSHG,-0.06397524223708696
002474.XSHE,-0.0036625273151790483
600880.XSHG,-0.008972082390910428
605050.XSHG,-0.016088086352481285
300252.XSHE,-0.026087863367063063
600890.XSHG,-0.12862335050071327
603199.XSHG,0.015943475000951918
002031.XSHE,0.01945015101626081
002795.XSHE,-0.17855241316158704
300508.XSHE,-0.04645899870624979
002130.XSHE,0.005126033674633464
600068.XSHG,-0.016850406082120923
002522.XSHE,0.016845638564165114
603496.XSHG,-0.05327610925392862
603825.XSHG,0.021128505678368124
000783.XSHE,-0.03494706941420433
600386.XSHG,-0.0033958677798394087
002469.XSHE,0.08230023843105025
600766.XSHG,-0.07392818494445424
603697.XSHG,0.07041310912523717
000651.XSHE,-0.024969635987887935
002946.XSHE,0.04794088142887307
688580.XSHG,0.04235044878604418
002207.XSHE,-0.05182336360230662
600365.XSHG,0.19780981824187843
000628.XSHE,0.009642997143143837
002323.XSHE,-0.11119159442603611
600771.XSHG,0.07837729780167543
000662.XSHE,-0.12649986845435388
300139.XSHE,-0.015459164209461855
603758.XSHG,0.07455816100055435
002197.XSHE,-0.04044922733262546
002856.XSHE,-0.05119619447902769
600356.XSHG,0.018328974552012076
300609.XSHE,-0.0714538759177589
300071.XSHE,-0.0020549612053139474
601966.XSHG,0.014825978765336924
002360.XSHE,0.0671219164724357
603068.XSHG,-0.0854255732460368
002774.XSHE,0.016785870696094805
688388.XSHG,0.16818660655802603
601666.XSHG,0.04494570269682979
300214.XSHE,0.008024977443521746
002380.XSHE,0.020713629274186088
300881.XSHE,-0.13499117407016162
601003.XSHG,0.0036054956430527606
300135.XSHE,-0.011713940671744041
603305.XSHG,0.01949274437923077
300612.XSHE,-0.06549924905879626
600363.XSHG,0.03634919214531525
600312.XSHG,0.07217443942359329
605500.XSHG,0.022215163333848716
300264.XSHE,-0.062298341213762536
000536.XSHE,0.19372312088635218
002860.XSHE,0.054820902363033136
002529.XSHE,0.15179650880024748
603817.XSHG,0.021520626809331752
603920.XSHG,-0.07170573356845993
000603.XSHE,0.09992282164606243
603880.XSHG,0.08873024451279632
605001.XSHG,-0.007195258937370261
603848.XSHG,-0.03641900801191002
688598.XSHG,0.0772698007696638
002246.XSHE,0.02146937782340466
300302.XSHE,0.022741082755020584
300828.XSHE,-0.05996559757682435
002863.XSHE,-0.09496237806538715
600885.XSHG,0.11513020569233186
300658.XSHE,0.17497012346031318
600321.XSHG,-0.012400367347171305
600624.XSHG,0.04400161486722676
603861.XSHG,0.019499318974133255
002999.XSHE,-0.01066039412561516
002179.XSHE,0.07895875129866273
600021.XSHG,0.016555157339533638
002119.XSHE,-0.040899018400824355
002200.XSHE,0.013368176931260023
002733.XSHE,0.14209315416993787
603608.XSHG,-0.10803971931261902
603308.XSHG,0.14576538169494127
600668.XSHG,0.010220279899138738
002024.XSHE,-0.04656125993796241
002436.XSHE,-0.014354584097645017
300872.XSHE,-0.041608466132827704
002969.XSHE,-0.009770894489739564
601990.XSHG,-0.0932351105356538
688566.XSHG,-0.0138988138321289
603613.XSHG,0.022121071116606293
002727.XSHE,-0.14395134786714373
300581.XSHE,-0.09706553993014765
603096.XSHG,0.018915668547504434
300444.XSHE,0.014994456362342522
002643.XSHE,0.020511600209220958
688556.XSHG,0.017978760210495805
600408.XSHG,0.10424455475543176
603803.XSHG,0.06935357454897094
600661.XSHG,0.019434562058968406
600366.XSHG,0.014650172493193597
003021.XSHE,-0.013584182267068878
002372.XSHE,-0.03357791853985055
300482.XSHE,0.13236726477029667
600760.XSHG,0.00928510444757679
300234.XSHE,-0.0119632107846817
300639.XSHE,0.06119099181362758
603516.XSHG,0.006754675405330243
600052.XSHG,-0.0057063749741790085
600783.XSHG,-0.01970163286779475
601677.XSHG,-0.0038449691701064152
300824.XSHE,0.006242439330779918
002677.XSHE,-0.04972765656952788
600984.XSHG,-0.07631758727257565
002532.XSHE,-0.03547915681903568
000014.XSHE,0.0005296474479484434
603160.XSHG,-0.03748504152626436
600551.XSHG,0.005259856419616429
002316.XSHE,-0.11458234532122585
688488.XSHG,0.006124000718799937
603159.XSHG,-0.011683157875995796
300460.XSHE,0.06259359268383924
603773.XSHG,-0.0031093874758304253
002877.XSHE,-0.012079251616549817
300464.XSHE,-0.02464562625956128
002137.XSHE,-0.029938109173967862
603985.XSHG,-0.023319843516704
603236.XSHG,-0.08776093338999671
600713.XSHG,0.03262299191734981
688596.XSHG,-0.05733303432023812
000426.XSHE,0.09482914556523282
002675.XSHE,-0.11573858600903988
300320.XSHE,0.02869707693182591
601236.XSHG,-0.05579343688747527
002741.XSHE,-0.017362307133268296
600176.XSHG,0.05029993926395217
000419.XSHE,0.025887861423863682
000009.XSHE,0.09310279641651463
300510.XSHE,0.011280027555340756
601999.XSHG,-0.028955152482594382
601333.XSHG,0.011041121427757379
000709.XSHE,0.0483160434131977
600871.XSHG,-0.027815454706421747
688519.XSHG,-0.0804078226468
300733.XSHE,-0.046535241956448016
603688.XSHG,0.04853309374062539
688066.XSHG,0.004193881884775187
688002.XSHG,0.011952892475162763
002780.XSHE,0.024773392643096727
601600.XSHG,-0.02988213534242884
300690.XSHE,0.03828066925945632
600567.XSHG,-0.003807219369566876
002324.XSHE,-0.004532336499776706
002905.XSHE,-0.012137775353423714
600723.XSHG,-0.0003848176529602787
300422.XSHE,0.031213581347928204
300367.XSHE,0.07816997750151573
300570.XSHE,-0.08374716988946808
600584.XSHG,-0.06715488608837483
002208.XSHE,-0.016767355105706382
600325.XSHG,0.014459500600197277
000661.XSHE,0.10379960902296387
603998.XSHG,0.05182651261759408
600529.XSHG,0.004716702574370269
601877.XSHG,0.06252705667478775
605151.XSHG,-0.005506979239168024
000028.XSHE,-0.02249538741490936
600681.XSHG,0.007371498066882906
603093.XSHG,-0.07597384996723383
002941.XSHE,-0.10851791711845883
300244.XSHE,0.043198259663436364
002511.XSHE,-0.022614514962275276
002757.XSHE,-0.022801537926735768
603800.XSHG,-0.0006704285953294115
000545.XSHE,-0.035996647804044275
600198.XSHG,-0.04262927639362412
603916.XSHG,-0.02594297235420393
600346.XSHG,-0.0020416148474020363
000631.XSHE,0.022285768270242468
300569.XSHE,0.00843931584052637
002134.XSHE,0.0071785150923298555
600455.XSHG,-0.028341092235926554
002403.XSHE,0.001919828085732149
000707.XSHE,0.01799910813438792
600345.XSHG,0.017995028150557806
000950.XSHE,-0.0073760783394748
600969.XSHG,0.06614733614841187
300605.XSHE,-0.01641504649066413
000901.XSHE,0.013605305780812527
002471.XSHE,0.031384086957092085
300567.XSHE,0.046163086268162165
300606.XSHE,1.1233882828212693e-05
300363.XSHE,0.03528667400865947
002363.XSHE,0.0994020704128887
600763.XSHG,0.03713199679632009
600019.XSHG,-0.006645246605452435
300676.XSHE,0.0244028332520239
000636.XSHE,-0.01745691522153246
603993.XSHG,0.015091602111596901
000613.XSHE,-0.08059769059484062
000698.XSHE,0.08317297829543235
300702.XSHE,-0.13530419787989717
601088.XSHG,-0.0027773753462766353
600588.XSHG,-0.03972207888102573
603978.XSHG,-0.021926879437617845
002280.XSHE,-0.06450730351930378
300179.XSHE,0.002824953161867441
000931.XSHE,-0.03212864730928601
300551.XSHE,0.09467733173036715
600836.XSHG,-0.028624740206691687
000652.XSHE,0.09395549343985925
300315.XSHE,-0.0354458472822469
300409.XSHE,0.06136704488542205
300555.XSHE,-0.05345377531233664
002740.XSHE,0.00663271709874871
300693.XSHE,-0.09660804719832086
603390.XSHG,-0.08247832128456695
603681.XSHG,-0.03092595380099937
002218.XSHE,0.06038780816602719
002699.XSHE,0.050768496217120096
600211.XSHG,0.13723904958780592
300172.XSHE,0.03000570051498909
601019.XSHG,-0.008593443625263594
601908.XSHG,0.08970840006198375
600872.XSHG,-0.10690706993447914
002417.XSHE,-0.010009801788363915
600844.XSHG,0.006731302108767413
603508.XSHG,-0.02884446557950937
600166.XSHG,0.0077891995487102935
300019.XSHE,-0.010402768789537574
300018.XSHE,0.02434844240774869
300344.XSHE,-0.028513972562999684
000027.XSHE,0.036901773132019304
605007.XSHG,-0.07904834594009408
000060.XSHE,0.02829768766321904
002912.XSHE,-0.026952531977818855
003006.XSHE,0.12772631378133992
002499.XSHE,0.18238816041927786
603730.XSHG,-0.05572463681188993
300108.XSHE,0.06513180258387356
600522.XSHG,0.0008589293886768273
603856.XSHG,-0.03961251639609327
002828.XSHE,-0.0027472120317840257
300755.XSHE,0.006017518738210161
300355.XSHE,0.05797566745436862
002443.XSHE,0.022347912677383227
002650.XSHE,0.05247657022817546
300107.XSHE,-0.059081030655500494
000830.XSHE,-0.006865468545572222
603586.XSHG,0.018394510260213985
002080.XSHE,0.1391620125109586
300056.XSHE,-0.06077383961485748
600682.XSHG,0.011004496232692472
300153.XSHE,-0.0166963475770494
300715.XSHE,0.012167401152039741
300684.XSHE,-0.02931733010782932
000723.XSHE,0.0320270672558388
000788.XSHE,0.0012203028223251727
002788.XSHE,0.012443047558089277
002593.XSHE,0.0116286900716791
603577.XSHG,0.011058451980212193
000096.XSHE,0.00456943760396239
600227.XSHG,-0.027495944220476874
002486.XSHE,0.11063620123299944
600197.XSHG,0.1886834283026729
600177.XSHG,-0.004859082214641542
300314.XSHE,-0.01249108157565412
002762.XSHE,0.05149750993009904
002705.XSHE,0.025953463129019444
603315.XSHG,-0.00851632672566861
000023.XSHE,-0.007605631982628223
000572.XSHE,0.004149220575041003
300649.XSHE,0.0005391960404357785
002297.XSHE,0.04148808101146508
600256.XSHG,0.015840770021520602
002571.XSHE,0.08308611266903385
600858.XSHG,0.017803309684366615
002254.XSHE,-0.009604508389348617
600663.XSHG,-0.01919105598872426
000981.XSHE,0.06953527164727531
600587.XSHG,0.015582253481138241
600695.XSHG,-0.04238885027824482
600637.XSHG,-0.013346194581997806
603806.XSHG,0.04661000344140852
600787.XSHG,0.05515085644098767
300673.XSHE,-0.017155249059875633
603388.XSHG,0.07638919408321959
688016.XSHG,0.07177065085160583
300637.XSHE,-0.027322092806274685
603559.XSHG,-0.09252629964105832
000912.XSHE,0.03048024892789467
600078.XSHG,0.010507966550854425
600111.XSHG,-0.002656840291606723
600436.XSHG,-0.015409675959048436
688122.XSHG,0.013964450835680545
600993.XSHG,-0.01820023171479348
601991.XSHG,0.004326368709448858
002523.XSHE,0.0031374451983304692
002202.XSHE,0.019738747095206684
600888.XSHG,0.012613491427382273
002611.XSHE,-0.012999215226589974
688313.XSHG,-0.028845321357067313
600578.XSHG,-0.0010691783053257634
000919.XSHE,0.0658774217545256
002270.XSHE,0.030020540906387977
002790.XSHE,-0.0037380353166506196
002282.XSHE,0.05673677211890203
003027.XSHE,0.0252717048146214
600795.XSHG,0.044301718084005355
601100.XSHG,-0.043069932708044434
002086.XSHE,0.048000316161682786
002251.XSHE,-0.04943245715410684
000761.XSHE,0.0008275595858630268
600805.XSHG,0.06757032805367813
300284.XSHE,-0.07966006206328244
601211.XSHG,-0.04147947425405103
300250.XSHE,-0.05753403459104702
600280.XSHG,-0.05381936216892326
002012.XSHE,0.012247715762668771
300255.XSHE,-0.027585113914685978
605299.XSHG,0.19819155186031415
600717.XSHG,0.010457099591289605
600016.XSHG,-0.022101229263803333
300245.XSHE,-0.019525268574681794
603002.XSHG,-0.010400805508718806
603977.XSHG,-0.01503965772579572
002077.XSHE,-0.002547185673880084
002043.XSHE,-0.022903555478893788
300873.XSHE,-0.006418477833642421
002654.XSHE,-1.5475546429305487e-05
002669.XSHE,-0.010383284873135935
600088.XSHG,0.0422361123056733
603589.XSHG,0.0693149168719223
600928.XSHG,-0.01924698449430322
601212.XSHG,0.05510293472019437
603818.XSHG,0.004671035951365792
300700.XSHE,-0.05383982063446773
002192.XSHE,0.1879319654583419
300599.XSHE,-0.010886850301088893
300272.XSHE,0.0017494300804920954
601225.XSHG,-0.033059151475697955
600531.XSHG,0.08849161789641238
300677.XSHE,0.08727635761732877
002938.XSHE,-0.06195322106134375
600173.XSHG,0.007338008686978644
601952.XSHG,0.07948784406028965
300300.XSHE,-0.04212901379731465
300047.XSHE,-0.014895748039249482
603081.XSHG,0.039205644138799164
605333.XSHG,-0.02165906086169918
603279.XSHG,-0.01064298213989531
603595.XSHG,-0.024365944838850774
000762.XSHE,0.16240677568571102
601001.XSHG,0.1011348634433688
600848.XSHG,-0.0406177485805637
300813.XSHE,0.0083266913742748
300352.XSHE,-0.11886899607041337
300907.XSHE,-0.04013283150957277
600215.XSHG,0.03484283464063381
601988.XSHG,-0.017077298213974437
300069.XSHE,0.0023283204595828666
002832.XSHE,-0.03132657476529236
300070.XSHE,-0.04203980609060005
002631.XSHE,0.024050353159965284
688368.XSHG,-0.030240106770189103
002666.XSHE,0.007236964614888819
688030.XSHG,0.021121816287057938
300709.XSHE,-0.06422250396651913
688126.XSHG,-0.0675709108974251
002957.XSHE,0.018997772902392063
002127.XSHE,-0.03653181829019206
002439.XSHE,0.030756105830839372
002157.XSHE,-0.060093132192497796
600860.XSHG,0.04233038489657278
002684.XSHE,-0.006219999646524393
002276.XSHE,-0.004315430379895947
600901.XSHG,-0.00717789757041231
000062.XSHE,-0.03696045603616396
000606.XSHE,-0.03772741140043588
002487.XSHE,0.023576588141859787
002030.XSHE,0.09046574379427572
600819.XSHG,0.13836329530007144
603067.XSHG,0.002275636837075195
002492.XSHE,0.0030335193957767292
300743.XSHE,-0.035716844589851804
300547.XSHE,-0.05182934811096539
600847.XSHG,-0.09157368453772216
603722.XSHG,-0.004168384566604958
688668.XSHG,0.02757588868910392
002029.XSHE,0.047474343978239145
600138.XSHG,-0.02583504715189616
000799.XSHE,0.06737157357590988
300384.XSHE,-0.03986995313853495
300647.XSHE,-0.0011550816368608857
300796.XSHE,-0.032283783208068656
000786.XSHE,-0.044453457939046884
605338.XSHG,-0.016517142242026613
688308.XSHG,-0.12233061003930606
000669.XSHE,0.039874743759280275
300793.XSHE,-0.0477702998581411
002911.XSHE,0.03577813185708453
000722.XSHE,0.07922629027165393
000876.XSHE,-0.05866980043056856
600076.XSHG,-0.04400839312449282
688006.XSHG,0.12645815843907846
300322.XSHE,-0.03198283688414328
603155.XSHG,-0.03670998866208363
002800.XSHE,-0.012633900865635567
002374.XSHE,0.0014819978494348268
600155.XSHG,-0.04327596472439308
002312.XSHE,0.025164036001255604
002121.XSHE,-0.002067364817727846
603313.XSHG,-0.06712667167199234
300900.XSHE,-0.10115545541710215
603389.XSHG,-0.04794048702979928
600025.XSHG,-0.04932076256788699
600867.XSHG,-0.005642718113539562
603701.XSHG,-0.0014032188830664614
688219.XSHG,0.013893502862189603
000935.XSHE,-0.014459292476158007
688567.XSHG,0.1345974207501214
003002.XSHE,-0.09436205055867783
600652.XSHG,-0.025228842288860097
002765.XSHE,-0.12097236833704078
002925.XSHE,-0.05110010886580128
002694.XSHE,0.005776501344907536
000610.XSHE,0.028934512958326535
000616.XSHE,-0.01850627418687129
600636.XSHG,0.014603503650327986
600099.XSHG,0.017849114608753446
600809.XSHG,0.10085115769705727
300297.XSHE,-0.08681865698314897
002472.XSHE,0.02637592463617666
300591.XSHE,-0.040665645491037086
000088.XSHE,-0.0140624424877196
688277.XSHG,-0.02227692650383426
605168.XSHG,-0.12350221854459414
002803.XSHE,-0.03564229031411867
600685.XSHG,-0.05514438270341744
002370.XSHE,-0.049489943308447026
002850.XSHE,0.13705126392994452
002972.XSHE,-0.033060641107800506
000731.XSHE,0.04683649785820797
300752.XSHE,0.0334854480687793
000503.XSHE,-0.06835581949199726
002468.XSHE,-0.057648187456790956
603379.XSHG,0.011812705781315509
000565.XSHE,0.005638960034232712
002989.XSHE,-0.03263275755119162
603950.XSHG,-0.006895500508073242
603995.XSHG,0.008122623519283303
002283.XSHE,-0.0009036076700213759
603567.XSHG,0.014488915997394118
600216.XSHG,0.02863659354947528
002102.XSHE,0.02393143190913002
300748.XSHE,-0.008663414013277361
300217.XSHE,-0.01715896758985811
603885.XSHG,0.04561750327211006
600161.XSHG,-0.02198978942240286
300655.XSHE,0.010581485501730502
600486.XSHG,0.032421285091686576
601218.XSHG,0.07380677306507101
002672.XSHE,-0.02879929627590286
603043.XSHG,-0.013923074568915233
600072.XSHG,0.04283968500699466
600576.XSHG,0.03165746189614867
300151.XSHE,-0.009217768443598005
600261.XSHG,-0.02543555684283564
002201.XSHE,0.010922133266868394
688166.XSHG,-0.02321806754238089
603367.XSHG,0.0071408956514625015
601566.XSHG,-0.004316627277818879
300421.XSHE,-0.08949618973184431
300738.XSHE,-0.02205979481043193
002983.XSHE,-0.10274794503982992
600079.XSHG,-0.04389713048419879
002565.XSHE,-0.00020892512610524647
300889.XSHE,-0.07996025730482462
002656.XSHE,0.002519083679400985
600281.XSHG,-0.002773704785064439
688579.XSHG,-0.047293573035190925
000688.XSHE,0.012352739272418645
002714.XSHE,-0.059965776210883434
688551.XSHG,-0.019381281469685093
002750.XSHE,0.037439874111937305
600694.XSHG,-0.0006221340407709282
000587.XSHE,-0.12067417741906489
000949.XSHE,0.03757500671585245
000157.XSHE,-0.010361801671034596
300012.XSHE,-0.003019858025474484
300088.XSHE,-0.06098925691683171
601698.XSHG,-0.07465493598576474
000016.XSHE,0.03884046792024315
002448.XSHE,0.01654362697929343
600882.XSHG,0.02821490997914899
000862.XSHE,0.06044207723281944
000906.XSHE,-0.013552431944191989
002688.XSHE,-0.0279503227267915
002008.XSHE,0.03532927024496022
300398.XSHE,-0.0025265848274790906
002701.XSHE,-0.019180166860761606
601699.XSHG,0.08796373365438445
000155.XSHE,0.19209334848387463
603908.XSHG,-0.02408925918439827
688777.XSHG,-0.026139825614878993
300404.XSHE,-0.011845169438075044
000902.XSHE,0.03484380100904042
603733.XSHG,0.03161498231312186
000584.XSHE,0.034201367888753276
603268.XSHG,0.03188961961950043
600308.XSHG,-0.010771039155855897
300507.XSHE,-0.04533783277753155
000738.XSHE,0.09076879179699752
002016.XSHE,0.02582824622050046
300163.XSHE,-0.038535679534844575
002212.XSHE,-0.03171740257091782
300758.XSHE,-0.014336402151658635
000725.XSHE,0.0030985559676564647
601939.XSHG,-0.04140039970922933
605099.XSHG,-0.021169227184154663
000417.XSHE,0.006137123701360242
000926.XSHE,0.002087354038976908
002801.XSHE,0.0581304250562394
600415.XSHG,-0.02033985169166641
002422.XSHE,-0.02529930709845495
002821.XSHE,0.03696089773493241
600193.XSHG,0.07482774411735374
000856.XSHE,0.004726489436011991
300117.XSHE,-0.017639665107062646
000815.XSHE,-0.033887127589832575
002729.XSHE,-0.0023259606765502656
603501.XSHG,-0.07940923393580283
600067.XSHG,0.01931040233726504
601111.XSHG,-0.06863428288750499
000609.XSHE,-0.0062131404230967024
603980.XSHG,0.0014683974849072391
605366.XSHG,-0.027478201171842433
600163.XSHG,0.005007295743051553
600572.XSHG,0.008983564871148542
300092.XSHE,-0.023701006706161147
300195.XSHE,0.046519231026926594
300695.XSHE,-0.02465371290874567
300211.XSHE,-0.026114206934340682
603408.XSHG,-0.06835588200117065
002590.XSHE,0.004063718515657996
002563.XSHE,-0.01893102632488943
002009.XSHE,0.08564915170907723
000957.XSHE,0.09781529975441008
603801.XSHG,-0.041983022579174405
600708.XSHG,0.006451542870883037
002929.XSHE,-0.029511681773028618
002240.XSHE,0.16580185105192674
601177.XSHG,0.025368078924903496
600094.XSHG,-0.0648354709312666
300248.XSHE,-0.03823697142948035
601633.XSHG,0.09293716455252146
600821.XSHG,0.05593049794294227
600400.XSHG,0.021196245284150282
300477.XSHE,0.06381296480998129
688023.XSHG,0.0005176177434532345
000687.XSHE,0.01341658384856731
600015.XSHG,-0.013911757816467134
002831.XSHE,0.021493868508630384
603499.XSHG,-0.03896143865362889
002322.XSHE,-0.03368599524994107
300911.XSHE,-0.09799849789725318
603226.XSHG,0.0053601549731119025
300171.XSHE,0.0019150613906621667
603223.XSHG,0.02935155749458481
000695.XSHE,-0.009882297221403227
688278.XSHG,0.07425306241686415
300515.XSHE,-0.017793769668082
000422.XSHE,-0.00746744444450656
003011.XSHE,-0.08349375924424986
600674.XSHG,0.012711337940891045
603725.XSHG,0.020826400817106336
300044.XSHE,-0.005631615343882214
600837.XSHG,-0.013767828436610336
000861.XSHE,-0.003925007933082533
603819.XSHG,0.052220465713436075
603039.XSHG,0.022343962095229528
000166.XSHE,-0.02406541239147182
002686.XSHE,-0.05354090821545722
000715.XSHE,-0.01050379604849122
600339.XSHG,0.017608882925687987
002430.XSHE,0.033763314657490946
600351.XSHG,0.04488087594462163
002513.XSHE,-0.026804068704500868
002775.XSHE,0.02037614953825098
002037.XSHE,-0.030578669665751165
300641.XSHE,0.04814102230400859
300678.XSHE,-0.021786281311517476
300776.XSHE,0.06177111613130808
300921.XSHE,0.02429407028982879
003003.XSHE,-0.09517453691648656
600812.XSHG,0.058177275312020965
603167.XSHG,0.007207215457784424
002760.XSHE,-0.003399557970689117
603108.XSHG,0.038319191215957574
603025.XSHG,0.18361029099000953
605178.XSHG,-0.01804687261689498
603888.XSHG,-0.013047084160316143
603011.XSHG,-0.008412032910263524
000573.XSHE,0.0198118102393956
600329.XSHG,0.021745970471009207
688160.XSHG,-0.048991130740370245
300205.XSHE,0.003264410206280398
000605.XSHE,0.008749817923907739
002211.XSHE,-0.026590496839296703
300276.XSHE,-0.04624203799594952
000833.XSHE,0.03887790762384245
000570.XSHE,0.11187277494330931
600581.XSHG,0.06553332840276063
002853.XSHE,0.010217168049879894
002249.XSHE,0.0447978724859441
603111.XSHG,-0.0037928466188207333
300026.XSHE,0.05853508653593348
000779.XSHE,-0.04558879157251877
002027.XSHE,-0.04367597928532943
000036.XSHE,-0.005385697146837242
600118.XSHG,-0.03068486678168839
002446.XSHE,-0.013550873677962639
600073.XSHG,0.07672138616773226
600776.XSHG,-0.03504796005472722
601928.XSHG,-0.033067415235102496
000972.XSHE,-0.01741392155958165
600107.XSHG,0.037735261663589995
601163.XSHG,-0.00723522528217449
300391.XSHE,0.08906990339484519
600129.XSHG,-0.01444803478531782
300867.XSHE,-0.015466212267218872
000937.XSHE,0.11417622929773735
300165.XSHE,0.011306650811464876
300310.XSHE,-0.05034348540435779
603679.XSHG,-0.034203132839653184
600903.XSHG,0.06263963687481808
000678.XSHE,0.021481476559093274
601975.XSHG,-0.013734215125413
002215.XSHE,0.01070082291030817
002298.XSHE,0.008950348780301348
300579.XSHE,-0.05239614456647045
300058.XSHE,-0.003046207006996416
601228.XSHG,-0.0032030546306836966
603127.XSHG,0.030276555305894803
300126.XSHE,-0.04139405524845579
002052.XSHE,-0.012003431755864533
002429.XSHE,-0.0077655566308914604
300082.XSHE,0.11639503493567595
600835.XSHG,0.04078640711557319
300659.XSHE,-0.05230717686822527
002776.XSHE,-0.0010750471428964334
300611.XSHE,-0.046453978219279636
600159.XSHG,0.009011308444374758
600968.XSHG,-0.013373503354139848
600238.XSHG,0.2038187248014762
688396.XSHG,-0.01734353037699904
600686.XSHG,0.1809388489108723
600526.XSHG,-0.010236588024727274
000593.XSHE,-0.038655332044174893
603712.XSHG,0.05919845771517178
603811.XSHG,0.0002926424436161916
002796.XSHE,-0.02812786928518058
002108.XSHE,0.047600254069683795
002341.XSHE,-0.03497500271245495
300077.XSHE,-0.045450784268796895
300487.XSHE,-0.04981036803739515
000553.XSHE,-0.0006096392046914655
002667.XSHE,0.005490103635342129
000402.XSHE,-0.006098435092730252
600359.XSHG,0.05757951507808193
601838.XSHG,-0.024857721159249176
603069.XSHG,0.19602779693172667
002226.XSHE,0.031279569127672706
002321.XSHE,0.000848033657397447
603966.XSHG,-0.0017408300654050482
000541.XSHE,0.052110806390514415
002891.XSHE,0.010128341253260328
300883.XSHE,0.01152885730882013
300164.XSHE,-0.04126167226453755
600611.XSHG,0.0010455670198220614
603878.XSHG,0.017768868924121536
600268.XSHG,0.11825434681007238
300353.XSHE,-0.040453750172172044
600815.XSHG,0.0041471576649218835
601020.XSHG,0.0440266302467226
002644.XSHE,0.028906294863582156
601107.XSHG,0.0018518558059167928
600018.XSHG,-0.016142671318154722
002382.XSHE,0.108630486337219
000404.XSHE,0.07007152405585595
600466.XSHG,-0.020482394231556247
688004.XSHG,-0.007859496797056716
300249.XSHE,0.052529011266088416
002209.XSHE,0.013159277781195803
300901.XSHE,-0.17695131374608844
002253.XSHE,-0.037470452200557905
600782.XSHG,0.03974384808696471
300066.XSHE,-0.04455126159766365
000059.XSHE,0.04124755079594202
600335.XSHG,-0.008443267772508305
300064.XSHE,0.00710764356271599
601858.XSHG,-0.024345071658674323
002706.XSHE,0.07006884814790972
002602.XSHE,-0.043545571594156715
002185.XSHE,-0.020081540801617438
000963.XSHE,-0.0045783046071311145
600393.XSHG,-0.18841111119015663
600765.XSHG,-0.014737776982808244
603650.XSHG,-0.049929520132518196
600348.XSHG,0.11736967955196542
000501.XSHE,0.0020252439280297845
603126.XSHG,0.0745990965286805
002516.XSHE,-0.02102206606965388
002098.XSHE,0.0019264376442778147
601811.XSHG,-0.0295126378418444
000913.XSHE,0.011152447953409014
000058.XSHE,-0.015020624895981799
002783.XSHE,-0.07594165089767628
603345.XSHG,-0.035997143005574835
000710.XSHE,-0.0728122728176709
000930.XSHE,0.09304360955557427
300357.XSHE,0.007457702141215081
600870.XSHG,0.13194108857291065
600230.XSHG,0.025150812463198977
688028.XSHG,0.0038709241141694044
600575.XSHG,0.030887249975839973
000055.XSHE,0.0035229239461288912
002060.XSHE,0.03204178815121034
002734.XSHE,0.03310118686866309
688312.XSHG,-0.030505128214441395
300324.XSHE,-0.025272436916885545
300826.XSHE,-0.08576395984226365
002342.XSHE,0.03600236615784233
002248.XSHE,-0.0026725128323443342
688286.XSHG,-0.04346650606651027
002789.XSHE,0.039167775170713556
600097.XSHG,0.06521514812965876
300554.XSHE,-0.040401616719696005
300112.XSHE,-0.04214211431744749
000890.XSHE,0.08050012996477798
603101.XSHG,0.01333451546031917
600338.XSHG,0.1910007387555166
688133.XSHG,0.1915054789680122
603022.XSHG,-0.022956924310114247
002893.XSHE,0.0009610937005246345
300578.XSHE,-0.048627503047927664
600231.XSHG,0.1648754373729782
603005.XSHG,-0.054293906499651844
002559.XSHE,0.001415253420333898
600419.XSHG,0.053971566801382376
000623.XSHE,0.0012547377870784047
002003.XSHE,-0.054734231489709816
600060.XSHG,0.015454041211848787
002583.XSHE,0.016080755097641404
300831.XSHE,-0.01992612819492381
603212.XSHG,-0.0327235674780836
002603.XSHE,0.0848238130237419
002002.XSHE,-0.07824384560485924
002053.XSHE,0.01389754333242174
603110.XSHG,0.1972079370712292
300587.XSHE,-0.05929039129022981
002566.XSHE,-0.0141522470493892
002236.XSHE,-0.04456120056393717
600839.XSHG,-0.054967372685507235
605376.XSHG,0.19248811532256732
000581.XSHE,-0.014563645295758928
000987.XSHE,-0.05877524516455929
300266.XSHE,-0.008684769488334975
300057.XSHE,-0.026063685919371086
300111.XSHE,0.09321885796978528
600706.XSHG,0.013876571809471949
000968.XSHE,0.02914060656043639
002937.XSHE,0.0011094866670788052
603778.XSHG,0.01560805773018301
603186.XSHG,-0.039039096746532026
603337.XSHG,0.07712810854306543
300034.XSHE,0.09140020328235424
603871.XSHG,0.019197671936966795
000550.XSHE,0.18200825869663606
300502.XSHE,-0.06211095011375676
603117.XSHG,0.02007586872816497
300400.XSHE,-0.06602686811707058
002055.XSHE,0.014712661983254976
002498.XSHE,0.06975381625224186
300772.XSHE,0.01092438125619811
002096.XSHE,-0.1834938775918984
600982.XSHG,0.08882634328004323
601328.XSHG,-0.020791919977638136
300204.XSHE,-0.025336783813550697
603197.XSHG,0.03827918595383385
002343.XSHE,-0.051890720378841716
002632.XSHE,0.1271019179738988
002718.XSHE,-0.07582682894509382
300411.XSHE,-0.02474471717727728
300841.XSHE,0.016954863321788152
600803.XSHG,-0.05574314979512527
603683.XSHG,-0.023450435288370756
002553.XSHE,0.18664193072743657
600958.XSHG,-0.025245560250965995
603876.XSHG,0.05121814304308554
600170.XSHG,-0.0042735670550552475
300723.XSHE,-0.01483483330353724
601866.XSHG,-0.01334957425713929
600601.XSHG,-0.026670071347970555
002503.XSHE,0.08886507484801777
000753.XSHE,0.008637741635608816
300822.XSHE,-0.008641260866311007
601899.XSHG,0.03951969955949386
000597.XSHE,0.024820016617681812
300206.XSHE,0.09978945976835685
002269.XSHE,-0.13473593746534784
688057.XSHG,-0.0021086352682525497
300846.XSHE,-0.0741875920730114
600884.XSHG,0.10708840148891616
002745.XSHE,0.01939025384004867
600623.XSHG,-0.03539407505247325
002951.XSHE,0.0052298773384224125
300667.XSHE,-0.03399732889415982
300450.XSHE,0.03625900537560174
603220.XSHG,-0.10163394157889782
002164.XSHE,0.01623300954845342
002901.XSHE,0.014520592877479924
601318.XSHG,-0.03546288514342613
002640.XSHE,-0.022188749092616786
002545.XSHE,0.035323014469735944
002594.XSHE,0.04269315084615266
002698.XSHE,-0.016204941783136445
002606.XSHE,0.09769635038999944
300309.XSHE,0.009176225131647966
603195.XSHG,-0.024964760103338965
603883.XSHG,-0.04096752456571565
600051.XSHG,0.03492804665319505
600512.XSHG,0.010070207100276164
600055.XSHG,0.05553794055389114
300094.XSHE,0.186002323115209
600590.XSHG,0.03677716665672984
600859.XSHG,0.04847098482304687
002505.XSHE,-0.008312341744718295
002655.XSHE,-0.009952822135219665
601011.XSHG,0.028641662441526727
300805.XSHE,-0.06194442607607164
002833.XSHE,-0.010172470604400654
600671.XSHG,0.08621687983279196
002737.XSHE,-0.028855096355429072
000509.XSHE,0.035409485246668815
300097.XSHE,0.016070209803704036
600621.XSHG,-0.0829424268932547
600520.XSHG,-0.020676500205740127
600718.XSHG,-0.04235085975486445
600298.XSHG,-0.0232058766108182
603718.XSHG,0.0024806760459884832
300825.XSHE,0.01659908733929715
300013.XSHE,0.2034386773062036
600071.XSHG,0.0823595648140049
603020.XSHG,0.0193768774855436
002425.XSHE,0.012633855566010054
603179.XSHG,0.09118148882769186
000995.XSHE,0.021819160345008776
601700.XSHG,0.08328107413876079
603602.XSHG,-0.08618425174881254
603637.XSHG,0.00010965047144119444
603918.XSHG,-0.02907550522196802
600830.XSHG,0.0018164463760950572
002596.XSHE,-0.052992622150593555
000025.XSHE,-0.03674016638614704
688590.XSHG,-0.11573529845284684
600468.XSHG,-0.006951043717184219
600480.XSHG,-0.029594757603402588
600530.XSHG,0.007174152116364459
601390.XSHG,-0.025902333604474734
300235.XSHE,-0.025319435625389068
605116.XSHG,0.03246501991819926
300067.XSHE,-0.0071237630912654205
002589.XSHE,-0.0152910428242529
600031.XSHG,-0.017839470841785235
300617.XSHE,0.05230747761279675
000554.XSHE,0.014132364518958065
300681.XSHE,-0.017196848778003197
600613.XSHG,0.029688389169919106
002647.XSHE,0.011673347773563152
603028.XSHG,0.014296188224846632
600481.XSHG,-0.0024760706549565303
688266.XSHG,0.03892360406298831
688111.XSHG,0.010633757717583965
000526.XSHE,0.028410040032710138
300149.XSHE,-0.06473497295603295
603896.XSHG,-0.007094845443120418
603098.XSHG,-0.02580561759949629
300075.XSHE,0.06504560048455496
600184.XSHG,-0.02010572364597182
002044.XSHE,-0.04607239654785792
300683.XSHE,0.0035286124429122143
603583.XSHG,-0.046305672902223934
603029.XSHG,0.00961157744350644
603506.XSHG,-0.04229587140240677
601222.XSHG,0.010701694510752856
002817.XSHE,-0.0036863352905501315
603768.XSHG,0.06147695397023495
300546.XSHE,-0.02408732301172526
300226.XSHE,-0.05698252627387462
300356.XSHE,-0.023224825197783107
603833.XSHG,0.012262751350693872
300708.XSHE,-0.04092774301941046
002331.XSHE,-0.06183301863200578
600734.XSHG,-0.09619776380989672
002483.XSHE,0.05622093052795078
300128.XSHE,-0.08899255093675605
002273.XSHE,-0.028282513010846028
600462.XSHG,0.0022188870522585266
300321.XSHE,-0.06489758007228572
300201.XSHE,-0.01966852498325844
300453.XSHE,0.09829552300324311
300303.XSHE,-0.04019760581798182
002225.XSHE,0.02852983971759918
601179.XSHG,0.05982009731035455
688169.XSHG,0.0289372403111049
002885.XSHE,-0.03136813590797482
300024.XSHE,-0.010550669492928341
600731.XSHG,0.03196209130059105
300538.XSHE,0.13331916824021675
003009.XSHE,-0.038127270237392666
300469.XSHE,-0.025741807983456193
300173.XSHE,-0.009444631745494786
601169.XSHG,-0.022496498822717953
000708.XSHE,-0.04139037863280843
002612.XSHE,-0.11956963146160057
003019.XSHE,-0.08486236207305443
688557.XSHG,-0.06910973866996313
603566.XSHG,0.07391008745214023
002402.XSHE,-0.05728496948467881
000638.XSHE,0.026417724116992
000976.XSHE,0.01183894064405086
300747.XSHE,0.013411169767376933
601860.XSHG,-0.016072835208720798
603326.XSHG,-0.021371699074576648
603355.XSHG,-0.018055298787890306
002807.XSHE,-0.006899693361592473
603903.XSHG,-0.03238169918139283
002194.XSHE,-0.05087019156937758
600101.XSHG,0.034380033413062595
300418.XSHE,-0.045236165392186604
688513.XSHG,-0.012802317862276109
002558.XSHE,0.023045264923358184
000677.XSHE,0.006004789318874857
600229.XSHG,-0.0038477325118298766
300168.XSHE,-0.016026986323191935
002440.XSHE,-0.018844849012350277
600505.XSHG,0.02740780646809319
000571.XSHE,-0.06058856132686971
603869.XSHG,-0.027176967192714473
000726.XSHE,0.011174441455868914
603711.XSHG,0.049504572335430076
002585.XSHE,0.11707304942949479
605198.XSHG,-0.05297757917812623
300595.XSHE,0.017692719979415423
300686.XSHE,0.02115369402595385
603927.XSHG,-0.09836770035291725
600371.XSHG,0.07851217881558137
603309.XSHG,0.04155335244967595
003008.XSHE,-0.022757910245141465
300247.XSHE,0.004612894833394013
000408.XSHE,0.03693787799246958
002956.XSHE,0.0504364377548991
000630.XSHE,0.026570293923076683
002920.XSHE,0.04281415649905344
002682.XSHE,-0.02075803020879708
000663.XSHE,0.02177965796083013
300258.XSHE,-0.05581019915172493
600438.XSHG,0.07914616748198497
600967.XSHG,-0.018154524212684105
603587.XSHG,-0.021409114134760782
600764.XSHG,-0.00781757248090613
300025.XSHE,-0.01939747061480715
603166.XSHG,-0.031456890365238854
300016.XSHE,-0.005272341210371064
002876.XSHE,-0.00601546096169709
300561.XSHE,-0.046695378104645566
603533.XSHG,0.026398316237576144
600595.XSHG,-0.0569561152531515
600358.XSHG,-0.012959946517178106
600676.XSHG,0.1457526938213803
603136.XSHG,-0.026806965287371563
300679.XSHE,-0.03884741171604552
603716.XSHG,-0.009420636417087323
600770.XSHG,0.050934524800924516
002810.XSHE,-0.03938169893551405
600091.XSHG,-0.07877579629862307
000532.XSHE,0.0329130691097044
600293.XSHG,-0.030425551734589103
603919.XSHG,0.07000395339163394
603368.XSHG,-0.004165029779975907
600865.XSHG,-0.04945070551328348
000798.XSHE,0.20312574818559304
603003.XSHG,0.020117351910523218
002546.XSHE,0.005663153613736285
002561.XSHE,0.023168850550697093
002501.XSHE,-0.04937339196949407
600987.XSHG,0.0317944702416638
000411.XSHE,0.02494206359706685
600114.XSHG,0.008460114788865436
688198.XSHG,0.10080633080739058
300568.XSHE,0.04346656911278921
002289.XSHE,0.06943871921560207
002984.XSHE,-0.03205580553177775
300401.XSHE,0.03725990349177554
600838.XSHG,-0.07463264859823954
000592.XSHE,-0.0017083900789606234
600405.XSHG,0.010138032765947016
300294.XSHE,-0.032578925200856444
600023.XSHG,0.0024704992841686185
600740.XSHG,0.12224973116306219
002039.XSHE,-0.005484191643823792
600150.XSHG,-0.023550117563912273
300412.XSHE,-0.00016912735374693608
601231.XSHG,-0.010108146227976785
603518.XSHG,0.006529803915458477
600185.XSHG,-0.01465114790318882
603477.XSHG,-0.058038994077641515
600084.XSHG,0.13238782588077253
603659.XSHG,0.16291147841437775
688069.XSHG,-0.055829815678197586
300753.XSHE,-0.010478774624447452
000915.XSHE,0.04434602733472577
002210.XSHE,-0.012741891633652296
300223.XSHE,-0.01716884359898739
300737.XSHE,0.05375073961244707
000045.XSHE,-0.007220575913190828
300857.XSHE,-0.06321023089371676
002722.XSHE,0.0023003293245744717
600781.XSHG,0.06288826169273698
605188.XSHG,-0.07692803224585508
601162.XSHG,-0.030579569331886852
601890.XSHG,-0.0025153999590155074
603338.XSHG,0.026083565904303975
300381.XSHE,-0.02697173482276037
688208.XSHG,-0.00360639053885669
000007.XSHE,0.07850773287924057
601015.XSHG,0.0653867142580024
000997.XSHE,0.044804533814345425
601995.XSHG,0.020352958441533064
600720.XSHG,-0.030126754349672203
300196.XSHE,-0.004092126780436602
000721.XSHE,0.0606246503870487
688386.XSHG,0.0036504120237147338
000690.XSHE,0.007445824310604027
002524.XSHE,-0.03479739729533532
002036.XSHE,-0.028591209693335104
002738.XSHE,0.19514913453955732
603958.XSHG,-0.07542584024332016
300797.XSHE,-0.026764125196794483
002191.XSHE,-0.04361772069608583
300365.XSHE,-0.06663784510275057
300782.XSHE,-0.03242047027569146
688561.XSHG,0.11932530714702996
002761.XSHE,-0.02359745586647554
002867.XSHE,0.01696370284353657
600206.XSHG,-0.016848093622375264
603922.XSHG,-0.06177128344715935
002415.XSHE,-0.05100701061034564
002481.XSHE,-0.03132564226029184
300640.XSHE,-0.024737409286826925
603037.XSHG,0.0005622585557327545
000537.XSHE,-0.02129179851133618
601933.XSHG,-0.027358109909682057
300472.XSHE,-0.044264807002381855
600527.XSHG,0.06077455699217678
002011.XSHE,0.01430200194529992
603129.XSHG,0.005865957425079219
002716.XSHE,-0.025764551519561883
601669.XSHG,-0.017528281848562744
688055.XSHG,-0.079140954603427
002731.XSHE,-0.0038027086541220292
002965.XSHE,0.07443614187595021
300387.XSHE,0.01991175614150017
300267.XSHE,-0.022128754981288534
600633.XSHG,-0.029321164943128704
002393.XSHE,0.01607330564796636
002465.XSHE,-0.018787521350041442
000528.XSHE,0.01099087659206472
600939.XSHG,-0.005123681902999312
002056.XSHE,0.045407113415116426
600056.XSHG,0.001764329460439069
601865.XSHG,0.007843969907828784
600469.XSHG,0.020494871355180026
688585.XSHG,-0.059076653722964806
600767.XSHG,-0.023772701562998683
603038.XSHG,0.09509594739476833
601607.XSHG,0.014034503646918328
603056.XSHG,-0.03506550721121192
002547.XSHE,-0.0002121790150680404
002293.XSHE,0.024002823469602065
603619.XSHG,0.003010745440000767
300101.XSHE,0.020786575865572088
300269.XSHE,-0.07468293379532956
600131.XSHG,-0.13230538795336858
002881.XSHE,-0.011858304319283336
600165.XSHG,0.05001631180647357
603879.XSHG,-0.007330154784961337
600260.XSHG,0.017458916228962233
600979.XSHG,0.025685254268051533
300765.XSHE,0.011233651710423388
603558.XSHG,-0.02293663916770606
603076.XSHG,0.05548499167627109
300632.XSHE,-0.1877979120421102
601997.XSHG,-0.017632544808152916
002943.XSHE,-0.0035731758472840255
000563.XSHE,-0.006819783740540902
603579.XSHG,0.01313009222194335
000692.XSHE,-0.06198701337157324
000601.XSHE,0.030540148968731227
600086.XSHG,-0.006600225443848556
000739.XSHE,-0.008512826525288788
002256.XSHE,-0.03451147120289291
688019.XSHG,-0.036889383718813666
000892.XSHE,-0.012731873582027087
000513.XSHE,-0.02325168404716262
600143.XSHG,0.015596043896892923
002145.XSHE,-0.017139587436595646
002851.XSHE,-0.02314067551980121
300063.XSHE,-0.011070312712458168
002040.XSHE,0.023664769282444188
300856.XSHE,0.01110171300171677
000882.XSHE,0.03293019813887618
688336.XSHG,-0.009336369575118615
600200.XSHG,0.04750467203487733
300480.XSHE,-0.033214548678685604
688568.XSHG,-0.0794044486407158
600855.XSHG,0.10441519227237273
002091.XSHE,0.0539306164172562
000809.XSHE,0.0244559206304941
601798.XSHG,-0.17897565723700537
002345.XSHE,-0.04238079034129398
300138.XSHE,0.014283176745316237
300910.XSHE,-0.09366183371574263
688586.XSHG,-0.03978690879074469
601077.XSHG,-0.020001799613097802
002094.XSHE,0.007251841299239722
002174.XSHE,-0.060084942837499024
300434.XSHE,-0.01574951184433644
688559.XSHG,0.1536878574465651
300864.XSHE,-0.0519073230726278
002830.XSHE,-0.017363910268547035
300345.XSHE,-0.039020670329015746
002564.XSHE,0.06582385962100157
300440.XSHE,0.051043380377186295
600638.XSHG,0.1374725757044647
688123.XSHG,-0.04402766143599232
300468.XSHE,-0.02376535495335308
000158.XSHE,-0.05010854198094873
300147.XSHE,0.07791190666755458
601117.XSHG,-0.02619402977487611
300590.XSHE,-0.03715326661895075
000061.XSHE,0.039640381850523806
300557.XSHE,-0.02840711428234558
300691.XSHE,-0.04173221508267729
600673.XSHG,0.03182686218545998
300780.XSHE,-0.03942455697091349
002023.XSHE,0.00597078709237157
000961.XSHE,-0.03060152952069193
600285.XSHG,0.028478434021797838
600353.XSHG,-0.005697902151682508
000820.XSHE,0.006039454108075645
603165.XSHG,0.0022504056882293455
002746.XSHE,-0.071177714177597
002263.XSHE,0.0461276264868344
603027.XSHG,-0.06783449692175487
000818.XSHE,0.011817135273476508
600479.XSHG,-0.0009099722385776179
300199.XSHE,0.03069433295774507
603198.XSHG,0.11583354909751249
300287.XSHE,-0.02810244990920487
002896.XSHE,-0.033783597015037484
002187.XSHE,0.005956640715573513
688518.XSHG,-0.010618317027810482
002629.XSHE,0.02432056929817354
601789.XSHG,-0.00792350188315408
600380.XSHG,-0.0031552356581515933
002076.XSHE,0.03128271578554962
000700.XSHE,-0.0042266739225052495
002296.XSHE,-0.006457883357318742
300503.XSHE,-0.07833390129124468
600654.XSHG,-0.04890423336580883
600759.XSHG,0.003665469459183522
002836.XSHE,5.1989008553791904e-05
300812.XSHE,-0.13079510792517732
300038.XSHE,-0.011435843636972167
603238.XSHG,0.021690493903840955
688135.XSHG,0.039545344444249925
002890.XSHE,-0.006051771934951683
300534.XSHE,-0.026420395213968627
600538.XSHG,0.06035532736840059
688408.XSHG,0.016488180367931413
000993.XSHE,0.05378249591562007
002250.XSHE,-0.02080778031046619
002032.XSHE,0.0016264556268583003
002229.XSHE,0.038227387556055537
000030.XSHE,0.07064992050496491
300150.XSHE,0.01715862519618592
300456.XSHE,-0.07912055621527966
605399.XSHG,-0.014003419749751753
603290.XSHG,-0.014573880302837237
603258.XSHG,0.028326115538738518
300383.XSHE,-0.13857762168517668
600291.XSHG,-0.012788600585964205
600753.XSHG,0.05370508584045306
603357.XSHG,-0.009183197302361047
300763.XSHE,0.009296392933768816
603178.XSHG,-0.015698615734105206
601139.XSHG,0.003046507972249807
002351.XSHE,-0.04595735392560477
603843.XSHG,-0.006263037746692179
601968.XSHG,-0.01660943104300844
600354.XSHG,0.04675828890498194
002410.XSHE,0.018684140296173976
600823.XSHG,-0.04159603184525513
300735.XSHE,-0.040417622232024955
688003.XSHG,0.06688546133241621
603256.XSHG,-0.0836564849754298
300535.XSHE,-0.013638314828040225
002568.XSHE,0.037106921211428945
000780.XSHE,0.07619452187703839
603893.XSHG,-0.06719482999051822
600568.XSHG,0.0356540778781464
002973.XSHE,0.06039864607394055
000504.XSHE,0.1102910024321042
600985.XSHG,0.023914281631713268
603208.XSHG,0.06410822038390028
300459.XSHE,-0.11638286222388505
603588.XSHG,-0.04147021489474778
688589.XSHG,-0.012178888339992817
688156.XSHG,-0.04301311933280782
601519.XSHG,-0.03179041681975412
300505.XSHE,0.036251246529178785
002243.XSHE,0.00824576885990754
600609.XSHG,-0.016287941947066092
002496.XSHE,-0.03838490272617165
300240.XSHE,0.0350006123489365
002116.XSHE,0.057605941049763
300219.XSHE,0.07264677697179292
002427.XSHE,0.009439179353865242
002939.XSHE,-0.039205095748220765
600826.XSHG,-0.0022960609834614502
300496.XSHE,0.09600361211594717
000837.XSHE,0.06863934127970768
601113.XSHG,-0.014802705119506293
601577.XSHG,-0.03389801059022754
605111.XSHG,-0.03594964234721704
002068.XSHE,-0.01109922558691807
300332.XSHE,0.01491759966023295
603933.XSHG,0.0013623289039407308
000519.XSHE,-0.011137411545697097
002785.XSHE,-0.022871410466982826
603986.XSHG,-0.06281220670944415
688377.XSHG,-0.03622240298849151
600552.XSHG,0.08738001163478794
300036.XSHE,-0.03679541103139614
600843.XSHG,0.009620110338298616
600626.XSHG,0.01478053222321546
603000.XSHG,-0.021848453471196204
000488.XSHE,-0.028633294566817083
000800.XSHE,-0.005371141429232687
300343.XSHE,0.01684434492279109
300333.XSHE,-0.04957329183806862
002054.XSHE,0.03711017194898868
300463.XSHE,0.011852820511548448
000973.XSHE,0.013741692971377322
000639.XSHE,0.15164650451813064
300232.XSHE,0.00520424842639694
002428.XSHE,0.0008799482787846501
688578.XSHG,-0.01796734906533653
300512.XSHE,-0.02212275494013218
002049.XSHE,0.030779206640195608
000672.XSHE,-0.056007369790293526
603585.XSHG,0.022866690609643203
002407.XSHE,0.14288795737494261
300729.XSHE,-0.0878618047240359
600223.XSHG,-0.1046938959317476
603358.XSHG,0.005955024031117372
000886.XSHE,0.0038078197422059326
603066.XSHG,-0.05458223350789343
688357.XSHG,0.024065293760805788
002494.XSHE,-0.00445941589223299
300851.XSHE,-0.06706900098047462
300615.XSHE,-0.03353756386668759
002320.XSHE,0.026280665950132724
300680.XSHE,0.045169138894442094
601068.XSHG,0.012707709423946058
605136.XSHG,-0.10882034444516799
002198.XSHE,-0.010712088018165491
600846.XSHG,0.014415874093648025
600387.XSHG,0.029499180171220177
300644.XSHE,0.08572726252277221
300823.XSHE,-0.10689078677172842
300815.XSHE,-0.06163908145320619
300517.XSHE,-0.02719903041247434
600009.XSHG,-0.05442324331111474
600007.XSHG,-0.021647108223741017
600716.XSHG,0.03239853863495934
600328.XSHG,0.0192215551658672
300358.XSHE,0.00455241620628029
600785.XSHG,-0.007371278019050069
000037.XSHE,0.006832593592545504
603917.XSHG,-0.011031787909634258
002419.XSHE,-0.015909269194421965
300898.XSHE,0.022240157266603396
002328.XSHE,0.014201126542242985
002463.XSHE,-0.032008890417341576
002539.XSHE,0.0371775021623008
600736.XSHG,0.011784614150289136
603607.XSHG,-0.008509847904295008
000407.XSHE,0.0003952941819917351
300835.XSHE,-0.0016205297002091223
600691.XSHG,0.08712982949519009
002237.XSHE,-0.004133036621613359
002216.XSHE,-0.0830131300234288
002431.XSHE,-0.0006301623955536802
300811.XSHE,0.01149868314485219
300518.XSHE,-0.0314042624091787
600066.XSHG,-0.039844433249252915
300999.XSHE,0.16583730188532828
600148.XSHG,0.011777355210713547
000911.XSHE,0.08860920382240431
603557.XSHG,-0.03126510672219887
300390.XSHE,0.1890756083827241
300636.XSHE,-0.027789825151542633
002087.XSHE,0.06476248485885584
300473.XSHE,-0.050818427284764156
605088.XSHG,-0.04960029114736319
002366.XSHE,-0.04606792781598967
002537.XSHE,0.037831767760740195
600396.XSHG,-0.0480545502992953
300043.XSHE,-0.017254075992036426
300081.XSHE,0.06403872915145739
300379.XSHE,-0.041619527436191704
605166.XSHG,-0.030046883879490057
300718.XSHE,0.00603655006986922
600128.XSHG,-0.008538758560131796
600959.XSHG,-0.012945463623260796
688338.XSHG,-0.027773230766090572
002991.XSHE,-0.018023151151420683
600496.XSHG,-0.028042226267060367
300837.XSHE,-0.019190585314787283
002768.XSHE,0.07227892548110793
603316.XSHG,-0.063734343766411
000982.XSHE,0.005664300588652527
300582.XSHE,-0.017175600372853296
300511.XSHE,-0.03593994681321651
600093.XSHG,0.009675797722798012
002521.XSHE,0.01357754907068942
002822.XSHE,-0.04839853520162328
000049.XSHE,0.010284559292520087
300572.XSHE,-0.0894706329352761
002205.XSHE,-0.015576642063727185
600976.XSHG,0.01522338504907826
600195.XSHG,0.032169276721219574
600511.XSHG,-0.07967894033942154
002033.XSHE,0.014293139265763833
600845.XSHG,0.010295825637717599
002107.XSHE,-0.01579326097529
600182.XSHG,-0.06745033207232884
002903.XSHE,-0.004524961784153521
600318.XSHG,-0.022300900897513822
601808.XSHG,-0.03658852702899096
002047.XSHE,-0.04471942260902781
002398.XSHE,-0.027386471272777164
600751.XSHG,-0.01773242898824354
002364.XSHE,-0.03874037844464298
300492.XSHE,0.022651833299824328
600265.XSHG,0.13217204063928042
002163.XSHE,0.09606131451309477
603578.XSHG,0.03040721732454406
000776.XSHE,-0.0393790300756577
000151.XSHE,-0.00201994695577927
002883.XSHE,-0.059094455178469146
002728.XSHE,0.0008512821388150307
688118.XSHG,-0.025824890093145897
300787.XSHE,-0.046405344602119356
002010.XSHE,-0.005100445656096067
002083.XSHE,-0.014270682520225533
300136.XSHE,-0.0735331904497834
300827.XSHE,0.017524064815042484
002101.XSHE,0.0028615170408832352
002855.XSHE,-0.0024838974169048567
600523.XSHG,-0.04270142642114556
000011.XSHE,-0.017241516666241432
600592.XSHG,-0.04290288538983504
600361.XSHG,0.01732546681682007
600655.XSHG,-0.0013718562705138486
000530.XSHE,0.02238010964510501
002773.XSHE,0.008074110187411917
002859.XSHE,-0.03314848144162977
601058.XSHG,0.02474475124279793
603990.XSHG,-0.0363261674650677
300519.XSHE,0.0312942849046922
002732.XSHE,0.0450546076260238
300816.XSHE,0.012860969660233021
002719.XSHE,0.03339835145118166
300051.XSHE,-0.019784197638528483
002038.XSHE,-0.009716956649269434
603269.XSHG,0.0007769346636818525
002438.XSHE,0.06991916675447432
003007.XSHE,-0.04788454011649138
600702.XSHG,0.18052583311841133
600382.XSHG,0.08633951147423895
002330.XSHE,-0.02118152819491783
002057.XSHE,0.015552724879418027
603698.XSHG,0.022513677628753056
601880.XSHG,-0.005359197510755838
603359.XSHG,-0.08665321246785623
002819.XSHE,-0.06601660500661302
603687.XSHG,-0.06610524971113141
601827.XSHG,-0.01416543274274085
002165.XSHE,0.04381045034461295
603121.XSHG,-0.046707538224028226
300239.XSHE,-0.08723682762010689
688358.XSHG,0.03751559364206623
002136.XSHE,-0.019883807089150753
601002.XSHG,0.012719979435958005
002995.XSHE,-0.10666820727955266
002389.XSHE,0.002693467893385431
000548.XSHE,0.017822992592357867
300447.XSHE,-0.03619953795057301
603139.XSHG,-0.0006955410318629784
603260.XSHG,0.016104690642352242
002213.XSHE,-0.022507145885866695
600385.XSHG,-0.019299877476366828
000782.XSHE,-0.001693290714799213
002588.XSHE,0.10430077084098613
002156.XSHE,-0.049973928429008
603519.XSHG,-0.011675302357800208
300375.XSHE,-0.0038947054650166416
002945.XSHE,-0.03426704443317757
000877.XSHE,-0.05646403295827889
603363.XSHG,-0.028854214003469103
300631.XSHE,-0.0014008313280667525
002531.XSHE,0.027226274668609027
002811.XSHE,0.02420224275229353
600323.XSHG,-0.0340658104340353
603078.XSHG,0.03281355057534824
000729.XSHE,0.18190608632449864
603555.XSHG,0.07762487971152907
300428.XSHE,-0.04239639250054657
002349.XSHE,0.04180129466531769
002813.XSHE,-0.09611128407298895
002338.XSHE,0.012242084047649388
300541.XSHE,-0.058228826883996235
002470.XSHE,-0.04545016750215306
002266.XSHE,0.007003225525915625
000970.XSHE,0.018061708811301178
688398.XSHG,-0.05394023677692693
300689.XSHE,-0.04140436841270309
300760.XSHE,0.014620647826202864
002557.XSHE,-0.05944750733700313
600605.XSHG,0.005393893249215371
300781.XSHE,-0.06659577896265662
600322.XSHG,-0.002663547914129774
300766.XSHE,-0.14660965855054536
688389.XSHG,0.10909707436085879
003018.XSHE,-0.05505817033670111
002625.XSHE,-0.0015529684949051098
600608.XSHG,0.017727483394058715
600547.XSHG,-0.021686410743603828
300277.XSHE,-0.07364814172368246
601500.XSHG,-0.025504224875321328
000671.XSHE,-0.012284711624972538
300039.XSHE,0.02063162096868806
002112.XSHE,0.03866475583367123
600201.XSHG,-0.01073478498321324
002361.XSHE,0.1247270461322279
300895.XSHE,-0.10012107341330294
002151.XSHE,-0.04431404856317452
600908.XSHG,-0.012397300053934407
605258.XSHG,-0.1397227462092004
002354.XSHE,-0.04817066386400082
002862.XSHE,-0.10373234448175098
003004.XSHE,-0.11852862627409641
603682.XSHG,-0.001703245751642577
300670.XSHE,0.03570070096759596
002907.XSHE,-0.03562693761241635
300573.XSHE,0.06390418199834486
300504.XSHE,-0.046009105855250025
601702.XSHG,0.03141175588801183
000065.XSHE,0.005691540581224262
600675.XSHG,-0.0033164040974827044
002736.XSHE,-0.037777722262561084
002196.XSHE,-0.00986038460635777
600059.XSHG,0.1890327208401152
603767.XSHG,-0.0140018900086077
600075.XSHG,0.0012560716133939442
300601.XSHE,0.04455408196339769
600825.XSHG,-0.04921235223295274
002222.XSHE,-0.06342010756993648
600000.XSHG,-0.020832418775882336
002636.XSHE,0.059800265462056926
002388.XSHE,-0.003969253423551762
300445.XSHE,-0.06416086450570464
002453.XSHE,0.03911589143493629
603217.XSHG,0.0070631161242581605
300424.XSHE,-0.040304975504597204
000838.XSHE,-0.01683220987506966
600035.XSHG,0.013819615058924494
002285.XSHE,-0.02613671124362787
002692.XSHE,-0.005726378637709584
688089.XSHG,0.048499451574563236
603665.XSHG,0.17519943986073924
603348.XSHG,0.009520496618026566
300866.XSHE,0.004282858560827216
603527.XSHG,0.011339859141815282
600963.XSHG,-0.032990267927041975
688021.XSHG,0.014250290270026401
000428.XSHE,0.025590297822662398
603626.XSHG,-0.03640876049044424
688080.XSHG,-0.07281060733905559
000591.XSHE,0.05049054084402743
600755.XSHG,-0.01540404595562705
600120.XSHG,-0.012895447333615155
000423.XSHE,-0.05916329952673562
300674.XSHE,-0.07663160325273832
601038.XSHG,0.026225404110270502
300625.XSHE,-0.011561560338670316
600664.XSHG,0.043136610562011
002769.XSHE,-0.04219471957810299
300371.XSHE,-0.032265139660992426
600712.XSHG,-0.004720531524833139
600895.XSHG,-0.015121627137186299
002305.XSHE,0.012395103585540327
002315.XSHE,-0.02369058907695979
002291.XSHE,-0.09577611116489214
300291.XSHE,-0.028301054038525588
000531.XSHE,0.005679070255079556
300299.XSHE,-0.12188160469231597
605128.XSHG,0.027061800486306176
002673.XSHE,-0.0027919288734074826
688007.XSHG,-0.03786809861270489
300483.XSHE,0.02152955898895245
603331.XSHG,0.0039609089285988115
002357.XSHE,0.014701290815035094
688369.XSHG,0.011678410803807193
001896.XSHE,0.19439582692898733
603912.XSHG,-0.00922522256403709
600707.XSHG,-0.024031742900899086
600190.XSHG,0.01142529168913784
600546.XSHG,0.08048514889954766
601985.XSHG,0.014457474981268375
600929.XSHG,0.028531969095161952
600421.XSHG,0.05318566059372479
000868.XSHE,0.06428900326349479
600029.XSHG,-0.021845068391242214
603017.XSHG,0.0017810716586043052
002702.XSHE,-0.011370395066806677
603667.XSHG,0.011517401900131504
300533.XSHE,-0.03943499725001137
002178.XSHE,-0.011356939889574143
688600.XSHG,-0.047953470727153495
000611.XSHE,-0.0006239798973780852
603221.XSHG,0.033658073150310455
601012.XSHG,0.14134547997253585
002069.XSHE,0.12549462149585616
300282.XSHE,-0.01608783064158352
600104.XSHG,-0.05455931355866514
300027.XSHE,-0.03360763699995953
688301.XSHG,-0.06343003461737512
300513.XSHE,0.013005426236184328
603648.XSHG,-0.005193669647417212
600732.XSHG,0.07768374162233681
603536.XSHG,0.02938646303504645
605169.XSHG,-0.0029773444953071944
300106.XSHE,0.20364892584374913
000899.XSHE,0.12079864399537911
300037.XSHE,0.00751131653424797
002340.XSHE,0.14833898604986326
603709.XSHG,-0.042456248454874106
300330.XSHE,-0.0055724951797942734
688233.XSHG,0.015248962458349903
600791.XSHG,-0.05469922942986104
000962.XSHE,0.10363292640482027
603721.XSHG,0.021270217060366713
300893.XSHE,-0.061242868761001434
000656.XSHE,-0.04295223325677611
600873.XSHG,0.001587610076278995
603115.XSHG,-0.04752100768413467
603320.XSHG,0.016343349199385727
000909.XSHE,0.005667745166434979
600062.XSHG,0.030330437040867287
603615.XSHG,0.017737057460004514
300801.XSHE,0.02352173970199271
600833.XSHG,0.0169628467241476
000752.XSHE,0.064213572119624
603288.XSHG,-0.030399384856384534
000589.XSHE,0.062307086867490064
300437.XSHE,-0.006365180815913321
002507.XSHE,-0.03230267839043323
003022.XSHE,-0.15400063004110598
300905.XSHE,-0.05960516593569225
603377.XSHG,-0.0653357672852433
600360.XSHG,0.01235476741011882
300312.XSHE,-0.1763892305247344
000921.XSHE,-0.08374661892777366
600580.XSHG,0.01644783554790951
600082.XSHG,-0.008447547632505048
603779.XSHG,0.08285404194381618
002618.XSHE,-0.1820219661415591
603158.XSHG,0.06439635309922807
603538.XSHG,0.08780139564931522
603016.XSHG,0.013354922793247131
002653.XSHE,-0.055679326892307916
002001.XSHE,-0.030805521063726443
300494.XSHE,-0.00873399350542189
601686.XSHG,-0.07758681880643767
300429.XSHE,-0.05501519507429835
600490.XSHG,0.19196435392684166
688127.XSHG,0.06197802003409733
000858.XSHE,0.03222174714702257
600517.XSHG,0.057542810969290474
300347.XSHE,0.07092476050299487
000099.XSHE,0.005385909495098713
000040.XSHE,-0.019847718744605457
688258.XSHG,0.020152546615411396
600289.XSHG,0.16194503307017108
603232.XSHG,-0.06622759008989601
300430.XSHE,-0.010872868267603229
002139.XSHE,0.014333660750660754
300030.XSHE,0.1599275642880755
002115.XSHE,-0.05204372914777608
600228.XSHG,0.03209386547605707
603992.XSHG,0.05919684436111727
000002.XSHE,-0.028055008559136736
603726.XSHG,0.002255462069497345
002520.XSHE,-0.008345536225482272
688363.XSHG,0.04447593276976613
300423.XSHE,-0.005525692799543087
300829.XSHE,-0.005340086883102153
002918.XSHE,0.03187935010890368
300903.XSHE,-0.05166356011301439
600130.XSHG,-0.02173471195543839
000755.XSHE,0.002124947937919272
002748.XSHE,-0.04056856104338916
002919.XSHE,0.016056805349584032
002755.XSHE,-0.055926720746647125
003000.XSHE,-0.042047439754972216
300246.XSHE,0.08469190971100096
603012.XSHG,-0.015507259502638034
002970.XSHE,0.040094528721820885
688571.XSHG,-0.09567552187620504
600528.XSHG,-0.005484179063632804
000778.XSHE,0.011894728887775447
300446.XSHE,0.013181188864585656
300566.XSHE,0.011529864989782201
000811.XSHE,0.08139395364195638
300073.XSHE,0.09134690340883439
300017.XSHE,-0.027912689196633124
300290.XSHE,-0.18255308720899477
300745.XSHE,-0.022233893251337157
001872.XSHE,0.0019554840408849807
002288.XSHE,0.06288128680073836
002829.XSHE,-0.03731922183383156
002913.XSHE,-0.0205742381894807
002309.XSHE,0.04683301318196234
300868.XSHE,0.0007608416219096574
600428.XSHG,0.020063424848642077
600125.XSHG,0.02216715602254665
000063.XSHE,-0.05189513533375664
300662.XSHE,-0.021842486878455553
688020.XSHG,0.011051926052106474
300059.XSHE,-0.024769516792242638
002021.XSHE,-0.06299276069218075
300370.XSHE,-0.03950159576327304
600399.XSHG,0.11589532194323966
603877.XSHG,-0.03253883784008679
300273.XSHE,0.08153213459088117
300788.XSHE,-0.01049197851409615
601158.XSHG,0.0037711312604263515
000683.XSHE,0.04089990300852547
603031.XSHG,-0.0640945269306687
603678.XSHG,0.020324919421362737
002554.XSHE,-0.010167041139719682
300438.XSHE,0.10255383579287318
300023.XSHE,-0.08104760420135297
300197.XSHE,0.08583819330181974
300003.XSHE,-0.000968855569580164
000524.XSHE,0.08356464861823397
300072.XSHE,0.005781587614952733
300853.XSHE,-0.016340601088033264
603185.XSHG,0.06426894194513709
603685.XSHG,-0.030923232845244737
002332.XSHE,-0.053205036310758236
601606.XSHG,-0.021183595563696117
300086.XSHE,0.022702599607200294
603008.XSHG,0.020208714319569353
002441.XSHE,0.00027607848087493267
300085.XSHE,-0.035621697488022734
601200.XSHG,-0.015651013098238943
600721.XSHG,0.08890438452067961
002050.XSHE,0.08270399056336365
300031.XSHE,0.030407286301532617
002869.XSHE,-0.03746516817504458
000768.XSHE,0.004232165756778536
300540.XSHE,0.11171414769652835
603938.XSHG,0.004078963930353018
002109.XSHE,0.014855202424082992
600271.XSHG,0.0023754651786067685
000923.XSHE,0.14190028709566047
002172.XSHE,0.01191552078254382
002424.XSHE,-0.016482471680733284
002591.XSHE,-0.030638424801274627
300420.XSHE,-0.040769855564488144
300530.XSHE,-0.042963193283716575
600475.XSHG,-0.010339859451337492
688168.XSHG,-0.011228072124492956
002587.XSHE,-0.021860367890641063
002078.XSHE,-0.05710111990256091
603009.XSHG,0.005826403521874111
300336.XSHE,-0.01515136006744883
600745.XSHG,-0.0934487668544129
603863.XSHG,-0.03711466466092381
600628.XSHG,-0.008712375751852637
601086.XSHG,-0.01235128326941293
600121.XSHG,0.19581932249855913
688186.XSHG,-0.034158755955145
603580.XSHG,0.023692490901360143
300241.XSHE,-0.017157473267625692
002581.XSHE,0.14240433780862077
000529.XSHE,-0.012651319216730787
000757.XSHE,0.0795273063976643
603970.XSHG,0.0520734026383293
600647.XSHG,-0.041439359592972194
600810.XSHG,0.028688771231995043
300542.XSHE,-0.0470422792988106
689009.XSHG,0.10033584816409806
000561.XSHE,-0.003782481614670676
000767.XSHE,0.04196380548680314
603839.XSHG,-0.010512386640702025
002980.XSHE,0.034870966238049854
002386.XSHE,0.06487595950970503
002679.XSHE,-0.0052790827273296315
000551.XSHE,0.0013008234952710425
002570.XSHE,0.1402115808457958
603815.XSHG,-0.05113555285213239
688555.XSHG,-0.08403684675826743
002327.XSHE,0.01000831931231816
002367.XSHE,0.015346648010828015
600897.XSHG,0.009141290881283078
600635.XSHG,0.004272513300760117
002726.XSHE,-0.01710107980619474
603611.XSHG,0.007311213635223794
000516.XSHE,0.15386815388954267
600288.XSHG,-0.023043055080291548
300124.XSHE,-0.015746248554379436
002311.XSHE,-0.030473864555249468
601615.XSHG,-0.007112374629437413
601992.XSHG,-0.006464286488250906
300177.XSHE,-0.010334374058194859
300237.XSHE,-0.01522699755330804
688221.XSHG,-0.043091836267264136
603960.XSHG,0.07009219157821009
603168.XSHG,0.09107015145747899
002759.XSHE,0.15447833734403132
300897.XSHE,-0.05104650470958835
600234.XSHG,0.022931452814224124
688026.XSHG,0.07068808908621141
605177.XSHG,-0.056446734670480087
002958.XSHE,0.04302946468998377
600739.XSHG,0.019538901558893193
002118.XSHE,-0.01612409228740383
002758.XSHE,0.005762169981673785
000650.XSHE,0.021417712828500905
300458.XSHE,-0.014182289652960237
603298.XSHG,0.0654354027792646
300583.XSHE,-0.0034909465500139562
600429.XSHG,0.02277519288402524
000989.XSHE,-0.0032792461331998743
300481.XSHE,-0.04063556275296261
600502.XSHG,0.007385386022992104
002815.XSHE,-0.027496435024289972
002930.XSHE,-0.022056738316754282
600540.XSHG,0.09423421912242574
603999.XSHG,-0.0013259746008588667
300455.XSHE,-0.0020850167789441022
000421.XSHE,0.005466684229913511
300374.XSHE,0.04863143382945084
688088.XSHG,0.023862497447458924
603616.XSHG,0.019410229703143142
000523.XSHE,0.023169542055445712
603662.XSHG,0.028896727987938416
603227.XSHG,0.08437775937867786
300852.XSHE,-0.02818458143503932
300839.XSHE,-0.07177662626259042
300545.XSHE,-0.010669487234082085
000031.XSHE,-0.008358867925399421
600619.XSHG,-0.029492447429998094
000819.XSHE,0.02365146433365099
002668.XSHE,0.0077206248133017755
300099.XSHE,0.0058062544105039506
600510.XSHG,-0.009011785126844297
600816.XSHG,0.15330343545793762
601717.XSHG,-0.04187189414143957
300621.XSHE,-0.04298525641654861
000969.XSHE,0.009541612576402994
600606.XSHG,-0.03262264946928811
600909.XSHG,-0.050427123942054196
600507.XSHG,0.04334131192529153
300786.XSHE,-0.03207150909920082
000717.XSHE,0.0037151230102843453
002649.XSHE,-0.014563972047404054
300643.XSHE,0.003332040646088101
300478.XSHE,-0.005699074605185796
002245.XSHE,0.15016097790605992
600239.XSHG,-0.02344100394445654
002695.XSHE,-0.03686555370551518
600513.XSHG,0.0938261445788246
600750.XSHG,0.029720071960544835
600008.XSHG,-0.002174586525255519
002313.XSHE,-0.06720210490914075
603365.XSHG,0.02056494126617094
300335.XSHE,0.021901002700011468
601137.XSHG,0.040104595189117735
600610.XSHG,-0.0025869236171964377
600556.XSHG,-0.052496252706902405
600703.XSHG,-0.05513649180771975
603456.XSHG,0.04472636662875909
002267.XSHE,0.02394310870019337
300005.XSHE,-0.024781775144222556
002063.XSHE,0.05075705174742054
002485.XSHE,0.03137831465789592
002825.XSHE,0.01941088025945047
002703.XSHE,0.04400784827468433
603466.XSHG,-0.05998676212023467
002158.XSHE,0.05916861419071388
600006.XSHG,0.18485360622978428
002279.XSHE,-0.0709310783270494
603868.XSHG,0.011663942869206675
002154.XSHE,0.021905852788493885
002413.XSHE,-0.010768019092184947
003016.XSHE,-0.04066520549353392
002408.XSHE,0.012567886105775626
300877.XSHE,0.016092889941527785
000980.XSHE,0.07328566540644456
300892.XSHE,-0.12170933903085035
603317.XSHG,-0.031485609650847034
002264.XSHE,-0.024912072222317568
000615.XSHE,0.1425767454120849
002763.XSHE,0.0008198260193245689
002234.XSHE,-0.054419364616016846
688577.XSHG,0.027588218030846625
002411.XSHE,0.014085254353841984
603599.XSHG,0.028329865269482866
603333.XSHG,-0.026533791223875332
600748.XSHG,-0.0009663000489275354
600090.XSHG,-0.0619619149438537
300740.XSHE,0.054923947339958895
603105.XSHG,0.006587300747346061
000625.XSHE,-0.04366915904999384
300630.XSHE,-0.07577572311485437
600180.XSHG,0.002314483632296617
603086.XSHG,-0.025205605910983957
601005.XSHG,0.025689316578490055
000420.XSHE,0.005962687851149735
601399.XSHG,-0.035403671423337606
300638.XSHE,-0.019337786168876818
601989.XSHG,-0.015991206926213752
300832.XSHE,-0.049476491663464725
603737.XSHG,-0.008473207044237515
002985.XSHE,0.02105976693633322
300887.XSHE,-0.0025197383599977335
002150.XSHE,0.003965650962313036
603596.XSHG,-0.03465067038829964
300308.XSHE,-0.0445442658562036
601155.XSHG,-0.024800585393092413
002074.XSHE,0.11941203518168171
601882.XSHG,0.0077957379653044116
300162.XSHE,-0.006386397507318006
300212.XSHE,-0.059077124476209185
600222.XSHG,0.03573222104766397
603335.XSHG,-0.012628040040860086
002214.XSHE,-0.00576860028899869
300724.XSHE,-0.0031025669881588583
688177.XSHG,-0.016606906289109966
002423.XSHE,-0.05464786700807374
300348.XSHE,-0.017422528468613398
300721.XSHE,0.009526026814832785
600446.XSHG,-0.03740640509991118
000543.XSHE,0.046595909216601214
600110.XSHG,0.18595193757607703
600577.XSHG,0.011676757598990043
603380.XSHG,-0.025710011902635596
002467.XSHE,-0.021162789594779113
002747.XSHE,0.12124687843177638
600367.XSHG,0.04219566616862883
603059.XSHG,-0.022799323522132146
002350.XSHE,0.039102608633195826
300385.XSHE,-0.028284076899215197
002106.XSHE,0.00943304612121794
688139.XSHG,0.03459272305778854
000967.XSHE,-0.000518462514335666
002981.XSHE,-0.046108593318092805
603816.XSHG,0.01638410805175959
300580.XSHE,-0.018368204714951136
002610.XSHE,-0.03681818478703905
603297.XSHG,0.028460366439517524
600649.XSHG,0.008865868547965578
002325.XSHE,0.01294459245541072
000831.XSHE,-0.004947542077507404
600737.XSHG,0.14738055093152574
603719.XSHG,0.04685945984892894
300301.XSHE,-0.023774368058947778
002555.XSHE,0.014244255541952872
300373.XSHE,0.010929689461963555
002580.XSHE,0.0309317244003839
300020.XSHE,-0.007617129823698398
002852.XSHE,0.09750758353102325
605123.XSHG,0.008647406958745052
300192.XSHE,-0.08028407091451752
000920.XSHE,-0.07690647467746049
001965.XSHE,-0.059077403669478876
600779.XSHG,0.0392500193889865
600697.XSHG,0.012561276751617802
603633.XSHG,0.012197143327909922
300821.XSHE,-0.04806785775801003
002041.XSHE,0.11527263398241056
600160.XSHG,0.05820152941748434
603228.XSHG,-0.05942348737322931
603956.XSHG,-0.007814885946018497
002147.XSHE,0.0584631185861942
300207.XSHE,0.026091648901473235
601330.XSHG,-0.020818686257373084
300283.XSHE,-0.03007620742246726
002155.XSHE,0.020299217431333876
000400.XSHE,0.03781202687760813
300143.XSHE,-0.028218470529970337
002347.XSHE,0.007960767734337959
000655.XSHE,0.1502518346177786
300261.XSHE,-0.011365849786664502
000851.XSHE,-0.024593274821686415
600113.XSHG,-0.007268981305492847
002977.XSHE,-0.014725398694195247
688268.XSHG,-0.014759086537101302
300648.XSHE,0.1982815619043698
300436.XSHE,-0.00201055332361659
600756.XSHG,-0.05181062835009233
002287.XSHE,0.06371074920559781
002058.XSHE,-0.12168865123153819
600012.XSHG,-0.02449820745746014
002476.XSHE,-0.034142356349503994
000558.XSHE,-0.03740804277793618
002097.XSHE,-0.01841443834250897
688011.XSHG,0.050320190875232665
600519.XSHG,0.025246143224667863
000826.XSHE,-0.025012167525651424
002839.XSHE,-0.00787996332088146
300326.XSHE,0.050585262604144636
002966.XSHE,-0.01152496566904046
002292.XSHE,-0.05506484499740804
000801.XSHE,0.038361981182337086
300233.XSHE,-0.03535340476766011
600277.XSHG,-0.010267622885081623
000736.XSHE,0.023631516702569733
000590.XSHE,-0.006402501610271949
601098.XSHG,-0.023429875301737457
002110.XSHE,0.020390181537512493
603181.XSHG,0.050524438998809026
000883.XSHE,0.022825368271480455
300899.XSHE,-0.04673863606411681
600535.XSHG,0.020404427761683136
605018.XSHG,-0.011956623174363988
601595.XSHG,-0.020606012436314495
601668.XSHG,-0.023028343217476935
000705.XSHE,0.014529034604977974
002915.XSHE,0.07616340068978064
300410.XSHE,-0.023229413895943067
600186.XSHG,-0.021113816859555972
002879.XSHE,0.026170873138219516
603001.XSHG,0.0006623730625869885
603968.XSHG,0.0038936871981880075
000039.XSHE,-0.002093418610169931
000659.XSHE,0.008356943005576614
003023.XSHE,-0.04571120823624056
688311.XSHG,0.0009352436512015134
600369.XSHG,-0.012251828552627582
300479.XSHE,-0.03504188009090196
300746.XSHE,-0.03615413460805264
000996.XSHE,-0.08620015795097823
600986.XSHG,-0.031735861317348325
000897.XSHE,-0.022170836085277923
002786.XSHE,-0.01103504747483175
300795.XSHE,-0.005236838204834608
002899.XSHE,-0.03596376824235614
603042.XSHG,-0.009400918814524387
600562.XSHG,0.02894633774163756
603528.XSHG,-0.03508902358641562
601229.XSHG,-0.026486758848244817
000559.XSHE,-0.05213625934175818
300769.XSHE,0.053736674313514206
600500.XSHG,0.026275360115752478
601000.XSHG,0.004046622420366212
000679.XSHE,0.009278470451889911
600243.XSHG,0.06010409182578573
600698.XSHG,0.060607642524836504
600080.XSHG,-0.03533766161109052
600559.XSHG,0.09965552104606046
002390.XSHE,0.04375945971948486
000005.XSHE,0.037769198303627946
000825.XSHE,0.011070961772312812
300306.XSHE,0.06773195503532356
600112.XSHG,0.03679750380479436
300876.XSHE,-0.011708514652724347
603605.XSHG,0.03811451691859896
603963.XSHG,0.02077421314679385
000823.XSHE,-0.011865827881925028
300378.XSHE,-0.03892663720265317
600162.XSHG,0.02042552695816091
600597.XSHG,0.07022598587330466
002227.XSHE,-0.11120947195607478
300521.XSHE,-0.07092456885966343
603788.XSHG,-0.01602110768209797
000971.XSHE,-0.0038607846672235394
600100.XSHG,-0.004780011997565925
600116.XSHG,0.0135222115139112
300470.XSHE,0.04252024266197006
002779.XSHE,-0.01000508794132593
300692.XSHE,0.03258045771389911
000751.XSHE,0.06594751946987693
300408.XSHE,0.04420554482502425
002017.XSHE,-0.013151482599604424
300843.XSHE,-0.04657934790662541
688065.XSHG,-0.041375481139197964
002084.XSHE,-0.05065241303187555
601869.XSHG,-0.02124911370971307
600282.XSHG,0.018356788993139944
603050.XSHG,0.022986933233150156
600853.XSHG,0.014390279097177012
600122.XSHG,0.002305149150587091
603897.XSHG,-0.0010816895126657226
002623.XSHE,0.040523757965603494
002310.XSHE,-0.03571042895388634
605158.XSHG,-0.018279152058256858
300435.XSHE,0.04432429447277271
300886.XSHE,-0.1091991823389316
603569.XSHG,-0.01257592650615303
002917.XSHE,-0.010020126891763868
600306.XSHG,0.14159517618114517
300188.XSHE,-0.042284116954825784
000607.XSHE,0.03254440306413503
600251.XSHG,0.09764913760133549
600315.XSHG,-0.0277795015571107
601288.XSHG,-0.023900129127510435
601857.XSHG,-0.014001558114013036
600715.XSHG,-0.024068446049825443
600283.XSHG,0.017047207413891135
000514.XSHE,0.019676578307447838
600688.XSHG,0.01743291056068447
002998.XSHE,-0.0373600004267579
601326.XSHG,0.01873897667127311
605183.XSHG,-0.12689561421536055
603010.XSHG,-0.0098895082085395
002004.XSHE,-0.029744940583543267
600106.XSHG,0.023083255879845246
002484.XSHE,0.05730133288290382
300008.XSHE,-0.03543120112901559
600792.XSHG,0.05741664479385877
600569.XSHG,0.07437988709365476
603618.XSHG,0.03246981222983024
600151.XSHG,0.06048625093530674
002835.XSHE,0.03004228349350215
300687.XSHE,-0.023485429330395807
300175.XSHE,-0.036708506809281644
000502.XSHE,0.15924929900158943
601881.XSHG,-0.04444540651346591
600305.XSHG,-0.04451122194163747
600272.XSHG,0.003732319887341757
000430.XSHE,0.014600953801966767
000681.XSHE,-0.009817099184805948
600493.XSHG,0.030413357387327478
002356.XSHE,-0.06466778934413084
002799.XSHE,0.05483230575840317
000301.XSHE,-0.05534650458531522
300253.XSHE,0.03434056200209728
002584.XSHE,0.01993145801234005
002006.XSHE,0.061363460589159105
600470.XSHG,0.0024330923647721166
000020.XSHE,0.04299719516109651
688526.XSHG,-0.06958603149533134
300859.XSHE,-0.05536739721213782
002628.XSHE,0.003454568913241352
002751.XSHE,-0.03373268808788271
002090.XSHE,-0.02639290624699669
300514.XSHE,0.0003225768467491272
603106.XSHG,0.01932189151239239
601126.XSHG,0.046350937672701015
000917.XSHE,-0.011017713148229108
600343.XSHG,0.040402886330119125
603568.XSHG,-0.05919000254756739
000998.XSHE,0.08595492246527041
002182.XSHE,0.10929642501532619
300327.XSHE,-0.033770622774725895
002230.XSHE,-0.01043301737638093
002805.XSHE,0.05384773156928055
300129.XSHE,-0.005005792487832783
601018.XSHG,-0.013441982714301406
603789.XSHG,0.021427498180587198
300046.XSHE,-0.021558777555214164
600583.XSHG,0.018701891092990173
600875.XSHG,0.02591617228265295
600869.XSHG,-0.011503821048104705
002169.XSHE,0.04064066723112782
002421.XSHE,-0.010149104302967202
600705.XSHG,-0.02572676183259706
300845.XSHE,-0.09315352050077305
002079.XSHE,0.00780055667393406
603229.XSHG,-0.09851576640873488
300862.XSHE,-0.019951027603708666
600435.XSHG,-0.005263799419650002
600489.XSHG,-0.016093546262394405
600105.XSHG,-0.05749677462904958
603398.XSHG,-0.0007296426644637956
600011.XSHG,0.006560004101479699
688008.XSHG,-0.08063868857702776
002242.XSHE,0.12506405277816154
002177.XSHE,0.0514604503373476
000925.XSHE,-0.047425734263916594
000720.XSHE,-0.006862386955314791
600965.XSHG,-0.050444201143814274
002123.XSHE,-0.023806688032272275
300317.XSHE,0.14988409432556649
300703.XSHE,0.01323380579892957
300316.XSHE,0.010627943276413438
603813.XSHG,-0.048682835830798035
688256.XSHG,-0.011314341883404824
300808.XSHE,-0.0638294433542772
002437.XSHE,0.08693790914477695
300608.XSHE,-0.03007644521826839
603890.XSHG,-0.0054352374213413115
300052.XSHE,0.018053771814170873
601008.XSHG,-0.010901650340797646
600054.XSHG,0.03858365732098276
000518.XSHE,0.1491250323986727
600879.XSHG,0.021488900720151062
601618.XSHG,0.05734406533757214
300268.XSHE,-0.05081066812472556
300118.XSHE,0.08189536216803098
300377.XSHE,-0.03554607156327022
605222.XSHG,-0.007382587966279178
600622.XSHG,-0.0162153120146962
603299.XSHG,0.023870375899955096
000948.XSHE,-0.017977750932628402
002262.XSHE,-0.06921337873688872
300840.XSHE,-0.06728978442511177
000620.XSHE,0.004833641160875968
600804.XSHG,0.003047093276949988
603196.XSHG,0.0035467588702348674
002791.XSHE,-0.034502790473208755
002527.XSHE,0.0008045451327382512
000889.XSHE,0.00317846851880264
603356.XSHG,0.0002778423430356558
300880.XSHE,-0.04284945696661237
300074.XSHE,-0.016946009376804377
002195.XSHE,-0.028896396799508655
603045.XSHG,0.003958926812867539
603286.XSHG,-0.05930163225644794
300717.XSHE,0.033817880278995925
600900.XSHG,-0.030133319413473334
000004.XSHE,-0.016182764646915884
002662.XSHE,-0.008263127248503938
603077.XSHG,0.021179397600176543
002445.XSHE,0.16398054213762756
603948.XSHG,-0.015332128109228654
002048.XSHE,0.026029462932464553
300127.XSHE,0.007155271280615303
600667.XSHG,-0.012837379596731034
603859.XSHG,-0.02249425411132337
300475.XSHE,-0.08629739811831946
300281.XSHE,-0.04799176729268998
600202.XSHG,0.016466812471219824
300661.XSHE,-0.012657760785681572
600851.XSHG,0.1917385161624391
603036.XSHG,0.013832478306456134
603928.XSHG,-0.0011684457811980617
002949.XSHE,-0.04517475676779094
000338.XSHE,-0.029720345491483845
601800.XSHG,-0.04539754198862272
603909.XSHG,0.02311306045253741
300660.XSHE,0.025434569278697375
000697.XSHE,-0.016963780632935126
600083.XSHG,0.014381596575146129
000156.XSHE,-0.01372051165857446
600452.XSHG,-0.007047700569589671
688086.XSHG,-0.07507916354348661
600236.XSHG,0.0006172601288680704
002455.XSHE,0.04997971689490971
003015.XSHE,-0.06320555078541613
688085.XSHG,0.0255220725645254
000929.XSHE,0.20755923502622564
600192.XSHG,0.023968950507226798
688516.XSHG,0.023775036258586242
300849.XSHE,-0.010459910635262703
601727.XSHG,-0.011028262260573997
001979.XSHE,-0.025894067024869148
300396.XSHE,0.009511894350532391
688520.XSHG,-0.13307849822742607
600085.XSHG,0.0007644801373806061
603486.XSHG,0.05467441088340829
000425.XSHE,0.023364078632806966
603887.XSHG,-0.03215112856912289
000657.XSHE,0.07816720947044861
600561.XSHG,-0.013642188492133667
600258.XSHG,-0.09399188610623527
000927.XSHE,0.07746894242585267
002624.XSHE,0.03777290071448159
300238.XSHE,-0.12067377177440891
300389.XSHE,-0.0905392048189501
603319.XSHG,-0.019281674606759634
003010.XSHE,-0.09140958082405981
300571.XSHE,-0.023178278137517837
603787.XSHG,-0.019267835317272185
300096.XSHE,-0.014819918764826703
300270.XSHE,-0.05411189744302998
002138.XSHE,-0.038749675631828365
002181.XSHE,-0.03485465899143318
300848.XSHE,-0.0762413429506551
600255.XSHG,0.08192672954412081
603939.XSHG,-0.06860445278100909
300364.XSHE,0.11241630647527295
000506.XSHE,0.007124892893519426
300154.XSHE,-0.014294085822085495
300146.XSHE,-0.020001599665380357
600279.XSHG,0.018993455707609314
002887.XSHE,-0.0384558060597409
600665.XSHG,0.011337324208105126
601016.XSHG,0.034644455293669246
300858.XSHE,-0.020193327060923916
600233.XSHG,-0.007155111816751979
603822.XSHG,0.014788739526597285
000010.XSHE,-0.005092221271073432
600183.XSHG,-0.05858152638225447
600311.XSHG,0.09866061422298363
688339.XSHG,0.106205064425179
603278.XSHG,0.11579228273415079
605288.XSHG,0.11472156589102019
002435.XSHE,0.020587345645533578
300123.XSHE,-0.06513101556559789
002265.XSHE,-0.04492194848127146
300633.XSHE,-0.029825998391002022
600209.XSHG,-0.023929561816951918
300773.XSHE,-0.06837563608000129
600332.XSHG,0.006007092775227778
002515.XSHE,0.06833475424321471
300669.XSHE,0.014729675738086876
000711.XSHE,-0.0089634693973247
600333.XSHG,0.005961434244025864
002506.XSHE,-0.02010374179170952
600259.XSHG,0.014420870861264454
603007.XSHG,-0.10738114251783454
603810.XSHG,-0.040420928888124014
600448.XSHG,0.03441873576333968
300113.XSHE,-0.051776939094879335
000888.XSHE,0.021339317818448535
601388.XSHG,0.020770767670120534
300520.XSHE,-0.07102551415393227
600420.XSHG,0.006773856713980493
000895.XSHE,-0.04666663917395414
601009.XSHG,-0.042570255430383036
300722.XSHE,-0.05271558692544469
603123.XSHG,-0.0283708655159332
002739.XSHE,-0.030265989226313864
000586.XSHE,-0.03831709659092735
002967.XSHE,0.08901292499421051
001914.XSHE,-0.004163009001461444
601696.XSHG,-0.034332061842673935
002239.XSHE,0.009753646346797488
300202.XSHE,-0.05156784466741017
600862.XSHG,0.043974953673314915
000505.XSHE,0.05810267145519976
300767.XSHE,-0.03655427140251194
300295.XSHE,-0.008287968415469027
002383.XSHE,-0.060666006589936844
600461.XSHG,0.023700727433322126
688185.XSHG,0.05954562410077951
002782.XSHE,0.005727673684921327
002348.XSHE,-0.08050395990383254
300720.XSHE,-0.09360684525222254
300465.XSHE,-0.005742984180397051
600302.XSHG,0.04515674019728326
600822.XSHG,0.05565024676737995
300228.XSHE,0.14728610757789196
603530.XSHG,0.016880170513257946
603156.XSHG,0.022101644207156646
002482.XSHE,-0.009553314311708555
600266.XSHG,-0.02438983038539018
600629.XSHG,0.004912497107684929
603099.XSHG,-0.03487982105510528
002479.XSHE,-0.0038723505246061538
300189.XSHE,0.04099503912969722
000835.XSHE,0.09769629439450797
603929.XSHG,-0.032181232668633326
002577.XSHE,-0.004405411777599927
600267.XSHG,0.15196929340146503
603630.XSHG,0.002694688846017184
002619.XSHE,0.01668910808821745
300651.XSHE,0.013299353597372757
603955.XSHG,-0.03722400013167314
603330.XSHG,-0.002156191521102361
300055.XSHE,-0.013795390070458963
688466.XSHG,-0.019379703053957836
600881.XSHG,0.03198498778535713
300114.XSHE,0.0001815878828396976
603776.XSHG,-0.04117377938570773
002982.XSHE,-0.09545788624608788
000863.XSHE,-0.07781406541611417
000410.XSHE,0.0005319524801052113
600498.XSHG,-0.029070978492162072
000791.XSHE,0.12800000051898666
600744.XSHG,0.19585928012747186
002148.XSHE,-0.00634308103563291
002355.XSHE,-0.009566176649036601
300701.XSHE,-0.005950603783491864
600894.XSHG,0.013480356557937355
600666.XSHG,0.019418254067872703
002397.XSHE,0.08876544794053468
002616.XSHE,-0.04261959272190136
300891.XSHE,-0.05858063333175441
002193.XSHE,-0.024997945829234335
002046.XSHE,0.02310410711394434
002697.XSHE,-0.03387431786576968
300860.XSHE,-0.02391147614238124
000680.XSHE,0.007816864021635374
002409.XSHE,-0.01586649879828574
600392.XSHG,0.04755619207493551
002120.XSHE,-0.02460130636329666
600156.XSHG,0.030720630593763263
002255.XSHE,0.02007533339062484
002358.XSHE,-0.012904405180610777
000035.XSHE,-0.005077673709359205
002081.XSHE,-0.024713904832943
300485.XSHE,0.01888997918031156
600831.XSHG,-0.020584627519683433
600330.XSHG,0.045089643756833914
600746.XSHG,-0.05483765147803647
000718.XSHE,-0.04717103958243135
603259.XSHG,0.06539200609300057
603639.XSHG,-0.0037329579508760292
300549.XSHE,-0.11986881598837026
300915.XSHE,-0.04714075936091974
600926.XSHG,-0.0384671835699901
300350.XSHE,0.051239348209761004
600521.XSHG,-0.08401822284765073
600642.XSHG,0.019233130573898576
688001.XSHG,-0.007170601417205663
600811.XSHG,0.028248454225652087
603669.XSHG,0.02071359237595652
600555.XSHG,-0.08528906297487449
600774.XSHG,-0.01894122297703275
002543.XSHE,-0.02243061521154167
300577.XSHE,-0.07504447162237252
000517.XSHE,-0.013884245646272216
600064.XSHG,-0.019827119825375848
300033.XSHE,-0.023014943668332552
601996.XSHG,-0.009167548189607602
002838.XSHE,0.12058860030595113
600808.XSHG,0.020250249784938
603222.XSHG,-0.19282555216185376
601168.XSHG,0.00798120111123247
300685.XSHE,-0.05386660412357908
600352.XSHG,-0.020273739401294132
300613.XSHE,-0.06279537210881152
600010.XSHG,-0.0014770391842834575
002743.XSHE,-0.026371795046566806
600477.XSHG,-0.036622787785828975
603855.XSHG,-0.05142340272369607
002808.XSHE,0.00705925597263115
600794.XSHG,0.05256524591358405
000728.XSHE,-0.023426990525441956
300731.XSHE,-0.016406369370194834
300323.XSHE,-0.10794239560849231
600679.XSHG,-0.03713577056749017
688330.XSHG,-0.07067285373730023
601588.XSHG,0.00829524714986266
600877.XSHG,0.19623625991905952
688399.XSHG,0.1290663225346819
300182.XSHE,-0.008938147017318725
002670.XSHE,-0.09186287919536273
000100.XSHE,-0.056393247480918444
600187.XSHG,0.01284968244382236
603015.XSHG,-0.020635860435417326
600027.XSHG,0.0035883721899595687
603656.XSHG,0.0752491986983956
300242.XSHE,-0.017431441287027616
000839.XSHE,3.900628845530593e-05
002186.XSHE,-0.004379991899794863
600699.XSHG,0.10439483959017166
000933.XSHE,0.008175465742078725
603556.XSHG,-0.008285502005231711
600616.XSHG,0.19463002015271857
600309.XSHG,0.011934602762979665
000608.XSHE,-0.03184968617156691
002125.XSHE,0.10443115672541141
600290.XSHG,0.18110624576260886
601366.XSHG,0.03790786915107428
002549.XSHE,-0.016689404526709226
300141.XSHE,-0.008407212864056855
300392.XSHE,-0.04610700470687205
603128.XSHG,0.14434317386887868
603590.XSHG,-0.005426797277109683
600604.XSHG,-0.009610112613796594
000905.XSHE,0.0016539232195950243
603505.XSHG,0.0675353107158905
600998.XSHG,0.008491548051164975
000881.XSHE,0.024651938275274152
002045.XSHE,0.05355090696045653
002401.XSHE,-0.025888190334243406
603598.XSHG,-0.024369865798650348
600449.XSHG,-0.026007453903193953
002510.XSHE,-0.008227615960645137
000903.XSHE,0.11283944336769704
002595.XSHE,0.0055423413136848855
600476.XSHG,-0.05774320575003536
600038.XSHG,0.0787830054123702
603658.XSHG,-0.031645689737987294
600594.XSHG,0.015539856885892375
000766.XSHE,0.0025834500537237973
002888.XSHE,-0.015388271611202542
688500.XSHG,-0.04815820888100015
000540.XSHE,-0.029118141071414
000042.XSHE,0.0017210527818955178
002514.XSHE,0.006452295092346037
000595.XSHE,-0.003401184981967051
300626.XSHE,-0.17682181440126532
603976.XSHG,0.10532459283625421
002329.XSHE,0.04450107505108112
600057.XSHG,0.01476936755282337
688222.XSHG,-0.08555512992083916
000546.XSHE,0.0170986183318066
002809.XSHE,0.05225477462304605
600212.XSHG,0.04483091336327229
603035.XSHG,-0.03612654687055199
002228.XSHE,0.0017686130267465065
002845.XSHE,-0.022486258882540713
600300.XSHG,0.19398912208470587
300645.XSHE,-0.040682131945868144
603757.XSHG,0.003819797367900196
002847.XSHE,-0.007770271617188162
688289.XSHG,0.053227329885674635
600711.XSHG,0.18421610757467652
000596.XSHE,0.03396593488338237
300413.XSHE,0.02783600929879277
300610.XSHE,-0.015241096378778334
000416.XSHE,0.05837864055534035
603979.XSHG,1.5473856116176438e-05
300863.XSHE,-0.01556774234949361
600218.XSHG,0.039727517991495535
600444.XSHG,0.005445719816340771
603360.XSHG,-0.11213697274943979
000159.XSHE,0.004024132542425136
603535.XSHG,-0.017143437782730028
600350.XSHG,-0.022315370340314417
000975.XSHE,-0.0035745602943300196
688588.XSHG,-0.05854289158292007
002567.XSHE,-0.03077968460520681
603018.XSHG,-0.03921540230834488
000050.XSHE,-0.004903466012439519
300699.XSHE,-0.007070602649583755
300262.XSHE,-0.01681707729053268
603693.XSHG,0.09359298441044109
603636.XSHG,-0.06129164221216503
300102.XSHE,-0.042437210034847545
603266.XSHG,-0.03539400623338864
603112.XSHG,-0.03628650615390741
600696.XSHG,0.13088853937726136
300560.XSHE,-0.06980893306685854
002412.XSHE,-0.0313550486466139
000021.XSHE,-0.04461081112761264
300588.XSHE,-0.022317602849329342
002189.XSHE,0.16256573524415224
603860.XSHG,0.004528540742485036
000153.XSHE,0.05078787489025599
600533.XSHG,0.02732317610483324
603169.XSHG,0.015741096235611658
688027.XSHG,-0.07117254297901929
603040.XSHG,-0.015502027645581083
603301.XSHG,0.12067615959903862
600992.XSHG,0.042031381786215266
000712.XSHE,0.008324515158207578
600778.XSHG,0.02310802090748751
002517.XSHE,0.08117317382054821
300818.XSHE,-0.04487816428122774
002114.XSHE,0.14600820799284064
002146.XSHE,-0.00993698061628909
300706.XSHE,-0.020796906682850995
000795.XSHE,0.013536470580487805
000885.XSHE,-0.0017921278755136973
002864.XSHE,0.025766316125166243
600379.XSHG,0.02456106368485214
000637.XSHE,0.01751728747712892
300305.XSHE,-0.014299767138058788
603458.XSHG,-0.026150259866023654
002735.XSHE,-0.002448919826477977
002639.XSHE,0.030576087114428514
002992.XSHE,-0.09076130302163908
002534.XSHE,0.05380372411190084
603515.XSHG,-0.007885651532739835
603983.XSHG,-0.06281246969619285
002381.XSHE,-0.017518207857673683
002742.XSHE,0.01419305798013091
300727.XSHE,-0.007049023891469872
600317.XSHG,-0.012379410355057725
002906.XSHE,-0.06632739128992036
300265.XSHE,5.63666114981598e-05
600684.XSHG,0.032895037249502504
002162.XSHE,-0.17691675477505953
002700.XSHE,0.052537962049578536
300705.XSHE,0.036527572717335324
600026.XSHG,-0.015421198931764215
300730.XSHE,0.003729660880890974
600690.XSHG,0.005216799715813066
601801.XSHG,-0.00011995275795539939
002129.XSHE,0.004013136345288355
600171.XSHG,-0.0014624191628616126
300190.XSHE,-0.036665277410608155
603013.XSHG,-0.01801798885628281
688100.XSHG,-0.02046501206579337
300222.XSHE,-0.037886272293479475
603306.XSHG,-0.01539658174384232
002648.XSHE,0.0004723786370253698
600169.XSHG,0.04304960413998408
300414.XSHE,-0.011776309373879822
603666.XSHG,0.00013999088733176838
603858.XSHG,-0.01840514541194431
603180.XSHG,-0.05563284034675012
002664.XSHE,0.02917382933967954
600036.XSHG,-0.06556634157617243
002642.XSHE,-0.03836360756126593
600199.XSHG,0.18917454617784324
000544.XSHE,-0.00936594199821525
002184.XSHE,-0.0006002274836467668
002933.XSHE,-0.0036344157274988895
688699.XSHG,0.02386177255916529
300833.XSHE,-0.06470861709190899
002095.XSHE,-0.017834942257353197
600252.XSHG,0.027933220430475046
688095.XSHG,-0.09249370494278492
600971.XSHG,0.1914805313965805
003020.XSHE,0.20032781325929216
600800.XSHG,-0.05122147418962287
603118.XSHG,-0.02999152671958217
688379.XSHG,-0.023333845923175514
603766.XSHG,-0.032825203285093585
600850.XSHG,-0.03222815070337334
300855.XSHE,0.06996798096906988
600754.XSHG,-0.029863866325792177
000887.XSHE,-0.009945106177568963
688017.XSHG,0.18589125126589223
600139.XSHG,0.05198140060692413
300231.XSHE,-0.0523274434729528
002573.XSHE,0.00867596672870553
600725.XSHG,-0.028446878422907905
002026.XSHE,0.07772618233993794
002034.XSHE,-0.029726294404562304
300698.XSHE,-0.034796689076359445
300091.XSHE,-0.07134545901812156
300707.XSHE,0.038221448428633814
002947.XSHE,-0.07029104863202444
300158.XSHE,0.053590109181067214
300166.XSHE,-0.0546892405022776
300497.XSHE,0.016343613086480177
300537.XSHE,-0.005529119020767314
600933.XSHG,0.004452176662081583
002615.XSHE,-0.037526843471622356
600978.XSHG,-0.12017587347954858
603609.XSHG,-0.025404046108807348
002651.XSHE,0.025910252090348918
300559.XSHE,-0.015920729376208136
600313.XSHG,0.19272894071641122
600391.XSHG,0.036013031514500395
002334.XSHE,0.004774049991595374
300908.XSHE,0.014246345216479914
002996.XSHE,0.08501123983699858
002100.XSHE,-0.030686516313079407
688060.XSHG,-0.09538398444028214
601658.XSHG,-0.014549366533620435
603500.XSHG,0.02866928365195009
603997.XSHG,-0.0380263857373475
600579.XSHG,0.03251607196558772
600545.XSHG,-0.012362101991885005
600775.XSHG,0.05928542359706619
000069.XSHE,-0.020841454913989386
601636.XSHG,0.04938574348160302
600743.XSHG,0.018342825731705016
601216.XSHG,-0.02870766861841674
002544.XSHE,0.0512284703057288
600828.XSHG,0.0020821015759134517
002111.XSHE,-0.014228742987595695
002752.XSHE,0.08265277249541456
000875.XSHE,0.05484987109875053
000951.XSHE,-0.017855601120724283
300688.XSHE,-0.0804697375794449
002459.XSHE,0.16339769400025514
603676.XSHG,0.021539025744710016
603383.XSHG,-0.08758414947505593
002634.XSHE,-0.07065271922968369
300672.XSHE,-0.04979358232174226
603881.XSHG,-0.0749380162961014
300585.XSHE,-0.007403580210315994
601878.XSHG,-0.06595920471208506
688036.XSHG,0.002809507781147743
002633.XSHE,-0.04439445619339478
002067.XSHE,0.017580688832803212
002617.XSHE,0.047425781378657224
688321.XSHG,-0.043923671816860355
000785.XSHE,-0.020079512583932098
300807.XSHE,-0.1006532767795421
603889.XSHG,0.020161311414092754
002935.XSHE,0.055522112178673505
002339.XSHE,0.004108725257279691
603089.XSHG,0.07898978890588329
000985.XSHE,-0.010534878812795377
002241.XSHE,0.021905276423022566
603095.XSHG,-0.035170825094009366
600566.XSHG,-0.02032395044436665
600983.XSHG,-0.03435806544512397
688029.XSHG,0.02927456468564026
600996.XSHG,-0.011750746945672713
603866.XSHG,-0.0736999220467632
000568.XSHE,0.09988115300054487
300230.XSHE,-0.01978248266224505
300280.XSHE,-0.06024466899346815
603517.XSHG,-0.008573885088649254
002971.XSHE,-0.06215820693080011
600784.XSHG,0.04581371928988152
000806.XSHE,-0.031187879705770173
002286.XSHE,-0.018528081243134317
002352.XSHE,0.11140531417312796
300368.XSHE,-0.01762848262467009
688178.XSHG,-0.05174835336573862
300425.XSHE,0.002610109998000827
600989.XSHG,-0.04005521414734512
300419.XSHE,-0.18206518561337423
300719.XSHE,-0.04551901101084857
300789.XSHE,-0.053408954691345226
600537.XSHG,0.086099164888696
600742.XSHG,-0.00530368380234
002605.XSHE,-0.049264170535165214
601106.XSHG,-0.004823392563069989
688310.XSHG,0.03808752492015601
002730.XSHE,-0.09308550313811437
688202.XSHG,0.13395899606770956
300790.XSHE,-0.06665637896184881
300850.XSHE,0.18655537293250474
002159.XSHE,-0.007614260595333731
001696.XSHE,-0.010807402226050176
002244.XSHE,-0.023114093283050648
601919.XSHG,0.04062992163321007
002753.XSHE,0.0340771969676486
603727.XSHG,-0.03841087676707669
002013.XSHE,-0.011059803059798994
601918.XSHG,0.09611471716141345
000750.XSHE,-0.0007984511059759896
002385.XSHE,0.00546829257407154
000668.XSHE,-0.12695520044923087
600586.XSHG,0.004348602512862093
000534.XSHE,-0.03829885585185715
002376.XSHE,0.02998872140080213
605318.XSHG,-0.169998544315593
688155.XSHG,0.020997009594129624
300198.XSHE,-0.038930444032182245
300785.XSHE,-0.04112421851911824
600115.XSHG,-0.03431174728672466
002132.XSHE,0.025126983680715042
600896.XSHG,-0.09612691482804939
688299.XSHG,0.009725208188666744
603087.XSHG,0.029173602980085468
002190.XSHE,0.02833752213854445
002997.XSHE,-0.057176366259581654
002600.XSHE,-0.08620930469274936
002926.XSHE,-0.022278369480786778
688505.XSHG,-0.08441297978742697
603100.XSHG,-0.005490548285963157
000622.XSHE,0.029732615584318802
002658.XSHE,0.029555079739307256
601066.XSHG,-0.05399972195626794
002284.XSHE,0.08260610249664425
600970.XSHG,-0.021307935501742294
603738.XSHG,-0.008056410820928336
002627.XSHE,0.01175167879138947
600423.XSHG,0.0207829082956185
002541.XSHE,-0.06294795334039081
600033.XSHG,0.011511149945051272
002562.XSHE,0.006699843718852662
688033.XSHG,-0.035944933613782606
000822.XSHE,0.02727328371138988
603214.XSHG,-0.04241882276205111
300819.XSHE,-0.06495888126395527
600273.XSHG,0.009875129164653655
603696.XSHG,-0.02106000934471529
300543.XSHE,0.004067354238061684
300254.XSHE,0.001913774136865963
603690.XSHG,0.08483764265101343
603786.XSHG,-0.0607890321908627
000612.XSHE,0.019419299504697465
688300.XSHG,-0.004136042594223177
603336.XSHG,0.08956095923246205
688356.XSHG,0.007665525987837653
300666.XSHE,0.039747548452233654
000727.XSHE,0.018942254471119153
688418.XSHG,-0.08032098676619687
300499.XSHE,-0.02811975196448464
601339.XSHG,0.001489601704442147
002333.XSHE,0.02017376881781306
300558.XSHE,0.015600905570941542
600834.XSHG,0.018885197306905042
688009.XSHG,-0.019308109775870923
000034.XSHE,-0.07723050620332864
000403.XSHE,-0.010301021349463632
002064.XSHE,-0.007884403878193686
002725.XSHE,-0.03685630309969905
600864.XSHG,0.1273647611952631
300142.XSHE,0.12678658245227223
000413.XSHE,-0.025767221984822432
000629.XSHE,0.0138698371552194
002641.XSHE,-0.05957774838553799
688025.XSHG,-0.04936004771071219
603838.XSHG,-0.026978633045162577
002133.XSHE,0.021227341559979004
300654.XSHE,-0.016152861560373342
688022.XSHG,0.16966909735382116
000676.XSHE,-0.039410806958523614
600235.XSHG,0.020818928416779365
000068.XSHE,-0.009415076331930415
000599.XSHE,-0.019784733170069013
300157.XSHE,-0.017020318257433917
600063.XSHG,0.011412144547521983
600886.XSHG,-0.021093433196519528
600137.XSHG,-0.03167563448756759
002961.XSHE,-0.05131751750487652
002579.XSHE,-0.004247064412798575
300682.XSHE,0.015606658811241507
002491.XSHE,-0.005813354800425923
600316.XSHG,0.11062804187229866
002495.XSHE,0.015663407986652587
300279.XSHE,-0.13855596326113756
600372.XSHG,0.061406498186745796
600866.XSHG,0.071147134133703
688096.XSHG,-0.03156450020070486
300274.XSHE,0.007441204032086923
002552.XSHE,0.024232763637472662
000635.XSHE,0.02100370457692137
002071.XSHE,0.012141046620245843
600497.XSHG,0.10002621382541542
688081.XSHG,-0.07466320689721273
603116.XSHG,-0.017090783834673513
002806.XSHE,-0.0005085450939620248
688099.XSHG,-0.03678356260467701
000415.XSHE,-0.031149596177491
300664.XSHE,-0.03693951696736385
600141.XSHG,0.023378252799995804
600863.XSHG,0.01581727043930831
605066.XSHG,-0.011073460756738204
300050.XSHE,-0.038676839257612075
603161.XSHG,-0.04179094117307679
600103.XSHG,-0.005575265252144301
600219.XSHG,0.038312373391636206
000566.XSHE,0.012434861538978423
600793.XSHG,-0.021737883031765215
603088.XSHG,0.030132852905549623
300457.XSHE,0.08463173828519051
002696.XSHE,0.038794559859765806
600096.XSHG,0.06905129643662924
603079.XSHG,-0.048584622722071515
002693.XSHE,-0.012967725693996401
688106.XSHG,0.01601411320700492
000733.XSHE,0.12309530329029617
601886.XSHG,-0.014100289120255287
600132.XSHG,-0.03284102052547156
603328.XSHG,-0.012617534761550954
603187.XSHG,0.029581822823268676
002652.XSHE,0.028146945071705308
600388.XSHG,-0.023435034759250843
002306.XSHE,0.06677090921366019
603080.XSHG,0.004377918844264143
300732.XSHE,-0.047632979105480505
000520.XSHE,-0.00788373950234875
603138.XSHG,-0.07863964691384809
002259.XSHE,0.05772897674991874
300078.XSHE,-0.004168012791699528
601377.XSHG,-0.038510292789442006
002104.XSHE,-0.010421582947164752
002135.XSHE,-0.008367148328623477
300116.XSHE,-0.08983570651252258
002955.XSHE,-0.05450377690414436
300394.XSHE,-0.06606217314258753
603386.XSHG,0.028127392914157757
603937.XSHG,-0.011950857946493157
600362.XSHG,0.01830343294723657
300341.XSHE,0.19855518602863154
300725.XSHE,0.04471986796462274
600178.XSHG,0.04441848378480659
605255.XSHG,-0.03690511915967568
600648.XSHG,0.0052470661543843125
600525.XSHG,0.04867382334855216
600149.XSHG,0.022957527477840602
605358.XSHG,-0.05350382370639949
688599.XSHG,0.07802371354556138
600539.XSHG,0.059066146095389876
002978.XSHE,-0.027496991081940106
300257.XSHE,0.014473562126903506
605068.XSHG,0.06956856393858145
600004.XSHG,-0.08063835562139514
002712.XSHE,-0.032374559115401325
600491.XSHG,0.0015596022143287182
300403.XSHE,-0.0009361881520526354
603277.XSHG,-0.037890249466612506
300035.XSHE,0.08937161174414368
688157.XSHG,-0.0675683336807626
000898.XSHE,0.014221108918217496
000719.XSHE,-0.0035130987182611963
300493.XSHE,-0.007416911449758392
002630.XSHE,0.04372785024920672
688528.XSHG,-0.04093868550118973
603327.XSHG,-0.06633738282157095
002392.XSHE,0.009325488929606818
600226.XSHG,-0.011384271336622249
603090.XSHG,-0.06434727074338978
002873.XSHE,0.012022844008449763
300007.XSHE,-0.012749085377227253
688037.XSHG,-0.05511382719377672
300209.XSHE,-0.01666877404270621
603032.XSHG,0.012215741119252953
000816.XSHE,0.16557862347901717
688318.XSHG,-0.01768286808585087
600501.XSHG,0.019223161169753495
002336.XSHE,-0.0010856409187002328
002204.XSHE,-0.005299426477646387
603060.XSHG,0.013361809085035715
300439.XSHE,0.00446211817272342
002051.XSHE,-0.013903641507117523
300145.XSHE,0.011621314085028976
603629.XSHG,-0.0704613137648819
300053.XSHE,-0.020192737173659117
688608.XSHG,0.0010184847088254958
300359.XSHE,0.013007116834202666
000701.XSHE,-0.02007199185412164
002953.XSHE,-0.024840148781099896
600543.XSHG,0.20282017873669253
300181.XSHE,0.027585198680323997
600768.XSHG,-0.01829663890163838
603826.XSHG,-0.015418066882313954
002502.XSHE,0.03762543929093974
002827.XSHE,-0.031212867946038926
600893.XSHG,-0.003408834098620775
603385.XSHG,0.008816382002253247
600136.XSHG,-0.05235247384735786
002646.XSHE,0.19188073065854683
000777.XSHE,0.012482623489133936
300194.XSHE,0.009553485481348762
600729.XSHG,-0.02531010932303438
300386.XSHE,-0.047830658027100445
603267.XSHG,0.03989983664826543
603707.XSHG,0.0020844165041957515
688595.XSHG,-0.05784569735876263
600644.XSHG,0.05744329418307283
600109.XSHG,-0.07376775326306359
300298.XSHE,-0.019477177193552485
600973.XSHG,0.028608576421112884
600221.XSHG,0.006325105603468918
603109.XSHG,-0.01320748741590138
300522.XSHE,-0.03281163911371979
002621.XSHE,-0.00826230896816147
300115.XSHE,-0.0019201934827394462
300902.XSHE,-0.1178433969353066
300675.XSHE,-0.025176369194890337
002665.XSHE,-0.06330657632454875
000686.XSHE,-0.012235116517171036
300629.XSHE,0.003818524454403959
300803.XSHE,0.017267600853709906
002176.XSHE,0.15688716929113
002849.XSHE,-0.03353798765268946
000538.XSHE,-0.04098027776651393
000019.XSHE,0.04892412228398108
601579.XSHG,0.195308414775198
300553.XSHE,-0.04372840691123817
003012.XSHE,-0.038725446482305435
600410.XSHG,-0.018368661313438065
300476.XSHE,0.043174549760227686
300174.XSHE,-0.05297859542279812
603378.XSHG,-0.019575499290394316
600506.XSHG,0.029406365770345708
688056.XSHG,-0.0078810840984237
002278.XSHE,0.025401631998359746
002337.XSHE,0.0029050155251480157
603898.XSHG,-0.006507162131486409
600135.XSHG,0.043873273641401374
